5.255216217041015625e+01
6.317877960205078125e+01
3.767918014526367188e+01
4.085856246948242188e+01
5.811436462402343750e+01
7.452020263671875000e+01
3.635247802734375000e+01
7.219268035888671875e+01
5.782767868041992188e+01
1.125280685424804688e+02
4.559550094604492188e+01
1.419893798828125000e+02
4.725261688232421875e+01
4.452960205078125000e+01
4.033164215087890625e+01
7.480702209472656250e+01
6.811969757080078125e+01
4.204804611206054688e+01
4.210025787353515625e+01
1.381909942626953125e+02
4.192928314208984375e+01
9.587428283691406250e+01
3.000000000000000000e+01
4.421250152587890625e+01
5.021031570434570312e+01
7.487464141845703125e+01
3.000000000000000000e+01
6.879811096191406250e+01
2.016996002197265625e+02
5.055619049072265625e+01
5.987934112548828125e+01
5.327634811401367188e+01
4.667853927612304688e+01
1.016686096191406250e+02
6.518562316894531250e+01
6.348987960815429688e+01
6.388602447509765625e+01
5.570063400268554688e+01
4.528958892822265625e+01
3.932442092895507812e+01
4.535692214965820312e+01
3.231307220458984375e+01
4.444605255126953125e+01
5.450079345703125000e+01
3.000000000000000000e+01
3.987354278564453125e+01
3.406898498535156250e+01
5.983607482910156250e+01
1.320611419677734375e+02
5.083871078491210938e+01
4.063779449462890625e+01
3.000000000000000000e+01
5.651803970336914062e+01
4.441223526000976562e+01
1.023033447265625000e+02
5.546741104125976562e+01
7.187389373779296875e+01
5.504172134399414062e+01
6.734562683105468750e+01
6.112044906616210938e+01
5.452177047729492188e+01
8.951467895507812500e+01
3.809174346923828125e+01
7.310340881347656250e+01
8.585701751708984375e+01
4.950233459472656250e+01
5.606110382080078125e+01
3.000000000000000000e+01
4.483984375000000000e+01
5.650225067138671875e+01
6.153858184814453125e+01
3.753742599487304688e+01
9.548010253906250000e+01
3.998288345336914062e+01
6.689936828613281250e+01
4.400611114501953125e+01
4.863338470458984375e+01
4.670436859130859375e+01
4.229996109008789062e+01
7.081324005126953125e+01
3.510725021362304688e+01
6.811969757080078125e+01
5.009539031982421875e+01
8.798827362060546875e+01
8.700240325927734375e+01
4.188053894042968750e+01
3.933019256591796875e+01
4.473492431640625000e+01
4.725261688232421875e+01
5.953263473510742188e+01
5.458504104614257812e+01
5.534797668457031250e+01
6.205231475830078125e+01
5.038435745239257812e+01
9.218614196777343750e+01
9.238335418701171875e+01
6.711523437500000000e+01
3.896915435791015625e+01
8.816253662109375000e+01
4.481332015991210938e+01
9.477775573730468750e+01
6.937483978271484375e+01
1.475369415283203125e+02
3.000000000000000000e+01
4.468881988525390625e+01
6.959125518798828125e+01
3.000000000000000000e+01
6.067092895507812500e+01
4.595743560791015625e+01
3.000000000000000000e+01
4.821341323852539062e+01
3.756835174560546875e+01
7.209217834472656250e+01
9.225750732421875000e+01
4.032806777954101562e+01
4.167758560180664062e+01
9.227209472656250000e+01
4.501848983764648438e+01
7.937650299072265625e+01
4.902077102661132812e+01
4.549850463867187500e+01
5.169743347167968750e+01
5.522133636474609375e+01
4.251529312133789062e+01
4.404307937622070312e+01
5.055681991577148438e+01
7.869580078125000000e+01
5.329662322998046875e+01
4.518167495727539062e+01
5.509852600097656250e+01
4.869622802734375000e+01
1.017000122070312500e+02
6.285163116455078125e+01
4.632194137573242188e+01
6.574408721923828125e+01
4.813434982299804688e+01
9.996910095214843750e+01
4.301558685302734375e+01
3.751654052734375000e+01
7.490846252441406250e+01
3.971512222290039062e+01
9.916667175292968750e+01
8.431518554687500000e+01
4.921385955810546875e+01
6.474269866943359375e+01
4.387598037719726562e+01
9.007865905761718750e+01
1.032273101806640625e+02
5.504721069335937500e+01
1.293955383300781250e+02
4.952563476562500000e+01
6.987057495117187500e+01
4.946582794189453125e+01
1.029672241210937500e+02
5.401648712158203125e+01
1.286870422363281250e+02
3.393946838378906250e+01
1.190473480224609375e+02
4.049957656860351562e+01
6.923461914062500000e+01
3.885539627075195312e+01
5.057361602783203125e+01
4.930984497070312500e+01
4.054395294189453125e+01
6.971067810058593750e+01
3.939965820312500000e+01
5.899839782714843750e+01
5.008697128295898438e+01
3.843151855468750000e+01
1.278839263916015625e+02
4.314326858520507812e+01
4.403869247436523438e+01
4.208664703369140625e+01
3.150170898437500000e+01
5.037047576904296875e+01
7.911624908447265625e+01
5.408611297607421875e+01
4.548448181152343750e+01
7.041644287109375000e+01
4.492755126953125000e+01
6.646743774414062500e+01
5.703464508056640625e+01
6.937158203125000000e+01
6.212815856933593750e+01
4.110858154296875000e+01
3.123283576965332031e+01
3.582415390014648438e+01
8.595800018310546875e+01
5.770282745361328125e+01
3.561065292358398438e+01
4.820993041992187500e+01
5.604813003540039062e+01
7.079718017578125000e+01
4.777656936645507812e+01
5.382172393798828125e+01
5.770772552490234375e+01
3.989436340332031250e+01
8.552680206298828125e+01
1.275753784179687500e+02
8.299883270263671875e+01
5.683631896972656250e+01
1.112041778564453125e+02
6.709876251220703125e+01
3.721955871582031250e+01
6.017337417602539062e+01
4.661058425903320312e+01
6.143508911132812500e+01
3.961654663085937500e+01
1.232874450683593750e+02
3.193135643005371094e+01
4.929985046386718750e+01
9.082632446289062500e+01
4.584503173828125000e+01
4.337880706787109375e+01
3.576219940185546875e+01
3.521574020385742188e+01
4.980842971801757812e+01
4.948230743408203125e+01
4.236344146728515625e+01
4.079430389404296875e+01
3.333934783935546875e+01
7.435600280761718750e+01
1.083966217041015625e+02
4.589590454101562500e+01
4.739196777343750000e+01
4.473567962646484375e+01
5.467613983154296875e+01
1.092274780273437500e+02
6.400959014892578125e+01
1.183841323852539062e+02
3.505091094970703125e+01
4.443055725097656250e+01
5.354534149169921875e+01
3.106769561767578125e+01
4.255790328979492188e+01
6.516949462890625000e+01
4.668901824951171875e+01
5.489383697509765625e+01
7.222384643554687500e+01
5.109670639038085938e+01
4.380532073974609375e+01
1.191319046020507812e+02
8.242842102050781250e+01
7.951429748535156250e+01
8.817543029785156250e+01
4.580921173095703125e+01
4.183533477783203125e+01
1.326000366210937500e+02
1.668141174316406250e+02
5.288317489624023438e+01
5.377381134033203125e+01
4.243276214599609375e+01
5.675841522216796875e+01
1.047650070190429688e+02
4.393747329711914062e+01
5.419912719726562500e+01
4.891801452636718750e+01
4.250419235229492188e+01
4.033623504638671875e+01
1.597307891845703125e+02
3.247158432006835938e+01
5.303561019897460938e+01
4.358876037597656250e+01
4.108649444580078125e+01
1.190924072265625000e+02
5.604595947265625000e+01
1.420757293701171875e+02
7.996665191650390625e+01
8.321179962158203125e+01
7.075755310058593750e+01
6.256482696533203125e+01
5.337990570068359375e+01
7.951429748535156250e+01
6.160690689086914062e+01
1.432432098388671875e+02
4.078296279907226562e+01
6.286860656738281250e+01
7.702946472167968750e+01
1.031112213134765625e+02
9.447567749023437500e+01
5.819009017944335938e+01
6.699594879150390625e+01
5.765330505371093750e+01
4.443507385253906250e+01
6.824859619140625000e+01
3.892298889160156250e+01
3.975735092163085938e+01
5.339973068237304688e+01
3.669607543945312500e+01
3.460639572143554688e+01
3.848613739013671875e+01
3.000000000000000000e+01
3.766267013549804688e+01
9.907487487792968750e+01
5.351134872436523438e+01
3.000000000000000000e+01
5.891227340698242188e+01
5.711360931396484375e+01
4.729837417602539062e+01
5.941757202148437500e+01
4.406747436523437500e+01
3.805596160888671875e+01
4.293008804321289062e+01
7.682987976074218750e+01
7.087100982666015625e+01
4.057836151123046875e+01
7.447428131103515625e+01
7.260825347900390625e+01
7.624744415283203125e+01
1.055770797729492188e+02
1.424798431396484375e+02
3.120636558532714844e+01
1.013318328857421875e+02
9.713207244873046875e+01
9.512895202636718750e+01
4.054475402832031250e+01
3.622447204589843750e+01
1.232938995361328125e+02
5.253646087646484375e+01
8.816253662109375000e+01
4.814540100097656250e+01
5.054642105102539062e+01
3.303704452514648438e+01
4.598934936523437500e+01
4.235253906250000000e+01
4.065455245971679688e+01
4.259600067138671875e+01
3.697721862792968750e+01
9.548010253906250000e+01
4.345809555053710938e+01
7.953438568115234375e+01
5.230404663085937500e+01
4.958007431030273438e+01
4.433023834228515625e+01
4.706273651123046875e+01
4.897084426879882812e+01
6.351712036132812500e+01
4.464137268066406250e+01
3.000000000000000000e+01
3.519573211669921875e+01
5.635513687133789062e+01
7.511555480957031250e+01
4.191299819946289062e+01
7.624745178222656250e+01
4.885447692871093750e+01
4.797916030883789062e+01
1.410454864501953125e+02
3.838403320312500000e+01
3.262308502197265625e+01
1.020030670166015625e+02
1.535431823730468750e+02
1.732782897949218750e+02
4.882435226440429688e+01
8.951467895507812500e+01
3.545814895629882812e+01
9.184873962402343750e+01
6.468981933593750000e+01
3.494906234741210938e+01
1.311159210205078125e+02
5.227388763427734375e+01
6.546070861816406250e+01
1.294065856933593750e+02
6.189916992187500000e+01
7.125655364990234375e+01
9.768939208984375000e+01
3.253608703613281250e+01
7.365791320800781250e+01
1.012686920166015625e+02
3.000000000000000000e+01
5.543811798095703125e+01
6.320280456542968750e+01
5.166735076904296875e+01
9.308776092529296875e+01
1.371661224365234375e+02
4.542092132568359375e+01
1.323261566162109375e+02
8.407266235351562500e+01
5.055619049072265625e+01
8.300354003906250000e+01
6.826866912841796875e+01
3.000000000000000000e+01
3.729949951171875000e+01
3.000000000000000000e+01
4.797693252563476562e+01
5.512105941772460938e+01
8.242842102050781250e+01
4.747106933593750000e+01
4.418355941772460938e+01
5.418298339843750000e+01
2.806906433105468750e+02
3.607726287841796875e+01
4.418957519531250000e+01
3.578403091430664062e+01
3.000000000000000000e+01
4.742086791992187500e+01
6.779279327392578125e+01
7.234426879882812500e+01
9.663002014160156250e+01
8.092205810546875000e+01
4.367124938964843750e+01
5.205093002319335938e+01
4.177054595947265625e+01
1.483068237304687500e+02
3.674117279052734375e+01
4.399398803710937500e+01
5.241717529296875000e+01
3.406365203857421875e+01
6.321169281005859375e+01
4.902785110473632812e+01
1.413147735595703125e+02
7.274625396728515625e+01
9.484568786621093750e+01
4.846448516845703125e+01
4.182094192504882812e+01
8.221022033691406250e+01
3.000000000000000000e+01
7.024645233154296875e+01
9.353601837158203125e+01
3.778016662597656250e+01
4.410478210449218750e+01
9.559239196777343750e+01
3.000000000000000000e+01
4.017879104614257812e+01
1.346691436767578125e+02
6.446584320068359375e+01
5.838449096679687500e+01
6.945001983642578125e+01
4.396961975097656250e+01
6.281631088256835938e+01
8.848388671875000000e+01
4.455081176757812500e+01
7.953437805175781250e+01
1.984411315917968750e+02
4.598934936523437500e+01
1.155335693359375000e+02
4.426938247680664062e+01
5.478153228759765625e+01
8.815532684326171875e+01
6.879811096191406250e+01
5.703733825683593750e+01
8.162290954589843750e+01
3.638264083862304688e+01
6.311634826660156250e+01
5.140541076660156250e+01
5.800658035278320312e+01
4.262638092041015625e+01
4.822706985473632812e+01
5.702455139160156250e+01
1.658399505615234375e+02
9.973869323730468750e+01
5.002621459960937500e+01
4.946582794189453125e+01
4.425235748291015625e+01
5.422550201416015625e+01
7.800659179687500000e+01
4.204786682128906250e+01
9.726347351074218750e+01
1.027531738281250000e+02
4.587506484985351562e+01
9.496237182617187500e+01
8.974580383300781250e+01
5.610132980346679688e+01
4.863455200195312500e+01
4.781620788574218750e+01
4.914160919189453125e+01
2.061650238037109375e+02
4.112197875976562500e+01
5.207525634765625000e+01
5.162972259521484375e+01
4.293867111206054688e+01
1.065904846191406250e+02
3.583816909790039062e+01
4.415530395507812500e+01
1.393286743164062500e+02
7.087100982666015625e+01
7.896264648437500000e+01
5.887553024291992188e+01
4.719837951660156250e+01
6.763360595703125000e+01
9.117948913574218750e+01
7.910254669189453125e+01
7.434324645996093750e+01
7.233616638183593750e+01
3.000000000000000000e+01
7.023683166503906250e+01
9.378726196289062500e+01
4.205298614501953125e+01
4.337881088256835938e+01
6.762261962890625000e+01
1.006073379516601562e+02
7.147322845458984375e+01
5.154840850830078125e+01
5.054225921630859375e+01
3.000000000000000000e+01
4.044444274902343750e+01
3.000000000000000000e+01
3.601167297363281250e+01
4.665463256835937500e+01
3.869732666015625000e+01
5.026304626464843750e+01
4.782716369628906250e+01
4.364106750488281250e+01
7.186949920654296875e+01
5.967930984497070312e+01
4.124870300292968750e+01
3.862249374389648438e+01
5.595108795166015625e+01
5.567092132568359375e+01
3.784294891357421875e+01
3.549618148803710938e+01
8.866454315185546875e+01
3.889419937133789062e+01
6.114646530151367188e+01
3.000000000000000000e+01
5.274743652343750000e+01
3.338828659057617188e+01
4.033164215087890625e+01
1.312133636474609375e+02
5.960624694824218750e+01
3.446711349487304688e+01
7.450421905517578125e+01
4.399398803710937500e+01
7.807738494873046875e+01
4.994526672363281250e+01
4.971908187866210938e+01
1.201556549072265625e+02
4.823624801635742188e+01
1.076893234252929688e+02
1.121952056884765625e+02
4.114294433593750000e+01
4.686230087280273438e+01
9.504007720947265625e+01
3.914540100097656250e+01
5.303375625610351562e+01
4.358876037597656250e+01
1.990858306884765625e+02
4.066153717041015625e+01
4.597088623046875000e+01
5.423524856567382812e+01
3.478213500976562500e+01
4.536376190185546875e+01
9.533322906494140625e+01
3.716071319580078125e+01
8.112928771972656250e+01
3.289538574218750000e+01
4.335926055908203125e+01
3.074598693847656250e+01
4.405865859985351562e+01
4.961732482910156250e+01
4.252397918701171875e+01
3.812055587768554688e+01
3.748062896728515625e+01
4.051948928833007812e+01
5.078229141235351562e+01
4.645655822753906250e+01
3.970267105102539062e+01
6.016641235351562500e+01
6.067092895507812500e+01
7.138242340087890625e+01
1.232874450683593750e+02
6.843342590332031250e+01
1.099971466064453125e+02
8.422940826416015625e+01
1.122927856445312500e+02
4.155685424804687500e+01
5.807636260986328125e+01
3.251576614379882812e+01
4.691886138916015625e+01
6.722164916992187500e+01
7.870344543457031250e+01
7.656496429443359375e+01
7.152883911132812500e+01
4.032806777954101562e+01
4.356620025634765625e+01
6.116829681396484375e+01
9.458645629882812500e+01
3.000000000000000000e+01
5.181282424926757812e+01
4.209062957763671875e+01
3.695324707031250000e+01
9.851541137695312500e+01
5.458504104614257812e+01
4.574455642700195312e+01
4.112950897216796875e+01
4.844680786132812500e+01
7.263592529296875000e+01
9.322610473632812500e+01
4.013604736328125000e+01
3.752615737915039062e+01
3.000000000000000000e+01
9.663001251220703125e+01
5.311552429199218750e+01
4.692890167236328125e+01
5.614410781860351562e+01
6.107349777221679688e+01
4.757371520996093750e+01
6.321937561035156250e+01
5.559810638427734375e+01
7.210050964355468750e+01
3.982936096191406250e+01
7.103447723388671875e+01
6.611651611328125000e+01
7.596588134765625000e+01
7.423694610595703125e+01
4.252499389648437500e+01
3.342742538452148438e+01
6.160002899169921875e+01
7.627695465087890625e+01
4.890996170043945312e+01
6.207899475097656250e+01
5.391086959838867188e+01
4.260635375976562500e+01
6.639990234375000000e+01
5.562898254394531250e+01
3.240995407104492188e+01
4.523003387451171875e+01
6.411175537109375000e+01
5.702455139160156250e+01
4.865541839599609375e+01
6.183697891235351562e+01
3.615153121948242188e+01
7.391667175292968750e+01
1.004161148071289062e+02
6.580762481689453125e+01
4.108591461181640625e+01
1.122927856445312500e+02
4.882435226440429688e+01
7.130525970458984375e+01
1.006073379516601562e+02
3.810305023193359375e+01
3.959888839721679688e+01
8.239250183105468750e+01
3.389584350585937500e+01
4.148914337158203125e+01
2.290309753417968750e+02
3.000000000000000000e+01
3.000000000000000000e+01
4.179879379272460938e+01
1.308351287841796875e+02
6.199513244628906250e+01
5.116302490234375000e+01
1.215872726440429688e+02
4.723941802978515625e+01
1.215995941162109375e+02
7.569895935058593750e+01
1.041100006103515625e+02
4.730447006225585938e+01
3.000000000000000000e+01
7.830024719238281250e+01
6.773919677734375000e+01
7.302096557617187500e+01
4.464137268066406250e+01
4.554080581665039062e+01
3.929469680786132812e+01
4.593167877197265625e+01
5.103141021728515625e+01
5.227902984619140625e+01
4.164542388916015625e+01
7.086557769775390625e+01
7.670106506347656250e+01
4.291973114013671875e+01
3.360428237915039062e+01
4.741346359252929688e+01
3.437329483032226562e+01
4.781562042236328125e+01
1.048686065673828125e+02
4.743252563476562500e+01
7.736717224121093750e+01
5.083549880981445312e+01
5.093250656127929688e+01
3.702045822143554688e+01
9.916667175292968750e+01
6.181285095214843750e+01
7.399288177490234375e+01
9.633273315429687500e+01
5.303072738647460938e+01
4.135109329223632812e+01
4.085240173339843750e+01
5.300647735595703125e+01
6.334881973266601562e+01
5.281227111816406250e+01
2.061650390625000000e+02
5.055410003662109375e+01
6.804965209960937500e+01
7.995556640625000000e+01
7.189443969726562500e+01
4.063570785522460938e+01
4.725052642822265625e+01
5.148455810546875000e+01
7.246033477783203125e+01
1.008500518798828125e+02
3.000000000000000000e+01
3.619942474365234375e+01
5.748197937011718750e+01
9.844372558593750000e+01
4.992229843139648438e+01
1.076893234252929688e+02
4.752775573730468750e+01
3.000000000000000000e+01
3.918598175048828125e+01
6.097860717773437500e+01
1.763079528808593750e+02
7.963180541992187500e+01
5.582849884033203125e+01
6.344861602783203125e+01
3.000000000000000000e+01
5.875287628173828125e+01
8.863813781738281250e+01
3.503197479248046875e+01
3.843126296997070312e+01
6.460439300537109375e+01
7.832299804687500000e+01
3.723063659667968750e+01
9.162288665771484375e+01
4.106501388549804688e+01
4.148468780517578125e+01
5.253646087646484375e+01
9.168008422851562500e+01
5.923511123657226562e+01
4.070446777343750000e+01
4.442443084716796875e+01
3.432933425903320312e+01
3.783953094482421875e+01
3.674117279052734375e+01
3.823076629638671875e+01
7.815724182128906250e+01
6.446584320068359375e+01
3.765792846679687500e+01
3.000000000000000000e+01
3.378804779052734375e+01
4.418957519531250000e+01
3.932673645019531250e+01
1.057409210205078125e+02
3.000000000000000000e+01
6.543000030517578125e+01
8.689129638671875000e+01
5.060506439208984375e+01
3.990707015991210938e+01
5.875510406494140625e+01
6.923461914062500000e+01
6.700292968750000000e+01
5.260703277587890625e+01
6.874472808837890625e+01
5.849824142456054688e+01
7.708998107910156250e+01
5.507538223266601562e+01
4.614228057861328125e+01
5.541934204101562500e+01
3.546713256835937500e+01
6.763360595703125000e+01
5.699764633178710938e+01
3.396690750122070312e+01
3.581943893432617188e+01
5.183209228515625000e+01
5.637424087524414062e+01
5.210959625244140625e+01
4.729837417602539062e+01
5.217263031005859375e+01
4.681470489501953125e+01
6.497621154785156250e+01
7.263941955566406250e+01
5.526966857910156250e+01
8.490850830078125000e+01
4.454869461059570312e+01
5.109670639038085938e+01
4.039996337890625000e+01
6.341442108154296875e+01
7.347595214843750000e+01
6.278170394897460938e+01
7.258734130859375000e+01
3.530947113037109375e+01
7.970433044433593750e+01
4.967092514038085938e+01
5.049495697021484375e+01
9.442531585693359375e+01
1.381909942626953125e+02
1.066941680908203125e+02
3.000000000000000000e+01
3.952967071533203125e+01
4.826457977294921875e+01
4.608366012573242188e+01
9.973869323730468750e+01
9.024066162109375000e+01
6.960735321044921875e+01
9.774948120117187500e+01
4.741345977783203125e+01
4.482801055908203125e+01
3.735680389404296875e+01
5.599534606933593750e+01
5.883946990966796875e+01
3.711284637451171875e+01
4.833834075927734375e+01
9.069239807128906250e+01
5.353870391845703125e+01
4.483135223388671875e+01
7.500882720947265625e+01
4.258545684814453125e+01
5.183052062988281250e+01
5.650225067138671875e+01
5.634570312500000000e+01
5.307428741455078125e+01
4.070446777343750000e+01
1.986488952636718750e+02
7.171308898925781250e+01
4.398048400878906250e+01
4.496719360351562500e+01
4.494428253173828125e+01
1.314768066406250000e+02
4.049739456176757812e+01
5.788331604003906250e+01
6.184687423706054688e+01
4.164542388916015625e+01
6.937833404541015625e+01
4.853493499755859375e+01
5.741289520263671875e+01
5.916385269165039062e+01
5.412352371215820312e+01
3.832768630981445312e+01
3.000000000000000000e+01
5.379045486450195312e+01
5.181134414672851562e+01
2.081922302246093750e+02
3.892806625366210938e+01
5.357432556152343750e+01
5.767330932617187500e+01
4.555094146728515625e+01
4.628887939453125000e+01
3.696489334106445312e+01
5.364953613281250000e+01
5.440567398071289062e+01
3.711259460449218750e+01
4.681309509277343750e+01
5.418074035644531250e+01
3.943790817260742188e+01
4.765925216674804688e+01
3.576202774047851562e+01
4.114294433593750000e+01
4.735359954833984375e+01
3.164242172241210938e+01
5.818322372436523438e+01
6.683218383789062500e+01
3.168213844299316406e+01
4.286505126953125000e+01
5.891226959228515625e+01
8.442772674560546875e+01
5.433586120605468750e+01
1.019487075805664062e+02
3.000000000000000000e+01
7.434323883056640625e+01
8.063613128662109375e+01
4.674954986572265625e+01
9.442531585693359375e+01
3.000000000000000000e+01
4.597236251831054688e+01
4.198945236206054688e+01
4.316918182373046875e+01
1.177565994262695312e+02
5.032496643066406250e+01
3.817080688476562500e+01
6.742462921142578125e+01
4.611484909057617188e+01
1.046887359619140625e+02
7.939657592773437500e+01
4.327468109130859375e+01
4.644759750366210938e+01
8.212046051025390625e+01
7.604296112060546875e+01
7.392352294921875000e+01
5.664532470703125000e+01
3.378809738159179688e+01
4.152079772949218750e+01
5.130121994018554688e+01
6.057778167724609375e+01
1.293580017089843750e+02
9.373431396484375000e+01
1.455410766601562500e+02
6.428939056396484375e+01
3.592813873291015625e+01
5.472966766357421875e+01
3.896315002441406250e+01
5.522893905639648438e+01
3.309810638427734375e+01
3.235076522827148438e+01
6.681353759765625000e+01
1.214284591674804688e+02
5.488203811645507812e+01
3.000000000000000000e+01
4.445132446289062500e+01
6.831263732910156250e+01
4.583778381347656250e+01
4.947014999389648438e+01
5.281227111816406250e+01
4.129162597656250000e+01
7.187188720703125000e+01
5.875288009643554688e+01
6.004421997070312500e+01
5.490998840332031250e+01
3.320961761474609375e+01
3.719823837280273438e+01
5.384086990356445312e+01
3.000000000000000000e+01
6.991015625000000000e+01
6.834970092773437500e+01
5.402774810791015625e+01
8.817543029785156250e+01
5.374627685546875000e+01
3.445423889160156250e+01
5.146922683715820312e+01
4.884529876708984375e+01
3.908060455322265625e+01
4.309836196899414062e+01
3.086121559143066406e+01
4.055517196655273438e+01
8.771914672851562500e+01
4.367124938964843750e+01
3.934416961669921875e+01
1.658399505615234375e+02
7.544476318359375000e+01
4.774879837036132812e+01
6.284757995605468750e+01
8.642988586425781250e+01
4.364106750488281250e+01
5.150099563598632812e+01
1.162920837402343750e+02
4.425173187255859375e+01
8.291245269775390625e+01
4.229996490478515625e+01
3.000000000000000000e+01
5.953263473510742188e+01
4.477401351928710938e+01
4.635894012451171875e+01
4.688314819335937500e+01
5.061483764648437500e+01
5.454292678833007812e+01
4.679524230957031250e+01
5.227388763427734375e+01
3.746075820922851562e+01
4.006625747680664062e+01
7.517802429199218750e+01
9.199298095703125000e+01
3.777496719360351562e+01
9.756443023681640625e+01
4.425435638427734375e+01
4.634473419189453125e+01
8.022598266601562500e+01
8.089303588867187500e+01
4.223906707763671875e+01
6.078512191772460938e+01
3.280290222167968750e+01
4.822618484497070312e+01
3.000000000000000000e+01
8.144329833984375000e+01
5.099012756347656250e+01
4.645396804809570312e+01
5.887553024291992188e+01
5.369205474853515625e+01
5.565322113037109375e+01
3.169635200500488281e+01
5.374014282226562500e+01
5.819255828857421875e+01
4.902077102661132812e+01
7.725230407714843750e+01
6.105400466918945312e+01
4.220791625976562500e+01
5.967903900146484375e+01
3.000000000000000000e+01
6.002185440063476562e+01
7.869580078125000000e+01
8.170034790039062500e+01
5.741289520263671875e+01
4.769395446777343750e+01
6.973942565917968750e+01
5.374013900756835938e+01
4.395483016967773438e+01
4.916953659057617188e+01
3.000000000000000000e+01
4.376938629150390625e+01
5.726338958740234375e+01
6.263798904418945312e+01
3.000000000000000000e+01
3.247158432006835938e+01
5.191030883789062500e+01
4.547228622436523438e+01
3.659101867675781250e+01
5.717787170410156250e+01
4.315106964111328125e+01
5.971855926513671875e+01
6.041165542602539062e+01
4.443416213989257812e+01
5.362270736694335938e+01
3.475777816772460938e+01
7.965406799316406250e+01
6.536936950683593750e+01
4.824366760253906250e+01
4.904482650756835938e+01
4.124101257324218750e+01
7.775733947753906250e+01
7.191199493408203125e+01
3.165516281127929688e+01
4.155329895019531250e+01
6.473746490478515625e+01
5.577747344970703125e+01
5.683631896972656250e+01
3.861104583740234375e+01
7.856227111816406250e+01
4.333584594726562500e+01
3.496777343750000000e+01
3.892639160156250000e+01
4.521125411987304688e+01
5.875097274780273438e+01
3.271135330200195312e+01
8.815532684326171875e+01
6.098497772216796875e+01
4.929985046386718750e+01
3.980283737182617188e+01
4.695716094970703125e+01
4.479746246337890625e+01
4.895229339599609375e+01
3.952967071533203125e+01
4.140190124511718750e+01
4.222731399536132812e+01
4.334795379638671875e+01
5.871251678466796875e+01
5.570063400268554688e+01
6.514796447753906250e+01
5.319862365722656250e+01
4.944048309326171875e+01
4.226343154907226562e+01
3.000000000000000000e+01
3.079487609863281250e+01
4.695716094970703125e+01
7.258734130859375000e+01
5.705827331542968750e+01
4.206536865234375000e+01
3.464630508422851562e+01
7.597146606445312500e+01
6.480033874511718750e+01
8.146169281005859375e+01
3.741377639770507812e+01
3.136858749389648438e+01
6.728856658935546875e+01
3.000000000000000000e+01
6.159400939941406250e+01
3.245991897583007812e+01
5.514974975585937500e+01
3.000000000000000000e+01
3.000000000000000000e+01
3.997867584228515625e+01
4.838277053833007812e+01
7.070913696289062500e+01
4.183281707763671875e+01
8.170034790039062500e+01
5.224103164672851562e+01
3.963528442382812500e+01
3.607190322875976562e+01
4.401960372924804688e+01
3.960820007324218750e+01
4.196077728271484375e+01
6.688334655761718750e+01
7.234426879882812500e+01
4.971908569335937500e+01
3.479852676391601562e+01
4.194352340698242188e+01
7.253608703613281250e+01
5.829716491699218750e+01
5.335087966918945312e+01
4.573566818237304688e+01
3.280500793457031250e+01
3.395032119750976562e+01
3.396690750122070312e+01
5.516606140136718750e+01
4.617737960815429688e+01
4.638537597656250000e+01
4.588929367065429688e+01
3.541912460327148438e+01
3.616079711914062500e+01
4.952508926391601562e+01
3.000000000000000000e+01
6.845371246337890625e+01
4.674472808837890625e+01
7.490846252441406250e+01
5.224103164672851562e+01
7.041759490966796875e+01
3.000000000000000000e+01
3.700600814819335938e+01
5.549746704101562500e+01
3.000000000000000000e+01
4.666437530517578125e+01
7.044232940673828125e+01
3.000000000000000000e+01
6.304753112792968750e+01
4.531493377685546875e+01
4.686230087280273438e+01
4.790051269531250000e+01
8.092205810546875000e+01
3.000000000000000000e+01
3.632785034179687500e+01
7.538671875000000000e+01
4.585720825195312500e+01
8.212046051025390625e+01
8.478349304199218750e+01
3.160651779174804688e+01
7.424071502685546875e+01
4.506972122192382812e+01
5.703733825683593750e+01
4.669993209838867188e+01
4.487704467773437500e+01
6.516949462890625000e+01
4.902784729003906250e+01
5.101236724853515625e+01
5.475919342041015625e+01
7.902099609375000000e+01
3.526437377929687500e+01
8.751416015625000000e+01
3.273440170288085938e+01
3.744653701782226562e+01
3.814007186889648438e+01
4.934758758544921875e+01
3.163077926635742188e+01
7.145661926269531250e+01
5.460095596313476562e+01
5.357432556152343750e+01
3.962974929809570312e+01
4.796885681152343750e+01
4.178231048583984375e+01
3.428383255004882812e+01
7.645008850097656250e+01
4.304846954345703125e+01
3.298535919189453125e+01
6.207459640502929688e+01
5.846979522705078125e+01
4.625284576416015625e+01
5.766722106933593750e+01
4.904482269287109375e+01
3.293198776245117188e+01
3.660662460327148438e+01
4.812652969360351562e+01
4.214658737182617188e+01
3.328585052490234375e+01
3.939403915405273438e+01
5.748197937011718750e+01
3.772810363769531250e+01
4.252397918701171875e+01
4.490290832519531250e+01
7.445831298828125000e+01
5.303700256347656250e+01
7.406092834472656250e+01
1.118597564697265625e+02
4.931393432617187500e+01
4.403869247436523438e+01
4.682963943481445312e+01
4.312897872924804688e+01
3.352133560180664062e+01
4.853974151611328125e+01
6.758013916015625000e+01
9.633273315429687500e+01
4.550901794433593750e+01
4.137223052978515625e+01
4.671541976928710938e+01
5.482411575317382812e+01
3.790226364135742188e+01
4.536376190185546875e+01
5.634570312500000000e+01
7.079416656494140625e+01
3.000000000000000000e+01
5.739600372314453125e+01
3.575403594970703125e+01
6.271538543701171875e+01
6.639990234375000000e+01
5.020732879638671875e+01
5.275878524780273438e+01
4.778479766845703125e+01
3.905446624755859375e+01
6.149073028564453125e+01
5.194039916992187500e+01
4.357376098632812500e+01
4.992229843139648438e+01
4.047968292236328125e+01
4.437365341186523438e+01
4.063570785522460938e+01
4.096596908569335938e+01
3.721955871582031250e+01
7.507715606689453125e+01
3.805668640136718750e+01
5.930689239501953125e+01
3.978373336791992188e+01
4.221705245971679688e+01
6.997433471679687500e+01
4.718432617187500000e+01
4.458211898803710938e+01
3.954346847534179688e+01
3.968638610839843750e+01
4.981629562377929688e+01
5.080324554443359375e+01
4.155685424804687500e+01
4.203546524047851562e+01
5.308190536499023438e+01
5.419689178466796875e+01
4.447880172729492188e+01
5.818918609619140625e+01
3.898958969116210938e+01
7.140649414062500000e+01
4.355285644531250000e+01
1.016931915283203125e+02
8.607556152343750000e+01
4.832489395141601562e+01
3.989674758911132812e+01
3.000000000000000000e+01
8.785153198242187500e+01
3.882413482666015625e+01
4.618614578247070312e+01
7.729344940185546875e+01
5.102808761596679688e+01
4.052838897705078125e+01
5.554393005371093750e+01
9.615411376953125000e+01
4.079714965820312500e+01
4.299498748779296875e+01
3.000000000000000000e+01
5.451961517333984375e+01
4.393410491943359375e+01
3.679428482055664062e+01
5.151820755004882812e+01
9.795507812500000000e+01
5.350386047363281250e+01
4.422260284423828125e+01
3.706010437011718750e+01
5.947698211669921875e+01
4.273215484619140625e+01
5.143426895141601562e+01
5.806915664672851562e+01
1.019486999511718750e+02
6.143151473999023438e+01
6.748517608642578125e+01
6.935536193847656250e+01
6.691658020019531250e+01
6.204092407226562500e+01
3.362838745117187500e+01
3.187399482727050781e+01
5.497572326660156250e+01
4.106435394287109375e+01
4.314382171630859375e+01
3.543268585205078125e+01
3.351322174072265625e+01
3.455609130859375000e+01
3.076324653625488281e+01
4.105658340454101562e+01
4.112735748291015625e+01
7.500621032714843750e+01
5.114318466186523438e+01
3.668903350830078125e+01
4.546202850341796875e+01
3.156441879272460938e+01
4.334887313842773438e+01
4.428986358642578125e+01
8.431518554687500000e+01
4.679245376586914062e+01
4.452960205078125000e+01
3.000000000000000000e+01
7.023683166503906250e+01
5.553089904785156250e+01
3.011130142211914062e+01
7.775734710693359375e+01
4.646855545043945312e+01
9.627088928222656250e+01
4.818928527832031250e+01
7.534152984619140625e+01
5.123518371582031250e+01
4.438054656982421875e+01
3.000000000000000000e+01
4.226996231079101562e+01
5.155263900756835938e+01
4.182094192504882812e+01
3.762535095214843750e+01
4.146938323974609375e+01
4.091664123535156250e+01
4.279212570190429688e+01
6.937833404541015625e+01
7.190895080566406250e+01
7.260825347900390625e+01
3.721567535400390625e+01
4.195727539062500000e+01
5.635124206542968750e+01
3.455609130859375000e+01
6.086103439331054688e+01
5.351396942138671875e+01
4.884371185302734375e+01
5.148659133911132812e+01
5.325423812866210938e+01
3.680921936035156250e+01
3.559497451782226562e+01
3.289274597167968750e+01
7.395988464355468750e+01
3.404139328002929688e+01
4.278628540039062500e+01
4.213600158691406250e+01
4.370250320434570312e+01
4.979972839355468750e+01
3.000000000000000000e+01
4.797916030883789062e+01
3.558444976806640625e+01
3.000000000000000000e+01
6.212815856933593750e+01
6.742462921142578125e+01
3.000000000000000000e+01
5.720075225830078125e+01
4.300915527343750000e+01
4.074848175048828125e+01
4.188393402099609375e+01
5.240876770019531250e+01
3.454550933837890625e+01
3.882284545898437500e+01
4.085072326660156250e+01
4.880371093750000000e+01
3.981548309326171875e+01
4.107151412963867188e+01
5.578227233886718750e+01
3.505408477783203125e+01
3.661384582519531250e+01
3.572525024414062500e+01
3.674559020996093750e+01
5.456006240844726562e+01
5.123032379150390625e+01
9.615411376953125000e+01
4.309495925903320312e+01
3.200243377685546875e+01
3.639654541015625000e+01
9.291624450683593750e+01
3.478213500976562500e+01
4.150906372070312500e+01
7.395988464355468750e+01
5.643883132934570312e+01
4.142816162109375000e+01
4.116736602783203125e+01
5.026305007934570312e+01
1.157303314208984375e+02
7.905008697509765625e+01
5.521162414550781250e+01
8.611860656738281250e+01
3.000000000000000000e+01
3.000000000000000000e+01
4.709598541259765625e+01
3.969203567504882812e+01
5.564891815185546875e+01
5.916928100585937500e+01
4.280878448486328125e+01
3.393082046508789062e+01
7.621071624755859375e+01
3.337012863159179688e+01
4.525681686401367188e+01
5.998643112182617188e+01
4.538446807861328125e+01
3.000000000000000000e+01
4.108591842651367188e+01
4.506972122192382812e+01
4.110321044921875000e+01
4.155104064941406250e+01
8.375642395019531250e+01
4.332183837890625000e+01
4.602961730957031250e+01
7.191277313232421875e+01
5.577416229248046875e+01
3.000000000000000000e+01
3.815976715087890625e+01
4.854652786254882812e+01
4.609367370605468750e+01
3.159414100646972656e+01
3.681860733032226562e+01
3.882613372802734375e+01
6.519352722167968750e+01
5.788363647460937500e+01
3.958549880981445312e+01
3.404915618896484375e+01
4.528785324096679688e+01
4.435889816284179688e+01
3.000000000000000000e+01
6.417564392089843750e+01
4.878977203369140625e+01
5.291507339477539062e+01
3.915913391113281250e+01
3.755583572387695312e+01
4.161608505249023438e+01
3.000000000000000000e+01
5.770787811279296875e+01
3.953375625610351562e+01
4.550901794433593750e+01
5.307428741455078125e+01
4.530876922607421875e+01
4.057085800170898438e+01
4.915020370483398438e+01
3.615076446533203125e+01
7.612860870361328125e+01
4.581815338134765625e+01
4.182294464111328125e+01
4.572553634643554688e+01
8.442772674560546875e+01
4.384124755859375000e+01
3.912767028808593750e+01
3.000000000000000000e+01
3.814144897460937500e+01
5.522531127929687500e+01
4.195094299316406250e+01
3.980319976806640625e+01
3.193902969360351562e+01
3.526429748535156250e+01
3.316873168945312500e+01
3.713372039794921875e+01
5.100024414062500000e+01
4.901161956787109375e+01
6.205733871459960938e+01
3.867654800415039062e+01
6.619972229003906250e+01
4.203744125366210938e+01
4.861606597900390625e+01
5.508168792724609375e+01
3.084364509582519531e+01
4.638520050048828125e+01
3.000000000000000000e+01
3.264244461059570312e+01
4.790536499023437500e+01
4.325292205810546875e+01
3.064937973022460938e+01
4.220380783081054688e+01
3.152379226684570312e+01
4.165193557739257812e+01
4.600784301757812500e+01
4.073167037963867188e+01
