5.309538269042968750e+01
6.817074584960937500e+01
4.248441314697265625e+01
4.141616058349609375e+01
5.648984527587890625e+01
7.452567291259765625e+01
3.806897735595703125e+01
6.903329467773437500e+01
5.848443984985351562e+01
1.296448059082031250e+02
4.635250854492187500e+01
1.337625122070312500e+02
5.035377502441406250e+01
4.430661392211914062e+01
4.831649398803710938e+01
6.336720657348632812e+01
6.981201934814453125e+01
4.077945709228515625e+01
4.311751556396484375e+01
1.372501678466796875e+02
4.151654815673828125e+01
9.719927978515625000e+01
3.000000000000000000e+01
4.211649703979492188e+01
4.319824981689453125e+01
7.924356079101562500e+01
3.000000000000000000e+01
6.287698364257812500e+01
1.974455261230468750e+02
4.620917129516601562e+01
6.460893249511718750e+01
4.680735778808593750e+01
3.629777526855468750e+01
8.483554077148437500e+01
4.303303527832031250e+01
6.874739074707031250e+01
6.792066955566406250e+01
5.929733276367187500e+01
4.823501586914062500e+01
3.363021087646484375e+01
5.546714782714843750e+01
3.908933258056640625e+01
4.428120040893554688e+01
5.116197204589843750e+01
3.000000000000000000e+01
3.957572937011718750e+01
3.563392639160156250e+01
6.208380889892578125e+01
1.268377227783203125e+02
6.101131057739257812e+01
4.500604629516601562e+01
3.000000000000000000e+01
6.126612472534179688e+01
4.424798583984375000e+01
1.056620407104492188e+02
5.213459777832031250e+01
6.019576263427734375e+01
5.481462860107421875e+01
5.841610717773437500e+01
6.714237976074218750e+01
6.028733825683593750e+01
7.931964111328125000e+01
4.052837371826171875e+01
8.659387207031250000e+01
9.944587707519531250e+01
5.184362030029296875e+01
5.098136901855468750e+01
3.000000000000000000e+01
4.690877151489257812e+01
6.585598754882812500e+01
6.718534088134765625e+01
3.951259613037109375e+01
9.093880462646484375e+01
3.629749679565429688e+01
6.250993347167968750e+01
3.809239959716796875e+01
4.500168228149414062e+01
3.889028167724609375e+01
4.356133270263671875e+01
6.515466308593750000e+01
3.539279174804687500e+01
6.981201171875000000e+01
4.823902511596679688e+01
1.020778121948242188e+02
9.553331756591796875e+01
5.342856597900390625e+01
3.811006927490234375e+01
4.409884262084960938e+01
5.035377502441406250e+01
5.992004776000976562e+01
5.310675048828125000e+01
5.068828201293945312e+01
6.654123687744140625e+01
5.345557403564453125e+01
1.042924423217773438e+02
1.076564788818359375e+02
6.538862609863281250e+01
3.808086776733398438e+01
6.258223724365234375e+01
4.118566131591796875e+01
9.644014739990234375e+01
6.143376159667968750e+01
1.692323913574218750e+02
3.030243492126464844e+01
4.578712081909179688e+01
8.517754364013671875e+01
3.000000000000000000e+01
5.812580871582031250e+01
5.071744537353515625e+01
3.000000000000000000e+01
4.651323699951171875e+01
3.937091827392578125e+01
6.991764831542968750e+01
1.040199432373046875e+02
3.998666381835937500e+01
4.060582733154296875e+01
9.452453613281250000e+01
4.740335083007812500e+01
8.401852416992187500e+01
5.118376922607421875e+01
4.488993072509765625e+01
5.174485778808593750e+01
5.415087509155273438e+01
3.855036544799804688e+01
4.527880096435546875e+01
4.980921554565429688e+01
7.001708984375000000e+01
5.066513824462890625e+01
4.511216354370117188e+01
5.167500305175781250e+01
4.469771575927734375e+01
1.085608062744140625e+02
6.764631652832031250e+01
4.292694091796875000e+01
6.743237304687500000e+01
4.640116500854492188e+01
1.227920989990234375e+02
4.604413604736328125e+01
4.043971633911132812e+01
7.670350646972656250e+01
4.709885025024414062e+01
1.111209030151367188e+02
7.645617675781250000e+01
5.867222213745117188e+01
6.362361526489257812e+01
4.798285293579101562e+01
7.859564971923828125e+01
9.681031799316406250e+01
5.595921707153320312e+01
1.293464508056640625e+02
5.350794219970703125e+01
7.344293975830078125e+01
5.444396209716796875e+01
9.620344543457031250e+01
5.582868957519531250e+01
1.252200012207031250e+02
3.208562469482421875e+01
1.228127593994140625e+02
3.993066406250000000e+01
6.969921112060546875e+01
3.908197021484375000e+01
4.464738845825195312e+01
4.819410324096679688e+01
4.260424423217773438e+01
6.844957733154296875e+01
3.747544860839843750e+01
5.373101043701171875e+01
5.219914245605468750e+01
3.442835617065429688e+01
1.294828796386718750e+02
4.291650009155273438e+01
4.895332717895507812e+01
3.868623733520507812e+01
3.067334747314453125e+01
5.127213668823242188e+01
8.058764648437500000e+01
4.932047271728515625e+01
4.746941375732421875e+01
7.159711456298828125e+01
4.900517272949218750e+01
6.790159606933593750e+01
5.318172073364257812e+01
7.076522827148437500e+01
6.223599243164062500e+01
4.012847900390625000e+01
3.101333618164062500e+01
3.878361129760742188e+01
7.195799255371093750e+01
5.706262969970703125e+01
3.880125808715820312e+01
4.903952407836914062e+01
5.326419067382812500e+01
7.417538452148437500e+01
4.222805023193359375e+01
5.287742614746093750e+01
6.139989089965820312e+01
3.000000000000000000e+01
8.125490570068359375e+01
1.412533569335937500e+02
6.579953002929687500e+01
6.708697509765625000e+01
1.121220550537109375e+02
6.834408569335937500e+01
4.448614883422851562e+01
5.610472106933593750e+01
4.344895935058593750e+01
5.638391113281250000e+01
3.132048034667968750e+01
1.137183761596679688e+02
3.125977134704589844e+01
4.645837020874023438e+01
9.564550018310546875e+01
5.030866241455078125e+01
4.169216156005859375e+01
3.540989685058593750e+01
3.941789245605468750e+01
4.922627639770507812e+01
5.321452713012695312e+01
3.920568084716796875e+01
4.284712600708007812e+01
3.283753204345703125e+01
7.700897979736328125e+01
1.089198760986328125e+02
4.200575637817382812e+01
4.436141586303710938e+01
4.132666778564453125e+01
5.651858901977539062e+01
1.103916625976562500e+02
6.323712158203125000e+01
1.145684204101562500e+02
3.523652648925781250e+01
4.324174880981445312e+01
5.761600494384765625e+01
5.966587829589843750e+01
4.085558700561523438e+01
7.081587219238281250e+01
4.491077041625976562e+01
4.626850128173828125e+01
6.612545776367187500e+01
4.507669067382812500e+01
4.495267868041992188e+01
1.217295227050781250e+02
1.021726379394531250e+02
7.596746063232421875e+01
9.553355407714843750e+01
3.528990554809570312e+01
4.662541198730468750e+01
1.528730773925781250e+02
1.782097473144531250e+02
4.463343811035156250e+01
6.033432769775390625e+01
4.464900207519531250e+01
5.739524459838867188e+01
1.041692428588867188e+02
4.948812866210937500e+01
4.828000640869140625e+01
4.562228393554687500e+01
4.441231155395507812e+01
3.255167388916015625e+01
1.432432556152343750e+02
3.596167755126953125e+01
5.319803619384765625e+01
3.654668426513671875e+01
4.505235290527343750e+01
1.185347442626953125e+02
4.488174057006835938e+01
1.423345184326171875e+02
6.924952697753906250e+01
7.163256072998046875e+01
6.190185928344726562e+01
5.759870147705078125e+01
4.899742889404296875e+01
7.596746063232421875e+01
7.369873809814453125e+01
1.624009246826171875e+02
4.580661773681640625e+01
6.715269470214843750e+01
8.251872253417968750e+01
1.021261291503906250e+02
1.001178054809570312e+02
6.178488540649414062e+01
6.873709106445312500e+01
5.797070312500000000e+01
4.371385955810546875e+01
4.990609741210937500e+01
3.845100784301757812e+01
3.797893524169921875e+01
5.389067840576171875e+01
3.280789184570312500e+01
3.937994766235351562e+01
3.688920593261718750e+01
3.000000000000000000e+01
3.000000000000000000e+01
8.782869720458984375e+01
4.212071228027343750e+01
3.931303405761718750e+01
5.749148941040039062e+01
4.661892318725585938e+01
4.706122207641601562e+01
5.431568145751953125e+01
4.170367050170898438e+01
3.113828086853027344e+01
3.767898559570312500e+01
7.587705993652343750e+01
7.296714782714843750e+01
4.111046981811523438e+01
7.343261718750000000e+01
7.615700531005859375e+01
7.323445892333984375e+01
1.207125625610351562e+02
1.435207824707031250e+02
3.512661361694335938e+01
1.011863403320312500e+02
9.883858489990234375e+01
9.194699859619140625e+01
3.873634338378906250e+01
3.568326950073242188e+01
1.190478744506835938e+02
5.613790893554687500e+01
6.258224105834960938e+01
4.664666366577148438e+01
5.498016738891601562e+01
3.169596099853515625e+01
4.702942657470703125e+01
3.938380432128906250e+01
3.979410552978515625e+01
4.290066146850585938e+01
3.642735290527343750e+01
9.093880462646484375e+01
5.205323791503906250e+01
8.034603881835937500e+01
4.812741851806640625e+01
3.809029006958007812e+01
4.602487945556640625e+01
4.332455444335937500e+01
4.796237564086914062e+01
5.313001632690429688e+01
5.039418792724609375e+01
3.000000000000000000e+01
3.552833175659179688e+01
5.309047317504882812e+01
7.865319824218750000e+01
4.556976318359375000e+01
7.323445892333984375e+01
4.930043792724609375e+01
4.567956542968750000e+01
1.518842468261718750e+02
3.913741683959960938e+01
3.336956787109375000e+01
9.956992340087890625e+01
1.540601196289062500e+02
1.862616577148437500e+02
5.550231170654296875e+01
7.931964111328125000e+01
4.237126159667968750e+01
9.966500854492187500e+01
6.549581909179687500e+01
3.767439651489257812e+01
1.360223236083984375e+02
5.394455337524414062e+01
6.491276550292968750e+01
1.271431579589843750e+02
4.987043762207031250e+01
7.662351226806640625e+01
8.803665161132812500e+01
3.430704116821289062e+01
8.311335754394531250e+01
9.614495849609375000e+01
3.000000000000000000e+01
5.693779754638671875e+01
5.956688690185546875e+01
4.938808441162109375e+01
1.039305114746093750e+02
1.378752899169921875e+02
3.578306961059570312e+01
1.331982269287109375e+02
8.269296264648437500e+01
4.620917129516601562e+01
9.050762176513671875e+01
8.431750488281250000e+01
3.000000000000000000e+01
3.000000000000000000e+01
3.000000000000000000e+01
4.157893371582031250e+01
5.589333343505859375e+01
1.021726379394531250e+02
5.016651916503906250e+01
4.157078170776367188e+01
5.175844573974609375e+01
2.863670043945312500e+02
3.566528701782226562e+01
4.065107345581054688e+01
3.616617965698242188e+01
3.000000000000000000e+01
4.582513046264648438e+01
7.786842346191406250e+01
7.957820129394531250e+01
1.045115890502929688e+02
7.794025421142578125e+01
5.016542053222656250e+01
5.024127578735351562e+01
4.463499832153320312e+01
1.483904724121093750e+02
4.015230178833007812e+01
3.788988113403320312e+01
5.969053649902343750e+01
4.292858886718750000e+01
6.575459289550781250e+01
6.474768066406250000e+01
1.394451904296875000e+02
7.768799591064453125e+01
9.523307800292968750e+01
5.837245941162109375e+01
4.212782287597656250e+01
6.845649719238281250e+01
3.000000000000000000e+01
7.320124816894531250e+01
7.743918609619140625e+01
3.769137191772460938e+01
3.827704620361328125e+01
9.215459442138671875e+01
3.000000000000000000e+01
4.179217529296875000e+01
1.504940338134765625e+02
5.695090103149414062e+01
5.454623794555664062e+01
7.123806762695312500e+01
4.054265594482421875e+01
5.675569534301757812e+01
8.999828338623046875e+01
5.306206893920898438e+01
8.034603881835937500e+01
2.143890686035156250e+02
4.702942657470703125e+01
1.171308212280273438e+02
4.585379028320312500e+01
4.949476623535156250e+01
9.241027832031250000e+01
6.287698745727539062e+01
5.881929397583007812e+01
8.296485137939453125e+01
3.556019210815429688e+01
7.205870056152343750e+01
5.339080429077148438e+01
6.534317779541015625e+01
4.425003051757812500e+01
4.528310012817382812e+01
5.929519653320312500e+01
1.362531280517578125e+02
9.542857360839843750e+01
5.348067092895507812e+01
5.444396209716796875e+01
4.363719177246093750e+01
5.737345504760742188e+01
7.191079711914062500e+01
4.785250091552734375e+01
9.992439270019531250e+01
1.008425750732421875e+02
3.675713348388671875e+01
1.123126449584960938e+02
1.007958145141601562e+02
5.878508758544921875e+01
4.661504364013671875e+01
5.100215530395507812e+01
5.079164886474609375e+01
2.015882568359375000e+02
3.409737777709960938e+01
5.158797454833984375e+01
5.118524932861328125e+01
4.292455673217773438e+01
9.890036773681640625e+01
3.450074386596679688e+01
4.958969116210937500e+01
1.340388488769531250e+02
7.296714782714843750e+01
8.505329132080078125e+01
5.679187011718750000e+01
4.360982513427734375e+01
5.267868041992187500e+01
9.268395233154296875e+01
8.105139160156250000e+01
7.015184020996093750e+01
7.460004425048828125e+01
3.000000000000000000e+01
5.390715026855468750e+01
8.331262207031250000e+01
4.125056838989257812e+01
4.169216156005859375e+01
7.217809295654296875e+01
9.013875579833984375e+01
6.775177001953125000e+01
5.817251586914062500e+01
5.995695114135742188e+01
3.000000000000000000e+01
3.680230331420898438e+01
3.000000000000000000e+01
3.656613159179687500e+01
3.170681190490722656e+01
3.255602264404296875e+01
4.981290054321289062e+01
4.509628677368164062e+01
4.111526107788085938e+01
7.521200561523437500e+01
5.667148590087890625e+01
4.085144805908203125e+01
3.664699172973632812e+01
5.056781768798828125e+01
5.981915283203125000e+01
3.769367980957031250e+01
3.629291534423828125e+01
7.789784240722656250e+01
3.994814300537109375e+01
5.640303802490234375e+01
3.000000000000000000e+01
5.335796356201171875e+01
3.338189697265625000e+01
4.831649398803710938e+01
1.227554016113281250e+02
5.586498260498046875e+01
3.000000000000000000e+01
6.259776306152343750e+01
3.788988113403320312e+01
8.025495147705078125e+01
4.506518173217773438e+01
4.216620635986328125e+01
1.389308624267578125e+02
4.378865814208984375e+01
9.899362182617187500e+01
1.026259689331054688e+02
4.082135009765625000e+01
4.421600341796875000e+01
9.081291198730468750e+01
3.731623077392578125e+01
5.682849884033203125e+01
3.654668426513671875e+01
1.672848815917968750e+02
4.611089706420898438e+01
5.379066467285156250e+01
5.295711135864257812e+01
3.000000000000000000e+01
4.877642059326171875e+01
9.710401916503906250e+01
4.518262481689453125e+01
7.541932678222656250e+01
4.084981155395507812e+01
4.655052947998046875e+01
3.130456924438476562e+01
5.251341247558593750e+01
4.556841278076171875e+01
4.327838134765625000e+01
4.088555526733398438e+01
3.649169158935546875e+01
4.250888061523437500e+01
5.277970886230468750e+01
4.956024932861328125e+01
3.981301879882812500e+01
5.511631011962890625e+01
5.812580871582031250e+01
6.735646057128906250e+01
1.137183837890625000e+02
5.901678848266601562e+01
1.059980163574218750e+02
8.343972778320312500e+01
1.105247573852539062e+02
4.426516342163085938e+01
5.798695373535156250e+01
4.705664062500000000e+01
4.868385314941406250e+01
7.842172241210937500e+01
7.470938873291015625e+01
8.503446197509765625e+01
8.155034637451171875e+01
3.998666381835937500e+01
4.455768203735351562e+01
6.592478942871093750e+01
9.184601593017578125e+01
3.000000000000000000e+01
5.553773117065429688e+01
4.093210601806640625e+01
3.682170867919921875e+01
1.018359222412109375e+02
5.310675048828125000e+01
5.112636566162109375e+01
3.922306060791015625e+01
4.673584747314453125e+01
6.087415695190429688e+01
8.360865020751953125e+01
4.252145767211914062e+01
3.317695999145507812e+01
3.000000000000000000e+01
1.045115890502929688e+02
5.637471008300781250e+01
3.699326324462890625e+01
5.210921859741210938e+01
5.704932022094726562e+01
4.503987121582031250e+01
4.973116302490234375e+01
6.584918212890625000e+01
7.342664337158203125e+01
4.006278991699218750e+01
7.649695587158203125e+01
6.382010269165039062e+01
8.825461578369140625e+01
7.968207550048828125e+01
4.569905090332031250e+01
3.119087028503417969e+01
6.631044006347656250e+01
7.370429992675781250e+01
4.598358535766601562e+01
6.293208312988281250e+01
5.352157592773437500e+01
4.055444335937500000e+01
5.188009262084960938e+01
4.441581344604492188e+01
3.097872161865234375e+01
5.078038024902343750e+01
6.479646301269531250e+01
5.929519653320312500e+01
4.777379989624023438e+01
6.075918579101562500e+01
3.790007781982421875e+01
8.354115295410156250e+01
9.310582733154296875e+01
7.139925384521484375e+01
3.973051071166992188e+01
1.105247573852539062e+02
5.550231170654296875e+01
6.909111785888671875e+01
9.013875579833984375e+01
3.767626190185546875e+01
3.773151016235351562e+01
8.029720306396484375e+01
4.512981414794921875e+01
3.908647537231445312e+01
2.334320983886718750e+02
3.184082031250000000e+01
3.000000000000000000e+01
4.661098480224609375e+01
1.423105316162109375e+02
6.924198150634765625e+01
5.737894821166992188e+01
1.139548645019531250e+02
4.953361892700195312e+01
1.212682723999023438e+02
8.169942474365234375e+01
8.910822296142578125e+01
4.250171661376953125e+01
3.164993476867675781e+01
6.831326293945312500e+01
6.465625762939453125e+01
7.811495971679687500e+01
5.039418792724609375e+01
4.555070877075195312e+01
4.206530761718750000e+01
4.710591888427734375e+01
5.962615966796875000e+01
6.113028717041015625e+01
3.699055862426757812e+01
7.150888061523437500e+01
8.073573303222656250e+01
4.050807189941406250e+01
3.713128280639648438e+01
4.860193634033203125e+01
3.000000000000000000e+01
4.641754531860351562e+01
1.153343048095703125e+02
4.611838531494140625e+01
7.246143341064453125e+01
5.409568786621093750e+01
5.320245742797851562e+01
3.671041488647460938e+01
1.111208953857421875e+02
6.332654190063476562e+01
7.731864929199218750e+01
1.107198333740234375e+02
5.528056335449218750e+01
4.496011352539062500e+01
3.671784210205078125e+01
6.134764480590820312e+01
6.981678771972656250e+01
7.141613769531250000e+01
2.015882568359375000e+02
5.266592407226562500e+01
5.611212539672851562e+01
5.954636383056640625e+01
6.256070327758789062e+01
4.583364105224609375e+01
4.943326568603515625e+01
5.178181838989257812e+01
6.741892242431640625e+01
9.011645507812500000e+01
3.000000000000000000e+01
3.440273666381835938e+01
5.593124389648437500e+01
1.059142608642578125e+02
5.465599822998046875e+01
9.899362945556640625e+01
3.618329238891601562e+01
3.027312278747558594e+01
3.427222824096679688e+01
6.856578826904296875e+01
1.757255249023437500e+02
6.370310211181640625e+01
5.040475463867187500e+01
5.713548278808593750e+01
3.249465179443359375e+01
3.722958755493164062e+01
6.977575683593750000e+01
3.000000000000000000e+01
3.788942337036132812e+01
6.002211380004882812e+01
7.122457885742187500e+01
3.822404861450195312e+01
7.749131774902343750e+01
3.779760742187500000e+01
5.663954925537109375e+01
5.613790512084960938e+01
8.455598449707031250e+01
5.528162384033203125e+01
4.344487762451171875e+01
4.564198684692382812e+01
3.310654830932617188e+01
3.753960037231445312e+01
4.015230178833007812e+01
3.962882995605468750e+01
6.705227661132812500e+01
5.695090103149414062e+01
3.400753402709960938e+01
3.000000000000000000e+01
3.625559616088867188e+01
4.065107345581054688e+01
3.067607498168945312e+01
1.178816375732421875e+02
3.000000000000000000e+01
6.108200454711914062e+01
1.002127304077148438e+02
5.095823287963867188e+01
3.000000000000000000e+01
4.584651184082031250e+01
6.969921875000000000e+01
6.871482849121093750e+01
5.031510925292968750e+01
6.050636291503906250e+01
5.442162704467773438e+01
7.677402496337890625e+01
6.248558425903320312e+01
4.569902801513671875e+01
5.930377578735351562e+01
3.835170745849609375e+01
5.267868041992187500e+01
5.715711212158203125e+01
3.404464721679687500e+01
3.630361938476562500e+01
5.087127304077148438e+01
5.487322235107421875e+01
4.974836349487304688e+01
4.706121826171875000e+01
5.344970703125000000e+01
4.915922546386718750e+01
6.675855255126953125e+01
8.691131591796875000e+01
6.310596084594726562e+01
8.555688476562500000e+01
4.582968521118164062e+01
4.507669067382812500e+01
4.572455596923828125e+01
6.355042648315429688e+01
7.445588684082031250e+01
5.931441116333007812e+01
6.961054229736328125e+01
3.483486557006835938e+01
8.678649902343750000e+01
4.935389328002929688e+01
5.740077209472656250e+01
9.188610839843750000e+01
1.372501678466796875e+02
1.207152023315429688e+02
3.368694686889648438e+01
3.817247772216796875e+01
4.885810089111328125e+01
5.741004180908203125e+01
9.542857360839843750e+01
8.829368591308593750e+01
6.539749908447265625e+01
9.353030395507812500e+01
4.860193634033203125e+01
5.040454864501953125e+01
3.173109245300292969e+01
5.565392303466796875e+01
5.986256408691406250e+01
3.358101272583007812e+01
4.669076919555664062e+01
8.607777404785156250e+01
5.708255004882812500e+01
4.227625274658203125e+01
7.538532257080078125e+01
3.804096984863281250e+01
5.130795288085937500e+01
6.585598754882812500e+01
5.435983276367187500e+01
5.900952148437500000e+01
4.344487762451171875e+01
2.009698028564453125e+02
6.638943481445312500e+01
4.807928848266601562e+01
4.605475616455078125e+01
4.442650604248046875e+01
1.383646545410156250e+02
4.134177780151367188e+01
5.043697357177734375e+01
5.700298309326171875e+01
3.699055862426757812e+01
8.484928131103515625e+01
4.293411254882812500e+01
6.143038940429687500e+01
5.535211944580078125e+01
5.650377273559570312e+01
4.549388885498046875e+01
4.766185760498046875e+01
4.747382736206054688e+01
5.768241119384765625e+01
1.779121704101562500e+02
3.524240493774414062e+01
5.370147705078125000e+01
6.269649124145507812e+01
4.596677398681640625e+01
4.594912338256835938e+01
3.306401062011718750e+01
5.172514724731445312e+01
5.113266372680664062e+01
3.521100997924804688e+01
4.110827255249023438e+01
4.994878768920898438e+01
3.778392028808593750e+01
4.549427032470703125e+01
3.000000000000000000e+01
4.082135009765625000e+01
4.292320251464843750e+01
3.168338394165039062e+01
6.189267730712890625e+01
7.330307769775390625e+01
3.058345603942871094e+01
4.122065353393554688e+01
5.749148941040039062e+01
7.925460815429687500e+01
5.001863098144531250e+01
1.020030975341796875e+02
3.000000000000000000e+01
7.015184020996093750e+01
7.853115844726562500e+01
5.214313888549804688e+01
9.188610839843750000e+01
3.073661231994628906e+01
4.094124603271484375e+01
4.121637725830078125e+01
4.094652557373046875e+01
1.147496871948242188e+02
5.055769729614257812e+01
3.869303894042968750e+01
7.237022399902343750e+01
3.979135894775390625e+01
9.674334716796875000e+01
7.911802673339843750e+01
4.493266296386718750e+01
4.930797958374023438e+01
8.373577880859375000e+01
8.276977539062500000e+01
7.049726867675781250e+01
6.174623870849609375e+01
3.119082641601562500e+01
3.968706130981445312e+01
6.858846282958984375e+01
7.181276702880859375e+01
1.172369995117187500e+02
8.959053039550781250e+01
1.327485198974609375e+02
5.939330291748046875e+01
3.777473449707031250e+01
5.606690979003906250e+01
3.563090133666992188e+01
5.164041900634765625e+01
3.000000000000000000e+01
3.000000000000000000e+01
7.776377105712890625e+01
1.171962280273437500e+02
6.111014556884765625e+01
3.000000000000000000e+01
4.695579528808593750e+01
6.617669677734375000e+01
4.784320831298828125e+01
4.944804382324218750e+01
7.141613006591796875e+01
3.953733825683593750e+01
7.117477416992187500e+01
3.722958755493164062e+01
6.221396255493164062e+01
6.106270980834960938e+01
3.472690200805664062e+01
3.412519836425781250e+01
5.583486175537109375e+01
3.000000000000000000e+01
6.719770050048828125e+01
6.945826721191406250e+01
5.190972518920898438e+01
9.553355407714843750e+01
6.520832061767578125e+01
3.320772933959960938e+01
4.381180572509765625e+01
4.329211807250976562e+01
3.483678054809570312e+01
4.184850311279296875e+01
3.493025588989257812e+01
3.893766021728515625e+01
9.220256042480468750e+01
5.016542053222656250e+01
4.143205261230468750e+01
1.362531280517578125e+02
7.875178527832031250e+01
4.374455642700195312e+01
6.415894317626953125e+01
7.176647186279296875e+01
4.111526107788085938e+01
4.613492584228515625e+01
1.251060791015625000e+02
4.788918304443359375e+01
8.682809448242187500e+01
4.356133270263671875e+01
3.008025360107421875e+01
5.992004776000976562e+01
4.230622100830078125e+01
4.841734313964843750e+01
5.553556060791015625e+01
4.624528503417968750e+01
5.085318374633789062e+01
4.327819061279296875e+01
5.394455337524414062e+01
3.249174499511718750e+01
3.920125579833984375e+01
7.777130126953125000e+01
8.989380645751953125e+01
4.306002807617187500e+01
1.018735275268554688e+02
4.845166015625000000e+01
3.796876907348632812e+01
8.042121887207031250e+01
8.259963226318359375e+01
4.509949874877929688e+01
6.227160263061523438e+01
4.376872253417968750e+01
4.731196212768554688e+01
3.000000000000000000e+01
7.219374847412109375e+01
5.941677093505859375e+01
4.713203811645507812e+01
5.679187011718750000e+01
5.347258377075195312e+01
5.544209671020507812e+01
3.223654937744140625e+01
5.453076171875000000e+01
6.187190246582031250e+01
5.118377304077148438e+01
7.603972625732421875e+01
6.802864837646484375e+01
3.122128677368164062e+01
4.940466308593750000e+01
3.000000000000000000e+01
5.960317611694335938e+01
7.001708984375000000e+01
8.921752929687500000e+01
6.143038940429687500e+01
5.003572845458984375e+01
6.597469329833984375e+01
5.453076171875000000e+01
5.113922119140625000e+01
4.560584259033203125e+01
3.000000000000000000e+01
4.956697845458984375e+01
5.552133178710937500e+01
5.524359130859375000e+01
3.000000000000000000e+01
3.596167755126953125e+01
5.028013229370117188e+01
6.444267272949218750e+01
3.373280715942382812e+01
5.660553741455078125e+01
4.181219100952148438e+01
5.159452056884765625e+01
7.719927978515625000e+01
4.420972061157226562e+01
5.350035095214843750e+01
3.784807205200195312e+01
8.458101654052734375e+01
6.816591644287109375e+01
4.322139739990234375e+01
5.659295654296875000e+01
4.334109497070312500e+01
7.641426086425781250e+01
7.544570922851562500e+01
3.000000000000000000e+01
4.316589355468750000e+01
6.003263854980468750e+01
4.898044967651367188e+01
6.708697509765625000e+01
4.847116470336914062e+01
7.091842651367187500e+01
4.170446014404296875e+01
3.095360374450683594e+01
3.929825592041015625e+01
4.494203567504882812e+01
5.976669311523437500e+01
3.000000000000000000e+01
9.241027832031250000e+01
5.150527572631835938e+01
4.645837402343750000e+01
4.454296875000000000e+01
4.684882736206054688e+01
3.000000000000000000e+01
5.036532974243164062e+01
3.817247772216796875e+01
4.326497650146484375e+01
4.029196929931640625e+01
4.350552368164062500e+01
5.587451934814453125e+01
5.929733276367187500e+01
6.558180236816406250e+01
4.377099227905273438e+01
5.216545104980468750e+01
4.436565780639648438e+01
3.000000000000000000e+01
3.000000000000000000e+01
4.684882736206054688e+01
6.961054229736328125e+01
5.179632186889648438e+01
4.431206512451171875e+01
3.115510559082031250e+01
7.254182434082031250e+01
6.664220428466796875e+01
7.502973937988281250e+01
3.707016754150390625e+01
3.194391441345214844e+01
5.945249176025390625e+01
3.314620971679687500e+01
5.843529510498046875e+01
3.283499145507812500e+01
4.865191650390625000e+01
3.000000000000000000e+01
3.000000000000000000e+01
4.578311920166015625e+01
3.612362670898437500e+01
8.910894012451171875e+01
4.467981719970703125e+01
8.921752929687500000e+01
5.615449142456054688e+01
3.779771804809570312e+01
3.213622283935546875e+01
3.731703567504882812e+01
4.396654891967773438e+01
4.303635025024414062e+01
6.298508071899414062e+01
7.957820129394531250e+01
4.216620635986328125e+01
3.428018951416015625e+01
4.112523651123046875e+01
7.709974670410156250e+01
5.789722824096679688e+01
4.310903930664062500e+01
3.658689117431640625e+01
3.000000000000000000e+01
3.463124465942382812e+01
3.404464721679687500e+01
5.972002029418945312e+01
3.634024429321289062e+01
5.185285568237304688e+01
4.454585266113281250e+01
3.810214996337890625e+01
3.428607940673828125e+01
4.892499542236328125e+01
3.000000000000000000e+01
6.552745056152343750e+01
4.018694686889648438e+01
7.670350646972656250e+01
5.615449142456054688e+01
6.935911560058593750e+01
3.000000000000000000e+01
3.489469909667968750e+01
5.437316131591796875e+01
3.000000000000000000e+01
4.537179946899414062e+01
7.460948944091796875e+01
3.000000000000000000e+01
5.577351760864257812e+01
4.972064590454101562e+01
4.421600341796875000e+01
5.412006378173828125e+01
7.794025421142578125e+01
3.000000000000000000e+01
4.010659790039062500e+01
8.388371276855468750e+01
4.686079788208007812e+01
8.373577880859375000e+01
8.413803100585937500e+01
3.000000000000000000e+01
6.823782348632812500e+01
4.722164154052734375e+01
5.881929397583007812e+01
4.801232147216796875e+01
4.047822189331054688e+01
7.081587219238281250e+01
6.474768066406250000e+01
5.652926635742187500e+01
5.625924682617187500e+01
8.062161254882812500e+01
3.794254684448242188e+01
7.252651214599609375e+01
3.165115165710449219e+01
3.490472412109375000e+01
3.753684997558593750e+01
5.376738739013671875e+01
3.000000000000000000e+01
7.566680908203125000e+01
5.331890106201171875e+01
5.370148086547851562e+01
4.053520202636718750e+01
4.435937118530273438e+01
3.759316253662109375e+01
3.000000000000000000e+01
7.531835937500000000e+01
4.429567337036132812e+01
3.220983886718750000e+01
6.294555664062500000e+01
5.636432266235351562e+01
4.619863891601562500e+01
5.092054367065429688e+01
5.659295654296875000e+01
3.000000000000000000e+01
3.828093338012695312e+01
4.456774902343750000e+01
4.447537994384765625e+01
3.000000000000000000e+01
3.509248733520507812e+01
5.593124389648437500e+01
3.471340179443359375e+01
4.327838134765625000e+01
4.422749328613281250e+01
7.274147033691406250e+01
4.928369140625000000e+01
7.550188446044921875e+01
9.987312316894531250e+01
4.920189666748046875e+01
4.895332717895507812e+01
4.212427139282226562e+01
4.510941696166992188e+01
3.000000000000000000e+01
4.983679199218750000e+01
6.698140716552734375e+01
1.107198333740234375e+02
3.684296035766601562e+01
3.767469406127929688e+01
4.787421417236328125e+01
5.659663391113281250e+01
4.008475112915039062e+01
4.877642059326171875e+01
5.435983276367187500e+01
6.683529663085937500e+01
3.000000000000000000e+01
5.441088104248046875e+01
3.603533554077148438e+01
5.627854156494140625e+01
5.188008880615234375e+01
5.130919265747070312e+01
5.338150787353515625e+01
4.890411758422851562e+01
3.745649337768554688e+01
5.807941055297851562e+01
4.719720458984375000e+01
4.285380554199218750e+01
5.465599441528320312e+01
4.264255142211914062e+01
3.676478576660156250e+01
4.583364105224609375e+01
4.479799270629882812e+01
4.448614883422851562e+01
6.853016662597656250e+01
4.026430130004882812e+01
5.100276184082031250e+01
3.771495819091796875e+01
4.241013336181640625e+01
6.080935287475585938e+01
3.656321334838867188e+01
4.499753189086914062e+01
4.674738311767578125e+01
4.173801803588867188e+01
5.475157546997070312e+01
5.984928131103515625e+01
4.426516342163085938e+01
4.432651519775390625e+01
6.110854339599609375e+01
5.712539672851562500e+01
4.604855346679687500e+01
6.399629211425781250e+01
4.204298019409179688e+01
6.959967803955078125e+01
4.000904083251953125e+01
1.047343750000000000e+02
8.129528808593750000e+01
5.004225540161132812e+01
4.801326751708984375e+01
3.000000000000000000e+01
8.413523101806640625e+01
3.000000000000000000e+01
5.023566055297851562e+01
7.520979309082031250e+01
5.315613174438476562e+01
4.891347503662109375e+01
6.091340637207031250e+01
9.283049011230468750e+01
4.005632781982421875e+01
4.258779907226562500e+01
3.000000000000000000e+01
5.792398071289062500e+01
4.493592453002929688e+01
3.334620285034179688e+01
4.902416992187500000e+01
8.577709197998046875e+01
5.087025070190429688e+01
4.136595535278320312e+01
3.000000000000000000e+01
6.101678466796875000e+01
4.858877563476562500e+01
5.634445571899414062e+01
5.633503723144531250e+01
1.020030975341796875e+02
6.355565261840820312e+01
6.810950469970703125e+01
6.493778991699218750e+01
7.715769195556640625e+01
5.707275390625000000e+01
3.332407379150390625e+01
3.362787628173828125e+01
5.342685699462890625e+01
3.750276565551757812e+01
4.294110870361328125e+01
3.343120956420898438e+01
3.338541030883789062e+01
4.475422286987304688e+01
3.120630645751953125e+01
4.703547286987304688e+01
4.619135284423828125e+01
7.046759033203125000e+01
4.721806335449218750e+01
3.680606079101562500e+01
4.412709045410156250e+01
3.131524276733398438e+01
4.661987686157226562e+01
4.649452972412109375e+01
7.645617675781250000e+01
4.745412445068359375e+01
4.430661392211914062e+01
3.000000000000000000e+01
5.390715026855468750e+01
5.496991729736328125e+01
3.000000000000000000e+01
7.641426086425781250e+01
3.894676208496093750e+01
9.937774658203125000e+01
4.263687896728515625e+01
5.982415008544921875e+01
5.661923217773437500e+01
4.334719467163085938e+01
3.435921478271484375e+01
3.784580612182617188e+01
5.064421463012695312e+01
4.212782287597656250e+01
5.008165359497070312e+01
4.569572448730468750e+01
3.000000000000000000e+01
4.314101791381835938e+01
8.484928131103515625e+01
6.997602844238281250e+01
7.615699768066406250e+01
3.000000000000000000e+01
3.942615509033203125e+01
6.203409194946289062e+01
4.475421905517578125e+01
5.902249526977539062e+01
5.386518859863281250e+01
6.136304092407226562e+01
4.793941879272460938e+01
4.938690948486328125e+01
3.762777709960937500e+01
3.739475250244140625e+01
3.213879394531250000e+01
7.434103393554687500e+01
3.802964019775390625e+01
3.985971069335937500e+01
3.832205200195312500e+01
4.531361389160156250e+01
5.059754943847656250e+01
3.000000000000000000e+01
4.567956542968750000e+01
4.891414642333984375e+01
3.000000000000000000e+01
6.223599243164062500e+01
7.237022399902343750e+01
3.000000000000000000e+01
5.692214965820312500e+01
4.373100280761718750e+01
4.178443908691406250e+01
4.354538726806640625e+01
5.225877761840820312e+01
3.921045684814453125e+01
4.149795532226562500e+01
4.501459884643554688e+01
4.720159912109375000e+01
3.631442260742187500e+01
3.681463623046875000e+01
5.023457717895507812e+01
3.682056045532226562e+01
3.438059234619140625e+01
4.132611083984375000e+01
3.492931747436523438e+01
5.393018722534179688e+01
4.803626251220703125e+01
9.283049011230468750e+01
3.295850372314453125e+01
3.000000000000000000e+01
3.431167984008789062e+01
9.237539672851562500e+01
3.000000000000000000e+01
4.058712768554687500e+01
7.434103393554687500e+01
5.672615051269531250e+01
4.371160125732421875e+01
3.998110961914062500e+01
4.981290054321289062e+01
1.108055953979492188e+02
6.173694992065429688e+01
6.182823181152343750e+01
7.872223663330078125e+01
3.030243492126464844e+01
3.241271972656250000e+01
4.838188552856445312e+01
4.028407287597656250e+01
5.847034454345703125e+01
5.452563476562500000e+01
4.289389419555664062e+01
3.000000000000000000e+01
6.804414367675781250e+01
3.389274215698242188e+01
4.601010894775390625e+01
6.008042144775390625e+01
4.691335296630859375e+01
3.638451766967773438e+01
3.973051071166992188e+01
4.722163772583007812e+01
4.004146575927734375e+01
4.415432739257812500e+01
7.655380249023437500e+01
4.245952606201171875e+01
3.303145599365234375e+01
6.789389038085937500e+01
6.036082458496093750e+01
3.453872680664062500e+01
3.704477310180664062e+01
4.573896026611328125e+01
4.696640014648437500e+01
3.302670288085937500e+01
3.828796005249023438e+01
3.971256256103515625e+01
6.145298004150390625e+01
6.055031585693359375e+01
3.949590301513671875e+01
3.760393524169921875e+01
4.010525512695312500e+01
4.934175109863281250e+01
3.464178848266601562e+01
4.871177673339843750e+01
4.095830154418945312e+01
4.675960159301757812e+01
3.796138381958007812e+01
3.566585540771484375e+01
4.353845596313476562e+01
3.000000000000000000e+01
5.829283905029296875e+01
4.098654556274414062e+01
3.684296035766601562e+01
5.900952148437500000e+01
4.068816375732421875e+01
4.316412734985351562e+01
5.183806610107421875e+01
3.000000000000000000e+01
7.328549194335937500e+01
4.419984436035156250e+01
4.566693115234375000e+01
4.805057525634765625e+01
7.925460815429687500e+01
4.385761642456054688e+01
3.851876831054687500e+01
3.000000000000000000e+01
3.609392547607421875e+01
5.119087219238281250e+01
3.943865966796875000e+01
3.862035751342773438e+01
3.000000000000000000e+01
4.107270431518554688e+01
3.000000000000000000e+01
3.410178375244140625e+01
4.736980819702148438e+01
4.146721267700195312e+01
5.692258071899414062e+01
3.842668151855468750e+01
6.400704193115234375e+01
4.518491363525390625e+01
4.410468292236328125e+01
5.995388031005859375e+01
3.210946655273437500e+01
4.613138580322265625e+01
3.000000000000000000e+01
3.000961303710937500e+01
4.783105850219726562e+01
3.993667602539062500e+01
3.000000000000000000e+01
4.312631225585937500e+01
3.706760787963867188e+01
3.812025451660156250e+01
3.857648468017578125e+01
4.213893127441406250e+01
