5.356092453002929688e+01
6.406120300292968750e+01
3.418199920654296875e+01
3.993628311157226562e+01
5.643317794799804688e+01
7.514372253417968750e+01
4.117280960083007812e+01
9.007155609130859375e+01
5.566098022460937500e+01
1.320470886230468750e+02
4.603780364990234375e+01
1.720614929199218750e+02
4.764081573486328125e+01
4.273801040649414062e+01
3.000000000000000000e+01
7.786815643310546875e+01
7.337626647949218750e+01
4.385292053222656250e+01
4.022301864624023438e+01
1.518810272216796875e+02
4.219364929199218750e+01
9.117720794677734375e+01
3.000000000000000000e+01
4.570356750488281250e+01
5.771545028686523438e+01
8.432902526855468750e+01
3.030878829956054688e+01
7.679081726074218750e+01
1.922837066650390625e+02
7.083981323242187500e+01
5.573847198486328125e+01
4.728319168090820312e+01
4.084845733642578125e+01
9.686988830566406250e+01
5.712505340576171875e+01
5.397313308715820312e+01
6.430829620361328125e+01
5.622616958618164062e+01
4.426716995239257812e+01
3.193349266052246094e+01
5.062596130371093750e+01
3.640764236450195312e+01
4.438603210449218750e+01
5.330334854125976562e+01
3.000000000000000000e+01
3.542290115356445312e+01
3.745165252685546875e+01
6.022426605224609375e+01
1.319365692138671875e+02
4.836714935302734375e+01
3.947351837158203125e+01
3.000000000000000000e+01
6.446519470214843750e+01
5.000911712646484375e+01
1.022455596923828125e+02
5.292112731933593750e+01
7.988347625732421875e+01
6.288815689086914062e+01
5.895833206176757812e+01
5.945056533813476562e+01
5.786169815063476562e+01
7.493197631835937500e+01
3.961348342895507812e+01
7.205852508544921875e+01
1.002988433837890625e+02
5.091059112548828125e+01
5.415290832519531250e+01
3.000000000000000000e+01
4.475916290283203125e+01
5.299326324462890625e+01
6.778182220458984375e+01
3.717119979858398438e+01
9.800781250000000000e+01
3.923339080810546875e+01
6.535601806640625000e+01
4.701364135742187500e+01
5.329655075073242188e+01
5.048469543457031250e+01
4.130676269531250000e+01
6.538115692138671875e+01
3.587226486206054688e+01
7.337626647949218750e+01
5.333270645141601562e+01
8.712507629394531250e+01
9.377687072753906250e+01
4.431274414062500000e+01
3.978461837768554688e+01
4.600669097900390625e+01
4.764081573486328125e+01
6.115200424194335938e+01
5.452265167236328125e+01
4.890800476074218750e+01
6.864965057373046875e+01
4.975767898559570312e+01
1.011815643310546875e+02
1.060541534423828125e+02
6.757678222656250000e+01
4.125221252441406250e+01
8.561250305175781250e+01
4.677933883666992188e+01
9.767459106445312500e+01
7.113293457031250000e+01
1.546480560302734375e+02
3.047925567626953125e+01
4.491526031494140625e+01
7.725760650634765625e+01
3.000000000000000000e+01
5.887685394287109375e+01
4.658687591552734375e+01
3.000000000000000000e+01
4.999216461181640625e+01
3.657624816894531250e+01
7.343472290039062500e+01
9.356629943847656250e+01
3.823900222778320312e+01
4.121809387207031250e+01
9.672653961181640625e+01
4.816357421875000000e+01
8.273954010009765625e+01
4.992752456665039062e+01
4.457085800170898438e+01
5.551773452758789062e+01
6.086479568481445312e+01
4.324968719482421875e+01
4.507376861572265625e+01
5.166646194458007812e+01
7.578195190429687500e+01
5.852285003662109375e+01
4.429893493652343750e+01
6.599829101562500000e+01
5.019551849365234375e+01
1.145180435180664062e+02
6.566181945800781250e+01
4.978181076049804688e+01
6.635552978515625000e+01
5.324163055419921875e+01
1.130747222900390625e+02
4.494049453735351562e+01
3.799201583862304688e+01
7.529753112792968750e+01
3.974404907226562500e+01
1.071617431640625000e+02
7.744004058837890625e+01
5.045934677124023438e+01
6.760927581787109375e+01
4.081750869750976562e+01
8.800573730468750000e+01
9.887240600585937500e+01
5.480733489990234375e+01
1.364218444824218750e+02
5.420873260498046875e+01
6.905194091796875000e+01
4.880395889282226562e+01
9.078155517578125000e+01
5.420067214965820312e+01
1.269245071411132812e+02
3.268634414672851562e+01
1.306668701171875000e+02
3.981218719482421875e+01
6.178853607177734375e+01
4.545323944091796875e+01
4.621250152587890625e+01
4.973246765136718750e+01
4.184157562255859375e+01
7.022993469238281250e+01
3.719693756103515625e+01
5.985160827636718750e+01
5.220853424072265625e+01
3.813020324707031250e+01
1.558057403564453125e+02
4.549014663696289062e+01
4.585994338989257812e+01
3.736775588989257812e+01
3.020657348632812500e+01
5.215241241455078125e+01
8.865171813964843750e+01
5.037710571289062500e+01
4.408942413330078125e+01
7.429808044433593750e+01
4.842861175537109375e+01
7.104376220703125000e+01
5.788726043701171875e+01
7.091383361816406250e+01
6.494638061523437500e+01
4.140063858032226562e+01
3.000000000000000000e+01
3.690384674072265625e+01
7.758160400390625000e+01
5.474617385864257812e+01
3.378457260131835938e+01
4.777715301513671875e+01
8.095825195312500000e+01
7.409367370605468750e+01
4.070732116699218750e+01
4.704470443725585938e+01
5.048386383056640625e+01
3.619082641601562500e+01
8.409855651855468750e+01
1.259969177246093750e+02
8.339521789550781250e+01
6.386100006103515625e+01
1.136171035766601562e+02
6.184264755249023438e+01
5.038001251220703125e+01
5.850739288330078125e+01
4.688279724121093750e+01
6.180642700195312500e+01
4.613962554931640625e+01
1.552039794921875000e+02
3.218368148803710938e+01
5.039561462402343750e+01
9.270599365234375000e+01
4.525931549072265625e+01
4.244367218017578125e+01
3.502772521972656250e+01
3.656505203247070312e+01
5.680425643920898438e+01
4.928429412841796875e+01
4.210865783691406250e+01
4.124907302856445312e+01
3.256112289428710938e+01
7.190810394287109375e+01
1.106589813232421875e+02
4.480288696289062500e+01
4.288589477539062500e+01
4.291527557373046875e+01
5.323728942871093750e+01
1.052193756103515625e+02
6.503824615478515625e+01
1.050947113037109375e+02
3.434885406494140625e+01
4.410212707519531250e+01
5.966843795776367188e+01
3.797764587402343750e+01
4.012282180786132812e+01
7.055357360839843750e+01
4.930637359619140625e+01
4.829199600219726562e+01
6.675014495849609375e+01
5.436443710327148438e+01
4.340843200683593750e+01
1.218258743286132812e+02
8.102460479736328125e+01
6.747648620605468750e+01
9.236082458496093750e+01
4.364692687988281250e+01
4.244408798217773438e+01
1.402647399902343750e+02
1.713156890869140625e+02
4.371109771728515625e+01
5.489340972900390625e+01
4.374247741699218750e+01
5.753329849243164062e+01
1.048333053588867188e+02
4.945092773437500000e+01
5.878277587890625000e+01
5.060067749023437500e+01
4.239117813110351562e+01
3.827923583984375000e+01
1.727894592285156250e+02
3.871364974975585938e+01
5.411628723144531250e+01
5.419977569580078125e+01
4.473386001586914062e+01
1.531888122558593750e+02
5.979518127441406250e+01
1.537155609130859375e+02
7.675158691406250000e+01
6.290760421752929688e+01
8.101660156250000000e+01
6.284937667846679688e+01
5.215506744384765625e+01
6.747648620605468750e+01
6.996766662597656250e+01
1.477172546386718750e+02
4.371718215942382812e+01
6.522975158691406250e+01
8.146229553222656250e+01
9.841907501220703125e+01
1.006687927246093750e+02
6.663546752929687500e+01
6.753394317626953125e+01
6.183955764770507812e+01
4.405499267578125000e+01
5.386729812622070312e+01
3.815422821044921875e+01
3.783662414550781250e+01
5.426073837280273438e+01
4.098009490966796875e+01
3.657446289062500000e+01
3.761461639404296875e+01
3.000000000000000000e+01
3.924228668212890625e+01
8.553485870361328125e+01
4.167444992065429688e+01
3.639142227172851562e+01
6.476972961425781250e+01
4.876086807250976562e+01
4.060814666748046875e+01
6.206202316284179688e+01
5.944451141357421875e+01
4.024050140380859375e+01
4.580707550048828125e+01
9.186372375488281250e+01
7.703396606445312500e+01
4.074294281005859375e+01
7.516475677490234375e+01
7.356687164306640625e+01
7.644068908691406250e+01
1.050110626220703125e+02
1.474410400390625000e+02
3.413590240478515625e+01
9.424693298339843750e+01
1.016148681640625000e+02
8.736222076416015625e+01
3.882756042480468750e+01
3.585361862182617188e+01
1.316173706054687500e+02
5.342643737792968750e+01
8.561250305175781250e+01
4.695681381225585938e+01
5.218432617187500000e+01
4.053758239746093750e+01
4.460947036743164062e+01
3.970159149169921875e+01
3.723564147949218750e+01
4.270275115966796875e+01
3.613813781738281250e+01
9.800781250000000000e+01
4.442280578613281250e+01
7.821492004394531250e+01
4.951847839355468750e+01
4.497656250000000000e+01
4.355559921264648438e+01
4.370922851562500000e+01
4.803850936889648438e+01
5.525035476684570312e+01
4.918729782104492188e+01
3.000000000000000000e+01
3.807286071777343750e+01
5.108863830566406250e+01
9.082005310058593750e+01
4.278660964965820312e+01
7.644068908691406250e+01
4.757477569580078125e+01
4.838984298706054688e+01
1.378283386230468750e+02
3.666219711303710938e+01
4.339783096313476562e+01
1.002441787719726562e+02
1.633247985839843750e+02
1.791668701171875000e+02
4.867634582519531250e+01
7.493197631835937500e+01
3.849765014648437500e+01
9.233537292480468750e+01
6.448103332519531250e+01
3.750168609619140625e+01
1.291229553222656250e+02
5.333670425415039062e+01
6.987124633789062500e+01
1.590940399169921875e+02
5.872971725463867188e+01
7.761161804199218750e+01
9.746469879150390625e+01
3.373229598999023438e+01
7.900956726074218750e+01
1.282383117675781250e+02
3.000000000000000000e+01
6.408267974853515625e+01
6.402703094482421875e+01
4.865081787109375000e+01
9.432692718505859375e+01
1.218929443359375000e+02
4.091532897949218750e+01
1.274297790527343750e+02
8.600230407714843750e+01
7.083981323242187500e+01
8.131293487548828125e+01
7.921673583984375000e+01
3.000000000000000000e+01
3.429297256469726562e+01
3.000000000000000000e+01
5.264319610595703125e+01
5.436936187744140625e+01
8.102460479736328125e+01
4.559961700439453125e+01
4.152069854736328125e+01
3.776151275634765625e+01
2.686844177246093750e+02
4.433008193969726562e+01
4.092990875244140625e+01
3.781215667724609375e+01
3.000000000000000000e+01
4.663511657714843750e+01
7.542471313476562500e+01
7.604179382324218750e+01
9.732990264892578125e+01
7.674592590332031250e+01
5.016485595703125000e+01
5.108806228637695312e+01
4.044685363769531250e+01
1.535583648681640625e+02
3.801203536987304688e+01
3.826906967163085938e+01
9.991461181640625000e+01
4.222085189819335938e+01
6.816657257080078125e+01
5.177526855468750000e+01
1.247034378051757812e+02
6.979806518554687500e+01
9.671444702148437500e+01
5.489331054687500000e+01
4.445766830444335938e+01
8.032908630371093750e+01
3.000000000000000000e+01
7.984282684326171875e+01
8.032312011718750000e+01
3.533653640747070312e+01
3.734114074707031250e+01
9.408937072753906250e+01
3.000000000000000000e+01
4.145626831054687500e+01
1.423271484375000000e+02
6.414675903320312500e+01
5.730220031738281250e+01
6.929292297363281250e+01
4.691099929809570312e+01
6.631098937988281250e+01
9.202808380126953125e+01
5.153901290893554688e+01
7.821492004394531250e+01
2.006237182617187500e+02
4.460947036743164062e+01
1.219184951782226562e+02
4.339730834960937500e+01
5.203347396850585938e+01
9.618087768554687500e+01
7.679081726074218750e+01
5.903788375854492188e+01
8.503322601318359375e+01
4.246043395996093750e+01
6.667144775390625000e+01
5.424320983886718750e+01
5.993419647216796875e+01
4.139252853393554688e+01
4.935578155517578125e+01
5.687049102783203125e+01
1.864696044921875000e+02
9.888119506835937500e+01
5.573519897460937500e+01
4.880395889282226562e+01
4.401488494873046875e+01
5.280448150634765625e+01
7.340136718750000000e+01
3.260226440429687500e+01
1.022768249511718750e+02
8.837863159179687500e+01
4.592611312866210938e+01
1.077870635986328125e+02
9.565428924560546875e+01
5.702841949462890625e+01
5.078154754638671875e+01
4.768351745605468750e+01
5.050371170043945312e+01
1.941866760253906250e+02
4.100214385986328125e+01
5.341447830200195312e+01
5.257703018188476562e+01
4.326288986206054688e+01
1.159128417968750000e+02
3.633440399169921875e+01
4.816044616699218750e+01
1.541027984619140625e+02
7.703396606445312500e+01
8.215371704101562500e+01
7.177407073974609375e+01
5.610250091552734375e+01
5.322618103027343750e+01
9.374542236328125000e+01
8.274221801757812500e+01
8.328495788574218750e+01
7.236353302001953125e+01
3.000000000000000000e+01
7.576168823242187500e+01
8.651675415039062500e+01
4.294528579711914062e+01
4.244367599487304688e+01
6.795542907714843750e+01
9.440041351318359375e+01
7.344760131835937500e+01
5.060335540771484375e+01
5.102334594726562500e+01
3.000000000000000000e+01
3.790872955322265625e+01
3.000000000000000000e+01
3.610811614990234375e+01
3.318980407714843750e+01
3.874528884887695312e+01
4.820412445068359375e+01
4.780762863159179688e+01
4.294413375854492188e+01
8.926383209228515625e+01
5.753233337402343750e+01
4.108506011962890625e+01
3.797081375122070312e+01
5.388274002075195312e+01
5.620798492431640625e+01
3.564493179321289062e+01
3.610402297973632812e+01
7.901421356201171875e+01
4.053589630126953125e+01
6.422222137451171875e+01
3.031884002685546875e+01
5.490108489990234375e+01
3.196372985839843750e+01
3.000000000000000000e+01
1.190508270263671875e+02
5.974751281738281250e+01
3.414241790771484375e+01
7.325563049316406250e+01
3.826906967163085938e+01
7.523695373535156250e+01
4.961565017700195312e+01
4.452703094482421875e+01
1.213930206298828125e+02
5.006245040893554688e+01
1.180281982421875000e+02
1.108172531127929688e+02
4.032975387573242188e+01
4.430418014526367188e+01
1.004958038330078125e+02
4.402270889282226562e+01
5.202257919311523438e+01
5.419977569580078125e+01
2.140596160888671875e+02
4.645222473144531250e+01
4.801123809814453125e+01
6.382410049438476562e+01
3.662320709228515625e+01
4.544951629638671875e+01
1.009388122558593750e+02
4.592913055419921875e+01
7.595774841308593750e+01
4.179170227050781250e+01
4.670368576049804688e+01
3.425665664672851562e+01
5.050496292114257812e+01
4.809390258789062500e+01
4.239783859252929688e+01
4.033795166015625000e+01
3.615723419189453125e+01
4.266674804687500000e+01
5.788602828979492188e+01
4.163574981689453125e+01
3.987343597412109375e+01
5.905306243896484375e+01
5.887685394287109375e+01
7.181364440917968750e+01
1.552039794921875000e+02
6.190813446044921875e+01
1.011626586914062500e+02
7.916544342041015625e+01
1.136266021728515625e+02
4.320816421508789062e+01
4.364954376220703125e+01
4.734577560424804688e+01
4.301602554321289062e+01
7.298774719238281250e+01
7.702302551269531250e+01
8.192838287353515625e+01
8.042550659179687500e+01
3.823900222778320312e+01
4.383295440673828125e+01
6.452346801757812500e+01
8.620915985107421875e+01
3.369027709960937500e+01
5.063422393798828125e+01
4.146024322509765625e+01
3.712252807617187500e+01
9.401403045654296875e+01
5.452265167236328125e+01
4.890312957763671875e+01
3.915601730346679688e+01
4.775205993652343750e+01
7.104957580566406250e+01
9.612069702148437500e+01
3.837419128417968750e+01
3.618868255615234375e+01
3.145096206665039062e+01
9.732990264892578125e+01
5.020065307617187500e+01
5.338436889648437500e+01
5.240857315063476562e+01
6.214745712280273438e+01
4.593618011474609375e+01
5.220128250122070312e+01
6.155852508544921875e+01
7.465703582763671875e+01
3.863451766967773438e+01
7.314805603027343750e+01
6.692361450195312500e+01
8.294254302978515625e+01
7.531062316894531250e+01
4.961875152587890625e+01
3.089007186889648438e+01
5.960992050170898438e+01
7.101818847656250000e+01
4.815792465209960938e+01
6.166273880004882812e+01
5.306483840942382812e+01
4.014646148681640625e+01
6.427923583984375000e+01
5.627183532714843750e+01
3.479572296142578125e+01
4.895290374755859375e+01
6.863075256347656250e+01
5.687049484252929688e+01
5.028203964233398438e+01
6.244734954833984375e+01
3.596365737915039062e+01
8.109887695312500000e+01
1.120736846923828125e+02
7.055980682373046875e+01
4.319754791259765625e+01
1.136266098022460938e+02
4.867634582519531250e+01
7.016352081298828125e+01
9.440042114257812500e+01
3.757165527343750000e+01
3.820236206054687500e+01
7.795814514160156250e+01
4.249744415283203125e+01
4.136343765258789062e+01
2.276403045654296875e+02
4.143383789062500000e+01
3.000000000000000000e+01
4.384671020507812500e+01
1.364324340820312500e+02
6.661992645263671875e+01
5.109238052368164062e+01
1.097608947753906250e+02
4.890193176269531250e+01
1.262744140625000000e+02
7.520641326904296875e+01
1.061009292602539062e+02
4.691947937011718750e+01
3.003250312805175781e+01
8.779156494140625000e+01
7.509765625000000000e+01
7.283383178710937500e+01
4.918729782104492188e+01
4.435394287109375000e+01
3.811912536621093750e+01
4.941711425781250000e+01
5.116079330444335938e+01
5.997377395629882812e+01
4.076509475708007812e+01
7.425760650634765625e+01
7.426371765136718750e+01
4.718261718750000000e+01
3.564057159423828125e+01
4.806048202514648438e+01
4.185860061645507812e+01
4.670011901855468750e+01
1.409158782958984375e+02
4.551634597778320312e+01
7.225592803955078125e+01
5.171624755859375000e+01
4.904000473022460938e+01
3.553933334350585938e+01
1.071617431640625000e+02
6.520803833007812500e+01
7.343045043945312500e+01
9.601790618896484375e+01
5.548488235473632812e+01
4.340777206420898438e+01
3.842143630981445312e+01
5.967393493652343750e+01
6.275756072998046875e+01
6.315944671630859375e+01
1.941866760253906250e+02
5.292348480224609375e+01
5.843088531494140625e+01
6.996482849121093750e+01
8.060781860351562500e+01
4.039118957519531250e+01
4.700816345214843750e+01
5.288591384887695312e+01
7.583039093017578125e+01
9.181137084960937500e+01
3.000000000000000000e+01
3.369482421875000000e+01
5.685157012939453125e+01
9.921266937255859375e+01
5.949615478515625000e+01
1.180281982421875000e+02
4.684414291381835938e+01
3.000000000000000000e+01
4.549301910400390625e+01
6.876104736328125000e+01
1.706183166503906250e+02
6.583400726318359375e+01
5.498566818237304688e+01
5.844819641113281250e+01
3.000000000000000000e+01
5.041108703613281250e+01
9.436691284179687500e+01
4.050477218627929688e+01
3.837049102783203125e+01
6.774994659423828125e+01
7.580651092529296875e+01
3.823560333251953125e+01
1.000480728149414062e+02
4.014579010009765625e+01
4.734196472167968750e+01
5.342643737792968750e+01
8.640779876708984375e+01
5.531642150878906250e+01
4.203767395019531250e+01
4.336266326904296875e+01
3.186530303955078125e+01
3.691016769409179688e+01
3.801203536987304688e+01
3.725615310668945312e+01
7.343678283691406250e+01
6.414675140380859375e+01
3.880673217773437500e+01
3.000000000000000000e+01
3.505945205688476562e+01
4.092990875244140625e+01
3.265153121948242188e+01
1.074803085327148438e+02
3.354654693603515625e+01
6.875827026367187500e+01
9.798045349121093750e+01
4.962887573242187500e+01
4.458209991455078125e+01
4.939315795898437500e+01
6.178853607177734375e+01
7.019229125976562500e+01
5.318718719482421875e+01
6.922391510009765625e+01
5.181124877929687500e+01
8.212842559814453125e+01
5.797830200195312500e+01
4.450300598144531250e+01
5.723447036743164062e+01
5.288554763793945312e+01
5.322618103027343750e+01
5.877930831909179688e+01
3.217760467529296875e+01
3.998799896240234375e+01
5.214403533935546875e+01
5.500712585449218750e+01
5.054160690307617188e+01
4.060814666748046875e+01
5.026807403564453125e+01
4.618474960327148438e+01
6.630227661132812500e+01
8.180244445800781250e+01
6.003263092041015625e+01
8.802001953125000000e+01
4.695518112182617188e+01
5.436443710327148438e+01
4.248460388183593750e+01
6.367496490478515625e+01
7.812582397460937500e+01
6.340662384033203125e+01
7.174604797363281250e+01
3.645497894287109375e+01
7.945516967773437500e+01
4.930795288085937500e+01
5.385644531250000000e+01
8.564425659179687500e+01
1.518810272216796875e+02
1.516626281738281250e+02
3.111294174194335938e+01
3.789418792724609375e+01
4.595224761962890625e+01
5.027461242675781250e+01
9.888119506835937500e+01
8.896965026855468750e+01
7.118879699707031250e+01
1.117609710693359375e+02
4.806048202514648438e+01
4.650875854492187500e+01
4.705722427368164062e+01
5.598764801025390625e+01
5.924195861816406250e+01
3.633302307128906250e+01
5.121441268920898438e+01
9.017774963378906250e+01
5.075153732299804688e+01
4.338421630859375000e+01
9.470912170410156250e+01
3.487474060058593750e+01
5.365650177001953125e+01
5.299326324462890625e+01
5.523150634765625000e+01
4.814662170410156250e+01
4.203767395019531250e+01
2.368156127929687500e+02
6.887028503417968750e+01
4.586051177978515625e+01
4.433687591552734375e+01
4.282788848876953125e+01
1.422941894531250000e+02
3.894270324707031250e+01
5.395271301269531250e+01
6.249172592163085938e+01
4.076509857177734375e+01
7.687892913818359375e+01
4.785452651977539062e+01
5.916965484619140625e+01
5.445716094970703125e+01
5.451205825805664062e+01
3.768404006958007812e+01
3.695550537109375000e+01
6.652017974853515625e+01
5.688907623291015625e+01
1.972581939697265625e+02
3.210696029663085938e+01
5.287598419189453125e+01
5.839743423461914062e+01
4.872777938842773438e+01
4.887323379516601562e+01
4.107234954833984375e+01
5.109741592407226562e+01
5.621958541870117188e+01
3.317739868164062500e+01
6.505603027343750000e+01
7.174559020996093750e+01
3.783823013305664062e+01
4.942675399780273438e+01
3.343672180175781250e+01
4.032975387573242188e+01
4.010812759399414062e+01
3.206399536132812500e+01
5.168642044067382812e+01
6.608234405517578125e+01
3.118266105651855469e+01
4.152989196777343750e+01
6.476973724365234375e+01
7.318724060058593750e+01
6.192047882080078125e+01
1.014450149536132812e+02
3.623830032348632812e+01
8.328495788574218750e+01
8.199884796142578125e+01
4.778857040405273438e+01
8.564426422119140625e+01
3.046149253845214844e+01
5.222324752807617188e+01
4.113154602050781250e+01
4.232035064697265625e+01
1.444989318847656250e+02
5.144440841674804688e+01
3.949038314819335938e+01
6.944898223876953125e+01
3.731324005126953125e+01
1.151890487670898438e+02
7.574571228027343750e+01
4.051625823974609375e+01
4.347938919067382812e+01
7.978823852539062500e+01
7.629697418212890625e+01
7.582290649414062500e+01
5.785118865966796875e+01
3.000000000000000000e+01
4.010869598388671875e+01
6.995910644531250000e+01
6.362421417236328125e+01
1.312543792724609375e+02
1.044066162109375000e+02
1.311846923828125000e+02
7.126618957519531250e+01
3.350609970092773438e+01
5.313701629638671875e+01
3.654889678955078125e+01
4.857104873657226562e+01
3.470851135253906250e+01
3.150586318969726562e+01
7.602268981933593750e+01
1.109293975830078125e+02
5.566477584838867188e+01
3.244836425781250000e+01
4.746123504638671875e+01
6.921999359130859375e+01
4.470381927490234375e+01
5.258892059326171875e+01
6.315944290161132812e+01
4.044795227050781250e+01
6.900558471679687500e+01
5.041108703613281250e+01
5.991349792480468750e+01
5.438805770874023438e+01
3.088916969299316406e+01
3.922777557373046875e+01
5.362464141845703125e+01
3.000000000000000000e+01
6.628623199462890625e+01
8.619112396240234375e+01
5.432727813720703125e+01
9.236082458496093750e+01
5.988694763183593750e+01
3.615296554565429688e+01
5.342655563354492188e+01
4.836672592163085938e+01
4.277324676513671875e+01
4.169740295410156250e+01
3.434932708740234375e+01
4.111267089843750000e+01
9.400426483154296875e+01
5.016485595703125000e+01
3.851972579956054688e+01
1.864696044921875000e+02
8.150907897949218750e+01
4.769944763183593750e+01
6.596589660644531250e+01
7.533863830566406250e+01
4.294413375854492188e+01
5.850849151611328125e+01
1.211067352294921875e+02
4.954694366455078125e+01
8.052171325683593750e+01
4.130676269531250000e+01
3.000000000000000000e+01
6.115200424194335938e+01
4.784402465820312500e+01
4.303385925292968750e+01
4.590998840332031250e+01
5.521548080444335938e+01
4.814006423950195312e+01
4.773114013671875000e+01
5.333670806884765625e+01
4.322772979736328125e+01
4.055393218994140625e+01
7.634564971923828125e+01
9.398310852050781250e+01
4.351882934570312500e+01
1.159110717773437500e+02
4.639999771118164062e+01
4.512468719482421875e+01
7.766090393066406250e+01
8.361653137207031250e+01
4.040195083618164062e+01
5.786334991455078125e+01
4.465780258178710938e+01
5.471307373046875000e+01
3.000000000000000000e+01
9.087802124023437500e+01
5.386888504028320312e+01
4.442035675048828125e+01
7.177407073974609375e+01
5.378118896484375000e+01
5.428546905517578125e+01
3.141961860656738281e+01
5.305214691162109375e+01
5.572770690917968750e+01
4.992752456665039062e+01
7.236710357666015625e+01
6.506163024902343750e+01
4.013048553466796875e+01
6.041530990600585938e+01
3.000000000000000000e+01
6.205540466308593750e+01
7.578195190429687500e+01
8.426187896728515625e+01
5.916965484619140625e+01
5.166648864746093750e+01
7.117441558837890625e+01
5.305214691162109375e+01
4.483255004882812500e+01
4.765831756591796875e+01
3.765830230712890625e+01
4.863041305541992188e+01
6.049531173706054688e+01
6.340325164794921875e+01
3.000000000000000000e+01
3.871364974975585938e+01
5.079151916503906250e+01
5.424015808105468750e+01
4.240953826904296875e+01
5.762213134765625000e+01
3.770967864990234375e+01
4.911008453369140625e+01
6.954219055175781250e+01
4.301147842407226562e+01
5.088385009765625000e+01
3.637787628173828125e+01
8.221140289306640625e+01
6.447455596923828125e+01
4.444821548461914062e+01
4.811487960815429688e+01
4.280781555175781250e+01
7.178551483154296875e+01
7.595910644531250000e+01
3.000000000000000000e+01
4.068850708007812500e+01
5.991892242431640625e+01
5.898816299438476562e+01
6.386099624633789062e+01
3.299966430664062500e+01
7.820482635498046875e+01
4.110388946533203125e+01
3.313208007812500000e+01
4.215187835693359375e+01
4.488042449951171875e+01
5.984769058227539062e+01
5.364278411865234375e+01
9.618087768554687500e+01
5.892127609252929688e+01
5.039561462402343750e+01
4.095586395263671875e+01
4.553098297119140625e+01
3.653528594970703125e+01
5.138524246215820312e+01
3.789418792724609375e+01
4.044832229614257812e+01
3.831386184692382812e+01
5.096231079101562500e+01
6.952424621582031250e+01
5.622616958618164062e+01
6.458752441406250000e+01
4.795238113403320312e+01
4.987886047363281250e+01
4.001374816894531250e+01
3.000000000000000000e+01
4.193672561645507812e+01
4.553098297119140625e+01
7.174604797363281250e+01
5.035960388183593750e+01
3.931187057495117188e+01
3.677996444702148438e+01
8.086360168457031250e+01
6.805731201171875000e+01
8.315202331542968750e+01
4.131591796875000000e+01
3.121356391906738281e+01
7.654637908935546875e+01
3.000000000000000000e+01
6.723684692382812500e+01
3.196063041687011719e+01
4.981187820434570312e+01
3.010845947265625000e+01
3.000000000000000000e+01
4.483796310424804688e+01
4.147076797485351562e+01
8.359526062011718750e+01
4.390067291259765625e+01
8.426187133789062500e+01
5.240460205078125000e+01
3.818584060668945312e+01
3.505268478393554688e+01
3.901102828979492188e+01
3.958337402343750000e+01
4.391324615478515625e+01
6.913211059570312500e+01
7.604179382324218750e+01
4.452703094482421875e+01
3.437160491943359375e+01
4.126821899414062500e+01
7.288600158691406250e+01
5.820882415771484375e+01
4.189416503906250000e+01
4.654301452636718750e+01
3.711019897460937500e+01
3.520252227783203125e+01
3.217760467529296875e+01
5.472029113769531250e+01
5.006338500976562500e+01
5.027836608886718750e+01
5.358665847778320312e+01
3.649556350708007812e+01
3.620653915405273438e+01
5.180393981933593750e+01
3.000000000000000000e+01
8.400963592529296875e+01
4.641917037963867188e+01
7.529753112792968750e+01
5.240460205078125000e+01
7.214913940429687500e+01
3.000000000000000000e+01
4.025958251953125000e+01
6.633718872070312500e+01
3.000000000000000000e+01
4.566087722778320312e+01
7.008906555175781250e+01
3.685494232177734375e+01
6.715582275390625000e+01
4.503226470947265625e+01
4.430418014526367188e+01
5.252666091918945312e+01
7.674592590332031250e+01
3.000000000000000000e+01
3.726689910888671875e+01
7.791569519042968750e+01
4.748046112060546875e+01
7.978823852539062500e+01
9.686029815673828125e+01
3.000000000000000000e+01
6.856517028808593750e+01
3.991342544555664062e+01
5.903787994384765625e+01
5.276208877563476562e+01
5.275232696533203125e+01
7.055357360839843750e+01
5.177526855468750000e+01
5.816711044311523438e+01
5.906701660156250000e+01
7.388180541992187500e+01
3.667797470092773438e+01
9.690641021728515625e+01
4.486364746093750000e+01
3.799440383911132812e+01
3.864521789550781250e+01
4.870445251464843750e+01
3.000000000000000000e+01
7.194254302978515625e+01
5.004199218750000000e+01
5.287598419189453125e+01
3.944034194946289062e+01
4.728633880615234375e+01
4.398607635498046875e+01
3.402944183349609375e+01
7.898122406005859375e+01
4.681731414794921875e+01
4.165621948242187500e+01
6.317408370971679688e+01
5.270799255371093750e+01
4.626041793823242188e+01
5.471082305908203125e+01
4.811487960815429688e+01
4.426144409179687500e+01
3.583295440673828125e+01
4.927186584472656250e+01
4.246994781494140625e+01
3.258341979980468750e+01
4.149406433105468750e+01
5.685157012939453125e+01
4.057196426391601562e+01
4.239783859252929688e+01
4.389908599853515625e+01
7.386948394775390625e+01
5.453478240966796875e+01
5.998401641845703125e+01
1.090186233520507812e+02
5.017303085327148438e+01
4.585994338989257812e+01
4.625274658203125000e+01
4.239247131347656250e+01
3.512947463989257812e+01
4.851583862304687500e+01
6.701136779785156250e+01
9.601790618896484375e+01
4.033312988281250000e+01
3.954685211181640625e+01
4.806999588012695312e+01
5.797425079345703125e+01
3.246799087524414062e+01
4.544951629638671875e+01
5.523150634765625000e+01
6.922737884521484375e+01
3.354655075073242188e+01
5.438438796997070312e+01
3.659218597412109375e+01
6.069020080566406250e+01
6.427923583984375000e+01
4.780129623413085938e+01
5.621968460083007812e+01
5.221440505981445312e+01
4.036192703247070312e+01
6.394630050659179688e+01
4.183205032348632812e+01
4.424713134765625000e+01
5.949615478515625000e+01
4.013739776611328125e+01
4.432390213012695312e+01
4.039118957519531250e+01
3.964591217041015625e+01
5.038001251220703125e+01
7.025560760498046875e+01
3.818533325195312500e+01
5.718125534057617188e+01
3.791490554809570312e+01
3.819598007202148438e+01
6.084460067749023438e+01
4.164137268066406250e+01
4.544899749755859375e+01
4.777623367309570312e+01
5.048490142822265625e+01
5.315003204345703125e+01
5.842240142822265625e+01
4.320816421508789062e+01
4.058380126953125000e+01
5.975775909423828125e+01
5.301721954345703125e+01
4.220984268188476562e+01
6.471959686279296875e+01
3.914482116699218750e+01
7.008342742919921875e+01
4.336233520507812500e+01
1.056683044433593750e+02
9.287370300292968750e+01
4.933075332641601562e+01
4.972122192382812500e+01
3.102477836608886719e+01
7.858438110351562500e+01
3.000000000000000000e+01
5.032506179809570312e+01
8.021992492675781250e+01
5.491159439086914062e+01
4.640536499023437500e+01
5.656457138061523438e+01
1.144768524169921875e+02
3.997135162353515625e+01
4.376512145996093750e+01
3.000000000000000000e+01
5.251736831665039062e+01
4.319599151611328125e+01
3.639098358154296875e+01
5.189363479614257812e+01
8.591941833496093750e+01
5.223030090332031250e+01
4.427480316162109375e+01
4.102614212036132812e+01
6.280711364746093750e+01
4.907653808593750000e+01
5.227441024780273438e+01
5.603790664672851562e+01
1.014450149536132812e+02
5.943267059326171875e+01
7.292085266113281250e+01
7.650373840332031250e+01
7.291841125488281250e+01
6.468402099609375000e+01
3.940122222900390625e+01
3.131101417541503906e+01
5.246693420410156250e+01
3.953272247314453125e+01
4.963997650146484375e+01
3.655074691772460938e+01
3.249901962280273438e+01
5.461720275878906250e+01
3.095010566711425781e+01
4.327544403076171875e+01
4.189472579956054688e+01
8.186331176757812500e+01
4.879536437988281250e+01
3.839123535156250000e+01
4.357798004150390625e+01
3.769701766967773438e+01
4.883077621459960938e+01
5.234839248657226562e+01
7.744004058837890625e+01
4.548802947998046875e+01
4.273800659179687500e+01
3.000000000000000000e+01
7.576168823242187500e+01
5.688698959350585938e+01
3.179098510742187500e+01
7.178551483154296875e+01
4.569927978515625000e+01
9.887754821777343750e+01
4.928773880004882812e+01
5.953353881835937500e+01
5.194422149658203125e+01
4.513697052001953125e+01
3.382216262817382812e+01
4.838549041748046875e+01
5.483777999877929688e+01
4.445766830444335938e+01
3.450839233398437500e+01
4.067313766479492188e+01
3.783317565917968750e+01
4.375562286376953125e+01
7.687892913818359375e+01
6.756046295166015625e+01
7.356687164306640625e+01
3.294503402709960938e+01
3.865381240844726562e+01
5.428319931030273438e+01
5.461720657348632812e+01
5.825791931152343750e+01
5.033857727050781250e+01
5.704140853881835938e+01
5.247046279907226562e+01
5.154556274414062500e+01
3.542561721801757812e+01
3.583517074584960938e+01
3.182138824462890625e+01
7.128780364990234375e+01
3.602711105346679688e+01
4.339651489257812500e+01
3.447956848144531250e+01
4.241338348388671875e+01
5.312987899780273438e+01
3.000000000000000000e+01
4.838984680175781250e+01
5.038509368896484375e+01
3.000000000000000000e+01
6.494638061523437500e+01
6.944898223876953125e+01
3.000000000000000000e+01
5.225904464721679688e+01
3.974718093872070312e+01
4.036692810058593750e+01
4.358683395385742188e+01
4.964447784423828125e+01
3.728983688354492188e+01
3.918105316162109375e+01
4.206154632568359375e+01
4.426572418212890625e+01
3.765967941284179688e+01
3.693974685668945312e+01
6.021469879150390625e+01
3.756156158447265625e+01
3.490309143066406250e+01
4.279518508911132812e+01
3.686352920532226562e+01
5.539158630371093750e+01
5.095806884765625000e+01
1.144768524169921875e+02
4.142029571533203125e+01
3.000000000000000000e+01
3.604211807250976562e+01
8.891030120849609375e+01
3.662320327758789062e+01
4.057580566406250000e+01
7.128780364990234375e+01
5.393976211547851562e+01
4.170839691162109375e+01
4.067812728881835938e+01
4.820412445068359375e+01
1.358066711425781250e+02
7.010543823242187500e+01
5.560523223876953125e+01
7.388507080078125000e+01
3.047925567626953125e+01
3.000000000000000000e+01
4.857562255859375000e+01
3.935181427001953125e+01
5.776596069335937500e+01
6.142195129394531250e+01
4.650233459472656250e+01
3.954788589477539062e+01
7.702674865722656250e+01
3.547632980346679688e+01
4.889798736572265625e+01
6.209038162231445312e+01
4.736338043212890625e+01
3.000000000000000000e+01
4.319754791259765625e+01
3.991342544555664062e+01
3.626231002807617188e+01
4.764351272583007812e+01
9.314054107666015625e+01
3.965005111694335938e+01
4.899157333374023438e+01
7.840501403808593750e+01
5.846870422363281250e+01
3.919091415405273438e+01
3.772835540771484375e+01
5.044841003417968750e+01
5.090034484863281250e+01
3.228434371948242188e+01
3.838707733154296875e+01
4.345449829101562500e+01
5.842599487304687500e+01
6.152340698242187500e+01
4.713716888427734375e+01
3.000000000000000000e+01
5.300067138671875000e+01
4.717126464843750000e+01
3.704059600830078125e+01
4.705629730224609375e+01
5.014861297607421875e+01
4.898147964477539062e+01
3.306999588012695312e+01
3.631797027587890625e+01
5.480104064941406250e+01
3.433908081054687500e+01
5.570830535888671875e+01
3.878609466552734375e+01
4.033312988281250000e+01
4.814662170410156250e+01
3.864917373657226562e+01
4.383730697631835938e+01
4.950313949584960938e+01
3.738060379028320312e+01
8.281195831298828125e+01
4.995101165771484375e+01
4.183777618408203125e+01
4.510134124755859375e+01
7.318724060058593750e+01
4.539405822753906250e+01
3.773502349853515625e+01
3.000000000000000000e+01
3.506903457641601562e+01
5.542422485351562500e+01
4.124107742309570312e+01
3.778807449340820312e+01
3.330585479736328125e+01
3.290059661865234375e+01
3.204758071899414062e+01
3.679100418090820312e+01
5.338086318969726562e+01
4.221682357788085938e+01
5.549874496459960938e+01
4.588437271118164062e+01
6.517295837402343750e+01
4.238698577880859375e+01
4.086222076416015625e+01
8.550666046142578125e+01
3.211805343627929688e+01
5.039949035644531250e+01
3.041948127746582031e+01
3.000000000000000000e+01
4.982927703857421875e+01
4.154590988159179688e+01
3.000000000000000000e+01
3.987361145019531250e+01
3.600328063964843750e+01
3.802717971801757812e+01
3.976000976562500000e+01
3.993260192871093750e+01
