5.215428924560546875e+01
6.569461059570312500e+01
3.497035217285156250e+01
4.206319808959960938e+01
5.376840209960937500e+01
7.412233734130859375e+01
3.197238159179687500e+01
8.504756164550781250e+01
6.108756637573242188e+01
1.131769332885742188e+02
4.653190231323242188e+01
1.549194793701171875e+02
4.683307647705078125e+01
4.470040130615234375e+01
3.000000000000000000e+01
7.109416198730468750e+01
6.472227478027343750e+01
4.205773925781250000e+01
4.310324478149414062e+01
1.313735504150390625e+02
4.106615066528320312e+01
1.031955566406250000e+02
3.000000000000000000e+01
4.322713088989257812e+01
4.844455337524414062e+01
8.205999755859375000e+01
3.100316810607910156e+01
7.278163146972656250e+01
1.984820861816406250e+02
5.313507843017578125e+01
7.641569519042968750e+01
5.024250411987304688e+01
4.531213378906250000e+01
1.142784423828125000e+02
7.181279754638671875e+01
6.225364685058593750e+01
6.403416442871093750e+01
6.191025543212890625e+01
4.287445068359375000e+01
4.807045364379882812e+01
4.301757812500000000e+01
3.601984786987304688e+01
4.171315002441406250e+01
5.247505187988281250e+01
3.000000000000000000e+01
5.106536865234375000e+01
3.283855438232421875e+01
5.947092056274414062e+01
1.315435180664062500e+02
5.829154205322265625e+01
4.425515365600585938e+01
3.000000000000000000e+01
5.692389297485351562e+01
4.480810165405273438e+01
9.457506561279296875e+01
4.887387847900390625e+01
8.015387725830078125e+01
5.759757995605468750e+01
5.890735626220703125e+01
6.133820343017578125e+01
5.584899520874023438e+01
8.121683502197265625e+01
3.848609924316406250e+01
7.326461791992187500e+01
9.139625549316406250e+01
4.961109161376953125e+01
5.783496856689453125e+01
3.000000000000000000e+01
4.638568878173828125e+01
5.172154998779296875e+01
5.944551849365234375e+01
3.760079193115234375e+01
9.917068481445312500e+01
3.780213546752929688e+01
7.241651916503906250e+01
4.735282135009765625e+01
4.884820175170898438e+01
4.241246795654296875e+01
4.162579727172851562e+01
6.672403717041015625e+01
3.537281036376953125e+01
6.472227478027343750e+01
4.987722778320312500e+01
8.777658843994140625e+01
8.453817749023437500e+01
3.167338752746582031e+01
3.989695358276367188e+01
4.464211654663085938e+01
4.683307647705078125e+01
5.693048095703125000e+01
5.161812973022460938e+01
5.467456817626953125e+01
6.160875701904296875e+01
5.219603729248046875e+01
9.205020141601562500e+01
1.010470886230468750e+02
7.013140106201171875e+01
3.871153640747070312e+01
8.598568725585937500e+01
4.792379760742187500e+01
9.043610382080078125e+01
6.944630432128906250e+01
1.534651184082031250e+02
3.000000000000000000e+01
4.455395126342773438e+01
7.452735900878906250e+01
3.000000000000000000e+01
5.846767425537109375e+01
4.509873580932617188e+01
3.000000000000000000e+01
4.594729995727539062e+01
3.415732955932617188e+01
6.909079742431640625e+01
9.214379119873046875e+01
4.040269470214843750e+01
4.048361968994140625e+01
9.973585510253906250e+01
4.599490356445312500e+01
7.645383453369140625e+01
4.978485870361328125e+01
4.410961914062500000e+01
4.999630355834960938e+01
6.004299545288085938e+01
4.107649230957031250e+01
4.390592575073242188e+01
5.285432434082031250e+01
7.813725280761718750e+01
5.240814208984375000e+01
4.508409881591796875e+01
6.118373107910156250e+01
5.512827682495117188e+01
1.023436737060546875e+02
6.177310180664062500e+01
5.434074401855468750e+01
6.387624359130859375e+01
4.855274200439453125e+01
1.059299468994140625e+02
4.365208816528320312e+01
3.744013214111328125e+01
8.020870208740234375e+01
4.559603500366210938e+01
1.016268844604492188e+02
9.888273620605468750e+01
4.857083511352539062e+01
6.285458374023437500e+01
5.080500030517578125e+01
1.020953521728515625e+02
1.086176147460937500e+02
6.083027648925781250e+01
1.322955322265625000e+02
4.812737655639648438e+01
7.045005798339843750e+01
4.619296646118164062e+01
9.592672729492187500e+01
5.634077072143554688e+01
1.239446182250976562e+02
3.288731765747070312e+01
1.224743957519531250e+02
4.002247619628906250e+01
6.317513275146484375e+01
3.983898162841796875e+01
5.460621261596679688e+01
4.656913757324218750e+01
4.318967056274414062e+01
7.468461608886718750e+01
4.021716690063476562e+01
6.183568572998046875e+01
5.180664443969726562e+01
3.855663299560546875e+01
1.350792999267578125e+02
4.308525466918945312e+01
5.031714630126953125e+01
3.292532730102539062e+01
3.000000000000000000e+01
4.999588012695312500e+01
7.866832733154296875e+01
5.214802932739257812e+01
4.325812149047851562e+01
6.896564483642578125e+01
4.863242340087890625e+01
6.460510253906250000e+01
6.072491073608398438e+01
6.562918090820312500e+01
5.731831359863281250e+01
4.175390625000000000e+01
4.417281723022460938e+01
4.425773239135742188e+01
8.387197113037109375e+01
5.990985107421875000e+01
3.773911285400390625e+01
4.866647338867187500e+01
5.745264816284179688e+01
7.254816436767578125e+01
4.990258789062500000e+01
4.356263732910156250e+01
5.716844558715820312e+01
4.125312423706054688e+01
9.354846191406250000e+01
1.270281600952148438e+02
7.913114929199218750e+01
5.133454132080078125e+01
1.047927856445312500e+02
5.129308700561523438e+01
4.104624938964843750e+01
6.004875564575195312e+01
4.495024490356445312e+01
5.614859390258789062e+01
4.015531921386718750e+01
1.340129241943359375e+02
3.316175460815429688e+01
4.972519683837890625e+01
9.824842071533203125e+01
4.510621643066406250e+01
4.245896911621093750e+01
3.569832992553710938e+01
3.536850357055664062e+01
5.236650848388671875e+01
4.822380065917968750e+01
4.419710540771484375e+01
4.102426147460937500e+01
3.473687744140625000e+01
7.587582397460937500e+01
1.123592681884765625e+02
4.670072174072265625e+01
5.188301467895507812e+01
4.301020050048828125e+01
5.285907363891601562e+01
9.966014099121093750e+01
6.123605346679687500e+01
9.466130828857421875e+01
3.405445861816406250e+01
4.282412719726562500e+01
5.204744720458984375e+01
4.282468032836914062e+01
4.661205673217773438e+01
6.959309387207031250e+01
4.600214385986328125e+01
5.388977813720703125e+01
6.962092590332031250e+01
4.936603164672851562e+01
4.453251647949218750e+01
1.221051177978515625e+02
8.202731323242187500e+01
7.297471618652343750e+01
8.639559173583984375e+01
4.630465316772460938e+01
4.754927062988281250e+01
1.353720092773437500e+02
1.630238189697265625e+02
5.004755401611328125e+01
5.664602279663085938e+01
4.086805725097656250e+01
6.104068756103515625e+01
1.015562896728515625e+02
4.329202270507812500e+01
6.496884918212890625e+01
4.785599517822265625e+01
4.081578063964843750e+01
3.775318908691406250e+01
1.576228332519531250e+02
3.787486267089843750e+01
5.573722457885742188e+01
4.826262664794921875e+01
4.352919769287109375e+01
1.310969390869140625e+02
5.408320236206054688e+01
1.441369781494140625e+02
7.891913604736328125e+01
6.439983367919921875e+01
7.299771881103515625e+01
6.018013381958007812e+01
5.341495513916015625e+01
7.297472381591796875e+01
6.529614257812500000e+01
1.535907135009765625e+02
4.326823806762695312e+01
6.780909729003906250e+01
7.818617248535156250e+01
9.725798034667968750e+01
9.663484954833984375e+01
6.534103393554687500e+01
6.901446533203125000e+01
5.921423721313476562e+01
4.383749389648437500e+01
6.606036376953125000e+01
3.637889099121093750e+01
4.791084289550781250e+01
4.718978500366210938e+01
3.718778991699218750e+01
3.645604324340820312e+01
3.847927093505859375e+01
3.000000000000000000e+01
3.723828506469726562e+01
9.162535095214843750e+01
5.501787567138671875e+01
3.000000000000000000e+01
6.057217407226562500e+01
4.542572021484375000e+01
3.801240539550781250e+01
6.039936065673828125e+01
4.142475509643554688e+01
3.701639938354492188e+01
4.057189178466796875e+01
7.704660797119140625e+01
7.622826385498046875e+01
4.305847930908203125e+01
7.660858917236328125e+01
7.370295715332031250e+01
7.160171508789062500e+01
9.532020568847656250e+01
1.423471984863281250e+02
3.376797485351562500e+01
9.948461914062500000e+01
9.989749908447265625e+01
9.344953918457031250e+01
4.213580322265625000e+01
3.647403717041015625e+01
1.212203979492187500e+02
5.657658767700195312e+01
8.598569488525390625e+01
5.166706848144531250e+01
5.433345794677734375e+01
4.101778030395507812e+01
4.589503097534179688e+01
4.217632293701171875e+01
4.209632873535156250e+01
4.104815292358398438e+01
3.739699935913085938e+01
9.917068481445312500e+01
4.104920959472656250e+01
8.016283416748046875e+01
5.212162017822265625e+01
4.239164733886718750e+01
4.202554321289062500e+01
4.952616882324218750e+01
4.652459716796875000e+01
7.249160003662109375e+01
4.550217437744140625e+01
3.000000000000000000e+01
3.568397521972656250e+01
5.237240600585937500e+01
7.926157379150390625e+01
4.314724349975585938e+01
7.160171508789062500e+01
4.769608688354492188e+01
5.104847717285156250e+01
1.598455352783203125e+02
3.814156723022460938e+01
3.303180313110351562e+01
1.013385848999023438e+02
1.530509338378906250e+02
1.703335113525390625e+02
5.471305847167968750e+01
8.121683502197265625e+01
3.782101821899414062e+01
1.096374206542968750e+02
6.164245605468750000e+01
3.558925628662109375e+01
1.265960235595703125e+02
5.315923309326171875e+01
6.247626113891601562e+01
1.435807495117187500e+02
5.419810867309570312e+01
7.295485687255859375e+01
9.394036102294921875e+01
3.115772628784179688e+01
7.700687408447265625e+01
1.142108764648437500e+02
3.000000000000000000e+01
5.339551544189453125e+01
6.235698318481445312e+01
5.161374664306640625e+01
8.904815673828125000e+01
1.336979064941406250e+02
4.110857009887695312e+01
1.253964080810546875e+02
7.947703552246093750e+01
5.313507843017578125e+01
9.881013488769531250e+01
7.316470336914062500e+01
3.000000000000000000e+01
3.495221328735351562e+01
3.000000000000000000e+01
4.687960433959960938e+01
5.092354583740234375e+01
8.202731323242187500e+01
4.917704391479492188e+01
4.359613037109375000e+01
5.316168975830078125e+01
2.736009826660156250e+02
3.071844100952148438e+01
5.338916778564453125e+01
3.616186141967773438e+01
3.000000000000000000e+01
4.639569854736328125e+01
7.405323791503906250e+01
7.856447601318359375e+01
9.398371887207031250e+01
9.289897918701171875e+01
4.640371704101562500e+01
5.163236618041992188e+01
4.480126190185546875e+01
1.482107696533203125e+02
3.881592941284179688e+01
4.316080474853515625e+01
5.904772949218750000e+01
3.254251098632812500e+01
6.446075439453125000e+01
6.681100463867187500e+01
1.360716247558593750e+02
7.476180267333984375e+01
9.013244628906250000e+01
5.544394683837890625e+01
4.290892791748046875e+01
7.764437866210937500e+01
3.000000000000000000e+01
7.900961303710937500e+01
9.500016784667968750e+01
4.455014801025390625e+01
3.999451446533203125e+01
9.029844665527343750e+01
3.000000000000000000e+01
4.064387130737304688e+01
1.300155029296875000e+02
6.852804565429687500e+01
5.721194076538085938e+01
6.541676330566406250e+01
4.461464309692382812e+01
6.464257812500000000e+01
8.497802734375000000e+01
4.515272903442382812e+01
8.016283416748046875e+01
2.137853088378906250e+02
4.589503097534179688e+01
1.186366806030273438e+02
4.740323638916015625e+01
5.282518386840820312e+01
8.870050048828125000e+01
7.278163146972656250e+01
5.500958633422851562e+01
7.982154846191406250e+01
3.477949905395507812e+01
6.589527130126953125e+01
5.495989990234375000e+01
5.946826934814453125e+01
4.297962188720703125e+01
5.197884368896484375e+01
5.713916397094726562e+01
1.718142700195312500e+02
9.785037231445312500e+01
4.915354156494140625e+01
4.619296646118164062e+01
4.060302734375000000e+01
5.561622238159179688e+01
7.348947143554687500e+01
3.636365890502929688e+01
9.668873596191406250e+01
1.012948760986328125e+02
4.895014953613281250e+01
9.256629180908203125e+01
9.632696533203125000e+01
5.639940261840820312e+01
5.016265869140625000e+01
4.662263488769531250e+01
4.790451812744140625e+01
1.981194152832031250e+02
4.193785858154296875e+01
4.968026733398437500e+01
5.194118499755859375e+01
4.176876068115234375e+01
1.051388092041015625e+02
3.866920852661132812e+01
4.803688049316406250e+01
1.367608947753906250e+02
7.622826385498046875e+01
8.075190734863281250e+01
7.407920837402343750e+01
5.766641235351562500e+01
6.513549804687500000e+01
8.877658843994140625e+01
8.101820373535156250e+01
7.383125305175781250e+01
6.902539825439453125e+01
3.000000000000000000e+01
8.890264129638671875e+01
8.971283721923828125e+01
4.223999023437500000e+01
4.245896530151367188e+01
6.893737030029296875e+01
1.191737365722656250e+02
7.013525390625000000e+01
5.551690673828125000e+01
4.627972793579101562e+01
3.000000000000000000e+01
4.094121551513671875e+01
3.000000000000000000e+01
4.542450332641601562e+01
4.839712524414062500e+01
3.666726303100585938e+01
5.372967529296875000e+01
4.612776184082031250e+01
4.363796234130859375e+01
7.136195373535156250e+01
5.623783111572265625e+01
4.098427581787109375e+01
3.759055709838867188e+01
5.259363937377929688e+01
5.272997283935546875e+01
3.921657180786132812e+01
3.636618804931640625e+01
7.989544677734375000e+01
3.713207244873046875e+01
5.779420089721679688e+01
3.098129463195800781e+01
5.365665435791015625e+01
3.529362869262695312e+01
3.000000000000000000e+01
1.318597564697265625e+02
6.313031768798828125e+01
3.848485565185546875e+01
7.559799957275390625e+01
4.316080474853515625e+01
7.843867492675781250e+01
5.954389953613281250e+01
4.692880249023437500e+01
1.188163146972656250e+02
5.092189025878906250e+01
1.174509048461914062e+02
1.071582946777343750e+02
4.062029647827148438e+01
5.112646102905273438e+01
9.445228576660156250e+01
3.381934738159179688e+01
5.564783859252929688e+01
4.826262664794921875e+01
1.938423461914062500e+02
4.472303390502929688e+01
4.250216293334960938e+01
5.252402877807617188e+01
3.750341415405273438e+01
4.530777359008789062e+01
9.585433959960937500e+01
4.009433746337890625e+01
9.810027313232421875e+01
4.118962860107421875e+01
4.274356079101562500e+01
3.266086578369140625e+01
4.464523696899414062e+01
4.885725402832031250e+01
4.085859680175781250e+01
3.737739562988281250e+01
3.566054534912109375e+01
4.022530364990234375e+01
5.207509231567382812e+01
4.835232162475585938e+01
4.215199279785156250e+01
5.460660171508789062e+01
5.846767425537109375e+01
6.956758117675781250e+01
1.340129241943359375e+02
6.900135040283203125e+01
1.049666137695312500e+02
8.145489501953125000e+01
1.169008407592773438e+02
4.246908950805664062e+01
5.721838760375976562e+01
4.566640472412109375e+01
4.243328475952148438e+01
6.567689514160156250e+01
8.413627624511718750e+01
7.286768341064453125e+01
7.642734527587890625e+01
4.040269470214843750e+01
4.226301574707031250e+01
5.927407836914062500e+01
8.921868896484375000e+01
3.000000000000000000e+01
5.375949096679687500e+01
4.250062942504882812e+01
3.765343093872070312e+01
9.285997772216796875e+01
5.161813354492187500e+01
4.737454986572265625e+01
4.262961959838867188e+01
4.712379455566406250e+01
7.747059631347656250e+01
9.645687103271484375e+01
4.146087646484375000e+01
3.705747222900390625e+01
3.000000000000000000e+01
9.398371887207031250e+01
6.116766357421875000e+01
5.625728988647460938e+01
5.940505599975585938e+01
6.655239105224609375e+01
4.784607696533203125e+01
6.390539550781250000e+01
5.539363861083984375e+01
7.063409423828125000e+01
4.130311584472656250e+01
7.307720947265625000e+01
6.609587097167968750e+01
7.966813659667968750e+01
7.847952270507812500e+01
4.371290588378906250e+01
3.845904159545898438e+01
6.279563903808593750e+01
8.357296752929687500e+01
4.831976318359375000e+01
6.454661560058593750e+01
5.185807037353515625e+01
4.785692596435546875e+01
6.006830596923828125e+01
5.268102264404296875e+01
3.063881111145019531e+01
4.780488586425781250e+01
6.484175109863281250e+01
5.713916778564453125e+01
4.861491394042968750e+01
6.379589843750000000e+01
3.639514160156250000e+01
7.360461425781250000e+01
1.005782012939453125e+02
6.247101593017578125e+01
5.182461547851562500e+01
1.169008407592773438e+02
5.471305847167968750e+01
7.181108093261718750e+01
1.191737365722656250e+02
3.953572845458984375e+01
3.901548385620117188e+01
9.502935791015625000e+01
3.000000000000000000e+01
4.209560775756835938e+01
2.190422058105468750e+02
3.930956649780273438e+01
3.000000000000000000e+01
4.408584976196289062e+01
1.322113952636718750e+02
6.204940795898437500e+01
5.337554931640625000e+01
1.194983444213867188e+02
4.562371063232421875e+01
1.228998870849609375e+02
8.567385101318359375e+01
1.085056915283203125e+02
5.098978805541992188e+01
3.000000000000000000e+01
7.491349792480468750e+01
7.146224975585937500e+01
7.398347473144531250e+01
4.550217437744140625e+01
4.475284576416015625e+01
5.385439300537109375e+01
4.668955230712890625e+01
4.995542144775390625e+01
5.309215164184570312e+01
4.222694015502929688e+01
7.591728210449218750e+01
8.658851623535156250e+01
4.973437118530273438e+01
3.398318481445312500e+01
4.721335220336914062e+01
3.553067016601562500e+01
4.654773330688476562e+01
1.093883514404296875e+02
5.372390365600585938e+01
8.981478881835937500e+01
5.054257965087890625e+01
4.750349807739257812e+01
3.656043243408203125e+01
1.016268844604492188e+02
6.396664047241210938e+01
8.162133026123046875e+01
9.342337036132812500e+01
5.656195068359375000e+01
4.166267013549804688e+01
4.522789001464843750e+01
5.266171264648437500e+01
7.543623352050781250e+01
5.946876525878906250e+01
1.981194152832031250e+02
5.146852111816406250e+01
6.361225891113281250e+01
6.481365966796875000e+01
7.797235107421875000e+01
4.163072204589843750e+01
4.644401550292968750e+01
5.157836151123046875e+01
6.738970184326171875e+01
9.392423248291015625e+01
3.000000000000000000e+01
4.558347702026367188e+01
5.901976013183593750e+01
9.062022399902343750e+01
5.283245849609375000e+01
1.174509124755859375e+02
4.839064025878906250e+01
3.000000000000000000e+01
4.185979461669921875e+01
5.857536697387695312e+01
1.574334716796875000e+02
7.069290161132812500e+01
5.800627136230468750e+01
7.638964843750000000e+01
3.129952239990234375e+01
5.764348983764648438e+01
9.367902374267578125e+01
4.128772735595703125e+01
3.896070861816406250e+01
6.658209991455078125e+01
7.883351898193359375e+01
3.882862854003906250e+01
9.649952697753906250e+01
4.038973236083984375e+01
4.854256439208984375e+01
5.657658767700195312e+01
8.761877441406250000e+01
7.011750030517578125e+01
4.104069519042968750e+01
4.540113067626953125e+01
3.981389617919921875e+01
3.234071350097656250e+01
3.881592941284179688e+01
3.871366119384765625e+01
6.902446746826171875e+01
6.852804565429687500e+01
4.470162200927734375e+01
3.000000000000000000e+01
3.515063858032226562e+01
5.338916778564453125e+01
4.076676940917968750e+01
1.145090026855468750e+02
3.000000000000000000e+01
6.421632385253906250e+01
8.737349700927734375e+01
5.320893859863281250e+01
3.710895538330078125e+01
6.347210693359375000e+01
6.317513275146484375e+01
6.876444244384765625e+01
5.199559783935546875e+01
7.043459320068359375e+01
4.929084014892578125e+01
7.864449310302734375e+01
5.360953521728515625e+01
4.553721618652343750e+01
5.605446624755859375e+01
4.910331726074218750e+01
6.513549804687500000e+01
5.515157318115234375e+01
3.621926879882812500e+01
3.769055557250976562e+01
5.148059844970703125e+01
5.549011993408203125e+01
4.916483306884765625e+01
3.801240539550781250e+01
5.114344406127929688e+01
4.412842178344726562e+01
6.229833602905273438e+01
7.552391052246093750e+01
6.030261993408203125e+01
8.327162170410156250e+01
4.520131683349609375e+01
4.936603164672851562e+01
3.240969085693359375e+01
6.328723526000976562e+01
7.075640106201171875e+01
6.246440887451171875e+01
7.584132385253906250e+01
3.679226684570312500e+01
7.965550994873046875e+01
4.762670516967773438e+01
4.663010406494140625e+01
9.090113067626953125e+01
1.313735504150390625e+02
1.037293395996093750e+02
3.000000000000000000e+01
3.949659729003906250e+01
5.095130920410156250e+01
4.700552368164062500e+01
9.785037231445312500e+01
8.316948699951171875e+01
6.700296020507812500e+01
1.087854003906250000e+02
4.721335220336914062e+01
4.409489440917968750e+01
3.611417770385742188e+01
5.859020233154296875e+01
5.847659301757812500e+01
3.811956024169921875e+01
4.734564971923828125e+01
8.572884368896484375e+01
5.276739501953125000e+01
4.701362228393554688e+01
8.119701385498046875e+01
3.281265258789062500e+01
4.481124114990234375e+01
5.172154998779296875e+01
5.736162185668945312e+01
5.030904769897460938e+01
4.104069519042968750e+01
1.870281677246093750e+02
7.092467498779296875e+01
4.490090179443359375e+01
4.446776580810546875e+01
4.629393005371093750e+01
1.305777282714843750e+02
4.176908874511718750e+01
5.751591491699218750e+01
6.143290328979492188e+01
4.222694015502929688e+01
7.409594726562500000e+01
5.518490600585937500e+01
6.086392974853515625e+01
6.078927230834960938e+01
6.243050384521484375e+01
4.617773437500000000e+01
3.593509292602539062e+01
5.995023345947265625e+01
5.371399688720703125e+01
2.117845153808593750e+02
4.742841720581054688e+01
5.896423339843750000e+01
5.888843536376953125e+01
4.110430526733398438e+01
4.685574340820312500e+01
4.096141052246093750e+01
5.389001846313476562e+01
5.576364898681640625e+01
4.446392440795898438e+01
4.607050323486328125e+01
5.675285339355468750e+01
3.810687637329101562e+01
4.590488433837890625e+01
4.434910202026367188e+01
4.062029647827148438e+01
4.486663436889648438e+01
3.189258956909179688e+01
6.645976257324218750e+01
6.453854370117187500e+01
3.037684631347656250e+01
4.379224014282226562e+01
6.057217407226562500e+01
8.731814575195312500e+01
6.423230743408203125e+01
9.827221679687500000e+01
3.000000000000000000e+01
7.383125305175781250e+01
7.849655914306640625e+01
4.858724212646484375e+01
9.090113067626953125e+01
3.000000000000000000e+01
4.430576324462890625e+01
4.240171813964843750e+01
4.295467376708984375e+01
1.273931884765625000e+02
4.907860946655273438e+01
4.165964126586914062e+01
6.565842437744140625e+01
4.445228576660156250e+01
1.061387481689453125e+02
7.190593719482421875e+01
4.717644500732421875e+01
5.046778488159179688e+01
8.854168701171875000e+01
7.633699035644531250e+01
7.246519470214843750e+01
5.566189575195312500e+01
3.314504623413085938e+01
3.894243621826171875e+01
5.758036422729492188e+01
5.792185211181640625e+01
1.368622131347656250e+02
8.146768188476562500e+01
1.434740600585937500e+02
6.376988601684570312e+01
3.790379714965820312e+01
6.603843688964843750e+01
4.100673294067382812e+01
5.600303649902343750e+01
3.175924491882324219e+01
3.220617294311523438e+01
6.990579986572265625e+01
1.096995086669921875e+02
4.547394180297851562e+01
3.046294212341308594e+01
4.416128921508789062e+01
6.639838409423828125e+01
4.642787551879882812e+01
5.643891906738281250e+01
5.946876525878906250e+01
4.185773468017578125e+01
7.240474700927734375e+01
5.764348983764648438e+01
5.576634216308593750e+01
5.107756042480468750e+01
3.835722732543945312e+01
3.682226562500000000e+01
5.447315979003906250e+01
3.057967948913574219e+01
6.618431091308593750e+01
7.127038574218750000e+01
5.236869812011718750e+01
8.639559173583984375e+01
5.095295333862304688e+01
3.226044845581054688e+01
4.495887374877929688e+01
4.616989898681640625e+01
3.886098480224609375e+01
4.582664108276367188e+01
3.506516265869140625e+01
3.950904464721679688e+01
9.965832519531250000e+01
4.640371704101562500e+01
4.135073852539062500e+01
1.718142700195312500e+02
7.732738494873046875e+01
4.923648834228515625e+01
6.392536163330078125e+01
7.405785369873046875e+01
4.363796234130859375e+01
5.525005340576171875e+01
1.082561492919921875e+02
4.891254043579101562e+01
8.196548461914062500e+01
4.162579727172851562e+01
3.000000000000000000e+01
5.693048095703125000e+01
4.525276565551757812e+01
4.370377349853515625e+01
5.283532333374023438e+01
5.182646942138671875e+01
4.915439605712890625e+01
4.625494384765625000e+01
5.315923309326171875e+01
3.662799835205078125e+01
4.082318878173828125e+01
7.212126922607421875e+01
8.845768737792968750e+01
4.273667144775390625e+01
1.040699234008789062e+02
4.503258895874023438e+01
4.110174179077148438e+01
8.460267639160156250e+01
7.967268371582031250e+01
4.258698272705078125e+01
5.955125808715820312e+01
3.714489364624023438e+01
4.602358245849609375e+01
3.013475799560546875e+01
8.602870178222656250e+01
4.648829650878906250e+01
4.315922927856445312e+01
7.407920837402343750e+01
5.304847335815429688e+01
5.319641113281250000e+01
3.222296142578125000e+01
5.781334304809570312e+01
5.885057830810546875e+01
4.978485870361328125e+01
9.035414123535156250e+01
6.389718246459960938e+01
4.319899749755859375e+01
5.496362304687500000e+01
3.000000000000000000e+01
6.261628723144531250e+01
7.813725280761718750e+01
8.017192077636718750e+01
6.086392974853515625e+01
5.327748870849609375e+01
6.481439208984375000e+01
5.781333923339843750e+01
3.972762298583984375e+01
4.699438476562500000e+01
3.513110351562500000e+01
4.521833038330078125e+01
5.786262512207031250e+01
6.219693756103515625e+01
3.016559410095214844e+01
3.787485885620117188e+01
5.317826843261718750e+01
4.857798385620117188e+01
4.267342758178710938e+01
5.968407440185546875e+01
4.422749710083007812e+01
6.063397979736328125e+01
6.622683715820312500e+01
4.330281829833984375e+01
5.376181030273437500e+01
3.401626968383789062e+01
7.876322937011718750e+01
6.149855422973632812e+01
4.950568389892578125e+01
4.891468429565429688e+01
4.172093200683593750e+01
6.795079803466796875e+01
6.741600036621093750e+01
3.489439773559570312e+01
4.062500000000000000e+01
6.536944580078125000e+01
6.031380844116210938e+01
5.133454132080078125e+01
3.000000000000000000e+01
7.052931976318359375e+01
4.529253387451171875e+01
3.642181777954101562e+01
3.811380767822265625e+01
4.580168151855468750e+01
5.999816131591796875e+01
3.932924270629882812e+01
8.870050048828125000e+01
6.026380157470703125e+01
4.972520065307617188e+01
4.269171142578125000e+01
4.556529235839843750e+01
3.719312286376953125e+01
4.783131408691406250e+01
3.949659347534179688e+01
4.191255187988281250e+01
5.771123886108398438e+01
3.597692108154296875e+01
5.525418090820312500e+01
6.191025543212890625e+01
6.416702270507812500e+01
5.776281738281250000e+01
5.011959457397460938e+01
4.607422637939453125e+01
3.000000000000000000e+01
3.529495239257812500e+01
4.556529235839843750e+01
7.584132385253906250e+01
4.684098815917968750e+01
5.258077621459960938e+01
3.000000000000000000e+01
7.988230895996093750e+01
6.064578247070312500e+01
7.923854064941406250e+01
4.024783706665039062e+01
3.198557472229003906e+01
6.661073303222656250e+01
3.507325363159179688e+01
6.615454101562500000e+01
3.146907806396484375e+01
5.560259628295898438e+01
3.000000000000000000e+01
3.000000000000000000e+01
4.500848388671875000e+01
4.641696166992187500e+01
7.701499938964843750e+01
4.290069580078125000e+01
8.017192077636718750e+01
4.943481063842773438e+01
3.951819992065429688e+01
3.617055130004882812e+01
3.980801391601562500e+01
4.693371963500976562e+01
4.157088470458984375e+01
6.922250366210937500e+01
7.856448364257812500e+01
4.692879867553710938e+01
3.535694885253906250e+01
4.228131866455078125e+01
7.484768676757812500e+01
5.457225036621093750e+01
5.764854431152343750e+01
4.365882873535156250e+01
3.127000427246093750e+01
3.345925903320312500e+01
3.621926879882812500e+01
5.812626266479492188e+01
4.499655914306640625e+01
4.660627365112304688e+01
4.937672424316406250e+01
3.797717666625976562e+01
3.534671783447265625e+01
5.219905853271484375e+01
3.000000000000000000e+01
7.485568237304687500e+01
4.744650268554687500e+01
8.020870208740234375e+01
4.943481063842773438e+01
6.622400665283203125e+01
3.000000000000000000e+01
3.087113189697265625e+01
6.411975860595703125e+01
3.000000000000000000e+01
4.991715621948242188e+01
7.735658264160156250e+01
3.000000000000000000e+01
6.456597137451171875e+01
4.768606567382812500e+01
5.112646102905273438e+01
4.590798187255859375e+01
9.289897918701171875e+01
3.000000000000000000e+01
4.086242675781250000e+01
7.792987060546875000e+01
4.938501739501953125e+01
8.854168701171875000e+01
8.156979370117187500e+01
3.027853775024414062e+01
7.071015167236328125e+01
3.808858489990234375e+01
5.500958633422851562e+01
4.406979370117187500e+01
5.081657409667968750e+01
6.959309387207031250e+01
6.681100463867187500e+01
5.467293167114257812e+01
5.610405349731445312e+01
7.879789733886718750e+01
3.513729858398437500e+01
8.420043182373046875e+01
4.379029846191406250e+01
3.594231796264648438e+01
3.755398178100585938e+01
5.564044189453125000e+01
3.684939193725585938e+01
6.751899719238281250e+01
5.374261856079101562e+01
5.896423339843750000e+01
3.871725082397460938e+01
5.372072982788085938e+01
3.881499099731445312e+01
3.681449508666992188e+01
7.851283264160156250e+01
3.276305389404296875e+01
3.270386886596679688e+01
6.037422561645507812e+01
6.297676467895507812e+01
4.619741058349609375e+01
5.204576110839843750e+01
4.891468429565429688e+01
3.755864715576171875e+01
3.528911590576171875e+01
4.632206726074218750e+01
4.578394699096679688e+01
3.000000000000000000e+01
3.888287734985351562e+01
5.901976013183593750e+01
3.518159484863281250e+01
4.085859680175781250e+01
4.663130569458007812e+01
7.314414978027343750e+01
6.039445877075195312e+01
7.339733123779296875e+01
1.062621154785156250e+02
5.108010101318359375e+01
5.031714630126953125e+01
4.487845993041992188e+01
4.812589263916015625e+01
3.551250457763671875e+01
4.591649627685546875e+01
7.846834564208984375e+01
9.342337036132812500e+01
4.571725082397460938e+01
4.133426666259765625e+01
4.601472473144531250e+01
5.182872772216796875e+01
4.271699523925781250e+01
4.530777740478515625e+01
5.736162185668945312e+01
6.682410430908203125e+01
3.000000000000000000e+01
5.149196243286132812e+01
3.535562515258789062e+01
6.809483337402343750e+01
6.006830596923828125e+01
3.795822525024414062e+01
5.547869110107421875e+01
4.626953125000000000e+01
4.575551986694335938e+01
5.940952682495117188e+01
4.358801269531250000e+01
4.304323959350585938e+01
5.283245849609375000e+01
3.845288085937500000e+01
4.431985855102539062e+01
4.163072204589843750e+01
4.149435424804687500e+01
4.104624557495117188e+01
7.166394805908203125e+01
3.983484649658203125e+01
5.275994873046875000e+01
3.975020217895507812e+01
4.458594131469726562e+01
6.286067199707031250e+01
6.328565216064453125e+01
4.571643066406250000e+01
4.392197418212890625e+01
4.182138442993164062e+01
5.131202697753906250e+01
5.507852935791015625e+01
4.246908950805664062e+01
4.269381713867187500e+01
5.734144592285156250e+01
5.490694808959960938e+01
5.103520202636718750e+01
5.730033111572265625e+01
4.107498931884765625e+01
8.442465972900390625e+01
4.294870758056640625e+01
1.013240203857421875e+02
8.612959289550781250e+01
4.862870788574218750e+01
4.147377777099609375e+01
3.000000000000000000e+01
8.025571441650390625e+01
5.050196838378906250e+01
4.776338958740234375e+01
7.385334014892578125e+01
5.014454650878906250e+01
4.357900238037109375e+01
5.517865371704101562e+01
9.751673889160156250e+01
4.894887542724609375e+01
4.524787902832031250e+01
3.000000000000000000e+01
5.623224639892578125e+01
4.349891281127929688e+01
3.648649215698242188e+01
5.626764678955078125e+01
9.622318267822265625e+01
5.520244216918945312e+01
4.220594787597656250e+01
3.000000000000000000e+01
6.167199707031250000e+01
4.577607727050781250e+01
4.911151504516601562e+01
5.784385681152343750e+01
9.827221679687500000e+01
6.079933547973632812e+01
6.751372528076171875e+01
7.100637054443359375e+01
7.245355224609375000e+01
5.992180633544921875e+01
3.879335021972656250e+01
3.322729110717773438e+01
5.242740631103515625e+01
4.011694717407226562e+01
4.077679443359375000e+01
3.907282257080078125e+01
3.430725097656250000e+01
3.873745346069335938e+01
3.241423416137695312e+01
3.873194122314453125e+01
4.136561584472656250e+01
7.340051269531250000e+01
4.873306274414062500e+01
3.885549163818359375e+01
4.685407257080078125e+01
3.298629760742187500e+01
4.980760574340820312e+01
4.627131271362304688e+01
9.888273620605468750e+01
4.703267669677734375e+01
4.470040130615234375e+01
3.000000000000000000e+01
8.890264892578125000e+01
4.932278060913085938e+01
3.066665649414062500e+01
6.795079803466796875e+01
4.427637863159179688e+01
1.009067001342773438e+02
4.749230957031250000e+01
6.852731323242187500e+01
5.548915100097656250e+01
4.476914596557617188e+01
3.000000000000000000e+01
4.017106628417968750e+01
5.403872680664062500e+01
4.290892791748046875e+01
4.140185928344726562e+01
4.880722808837890625e+01
3.000000000000000000e+01
4.219957733154296875e+01
7.409594726562500000e+01
6.974678039550781250e+01
7.370295715332031250e+01
4.291539764404296875e+01
5.092084121704101562e+01
6.925534820556640625e+01
3.873745346069335938e+01
5.635109710693359375e+01
4.740134429931640625e+01
5.363215255737304688e+01
5.459017944335937500e+01
5.227673339843750000e+01
4.158664703369140625e+01
3.474155807495117188e+01
3.790969085693359375e+01
7.419876098632812500e+01
3.688813781738281250e+01
4.079137420654296875e+01
3.911835098266601562e+01
4.317422866821289062e+01
5.052065277099609375e+01
3.000000000000000000e+01
5.104847717285156250e+01
3.016874313354492188e+01
3.000000000000000000e+01
5.731831359863281250e+01
6.565842437744140625e+01
3.000000000000000000e+01
5.781071472167968750e+01
4.076942443847656250e+01
4.125386047363281250e+01
4.246397781372070312e+01
6.287284851074218750e+01
3.742538833618164062e+01
3.871003723144531250e+01
4.349510574340820312e+01
5.845500183105468750e+01
4.136705398559570312e+01
5.050559997558593750e+01
6.708281707763671875e+01
3.406308746337890625e+01
3.388843154907226562e+01
3.859591293334960938e+01
3.605226135253906250e+01
5.225408172607421875e+01
4.711286926269531250e+01
9.751673889160156250e+01
4.735150909423828125e+01
3.264466857910156250e+01
3.465058898925781250e+01
8.379541015625000000e+01
3.750341415405273438e+01
4.278316497802734375e+01
7.419876098632812500e+01
6.407102966308593750e+01
4.110050201416015625e+01
4.033504486083984375e+01
5.372967147827148438e+01
1.175513153076171875e+02
7.514437866210937500e+01
5.195471954345703125e+01
8.575712585449218750e+01
3.000000000000000000e+01
3.000000000000000000e+01
3.817272186279296875e+01
3.998927307128906250e+01
5.488001251220703125e+01
6.406657409667968750e+01
4.184883880615234375e+01
4.054750061035156250e+01
7.043932342529296875e+01
3.477911758422851562e+01
4.743659973144531250e+01
5.732142257690429688e+01
4.580698394775390625e+01
3.239956665039062500e+01
5.182461547851562500e+01
3.808858489990234375e+01
3.364760589599609375e+01
4.270034027099609375e+01
8.525812530517578125e+01
5.244493865966796875e+01
5.536108016967773438e+01
7.169609832763671875e+01
5.903981781005859375e+01
3.000000000000000000e+01
3.737120056152343750e+01
4.826729965209960938e+01
4.533168792724609375e+01
3.151948547363281250e+01
3.972319030761718750e+01
4.216177368164062500e+01
5.932022094726562500e+01
5.781304168701171875e+01
4.053851318359375000e+01
3.836217498779296875e+01
5.394252395629882812e+01
4.623459625244140625e+01
3.270444107055664062e+01
5.540027236938476562e+01
5.070383453369140625e+01
5.249348449707031250e+01
3.775189971923828125e+01
3.966119766235351562e+01
3.909893035888671875e+01
3.000000000000000000e+01
6.172336959838867188e+01
4.085001754760742188e+01
4.571725082397460938e+01
5.030904769897460938e+01
4.313550567626953125e+01
4.218500518798828125e+01
5.119432067871093750e+01
3.334988021850585938e+01
7.311022949218750000e+01
5.174326324462890625e+01
4.309597778320312500e+01
4.555026626586914062e+01
8.731814575195312500e+01
4.581426239013671875e+01
4.087398529052734375e+01
3.000000000000000000e+01
4.294868469238281250e+01
6.227892303466796875e+01
4.173165512084960938e+01
3.999351119995117188e+01
3.928345870971679688e+01
3.594121551513671875e+01
3.560684204101562500e+01
3.660742187500000000e+01
4.934877014160156250e+01
4.686149215698242188e+01
5.693218994140625000e+01
4.310185241699218750e+01
7.065058135986328125e+01
4.226745223999023438e+01
5.104550552368164062e+01
7.195213317871093750e+01
3.135369873046875000e+01
4.848798370361328125e+01
3.000000000000000000e+01
3.062879562377929688e+01
4.791107940673828125e+01
4.240221405029296875e+01
3.000000000000000000e+01
5.075653076171875000e+01
3.570025634765625000e+01
4.438909530639648438e+01
3.993341064453125000e+01
4.142816925048828125e+01
