5.218267822265625000e+01
6.495277404785156250e+01
4.482538604736328125e+01
4.097064971923828125e+01
5.820941543579101562e+01
6.902052307128906250e+01
3.293442916870117188e+01
6.487091827392578125e+01
5.922371292114257812e+01
1.121753005981445312e+02
4.624522399902343750e+01
1.243650054931640625e+02
5.611785125732421875e+01
4.324269104003906250e+01
3.393379592895507812e+01
6.088679504394531250e+01
7.891944885253906250e+01
4.207590484619140625e+01
4.186948776245117188e+01
1.513408050537109375e+02
3.864723205566406250e+01
9.464080810546875000e+01
3.620658874511718750e+01
4.055986785888671875e+01
4.595528411865234375e+01
7.413464355468750000e+01
3.000000000000000000e+01
6.459577941894531250e+01
1.922354431152343750e+02
5.625463104248046875e+01
5.558954238891601562e+01
4.483307647705078125e+01
4.158025360107421875e+01
8.023448181152343750e+01
4.295133590698242188e+01
4.949278259277343750e+01
7.151315307617187500e+01
5.499259185791015625e+01
4.649536132812500000e+01
3.537919616699218750e+01
5.317179870605468750e+01
3.510601806640625000e+01
5.026742553710937500e+01
4.829831314086914062e+01
3.000000000000000000e+01
3.000000000000000000e+01
3.839209747314453125e+01
6.789745330810546875e+01
1.331246032714843750e+02
6.770680236816406250e+01
4.917669677734375000e+01
3.166872787475585938e+01
6.847247314453125000e+01
4.487561035156250000e+01
1.177707519531250000e+02
4.909076309204101562e+01
7.341921234130859375e+01
5.139818572998046875e+01
6.046731948852539062e+01
7.252847290039062500e+01
6.282320404052734375e+01
8.069556427001953125e+01
3.903765487670898438e+01
8.997053527832031250e+01
9.527321624755859375e+01
5.232658767700195312e+01
5.278729629516601562e+01
3.000000000000000000e+01
4.119118881225585938e+01
5.288811492919921875e+01
6.925364685058593750e+01
3.733876037597656250e+01
9.681559753417968750e+01
3.741444396972656250e+01
6.451016998291015625e+01
3.752104949951171875e+01
5.053602218627929688e+01
5.362996292114257812e+01
4.601279067993164062e+01
5.800227355957031250e+01
3.428390502929687500e+01
7.891944885253906250e+01
5.031806182861328125e+01
1.069246444702148438e+02
1.004838104248046875e+02
3.805782318115234375e+01
3.858054733276367188e+01
4.417041397094726562e+01
5.611785125732421875e+01
6.299117660522460938e+01
4.824513244628906250e+01
5.470428466796875000e+01
7.307958221435546875e+01
5.598375320434570312e+01
8.631463623046875000e+01
9.523587036132812500e+01
6.866889953613281250e+01
4.016129302978515625e+01
6.482365417480468750e+01
4.056674957275390625e+01
1.019882049560546875e+02
6.389312744140625000e+01
1.552540740966796875e+02
3.000000000000000000e+01
4.406910705566406250e+01
8.424373626708984375e+01
3.000000000000000000e+01
5.801126098632812500e+01
4.833414459228515625e+01
3.000000000000000000e+01
4.873954391479492188e+01
4.053455352783203125e+01
7.449084472656250000e+01
1.112866363525390625e+02
3.966576766967773438e+01
4.033895111083984375e+01
9.811934661865234375e+01
4.676138305664062500e+01
8.534027099609375000e+01
5.433243942260742188e+01
4.459642028808593750e+01
5.506060028076171875e+01
4.673435974121093750e+01
4.077272033691406250e+01
4.748040008544921875e+01
5.129566955566406250e+01
6.314758300781250000e+01
6.233023071289062500e+01
4.569004058837890625e+01
7.155519104003906250e+01
4.940003585815429688e+01
1.097507247924804688e+02
6.172956848144531250e+01
3.000000000000000000e+01
6.613959503173828125e+01
5.099926757812500000e+01
1.216743698120117188e+02
4.419552612304687500e+01
3.783512115478515625e+01
7.509304046630859375e+01
4.582472610473632812e+01
9.813803100585937500e+01
6.631838226318359375e+01
5.106841278076171875e+01
6.632563781738281250e+01
4.792128753662109375e+01
7.911405944824218750e+01
9.515196228027343750e+01
5.268629455566406250e+01
1.270312042236328125e+02
5.562780380249023438e+01
7.220574951171875000e+01
5.347842025756835938e+01
9.255888366699218750e+01
5.733861541748046875e+01
1.233371429443359375e+02
3.299285125732421875e+01
1.426674804687500000e+02
3.443150711059570312e+01
6.316052246093750000e+01
4.023363494873046875e+01
5.092908477783203125e+01
4.569573593139648438e+01
4.014039230346679688e+01
7.338853454589843750e+01
3.386415100097656250e+01
5.393767929077148438e+01
5.142139053344726562e+01
3.207211685180664062e+01
1.364299468994140625e+02
4.720903396606445312e+01
5.235889434814453125e+01
3.006612968444824219e+01
3.434026718139648438e+01
5.738523101806640625e+01
7.564323425292968750e+01
4.917099761962890625e+01
5.032324981689453125e+01
7.243499755859375000e+01
4.822353744506835938e+01
6.867576599121093750e+01
5.919233703613281250e+01
6.410488128662109375e+01
5.432585906982421875e+01
3.886159896850585938e+01
3.000000000000000000e+01
3.000000000000000000e+01
6.925127410888671875e+01
6.224335861206054688e+01
3.695505523681640625e+01
4.608507537841796875e+01
6.337162017822265625e+01
7.022638702392578125e+01
4.339790344238281250e+01
4.783395385742187500e+01
4.647795867919921875e+01
3.381363677978515625e+01
8.095521545410156250e+01
1.475409240722656250e+02
7.371910095214843750e+01
6.305496978759765625e+01
1.205122909545898438e+02
7.328580474853515625e+01
5.457081222534179688e+01
5.993270111083984375e+01
4.131188201904296875e+01
5.395907211303710938e+01
4.493086242675781250e+01
1.160751342773437500e+02
3.247255706787109375e+01
4.918445587158203125e+01
9.288790893554687500e+01
4.907592773437500000e+01
3.850925827026367188e+01
3.562977218627929688e+01
4.083572387695312500e+01
5.061433029174804688e+01
5.649035263061523438e+01
3.784694290161132812e+01
4.317593002319335938e+01
3.409378814697265625e+01
6.937274169921875000e+01
1.002326812744140625e+02
4.005448913574218750e+01
4.287539291381835938e+01
4.276188659667968750e+01
5.293637466430664062e+01
1.080979156494140625e+02
6.638774871826171875e+01
8.257507324218750000e+01
3.724326324462890625e+01
4.226744079589843750e+01
5.919408416748046875e+01
6.467994689941406250e+01
4.274188995361328125e+01
7.779858398437500000e+01
4.799086761474609375e+01
5.299037551879882812e+01
6.727314758300781250e+01
4.535145187377929688e+01
4.463875579833984375e+01
1.288170013427734375e+02
1.138441314697265625e+02
6.559478759765625000e+01
9.428009033203125000e+01
3.867205810546875000e+01
4.372499084472656250e+01
1.414163818359375000e+02
1.850966339111328125e+02
5.304026794433593750e+01
6.263851547241210938e+01
4.435598754882812500e+01
4.942549514770507812e+01
9.832048034667968750e+01
5.197679901123046875e+01
5.504567718505859375e+01
4.540469360351562500e+01
4.198049545288085938e+01
3.726550674438476562e+01
1.559693908691406250e+02
4.156968688964843750e+01
5.285588073730468750e+01
4.141971969604492188e+01
4.543048095703125000e+01
1.316752929687500000e+02
5.431105804443359375e+01
1.522918701171875000e+02
7.247760772705078125e+01
7.354441833496093750e+01
6.318804168701171875e+01
6.140625000000000000e+01
5.027957916259765625e+01
6.559478759765625000e+01
6.820761108398437500e+01
1.674791564941406250e+02
5.431521987915039062e+01
6.579547882080078125e+01
8.432856750488281250e+01
1.016187896728515625e+02
1.050251541137695312e+02
5.998397827148437500e+01
7.400502014160156250e+01
5.762816619873046875e+01
4.248220825195312500e+01
4.999372863769531250e+01
4.022654342651367188e+01
3.616219711303710938e+01
5.071292877197265625e+01
3.759444046020507812e+01
4.091681671142578125e+01
3.694450378417968750e+01
3.000000000000000000e+01
3.658341598510742188e+01
8.782457733154296875e+01
4.632209014892578125e+01
3.493384552001953125e+01
5.394642639160156250e+01
3.462640762329101562e+01
4.760315704345703125e+01
5.511993408203125000e+01
4.250698852539062500e+01
3.998667144775390625e+01
4.232740020751953125e+01
8.235110473632812500e+01
7.239373779296875000e+01
4.112344360351562500e+01
7.516835784912109375e+01
6.873225402832031250e+01
7.574537658691406250e+01
1.096302947998046875e+02
1.390827026367187500e+02
3.003617858886718750e+01
1.031990127563476562e+02
1.048904342651367188e+02
9.283021545410156250e+01
3.487946319580078125e+01
3.613903045654296875e+01
1.191051025390625000e+02
5.799246978759765625e+01
6.482365417480468750e+01
4.779650878906250000e+01
5.358905410766601562e+01
3.426557922363281250e+01
4.952031707763671875e+01
3.655405807495117188e+01
4.154761505126953125e+01
4.275512695312500000e+01
3.859275817871093750e+01
9.681559753417968750e+01
4.341910934448242188e+01
7.531888580322265625e+01
4.681939697265625000e+01
5.039197540283203125e+01
4.492940902709960938e+01
4.215670013427734375e+01
4.966524505615234375e+01
6.353113555908203125e+01
5.067879104614257812e+01
3.463366699218750000e+01
3.539007949829101562e+01
5.664668273925781250e+01
9.385001373291015625e+01
4.737789916992187500e+01
7.574537658691406250e+01
4.675472259521484375e+01
4.788787078857421875e+01
1.530441589355468750e+02
3.830711364746093750e+01
3.713714599609375000e+01
1.062015686035156250e+02
1.670959472656250000e+02
1.961459960937500000e+02
4.951637268066406250e+01
8.069556427001953125e+01
3.102490806579589844e+01
9.297512817382812500e+01
6.724812316894531250e+01
3.507228469848632812e+01
1.446805572509765625e+02
5.819478607177734375e+01
6.806217193603515625e+01
1.625522613525390625e+02
4.790806579589843750e+01
6.549967193603515625e+01
9.020914459228515625e+01
3.515208435058593750e+01
7.557331848144531250e+01
1.195774536132812500e+02
3.000000000000000000e+01
6.213819122314453125e+01
6.103721237182617188e+01
4.608580017089843750e+01
1.042391204833984375e+02
1.403567352294921875e+02
3.942624664306640625e+01
1.290016937255859375e+02
9.058018493652343750e+01
5.625463485717773438e+01
7.990116882324218750e+01
8.281082153320312500e+01
3.000000000000000000e+01
3.407863998413085938e+01
3.000000000000000000e+01
4.560906982421875000e+01
6.037669372558593750e+01
1.138441314697265625e+02
4.808378601074218750e+01
4.234076309204101562e+01
5.128083038330078125e+01
2.742593688964843750e+02
4.247747039794921875e+01
4.267435455322265625e+01
3.359947586059570312e+01
3.950749969482421875e+01
4.432431793212890625e+01
6.966735839843750000e+01
7.461601257324218750e+01
1.047221984863281250e+02
7.499414825439453125e+01
4.567405700683593750e+01
5.383213806152343750e+01
4.378694915771484375e+01
1.580205841064453125e+02
3.790173721313476562e+01
4.194326782226562500e+01
5.167187500000000000e+01
4.440533447265625000e+01
6.742129516601562500e+01
6.446968078613281250e+01
1.371444702148437500e+02
7.196886444091796875e+01
1.007975311279296875e+02
5.882615280151367188e+01
4.344755554199218750e+01
7.507958984375000000e+01
3.000000000000000000e+01
6.182316589355468750e+01
7.148937225341796875e+01
3.642996597290039062e+01
3.652903747558593750e+01
9.875917053222656250e+01
3.000000000000000000e+01
4.126530456542968750e+01
1.465992126464843750e+02
5.681670379638671875e+01
5.486009597778320312e+01
7.341979980468750000e+01
4.296331024169921875e+01
7.022029876708984375e+01
9.018855285644531250e+01
5.497657394409179688e+01
7.531888580322265625e+01
2.314836425781250000e+02
4.952031707763671875e+01
1.353093566894531250e+02
4.060606765747070312e+01
4.992783355712890625e+01
9.439154052734375000e+01
6.459578704833984375e+01
5.927735137939453125e+01
7.905744171142578125e+01
3.420600128173828125e+01
7.194197082519531250e+01
5.187351226806640625e+01
6.825720214843750000e+01
4.210463714599609375e+01
4.328220367431640625e+01
6.360304260253906250e+01
1.714353637695312500e+02
1.001183776855468750e+02
5.549504089355468750e+01
5.347842025756835938e+01
4.569948577880859375e+01
5.832238388061523438e+01
7.597626495361328125e+01
4.397041320800781250e+01
1.075038452148437500e+02
1.012472381591796875e+02
3.000000000000000000e+01
8.747019958496093750e+01
9.015708160400390625e+01
5.610569000244140625e+01
4.821640396118164062e+01
5.026133728027343750e+01
4.647814559936523438e+01
1.856634521484375000e+02
3.370521926879882812e+01
5.330235290527343750e+01
5.207042694091796875e+01
4.397385025024414062e+01
1.038537216186523438e+02
3.066886901855468750e+01
4.634516143798828125e+01
1.508281402587890625e+02
7.239373779296875000e+01
8.983779907226562500e+01
5.868780517578125000e+01
3.225216674804687500e+01
5.296797943115234375e+01
9.880244445800781250e+01
8.589921569824218750e+01
7.321167755126953125e+01
6.829170227050781250e+01
3.000000000000000000e+01
5.474473190307617188e+01
8.791690826416015625e+01
4.224180221557617188e+01
3.850925827026367188e+01
7.678845977783203125e+01
8.468538665771484375e+01
6.131141662597656250e+01
5.485535812377929688e+01
4.763679122924804688e+01
3.000000000000000000e+01
4.163612365722656250e+01
3.000000000000000000e+01
3.313275146484375000e+01
3.587578582763671875e+01
4.024205780029296875e+01
5.165530014038085938e+01
4.703635406494140625e+01
4.185195922851562500e+01
9.329381561279296875e+01
5.738219451904296875e+01
4.618915176391601562e+01
4.152231979370117188e+01
5.349222564697265625e+01
5.718510437011718750e+01
4.007955932617187500e+01
3.619569778442382812e+01
7.877206420898437500e+01
3.768229293823242188e+01
5.734223937988281250e+01
3.000000000000000000e+01
5.280000305175781250e+01
3.117617416381835938e+01
3.393379974365234375e+01
1.176118850708007812e+02
5.663786315917968750e+01
3.136093521118164062e+01
7.445222473144531250e+01
4.194326782226562500e+01
7.875639343261718750e+01
3.811978149414062500e+01
4.481924057006835938e+01
1.289945678710937500e+02
4.414068603515625000e+01
1.180048370361328125e+02
1.033547134399414062e+02
4.146847915649414062e+01
4.241686248779296875e+01
9.810412597656250000e+01
3.891737365722656250e+01
5.639856719970703125e+01
4.141971969604492188e+01
1.721806335449218750e+02
4.438089752197265625e+01
4.842808532714843750e+01
5.972788619995117188e+01
3.197575378417968750e+01
4.826601409912109375e+01
1.060986022949218750e+02
3.965348052978515625e+01
6.387295150756835938e+01
4.283272552490234375e+01
4.360206222534179688e+01
3.000000000000000000e+01
5.151625061035156250e+01
4.237388610839843750e+01
4.651715850830078125e+01
3.687853622436523438e+01
3.512552642822265625e+01
4.285323715209960938e+01
5.350341033935546875e+01
4.334434890747070312e+01
3.789665985107421875e+01
5.748078536987304688e+01
5.801126098632812500e+01
7.056922912597656250e+01
1.160751342773437500e+02
6.166167831420898438e+01
1.090816574096679688e+02
8.805005645751953125e+01
1.175347900390625000e+02
4.122074508666992188e+01
5.702188873291015625e+01
3.693926239013671875e+01
4.787470626831054688e+01
7.204256439208984375e+01
7.776211547851562500e+01
8.537986755371093750e+01
8.609766387939453125e+01
3.966576766967773438e+01
3.973998260498046875e+01
6.860794067382812500e+01
8.597406005859375000e+01
3.057326698303222656e+01
5.194733428955078125e+01
3.991142272949218750e+01
3.533287048339843750e+01
9.549478912353515625e+01
4.824513244628906250e+01
5.052915191650390625e+01
4.066432189941406250e+01
4.757275009155273438e+01
6.300108718872070312e+01
9.164630126953125000e+01
3.873227691650390625e+01
3.216189193725585938e+01
3.000000000000000000e+01
1.047221984863281250e+02
5.513297271728515625e+01
4.798253250122070312e+01
5.317360687255859375e+01
6.542538452148437500e+01
4.267849731445312500e+01
5.580879211425781250e+01
6.509613037109375000e+01
7.226562500000000000e+01
3.732458114624023438e+01
7.184548950195312500e+01
6.548657226562500000e+01
7.968269348144531250e+01
8.270002746582031250e+01
4.811262512207031250e+01
3.000000000000000000e+01
6.893229675292968750e+01
7.251257324218750000e+01
4.616604614257812500e+01
5.891536712646484375e+01
5.473083496093750000e+01
3.889659118652343750e+01
5.735544204711914062e+01
4.630569458007812500e+01
3.542667770385742188e+01
5.282701492309570312e+01
7.564930725097656250e+01
6.360304641723632812e+01
4.819132995605468750e+01
5.135118103027343750e+01
3.592039489746093750e+01
8.097142028808593750e+01
1.072034225463867188e+02
7.512248229980468750e+01
3.719535064697265625e+01
1.175347900390625000e+02
4.951637649536132812e+01
6.887413787841796875e+01
8.468538665771484375e+01
3.857290267944335938e+01
3.397929000854492188e+01
7.056003570556640625e+01
4.601771545410156250e+01
4.070294952392578125e+01
2.386165924072265625e+02
4.073241806030273438e+01
3.371094894409179688e+01
4.571230316162109375e+01
1.321507110595703125e+02
5.888149642944335938e+01
5.850524139404296875e+01
1.168038787841796875e+02
4.805536270141601562e+01
1.327138214111328125e+02
7.989446258544921875e+01
1.018398361206054688e+02
3.830753326416015625e+01
3.711570358276367188e+01
7.647898101806640625e+01
7.377510070800781250e+01
7.690681457519531250e+01
5.067879104614257812e+01
4.554939270019531250e+01
3.658066558837890625e+01
4.881941986083984375e+01
6.136403656005859375e+01
5.817832183837890625e+01
3.844342422485351562e+01
7.709457397460937500e+01
7.774626159667968750e+01
4.532108306884765625e+01
3.517626953125000000e+01
5.219527053833007812e+01
3.000000000000000000e+01
5.536145782470703125e+01
1.098168869018554688e+02
4.768653106689453125e+01
7.071186065673828125e+01
5.533247375488281250e+01
5.140526962280273438e+01
3.638282775878906250e+01
9.813803100585937500e+01
6.415467071533203125e+01
7.541026306152343750e+01
1.050148010253906250e+02
5.530977630615234375e+01
4.618939208984375000e+01
3.877843093872070312e+01
4.964521408081054688e+01
5.859313201904296875e+01
6.578430175781250000e+01
1.856634521484375000e+02
5.429839324951171875e+01
6.535824584960937500e+01
5.715318298339843750e+01
5.644889068603515625e+01
4.553447341918945312e+01
4.898533630371093750e+01
5.373829650878906250e+01
7.093942260742187500e+01
7.687527465820312500e+01
3.000000000000000000e+01
3.000000000000000000e+01
5.564424133300781250e+01
9.654113006591796875e+01
6.244316101074218750e+01
1.180048370361328125e+02
4.326793670654296875e+01
4.053549194335937500e+01
4.183039093017578125e+01
6.665731811523437500e+01
1.694197845458984375e+02
6.154548645019531250e+01
5.298503875732421875e+01
5.281780242919921875e+01
3.727383422851562500e+01
3.000000000000000000e+01
7.968500518798828125e+01
3.000000000000000000e+01
3.698941040039062500e+01
5.437088394165039062e+01
7.469300842285156250e+01
4.281306076049804688e+01
1.035075683593750000e+02
3.859067535400390625e+01
4.859492492675781250e+01
5.799246978759765625e+01
7.484381103515625000e+01
5.530146408081054688e+01
4.538663482666015625e+01
4.486540985107421875e+01
3.000000000000000000e+01
3.238423156738281250e+01
3.790173721313476562e+01
3.982644271850585938e+01
6.135774612426757812e+01
5.681670379638671875e+01
4.482594299316406250e+01
3.000000000000000000e+01
3.601710128784179688e+01
4.267435455322265625e+01
4.513742065429687500e+01
1.232996139526367188e+02
3.000000000000000000e+01
6.148468017578125000e+01
9.733436584472656250e+01
5.557336425781250000e+01
3.459446334838867188e+01
4.934922790527343750e+01
6.316052246093750000e+01
7.104769134521484375e+01
5.090130615234375000e+01
6.323266601562500000e+01
5.871385955810546875e+01
5.956571197509765625e+01
6.071883010864257812e+01
4.771191024780273438e+01
6.473184967041015625e+01
4.618895339965820312e+01
5.296797943115234375e+01
6.119416809082031250e+01
3.279110336303710938e+01
3.659769058227539062e+01
5.042049026489257812e+01
5.452484130859375000e+01
4.816316986083984375e+01
4.760315704345703125e+01
5.619448852539062500e+01
4.693090057373046875e+01
6.757117462158203125e+01
8.672836303710937500e+01
6.327227020263671875e+01
8.854103088378906250e+01
4.666139221191406250e+01
4.535145187377929688e+01
4.015388488769531250e+01
6.328726196289062500e+01
7.589173126220703125e+01
6.059563446044921875e+01
7.628574371337890625e+01
3.315589141845703125e+01
8.567465972900390625e+01
4.711889266967773438e+01
5.750490570068359375e+01
9.970107269287109375e+01
1.513408050537109375e+02
9.882928466796875000e+01
3.668117904663085938e+01
4.003468704223632812e+01
4.698898315429687500e+01
4.588457489013671875e+01
1.001183776855468750e+02
7.429277801513671875e+01
6.672285461425781250e+01
1.087174224853515625e+02
5.219527053833007812e+01
5.171281433105468750e+01
4.650203323364257812e+01
6.032648086547851562e+01
6.284428024291992188e+01
3.521436691284179688e+01
4.979913711547851562e+01
9.662401580810546875e+01
5.581061553955078125e+01
4.461346435546875000e+01
9.324208831787109375e+01
4.059087371826171875e+01
3.845731353759765625e+01
5.288811111450195312e+01
5.208417510986328125e+01
5.683049774169921875e+01
4.538663482666015625e+01
2.280048675537109375e+02
6.338016891479492188e+01
4.656639099121093750e+01
4.266250991821289062e+01
4.637409973144531250e+01
1.139163589477539062e+02
3.955633544921875000e+01
4.328201675415039062e+01
5.574659729003906250e+01
3.844342422485351562e+01
8.535572052001953125e+01
4.420096588134765625e+01
5.921116256713867188e+01
5.624254608154296875e+01
4.918534088134765625e+01
4.429608917236328125e+01
4.435955810546875000e+01
4.969901275634765625e+01
6.439472961425781250e+01
2.005086212158203125e+02
3.531114578247070312e+01
5.056373214721679688e+01
6.374902343750000000e+01
5.351473617553710938e+01
4.589459991455078125e+01
3.794646453857421875e+01
4.345140457153320312e+01
5.452245712280273438e+01
3.802439498901367188e+01
5.660466384887695312e+01
5.523030471801757812e+01
3.205533218383789062e+01
4.625975799560546875e+01
3.000000000000000000e+01
4.146847915649414062e+01
4.430430603027343750e+01
3.281555938720703125e+01
6.016411590576171875e+01
7.297567749023437500e+01
3.000000000000000000e+01
3.797973632812500000e+01
5.394642639160156250e+01
7.729824066162109375e+01
5.656943511962890625e+01
1.030564193725585938e+02
3.000000000000000000e+01
7.321167755126953125e+01
8.064894866943359375e+01
5.054595184326171875e+01
9.970107269287109375e+01
3.424395370483398438e+01
4.269574737548828125e+01
3.949545669555664062e+01
4.068978881835937500e+01
1.295049285888671875e+02
5.153311157226562500e+01
4.597932815551757812e+01
7.409191894531250000e+01
4.036444091796875000e+01
9.814080810546875000e+01
7.320659637451171875e+01
4.340704727172851562e+01
4.090396881103515625e+01
8.518259429931640625e+01
8.226109313964843750e+01
7.654999542236328125e+01
6.694016265869140625e+01
3.238115692138671875e+01
3.762966537475585938e+01
5.572556304931640625e+01
6.844622039794921875e+01
1.189805526733398438e+02
8.827751159667968750e+01
1.252842559814453125e+02
6.119036865234375000e+01
3.628234481811523438e+01
5.186262893676757812e+01
3.679189682006835938e+01
5.456669998168945312e+01
3.000000000000000000e+01
3.000000000000000000e+01
8.218427276611328125e+01
1.080211715698242188e+02
4.954516601562500000e+01
3.000000000000000000e+01
4.386210632324218750e+01
7.080635070800781250e+01
4.276011276245117188e+01
4.872990036010742188e+01
6.578429412841796875e+01
3.973697662353515625e+01
7.811750793457031250e+01
3.000000000000000000e+01
5.704758834838867188e+01
5.703160858154296875e+01
3.192629432678222656e+01
3.691038513183593750e+01
5.529559707641601562e+01
3.000000000000000000e+01
6.273976898193359375e+01
7.297171020507812500e+01
5.326689147949218750e+01
9.428009033203125000e+01
5.920524597167968750e+01
3.382546997070312500e+01
3.807785797119140625e+01
4.442644500732421875e+01
3.699846649169921875e+01
4.003068542480468750e+01
3.238389587402343750e+01
3.994331741333007812e+01
1.043934326171875000e+02
4.567405700683593750e+01
4.051377105712890625e+01
1.714353637695312500e+02
8.168650817871093750e+01
4.608731079101562500e+01
6.511518096923828125e+01
6.933868408203125000e+01
4.185195922851562500e+01
5.013897705078125000e+01
1.127747039794921875e+02
4.271664428710937500e+01
8.865665435791015625e+01
4.601279067993164062e+01
3.068005561828613281e+01
6.299117660522460938e+01
4.897190093994140625e+01
4.640358352661132812e+01
5.650019836425781250e+01
5.260147857666015625e+01
5.237076568603515625e+01
4.623802566528320312e+01
5.819478607177734375e+01
3.834004592895507812e+01
3.862284851074218750e+01
8.025983428955078125e+01
9.463164520263671875e+01
3.845008468627929688e+01
9.682289886474609375e+01
4.631623840332031250e+01
3.724019622802734375e+01
8.869647216796875000e+01
9.072786712646484375e+01
4.719884490966796875e+01
6.320262908935546875e+01
5.042945098876953125e+01
5.996400451660156250e+01
3.000000000000000000e+01
6.464571380615234375e+01
5.010630798339843750e+01
4.349266433715820312e+01
5.868780517578125000e+01
5.084334182739257812e+01
5.907426834106445312e+01
3.000000000000000000e+01
5.496136474609375000e+01
6.182691955566406250e+01
5.433243942260742188e+01
7.283103179931640625e+01
7.082203674316406250e+01
3.652770996093750000e+01
5.249939346313476562e+01
3.106265258789062500e+01
6.653433227539062500e+01
6.314758300781250000e+01
7.616775512695312500e+01
5.921116256713867188e+01
5.617176437377929688e+01
7.096302795410156250e+01
5.496136474609375000e+01
4.439500045776367188e+01
4.719929504394531250e+01
4.269150543212890625e+01
4.960925674438476562e+01
6.144430541992187500e+01
6.067745208740234375e+01
3.000000000000000000e+01
4.156968688964843750e+01
4.625636291503906250e+01
4.537529754638671875e+01
3.567321395874023438e+01
6.154643249511718750e+01
4.341129684448242188e+01
5.737257385253906250e+01
6.898556518554687500e+01
4.253080749511718750e+01
5.054180908203125000e+01
4.143697738647460938e+01
8.126644134521484375e+01
5.981327819824218750e+01
4.725586700439453125e+01
4.710925674438476562e+01
4.224394607543945312e+01
6.395370483398437500e+01
7.522688293457031250e+01
3.000000000000000000e+01
4.506990814208984375e+01
6.255651855468750000e+01
5.089523315429687500e+01
6.305496978759765625e+01
4.185479736328125000e+01
6.817182159423828125e+01
4.145644378662109375e+01
3.000000000000000000e+01
4.622983169555664062e+01
4.457492065429687500e+01
6.131027984619140625e+01
4.449894332885742188e+01
9.439154052734375000e+01
4.771369552612304688e+01
4.918445587158203125e+01
4.143118286132812500e+01
4.967504119873046875e+01
3.223937225341796875e+01
5.382383728027343750e+01
4.003468704223632812e+01
4.513012695312500000e+01
3.723913955688476562e+01
5.106993103027343750e+01
6.026541900634765625e+01
5.499259185791015625e+01
6.379853439331054688e+01
5.119385528564453125e+01
5.246713638305664062e+01
4.310404968261718750e+01
3.000000000000000000e+01
4.117441558837890625e+01
4.967504119873046875e+01
7.628574371337890625e+01
4.877225875854492188e+01
4.624069976806640625e+01
3.000000000000000000e+01
7.260273742675781250e+01
6.007892227172851562e+01
8.543885803222656250e+01
4.120260620117187500e+01
3.000000000000000000e+01
5.952826690673828125e+01
3.000000000000000000e+01
5.394707489013671875e+01
3.057704162597656250e+01
4.992351150512695312e+01
3.000000000000000000e+01
3.000000000000000000e+01
4.211077117919921875e+01
4.581065368652343750e+01
7.898255157470703125e+01
4.799183654785156250e+01
7.616775512695312500e+01
5.446258926391601562e+01
3.816881179809570312e+01
3.108868217468261719e+01
3.398203277587890625e+01
3.652206802368164062e+01
4.622571563720703125e+01
6.378299331665039062e+01
7.461601257324218750e+01
4.481924057006835938e+01
3.410070800781250000e+01
3.821205139160156250e+01
8.301960754394531250e+01
5.649457168579101562e+01
4.005038452148437500e+01
3.690965270996093750e+01
3.474501419067382812e+01
3.668750762939453125e+01
3.279110336303710938e+01
6.029958724975585938e+01
4.273763656616210938e+01
4.792048645019531250e+01
3.635539245605468750e+01
3.729941558837890625e+01
3.445977020263671875e+01
5.228773498535156250e+01
3.000000000000000000e+01
8.464808654785156250e+01
4.630226135253906250e+01
7.509304046630859375e+01
5.446258926391601562e+01
7.036151123046875000e+01
3.000000000000000000e+01
3.463749694824218750e+01
5.562304687500000000e+01
3.000000000000000000e+01
4.580488967895507812e+01
7.302386474609375000e+01
3.252301025390625000e+01
4.930322647094726562e+01
4.747550201416015625e+01
4.241686248779296875e+01
5.355852127075195312e+01
7.499414062500000000e+01
3.402744293212890625e+01
3.871015548706054688e+01
7.367974853515625000e+01
4.276441955566406250e+01
8.518259429931640625e+01
8.947727966308593750e+01
3.000000000000000000e+01
6.461763763427734375e+01
3.972977066040039062e+01
5.927735137939453125e+01
5.679833984375000000e+01
3.858517456054687500e+01
7.779858398437500000e+01
6.446968078613281250e+01
4.770819854736328125e+01
6.258438873291015625e+01
7.442658233642578125e+01
3.270046615600585938e+01
8.821395874023437500e+01
4.840767288208007812e+01
3.770110321044921875e+01
3.833280944824218750e+01
4.945503997802734375e+01
3.000000000000000000e+01
6.606968688964843750e+01
4.365341949462890625e+01
5.056373214721679688e+01
4.113089752197265625e+01
4.134430694580078125e+01
4.764671325683593750e+01
3.197055053710937500e+01
7.604266357421875000e+01
4.079733276367187500e+01
4.438901519775390625e+01
6.093116378784179688e+01
6.428987121582031250e+01
4.631576156616210938e+01
4.348237609863281250e+01
4.710925292968750000e+01
3.656109237670898438e+01
3.696107482910156250e+01
3.977253341674804688e+01
4.860829162597656250e+01
3.385387420654296875e+01
3.628621673583984375e+01
5.564423751831054688e+01
4.483657836914062500e+01
4.651715850830078125e+01
4.132117080688476562e+01
7.639788055419921875e+01
4.079095077514648438e+01
6.364118576049804688e+01
1.016218109130859375e+02
5.060474014282226562e+01
5.235889434814453125e+01
4.375549316406250000e+01
4.302636718750000000e+01
3.267641448974609375e+01
4.838657760620117188e+01
5.417922973632812500e+01
1.050148010253906250e+02
3.087035751342773438e+01
3.866533279418945312e+01
4.642908477783203125e+01
5.380079650878906250e+01
3.406692504882812500e+01
4.826601409912109375e+01
5.208417510986328125e+01
6.102725982666015625e+01
3.000000000000000000e+01
4.896395492553710938e+01
3.460789489746093750e+01
4.873767089843750000e+01
5.735544204711914062e+01
3.000000000000000000e+01
5.127983856201171875e+01
5.084328460693359375e+01
3.235962677001953125e+01
4.978844833374023438e+01
5.077130889892578125e+01
4.389767837524414062e+01
6.244316101074218750e+01
4.074876022338867188e+01
3.884091186523437500e+01
4.553447341918945312e+01
4.433813858032226562e+01
5.457081222534179688e+01
4.694730758666992188e+01
4.079954147338867188e+01
5.812275695800781250e+01
3.749569320678710938e+01
5.217361450195312500e+01
4.758293151855468750e+01
3.398445892333984375e+01
4.618219757080078125e+01
5.137599563598632812e+01
3.799312591552734375e+01
5.569718551635742188e+01
5.388841247558593750e+01
4.122074508666992188e+01
4.150747680664062500e+01
5.727578735351562500e+01
5.462110137939453125e+01
4.092227935791015625e+01
6.408665466308593750e+01
3.444359207153320312e+01
5.606695938110351562e+01
3.960028457641601562e+01
1.030089721679687500e+02
8.750679016113281250e+01
4.767356491088867188e+01
5.033071899414062500e+01
3.000000000000000000e+01
8.132493591308593750e+01
3.000000000000000000e+01
4.874792098999023438e+01
7.836431121826171875e+01
5.150172424316406250e+01
4.830175399780273438e+01
5.923294830322265625e+01
9.898503112792968750e+01
3.661009216308593750e+01
3.716707992553710938e+01
3.000000000000000000e+01
5.568546295166015625e+01
4.362940216064453125e+01
3.160280036926269531e+01
4.881088638305664062e+01
7.686213684082031250e+01
5.209769439697265625e+01
4.222279357910156250e+01
4.780370330810546875e+01
6.092045593261718750e+01
4.739337539672851562e+01
4.442578887939453125e+01
5.734115982055664062e+01
1.030564193725585938e+02
5.912869644165039062e+01
7.499790954589843750e+01
7.133232116699218750e+01
6.952673339843750000e+01
6.198372268676757812e+01
3.679399871826171875e+01
3.458103942871093750e+01
5.572975921630859375e+01
4.402991485595703125e+01
5.231756591796875000e+01
3.145108413696289062e+01
3.396035385131835938e+01
3.415200805664062500e+01
3.000000000000000000e+01
4.785413360595703125e+01
4.653646469116210938e+01
7.327510070800781250e+01
4.615342712402343750e+01
3.471749114990234375e+01
4.475511932373046875e+01
3.391324234008789062e+01
4.890090942382812500e+01
5.182137298583984375e+01
6.631838226318359375e+01
4.772469329833984375e+01
4.324269104003906250e+01
3.000000000000000000e+01
5.474473190307617188e+01
4.615738296508789062e+01
3.000000000000000000e+01
6.395370483398437500e+01
3.684210586547851562e+01
9.086257934570312500e+01
4.248340606689453125e+01
6.074954223632812500e+01
5.842194366455078125e+01
4.334723281860351562e+01
3.117612075805664062e+01
3.786358261108398438e+01
5.423961639404296875e+01
4.344755554199218750e+01
4.521381759643554688e+01
4.064621734619140625e+01
3.000000000000000000e+01
4.345292663574218750e+01
8.535572052001953125e+01
6.637759399414062500e+01
6.873225402832031250e+01
3.670718002319335938e+01
4.192683410644531250e+01
5.764827728271484375e+01
3.415200805664062500e+01
5.734109497070312500e+01
4.908507156372070312e+01
5.751501464843750000e+01
4.189295196533203125e+01
4.869873046875000000e+01
3.746614074707031250e+01
3.400841522216796875e+01
3.014607620239257812e+01
7.000959777832031250e+01
3.595944213867187500e+01
3.904125213623046875e+01
3.694348144531250000e+01
4.507796096801757812e+01
5.385608673095703125e+01
3.000000000000000000e+01
4.788787078857421875e+01
4.115676879882812500e+01
3.000000000000000000e+01
5.432585906982421875e+01
7.409191894531250000e+01
3.000000000000000000e+01
5.762439346313476562e+01
3.963817977905273438e+01
4.041514968872070312e+01
4.174175262451171875e+01
4.411863327026367188e+01
3.760197448730468750e+01
3.821255493164062500e+01
3.967358016967773438e+01
4.486984252929687500e+01
3.591584777832031250e+01
3.892561340332031250e+01
4.931774520874023438e+01
3.491315078735351562e+01
3.089591789245605469e+01
3.978085327148437500e+01
3.478331756591796875e+01
5.647021102905273438e+01
4.991052627563476562e+01
9.898503112792968750e+01
3.135157775878906250e+01
3.616812133789062500e+01
3.000000000000000000e+01
8.588177490234375000e+01
3.197575378417968750e+01
3.884179687500000000e+01
7.000959777832031250e+01
5.318634414672851562e+01
4.426606369018554688e+01
3.952663040161132812e+01
5.165530014038085938e+01
1.080299987792968750e+02
5.793127059936523438e+01
5.845210647583007812e+01
7.346282958984375000e+01
3.000000000000000000e+01
3.122435188293457031e+01
4.378563690185546875e+01
3.423375701904296875e+01
5.459606170654296875e+01
5.664272308349609375e+01
4.328538513183593750e+01
3.143275642395019531e+01
8.253440856933593750e+01
3.177757072448730469e+01
5.377054214477539062e+01
5.479560089111328125e+01
4.969611740112304688e+01
4.014630889892578125e+01
3.719535064697265625e+01
3.972977066040039062e+01
3.202186965942382812e+01
4.486031341552734375e+01
8.530965423583984375e+01
4.068768310546875000e+01
5.145234680175781250e+01
7.506316375732421875e+01
5.715233612060546875e+01
4.251594543457031250e+01
3.648110198974609375e+01
4.756601333618164062e+01
4.684609222412109375e+01
3.398394775390625000e+01
3.579985046386718750e+01
4.477273178100585938e+01
5.909777832031250000e+01
6.343832397460937500e+01
4.344950103759765625e+01
3.000000000000000000e+01
4.496870422363281250e+01
4.208256530761718750e+01
4.708736419677734375e+01
4.638677978515625000e+01
4.842409515380859375e+01
4.628633880615234375e+01
3.298442077636718750e+01
3.354481506347656250e+01
4.105704116821289062e+01
3.000000000000000000e+01
5.358507919311523438e+01
3.944451141357421875e+01
3.087035942077636719e+01
5.683049774169921875e+01
3.868774032592773438e+01
4.276885223388671875e+01
4.875466156005859375e+01
3.332886505126953125e+01
7.714062500000000000e+01
4.170282745361328125e+01
4.158959960937500000e+01
4.742103576660156250e+01
7.729824066162109375e+01
4.431724166870117188e+01
3.741642761230468750e+01
3.000000000000000000e+01
3.542720031738281250e+01
4.785353088378906250e+01
4.019196319580078125e+01
3.921727371215820312e+01
3.000000000000000000e+01
3.000000000000000000e+01
3.000000000000000000e+01
3.333441543579101562e+01
4.931845855712890625e+01
4.059857177734375000e+01
4.998752975463867188e+01
3.910863494873046875e+01
5.978655242919921875e+01
4.464467239379882812e+01
4.647082519531250000e+01
6.254714202880859375e+01
3.144279670715332031e+01
5.621475219726562500e+01
3.000000000000000000e+01
3.153512763977050781e+01
4.963328552246093750e+01
4.474577713012695312e+01
3.075143432617187500e+01
4.262600326538085938e+01
3.305360412597656250e+01
3.543239974975585938e+01
3.647996520996093750e+01
3.975885009765625000e+01
