5.284358978271484375e+01
6.875366973876953125e+01
4.017488479614257812e+01
4.180110168457031250e+01
5.593618011474609375e+01
8.024076843261718750e+01
3.085255813598632812e+01
7.200836181640625000e+01
6.195793914794921875e+01
1.376754150390625000e+02
4.774067687988281250e+01
1.333280792236328125e+02
5.122682571411132812e+01
4.477746200561523438e+01
4.795108032226562500e+01
6.575264739990234375e+01
6.718464660644531250e+01
4.269173049926757812e+01
4.283859252929687500e+01
1.386284637451171875e+02
3.975543594360351562e+01
8.897830200195312500e+01
3.000000000000000000e+01
4.854911041259765625e+01
4.198581695556640625e+01
7.562950897216796875e+01
3.284819793701171875e+01
6.598270416259765625e+01
1.796455993652343750e+02
4.407538986206054688e+01
5.259305953979492188e+01
5.172939682006835938e+01
3.763800048828125000e+01
8.998062133789062500e+01
4.553434753417968750e+01
5.223479843139648438e+01
6.920781707763671875e+01
5.695796966552734375e+01
4.716852951049804688e+01
3.085114288330078125e+01
4.697117233276367188e+01
3.731687927246093750e+01
4.845160293579101562e+01
4.764711761474609375e+01
3.519852447509765625e+01
4.039055252075195312e+01
3.395270538330078125e+01
6.364577865600585938e+01
1.316587219238281250e+02
7.067565155029296875e+01
4.510573196411132812e+01
3.000000000000000000e+01
6.301332092285156250e+01
4.355620956420898438e+01
1.100557861328125000e+02
5.452724456787109375e+01
6.770243835449218750e+01
5.549407196044921875e+01
5.473991012573242188e+01
6.698304748535156250e+01
6.175440216064453125e+01
8.448051452636718750e+01
3.844413757324218750e+01
8.348451232910156250e+01
9.933068847656250000e+01
5.098485946655273438e+01
4.623138046264648438e+01
3.000000000000000000e+01
4.464638900756835938e+01
6.002444076538085938e+01
6.138748931884765625e+01
3.854314422607421875e+01
1.037045135498046875e+02
4.210099029541015625e+01
6.606131744384765625e+01
4.584917068481445312e+01
4.713946151733398438e+01
4.693501663208007812e+01
4.040107727050781250e+01
6.535805511474609375e+01
3.527683258056640625e+01
6.718464660644531250e+01
5.178595733642578125e+01
9.974361419677734375e+01
8.837200927734375000e+01
4.156804275512695312e+01
4.354291534423828125e+01
4.426103973388671875e+01
5.122682189941406250e+01
5.880261230468750000e+01
4.695759963989257812e+01
4.799762725830078125e+01
6.534976959228515625e+01
5.753568267822265625e+01
1.006972045898437500e+02
1.048054962158203125e+02
6.858959960937500000e+01
4.167101669311523438e+01
6.831762695312500000e+01
4.240789794921875000e+01
1.004390258789062500e+02
6.880297851562500000e+01
1.635697174072265625e+02
3.615465927124023438e+01
4.718099212646484375e+01
8.032892608642578125e+01
3.000000000000000000e+01
5.312738800048828125e+01
5.046661376953125000e+01
3.008163452148437500e+01
4.880567169189453125e+01
4.070921707153320312e+01
7.207476806640625000e+01
1.066289749145507812e+02
4.031149673461914062e+01
3.760096740722656250e+01
9.854393005371093750e+01
4.627120590209960938e+01
7.720700073242187500e+01
5.296546554565429688e+01
4.510632324218750000e+01
5.611915969848632812e+01
4.646924209594726562e+01
4.100945281982421875e+01
4.525568389892578125e+01
5.090708160400390625e+01
6.460124206542968750e+01
5.343864440917968750e+01
4.442989730834960938e+01
7.191166687011718750e+01
5.105903244018554688e+01
1.068200378417968750e+02
6.956016540527343750e+01
3.964793777465820312e+01
6.721644592285156250e+01
4.465442276000976562e+01
1.184980697631835938e+02
4.450052642822265625e+01
4.087102127075195312e+01
7.415052795410156250e+01
4.207901382446289062e+01
1.083955383300781250e+02
7.142158508300781250e+01
4.475872802734375000e+01
6.655964660644531250e+01
4.549134063720703125e+01
8.070175933837890625e+01
9.752786254882812500e+01
5.139772796630859375e+01
1.159691085815429688e+02
5.255615234375000000e+01
7.723575592041015625e+01
5.521487426757812500e+01
1.015141906738281250e+02
5.592807006835937500e+01
1.278146209716796875e+02
3.635771560668945312e+01
1.279136962890625000e+02
4.096503448486328125e+01
6.680237579345703125e+01
3.891517639160156250e+01
5.133277130126953125e+01
4.620043182373046875e+01
4.231143951416015625e+01
6.978895568847656250e+01
3.970695495605468750e+01
5.978500366210937500e+01
5.065607452392578125e+01
3.628792953491210938e+01
1.229334793090820312e+02
4.752872085571289062e+01
4.645088577270507812e+01
3.819261932373046875e+01
3.000000000000000000e+01
5.361723327636718750e+01
8.466355895996093750e+01
5.597705841064453125e+01
4.380991363525390625e+01
7.024584197998046875e+01
4.786486053466796875e+01
6.324201965332031250e+01
5.543761444091796875e+01
6.930447387695312500e+01
5.454653549194335938e+01
4.140555191040039062e+01
3.000000000000000000e+01
3.815418624877929688e+01
7.832727813720703125e+01
6.194137573242187500e+01
4.123330688476562500e+01
5.237270736694335938e+01
5.456920242309570312e+01
6.973991394042968750e+01
4.586109542846679688e+01
5.866258239746093750e+01
5.739687347412109375e+01
3.056913948059082031e+01
8.194096374511718750e+01
1.331333007812500000e+02
7.362071990966796875e+01
5.736872863769531250e+01
1.182703552246093750e+02
6.961998748779296875e+01
4.045180892944335938e+01
5.043931579589843750e+01
4.607291412353515625e+01
5.389669036865234375e+01
3.217016220092773438e+01
1.150631179809570312e+02
3.499446487426757812e+01
5.155904388427734375e+01
9.330743408203125000e+01
5.177899169921875000e+01
4.280554962158203125e+01
3.738612747192382812e+01
4.068915557861328125e+01
5.907065582275390625e+01
5.132949829101562500e+01
4.146991348266601562e+01
4.437700271606445312e+01
3.540955734252929688e+01
7.665161132812500000e+01
1.048005371093750000e+02
4.435115814208984375e+01
4.447264099121093750e+01
4.239164733886718750e+01
5.753113555908203125e+01
1.144256439208984375e+02
6.415182495117187500e+01
1.109501571655273438e+02
3.639992523193359375e+01
4.349809646606445312e+01
5.197196960449218750e+01
4.748103332519531250e+01
4.493030166625976562e+01
7.385873413085937500e+01
4.765592956542968750e+01
4.856658935546875000e+01
6.289617156982421875e+01
4.656103897094726562e+01
4.452909851074218750e+01
1.247189636230468750e+02
9.885119628906250000e+01
8.248704528808593750e+01
8.821557617187500000e+01
3.728338623046875000e+01
4.148828125000000000e+01
1.295565795898437500e+02
1.964107971191406250e+02
4.159609985351562500e+01
5.899473190307617188e+01
4.212094879150390625e+01
5.334602355957031250e+01
9.438558197021484375e+01
4.895883178710937500e+01
5.019451522827148438e+01
4.607283020019531250e+01
4.786222076416015625e+01
3.288008499145507812e+01
1.453454284667968750e+02
4.494853973388671875e+01
5.349415969848632812e+01
5.061412811279296875e+01
4.492447662353515625e+01
1.099445114135742188e+02
4.378851318359375000e+01
1.373652038574218750e+02
7.310730743408203125e+01
6.993395996093750000e+01
5.863311386108398438e+01
5.700788116455078125e+01
5.044921112060546875e+01
8.248704528808593750e+01
7.047301483154296875e+01
1.573817138671875000e+02
4.154364776611328125e+01
7.172845458984375000e+01
7.922486877441406250e+01
1.086126480102539062e+02
9.536195373535156250e+01
6.604203796386718750e+01
7.363571929931640625e+01
5.873791503906250000e+01
4.218921661376953125e+01
5.992551422119140625e+01
3.875024414062500000e+01
3.734858703613281250e+01
5.763587570190429688e+01
3.666191482543945312e+01
4.348668670654296875e+01
3.837860870361328125e+01
3.000000000000000000e+01
3.404548263549804688e+01
9.651576232910156250e+01
4.213161468505859375e+01
3.608775329589843750e+01
6.026348876953125000e+01
3.785244369506835938e+01
3.531325912475585938e+01
5.451853561401367188e+01
4.127231597900390625e+01
3.043604469299316406e+01
3.842721557617187500e+01
7.515757751464843750e+01
7.015692901611328125e+01
4.198424911499023438e+01
7.649918365478515625e+01
7.542170715332031250e+01
8.188966369628906250e+01
1.117957458496093750e+02
1.658090209960937500e+02
3.791906738281250000e+01
9.300757598876953125e+01
1.031410446166992188e+02
9.780590820312500000e+01
4.131094360351562500e+01
3.797386169433593750e+01
1.413471527099609375e+02
5.533199310302734375e+01
6.831763458251953125e+01
4.727928924560546875e+01
5.141847229003906250e+01
3.911256027221679688e+01
4.806018829345703125e+01
4.045229339599609375e+01
3.925155639648437500e+01
4.204797744750976562e+01
3.701173782348632812e+01
1.037045135498046875e+02
4.705165863037109375e+01
8.192451477050781250e+01
4.850171661376953125e+01
4.064190673828125000e+01
4.573730087280273438e+01
4.740465164184570312e+01
4.690903091430664062e+01
6.939915466308593750e+01
5.187776184082031250e+01
3.076286125183105469e+01
3.655885314941406250e+01
5.935639572143554688e+01
7.887425994873046875e+01
4.371173477172851562e+01
8.188966369628906250e+01
5.286387634277343750e+01
4.594530105590820312e+01
1.415878295898437500e+02
4.169848632812500000e+01
3.686134338378906250e+01
9.846910095214843750e+01
1.541525421142578125e+02
1.814216918945312500e+02
4.911741638183593750e+01
8.448051452636718750e+01
3.000000000000000000e+01
8.680476379394531250e+01
6.100637054443359375e+01
3.498334503173828125e+01
1.400072021484375000e+02
5.499465179443359375e+01
6.407002258300781250e+01
1.357868347167968750e+02
4.774260330200195312e+01
7.483317565917968750e+01
9.191452026367187500e+01
3.151208877563476562e+01
8.539543151855468750e+01
1.082193832397460938e+02
3.044907379150390625e+01
6.357511520385742188e+01
6.236326980590820312e+01
5.141242218017578125e+01
1.070491943359375000e+02
1.279765472412109375e+02
4.376000976562500000e+01
1.257913665771484375e+02
8.524331665039062500e+01
4.407538986206054688e+01
7.818423461914062500e+01
8.036608123779296875e+01
3.000000000000000000e+01
3.000000000000000000e+01
3.000000000000000000e+01
3.870774841308593750e+01
5.730258178710937500e+01
9.885119628906250000e+01
5.026722717285156250e+01
4.365351867675781250e+01
3.563426971435546875e+01
2.665008239746093750e+02
3.150313568115234375e+01
3.837061691284179688e+01
3.790206146240234375e+01
3.016458511352539062e+01
4.329680633544921875e+01
7.262115478515625000e+01
7.432479858398437500e+01
1.031457519531250000e+02
6.564152526855468750e+01
5.025925827026367188e+01
5.137873840332031250e+01
4.197821807861328125e+01
1.527008361816406250e+02
4.344349288940429688e+01
3.765335845947265625e+01
5.321993255615234375e+01
3.679690170288085938e+01
6.728927612304687500e+01
4.946364212036132812e+01
1.264208068847656250e+02
7.696629333496093750e+01
9.795895385742187500e+01
5.722487258911132812e+01
4.107151794433593750e+01
7.432946014404296875e+01
3.000000000000000000e+01
7.466259765625000000e+01
7.558386230468750000e+01
3.206250000000000000e+01
3.857885360717773438e+01
9.888117218017578125e+01
3.000000000000000000e+01
4.046632003784179688e+01
1.408284301757812500e+02
5.624421691894531250e+01
5.535954666137695312e+01
6.591505432128906250e+01
4.326539230346679688e+01
6.709086608886718750e+01
8.866819763183593750e+01
4.745315551757812500e+01
8.192451477050781250e+01
2.285684967041015625e+02
4.806018829345703125e+01
1.181939926147460938e+02
4.320632171630859375e+01
4.538990783691406250e+01
9.258826446533203125e+01
6.598270416259765625e+01
5.623630142211914062e+01
8.476226806640625000e+01
3.486718750000000000e+01
6.703054809570312500e+01
5.050524902343750000e+01
6.176542282104492188e+01
4.329373168945312500e+01
4.606556701660156250e+01
6.223303222656250000e+01
1.448617401123046875e+02
1.004788970947265625e+02
4.776573181152343750e+01
5.521487426757812500e+01
4.660485458374023438e+01
5.834004974365234375e+01
7.392902374267578125e+01
5.406219100952148438e+01
1.052378997802734375e+02
9.298078155517578125e+01
3.329445648193359375e+01
1.234500427246093750e+02
9.764497375488281250e+01
6.034761428833007812e+01
4.799196624755859375e+01
5.251084136962890625e+01
4.472903442382812500e+01
1.844700164794921875e+02
4.374752044677734375e+01
5.124469375610351562e+01
4.945028686523437500e+01
4.318453979492187500e+01
1.029934997558593750e+02
3.735491943359375000e+01
4.828726959228515625e+01
1.382321624755859375e+02
7.015692901611328125e+01
8.623018646240234375e+01
5.693152618408203125e+01
4.573619842529296875e+01
6.251321792602539062e+01
9.533909606933593750e+01
8.230048370361328125e+01
7.172749328613281250e+01
6.802436065673828125e+01
3.000000000000000000e+01
6.386891937255859375e+01
8.212815856933593750e+01
4.409937286376953125e+01
4.280554962158203125e+01
7.390431976318359375e+01
8.795117950439453125e+01
7.627913665771484375e+01
5.578387832641601562e+01
5.271203613281250000e+01
3.000000000000000000e+01
4.091767120361328125e+01
3.000000000000000000e+01
3.643418121337890625e+01
3.253245544433593750e+01
3.783955383300781250e+01
5.208653259277343750e+01
4.800212097167968750e+01
4.328669738769531250e+01
7.296749877929687500e+01
5.050257873535156250e+01
3.994456481933593750e+01
3.657552337646484375e+01
5.032309722900390625e+01
6.340943908691406250e+01
3.267945861816406250e+01
3.743291473388671875e+01
6.418092346191406250e+01
3.815073776245117188e+01
6.160198593139648438e+01
3.000000000000000000e+01
5.297269821166992188e+01
3.528881072998046875e+01
4.795108032226562500e+01
1.159924621582031250e+02
5.218216705322265625e+01
3.382253646850585938e+01
7.456388854980468750e+01
3.765335845947265625e+01
7.451063537597656250e+01
4.473186874389648438e+01
3.603576660156250000e+01
1.317929992675781250e+02
4.812564086914062500e+01
1.198241882324218750e+02
1.081734161376953125e+02
3.938199615478515625e+01
4.063669204711914062e+01
9.204036712646484375e+01
4.063421630859375000e+01
5.771110534667968750e+01
5.061412429809570312e+01
1.802848815917968750e+02
4.730042648315429688e+01
4.928173065185546875e+01
5.019532012939453125e+01
3.000000000000000000e+01
5.072223663330078125e+01
9.979093933105468750e+01
4.403556823730468750e+01
7.361846923828125000e+01
4.834064483642578125e+01
4.168502426147460938e+01
3.000000000000000000e+01
4.722613906860351562e+01
4.611280441284179688e+01
4.209986114501953125e+01
3.800115966796875000e+01
3.654990386962890625e+01
4.134270095825195312e+01
5.183319091796875000e+01
4.542457199096679688e+01
4.038815307617187500e+01
5.341480255126953125e+01
5.312738800048828125e+01
6.682225799560546875e+01
1.150631179809570312e+02
5.619200134277343750e+01
9.892115783691406250e+01
8.293257141113281250e+01
1.076731872558593750e+02
4.216547775268554688e+01
4.114072418212890625e+01
4.692911148071289062e+01
4.712355804443359375e+01
7.440933227539062500e+01
7.735249328613281250e+01
7.870249938964843750e+01
8.473440551757812500e+01
4.031149673461914062e+01
4.653421020507812500e+01
6.738594818115234375e+01
8.012498474121093750e+01
3.000000000000000000e+01
5.794797515869140625e+01
4.148556518554687500e+01
3.700980377197265625e+01
9.870709228515625000e+01
4.695759963989257812e+01
4.729017257690429688e+01
3.901445770263671875e+01
4.776403045654296875e+01
6.484474945068359375e+01
9.061865234375000000e+01
4.173268127441406250e+01
3.403266143798828125e+01
3.000000000000000000e+01
1.031457519531250000e+02
5.235897064208984375e+01
4.224644851684570312e+01
5.111251068115234375e+01
6.104232406616210938e+01
4.637838363647460938e+01
5.321933746337890625e+01
6.462962341308593750e+01
7.339335632324218750e+01
4.008326339721679688e+01
6.981526947021484375e+01
6.936432647705078125e+01
8.422633361816406250e+01
7.719805145263671875e+01
4.458895874023437500e+01
3.343822860717773438e+01
6.930992889404296875e+01
7.037274169921875000e+01
4.826860046386718750e+01
6.291120147705078125e+01
5.395684051513671875e+01
3.933326721191406250e+01
5.484933853149414062e+01
4.772967529296875000e+01
3.600614929199218750e+01
4.863148117065429688e+01
6.772579956054687500e+01
6.223303222656250000e+01
5.084418869018554688e+01
5.796561431884765625e+01
3.817986297607421875e+01
7.819422149658203125e+01
9.995353698730468750e+01
6.444242858886718750e+01
4.475120544433593750e+01
1.076731872558593750e+02
4.911741638183593750e+01
7.126284790039062500e+01
8.795117950439453125e+01
3.701201629638671875e+01
3.986851501464843750e+01
7.267303466796875000e+01
4.059735870361328125e+01
3.913701248168945312e+01
2.436070861816406250e+02
4.355854797363281250e+01
3.000000000000000000e+01
4.060907745361328125e+01
1.415973663330078125e+02
7.283349609375000000e+01
5.725363540649414062e+01
1.119943084716796875e+02
4.533842468261718750e+01
1.236439208984375000e+02
7.662319183349609375e+01
1.041229782104492188e+02
3.939851379394531250e+01
3.139122581481933594e+01
6.398565673828125000e+01
6.896699523925781250e+01
8.173950958251953125e+01
5.187776184082031250e+01
4.685311889648437500e+01
3.000000000000000000e+01
5.027552413940429688e+01
6.331406021118164062e+01
5.556642913818359375e+01
4.069358825683593750e+01
7.310509490966796875e+01
7.591597747802734375e+01
3.631488800048828125e+01
3.355758666992187500e+01
4.925796508789062500e+01
3.084308052062988281e+01
4.546082305908203125e+01
1.073215866088867188e+02
4.863584136962890625e+01
6.942157745361328125e+01
5.657043457031250000e+01
5.381667327880859375e+01
3.655492019653320312e+01
1.083955383300781250e+02
6.375590515136718750e+01
7.276978302001953125e+01
9.584365844726562500e+01
5.244619750976562500e+01
4.315987014770507812e+01
4.080302047729492188e+01
3.411155319213867188e+01
6.173973083496093750e+01
6.549120330810546875e+01
1.844700164794921875e+02
5.226464843750000000e+01
6.133921813964843750e+01
6.832247924804687500e+01
5.998335266113281250e+01
4.743022155761718750e+01
4.971790695190429688e+01
5.333531188964843750e+01
7.122766113281250000e+01
9.593563842773437500e+01
3.000000000000000000e+01
3.000000000000000000e+01
6.013272857666015625e+01
1.001933517456054688e+02
5.903086090087890625e+01
1.198241882324218750e+02
4.546803283691406250e+01
3.419914627075195312e+01
4.076767730712890625e+01
6.413644409179687500e+01
1.772834625244140625e+02
7.164265441894531250e+01
5.247967529296875000e+01
5.803520965576171875e+01
3.000000000000000000e+01
3.639993286132812500e+01
7.647325134277343750e+01
3.272398376464843750e+01
3.750124740600585938e+01
5.704171371459960938e+01
8.319277191162109375e+01
3.784901428222656250e+01
8.932810974121093750e+01
3.982282257080078125e+01
5.022158050537109375e+01
5.533199310302734375e+01
8.037239837646484375e+01
5.517132568359375000e+01
4.625322341918945312e+01
4.645426177978515625e+01
3.299626159667968750e+01
3.914871597290039062e+01
4.344349288940429688e+01
4.070291137695312500e+01
6.175361633300781250e+01
5.624421691894531250e+01
3.980255508422851562e+01
3.000000000000000000e+01
3.000000000000000000e+01
3.837061691284179688e+01
3.501077651977539062e+01
1.130230712890625000e+02
3.000000000000000000e+01
7.158430480957031250e+01
9.385879516601562500e+01
4.922612762451171875e+01
3.162822532653808594e+01
4.395193481445312500e+01
6.680238342285156250e+01
6.564030456542968750e+01
5.287421417236328125e+01
6.181591415405273438e+01
5.944942855834960938e+01
8.176023864746093750e+01
6.437622833251953125e+01
4.322148895263671875e+01
5.958042907714843750e+01
4.305241394042968750e+01
6.251321792602539062e+01
5.861151885986328125e+01
3.268234634399414062e+01
3.679644012451171875e+01
5.230441284179687500e+01
5.433556747436523438e+01
4.850843429565429688e+01
3.531325912475585938e+01
5.100591278076171875e+01
5.078538131713867188e+01
6.634944915771484375e+01
8.208701324462890625e+01
5.784409713745117188e+01
8.831027984619140625e+01
4.640085983276367188e+01
4.656103897094726562e+01
4.224870681762695312e+01
6.857408905029296875e+01
6.938093566894531250e+01
6.192580413818359375e+01
7.131982421875000000e+01
3.872256469726562500e+01
8.928507232666015625e+01
5.171870422363281250e+01
4.966246032714843750e+01
8.807244873046875000e+01
1.386284637451171875e+02
1.076636810302734375e+02
3.642814254760742188e+01
3.901197052001953125e+01
5.195380020141601562e+01
6.318153381347656250e+01
1.004788970947265625e+02
8.168043518066406250e+01
6.889073181152343750e+01
9.901805114746093750e+01
4.925796508789062500e+01
5.200410079956054688e+01
3.184324645996093750e+01
5.785317230224609375e+01
6.629652404785156250e+01
3.718125915527343750e+01
4.532351684570312500e+01
9.362976837158203125e+01
5.491651916503906250e+01
4.258987808227539062e+01
7.871334075927734375e+01
3.979621505737304688e+01
4.190120697021484375e+01
6.002444076538085938e+01
5.595794677734375000e+01
5.586553192138671875e+01
4.625322341918945312e+01
2.171822814941406250e+02
7.105046081542968750e+01
4.617773056030273438e+01
4.833049392700195312e+01
4.834233093261718750e+01
1.438740844726562500e+02
4.046030807495117188e+01
5.093832397460937500e+01
6.028834533691406250e+01
4.069358825683593750e+01
7.999083709716796875e+01
4.530811309814453125e+01
5.643990325927734375e+01
5.272696685791015625e+01
5.172995758056640625e+01
4.095378112792968750e+01
3.410238265991210938e+01
6.266114425659179688e+01
5.599362945556640625e+01
1.837848052978515625e+02
3.183861160278320312e+01
5.407134628295898438e+01
6.455043029785156250e+01
4.985225677490234375e+01
4.561351013183593750e+01
3.570881652832031250e+01
5.284180831909179688e+01
5.361186218261718750e+01
3.866216659545898438e+01
4.113027954101562500e+01
5.073979568481445312e+01
3.779177474975585938e+01
4.969409942626953125e+01
3.000000000000000000e+01
3.938199615478515625e+01
5.085953903198242188e+01
3.323896789550781250e+01
5.794411468505859375e+01
7.627490997314453125e+01
3.027910614013671875e+01
4.209902572631835938e+01
6.026348495483398438e+01
7.411741638183593750e+01
5.435224151611328125e+01
1.068721237182617188e+02
3.000000000000000000e+01
7.172749328613281250e+01
8.055300903320312500e+01
5.283902740478515625e+01
8.807244873046875000e+01
3.000000000000000000e+01
3.929133987426757812e+01
4.222939682006835938e+01
4.217144012451171875e+01
1.155274353027343750e+02
5.146081924438476562e+01
3.639280700683593750e+01
7.668380737304687500e+01
3.969522094726562500e+01
1.019895401000976562e+02
6.979736328125000000e+01
4.502864837646484375e+01
4.843287658691406250e+01
7.836580657958984375e+01
8.624589538574218750e+01
7.257232666015625000e+01
6.135997390747070312e+01
3.728161621093750000e+01
4.282617950439453125e+01
6.839726257324218750e+01
5.954325866699218750e+01
1.191314697265625000e+02
9.875358581542968750e+01
1.284561920166015625e+02
6.265277099609375000e+01
3.678525543212890625e+01
5.586516571044921875e+01
3.894890213012695312e+01
4.776710128784179688e+01
3.000000000000000000e+01
3.000000000000000000e+01
7.964348602294921875e+01
1.170878982543945312e+02
4.780619812011718750e+01
3.140312957763671875e+01
4.987026977539062500e+01
6.586566162109375000e+01
4.271965408325195312e+01
5.241845321655273438e+01
6.549120330810546875e+01
4.177407455444335938e+01
7.808243560791015625e+01
3.639993667602539062e+01
6.436824035644531250e+01
6.276539230346679688e+01
3.591587829589843750e+01
3.922634124755859375e+01
5.321463394165039062e+01
3.000000000000000000e+01
6.283415603637695312e+01
6.612497711181640625e+01
5.388126373291015625e+01
8.821557617187500000e+01
3.913454437255859375e+01
3.666439056396484375e+01
4.259306716918945312e+01
4.336268997192382812e+01
3.808380889892578125e+01
4.099492645263671875e+01
3.514704513549804688e+01
3.948265838623046875e+01
1.037722625732421875e+02
5.025925827026367188e+01
4.293388366699218750e+01
1.448617401123046875e+02
7.656018066406250000e+01
4.718771362304687500e+01
6.568988037109375000e+01
7.669393157958984375e+01
4.328669738769531250e+01
4.954359054565429688e+01
1.205823974609375000e+02
4.292127990722656250e+01
8.795341491699218750e+01
4.040107727050781250e+01
3.259098434448242188e+01
5.880261230468750000e+01
4.702320098876953125e+01
4.242092132568359375e+01
5.351817321777343750e+01
5.577867126464843750e+01
5.851038360595703125e+01
4.739291000366210938e+01
5.499465179443359375e+01
3.726213073730468750e+01
4.079138183593750000e+01
8.271112060546875000e+01
9.365275573730468750e+01
3.910131072998046875e+01
9.700165557861328125e+01
4.647372436523437500e+01
4.512730026245117188e+01
8.274069976806640625e+01
8.577816009521484375e+01
4.227829360961914062e+01
5.604157257080078125e+01
5.433646392822265625e+01
5.348710632324218750e+01
3.000000000000000000e+01
9.183879852294921875e+01
4.707461166381835938e+01
4.522538757324218750e+01
5.693152618408203125e+01
5.582360839843750000e+01
5.550569915771484375e+01
3.174000549316406250e+01
5.640832138061523438e+01
6.045289611816406250e+01
5.296546554565429688e+01
7.362963867187500000e+01
6.598324584960937500e+01
3.444791793823242188e+01
5.269433593750000000e+01
3.338987731933593750e+01
6.396240615844726562e+01
6.460124206542968750e+01
6.811437988281250000e+01
5.643990325927734375e+01
5.549800872802734375e+01
6.614942932128906250e+01
5.640832138061523438e+01
4.704321289062500000e+01
4.614365386962890625e+01
3.145732879638671875e+01
4.664478683471679688e+01
5.895303344726562500e+01
5.740071868896484375e+01
3.000000000000000000e+01
4.494854354858398438e+01
5.236771392822265625e+01
6.842288970947265625e+01
4.104620742797851562e+01
5.984567260742187500e+01
3.986789321899414062e+01
4.956287002563476562e+01
7.129206848144531250e+01
4.607731246948242188e+01
5.420680999755859375e+01
3.806367874145507812e+01
8.604361724853515625e+01
6.148996734619140625e+01
4.518390655517578125e+01
4.675010299682617188e+01
4.601897811889648438e+01
7.872187805175781250e+01
6.838265991210937500e+01
3.000000000000000000e+01
3.995251464843750000e+01
6.053638458251953125e+01
5.063212585449218750e+01
5.736872863769531250e+01
4.821151733398437500e+01
6.510816955566406250e+01
4.279131317138671875e+01
3.509164810180664062e+01
4.277366638183593750e+01
4.532039260864257812e+01
5.972198486328125000e+01
4.148971176147460938e+01
9.258826446533203125e+01
5.415779113769531250e+01
5.155904388427734375e+01
4.158031463623046875e+01
4.460085296630859375e+01
3.000000000000000000e+01
5.347808456420898438e+01
3.901197052001953125e+01
4.178680419921875000e+01
3.000000000000000000e+01
3.921122741699218750e+01
4.805596923828125000e+01
5.695796966552734375e+01
6.726507568359375000e+01
4.939055633544921875e+01
5.271725082397460938e+01
4.397982788085937500e+01
3.000000000000000000e+01
3.000000000000000000e+01
4.460085296630859375e+01
7.131982421875000000e+01
5.238048553466796875e+01
4.502377700805664062e+01
3.000000000000000000e+01
6.555928039550781250e+01
6.008235549926757812e+01
7.952447509765625000e+01
3.980913543701171875e+01
3.182871055603027344e+01
5.607011413574218750e+01
3.521187973022460938e+01
5.631006240844726562e+01
3.216376113891601562e+01
5.190351867675781250e+01
3.000000000000000000e+01
3.070894241333007812e+01
4.352922058105468750e+01
4.282642364501953125e+01
8.332351684570312500e+01
4.706418609619140625e+01
6.811437988281250000e+01
5.692526626586914062e+01
3.989511871337890625e+01
3.124149131774902344e+01
3.780695343017578125e+01
4.391629791259765625e+01
4.051165771484375000e+01
6.123187255859375000e+01
7.432479858398437500e+01
3.603576660156250000e+01
3.841331863403320312e+01
4.278679275512695312e+01
7.781129455566406250e+01
6.114537811279296875e+01
4.322341156005859375e+01
3.902827453613281250e+01
3.000000000000000000e+01
3.414840698242187500e+01
3.268234634399414062e+01
5.818466567993164062e+01
4.501268005371093750e+01
4.710571289062500000e+01
5.032579803466796875e+01
3.922553253173828125e+01
3.278987503051757812e+01
5.233599853515625000e+01
3.112395286560058594e+01
7.073817443847656250e+01
4.555510330200195312e+01
7.415052795410156250e+01
5.692527008056640625e+01
7.134767913818359375e+01
3.131994056701660156e+01
3.518442153930664062e+01
5.642693710327148438e+01
3.000000000000000000e+01
4.547929000854492188e+01
7.062257385253906250e+01
3.000000000000000000e+01
5.516633605957031250e+01
5.229351806640625000e+01
4.063669204711914062e+01
4.823210906982421875e+01
6.564152526855468750e+01
3.000000000000000000e+01
4.009330368041992188e+01
7.992630004882812500e+01
4.377108764648437500e+01
7.836580657958984375e+01
8.071997070312500000e+01
3.000000000000000000e+01
7.485809326171875000e+01
5.452546691894531250e+01
5.623630142211914062e+01
5.142407989501953125e+01
4.835990905761718750e+01
7.385873413085937500e+01
4.946364212036132812e+01
5.200122833251953125e+01
5.137414550781250000e+01
7.863662719726562500e+01
4.085003662109375000e+01
7.440711975097656250e+01
3.289028167724609375e+01
3.785794067382812500e+01
3.848454284667968750e+01
5.095923233032226562e+01
3.666711807250976562e+01
6.738822937011718750e+01
5.380334091186523438e+01
5.407134628295898438e+01
4.028585052490234375e+01
4.234697341918945312e+01
4.145646667480468750e+01
3.064295005798339844e+01
7.554898071289062500e+01
3.000000000000000000e+01
3.343395996093750000e+01
6.896039581298828125e+01
4.708857727050781250e+01
4.764801406860351562e+01
5.259900665283203125e+01
4.675010299682617188e+01
3.093089866638183594e+01
3.897141265869140625e+01
4.238519668579101562e+01
4.117292404174804688e+01
3.000000000000000000e+01
3.911464691162109375e+01
6.013272857666015625e+01
3.509822845458984375e+01
4.209986114501953125e+01
4.620721817016601562e+01
7.269659423828125000e+01
4.671392440795898438e+01
6.384791564941406250e+01
1.033877716064453125e+02
4.978397750854492188e+01
4.645088577270507812e+01
4.544533157348632812e+01
4.288034057617187500e+01
3.318074035644531250e+01
4.539572143554687500e+01
6.709467315673828125e+01
9.584365844726562500e+01
3.547700500488281250e+01
3.618455505371093750e+01
5.034746932983398438e+01
5.118286132812500000e+01
3.810497283935546875e+01
5.072223663330078125e+01
5.595794677734375000e+01
6.376979064941406250e+01
3.000000000000000000e+01
5.117126464843750000e+01
3.409486389160156250e+01
5.639728546142578125e+01
5.484933853149414062e+01
4.238809204101562500e+01
5.551602935791015625e+01
5.104826354980468750e+01
3.728052520751953125e+01
5.759842681884765625e+01
4.544395828247070312e+01
4.452045822143554688e+01
5.903086090087890625e+01
4.330495452880859375e+01
3.989253234863281250e+01
4.743022155761718750e+01
4.313011932373046875e+01
4.045180892944335938e+01
6.003593826293945312e+01
4.035927581787109375e+01
5.496059417724609375e+01
3.796445083618164062e+01
4.690207290649414062e+01
4.716170501708984375e+01
3.000000000000000000e+01
4.556697845458984375e+01
3.760677719116210938e+01
4.200014495849609375e+01
5.387658309936523438e+01
5.888058853149414062e+01
4.216547775268554688e+01
4.566522216796875000e+01
5.694503784179687500e+01
5.939820861816406250e+01
4.545077133178710938e+01
5.763248443603515625e+01
3.582845687866210938e+01
6.034671020507812500e+01
4.250144958496093750e+01
1.101805877685546875e+02
8.552499389648437500e+01
5.142427062988281250e+01
5.499847412109375000e+01
3.000000000000000000e+01
7.216271972656250000e+01
3.183025360107421875e+01
4.668104934692382812e+01
8.066247558593750000e+01
4.860607910156250000e+01
4.707451629638671875e+01
6.186128997802734375e+01
8.254442596435546875e+01
3.977373886108398438e+01
4.134973526000976562e+01
3.193812942504882812e+01
5.811603927612304688e+01
4.139157485961914062e+01
3.473394393920898438e+01
5.550251007080078125e+01
8.929894256591796875e+01
5.227338409423828125e+01
3.796123123168945312e+01
3.000000000000000000e+01
5.689240264892578125e+01
4.771216583251953125e+01
4.353049468994140625e+01
5.451354980468750000e+01
1.068721160888671875e+02
6.158645629882812500e+01
7.297962951660156250e+01
6.622763824462890625e+01
7.249215698242187500e+01
5.869733428955078125e+01
3.249878692626953125e+01
3.277801895141601562e+01
5.268485260009765625e+01
3.677812194824218750e+01
4.600862503051757812e+01
3.761706924438476562e+01
3.438023757934570312e+01
4.208252716064453125e+01
3.125409317016601562e+01
4.119500350952148438e+01
4.706676864624023438e+01
7.150376892089843750e+01
4.593145751953125000e+01
3.871535110473632812e+01
4.458124542236328125e+01
3.037914466857910156e+01
4.553269958496093750e+01
4.877719879150390625e+01
7.142158508300781250e+01
4.628278350830078125e+01
4.477746200561523438e+01
3.000000000000000000e+01
6.386891555786132812e+01
4.497920989990234375e+01
3.000000000000000000e+01
7.872187805175781250e+01
4.110853576660156250e+01
9.088078308105468750e+01
4.342296600341796875e+01
6.850090026855468750e+01
5.673513031005859375e+01
4.516167068481445312e+01
3.626320266723632812e+01
3.947038269042968750e+01
5.251450347900390625e+01
4.107151794433593750e+01
4.841142272949218750e+01
4.268689727783203125e+01
4.166828918457031250e+01
4.652878189086914062e+01
7.999083709716796875e+01
7.072962951660156250e+01
7.542170715332031250e+01
3.000000000000000000e+01
4.347756195068359375e+01
5.787123870849609375e+01
4.208252716064453125e+01
5.536719512939453125e+01
4.957250213623046875e+01
5.832129287719726562e+01
4.928703689575195312e+01
5.053269958496093750e+01
3.586117935180664062e+01
3.848246765136718750e+01
3.162266921997070312e+01
7.539897155761718750e+01
3.668633270263671875e+01
4.230034255981445312e+01
3.698963165283203125e+01
4.319295501708984375e+01
5.444873809814453125e+01
3.000000000000000000e+01
4.594530487060546875e+01
4.317982482910156250e+01
3.301895523071289062e+01
5.454653167724609375e+01
7.668380737304687500e+01
3.000000000000000000e+01
5.883702087402343750e+01
4.511419296264648438e+01
4.370662689208984375e+01
4.263809967041015625e+01
4.943218994140625000e+01
4.037054824829101562e+01
4.167670440673828125e+01
4.278129577636718750e+01
4.685807800292968750e+01
3.743535232543945312e+01
3.573828125000000000e+01
5.217896652221679688e+01
3.583472442626953125e+01
3.424050140380859375e+01
4.199015045166015625e+01
3.279592132568359375e+01
5.312775802612304688e+01
5.001143264770507812e+01
8.254442596435546875e+01
3.152101135253906250e+01
3.530579376220703125e+01
3.503139495849609375e+01
9.764900970458984375e+01
3.000000000000000000e+01
4.161691284179687500e+01
7.539897918701171875e+01
5.702278137207031250e+01
4.654555511474609375e+01
4.057038116455078125e+01
5.208653259277343750e+01
1.079515838623046875e+02
7.207194519042968750e+01
6.449665832519531250e+01
7.854083251953125000e+01
3.615465927124023438e+01
3.000000000000000000e+01
6.661173248291015625e+01
3.902205657958984375e+01
6.156401824951171875e+01
5.216718673706054688e+01
4.183529663085937500e+01
3.836301422119140625e+01
7.376225280761718750e+01
3.338857269287109375e+01
4.988232421875000000e+01
5.683007812500000000e+01
4.751216888427734375e+01
3.501326751708984375e+01
4.475120544433593750e+01
5.452546691894531250e+01
4.000126647949218750e+01
4.309786605834960938e+01
8.099434661865234375e+01
3.810225677490234375e+01
4.883480072021484375e+01
6.904968261718750000e+01
5.613920211791992188e+01
3.000000000000000000e+01
3.368014144897460938e+01
5.011687469482421875e+01
4.691868209838867188e+01
3.534337997436523438e+01
3.875088119506835938e+01
4.640240478515625000e+01
4.978255844116210938e+01
5.680624008178710938e+01
4.414682388305664062e+01
3.692976760864257812e+01
4.717004394531250000e+01
5.311571121215820312e+01
4.228591918945312500e+01
5.772859191894531250e+01
4.033739089965820312e+01
5.002009201049804688e+01
3.809246063232421875e+01
3.156598854064941406e+01
3.945458602905273438e+01
3.874467849731445312e+01
5.959888458251953125e+01
4.250245666503906250e+01
3.547700500488281250e+01
5.586553192138671875e+01
4.357607269287109375e+01
4.460498809814453125e+01
5.268434143066406250e+01
3.654352569580078125e+01
7.510978698730468750e+01
4.286820220947265625e+01
4.284573364257812500e+01
4.531563949584960938e+01
7.411741638183593750e+01
4.392630767822265625e+01
4.022398757934570312e+01
3.000000000000000000e+01
3.532556152343750000e+01
4.750912475585937500e+01
3.910980987548828125e+01
3.904692077636718750e+01
3.000000000000000000e+01
3.054017829895019531e+01
3.270195007324218750e+01
3.666582489013671875e+01
4.925765991210937500e+01
4.535134887695312500e+01
5.713374710083007812e+01
3.510075378417968750e+01
6.351293945312500000e+01
4.691253280639648438e+01
4.731815719604492188e+01
6.520173645019531250e+01
3.083988189697265625e+01
4.550505065917968750e+01
3.000000000000000000e+01
3.000000000000000000e+01
4.886029052734375000e+01
3.950232696533203125e+01
3.000000000000000000e+01
4.272574615478515625e+01
3.679356384277343750e+01
3.945436096191406250e+01
3.972992706298828125e+01
4.161672592163085938e+01
