5.466874694824218750e+01
6.130535888671875000e+01
3.903981018066406250e+01
4.131306457519531250e+01
5.635858917236328125e+01
7.330084228515625000e+01
3.393961715698242188e+01
7.444957733154296875e+01
5.529045104980468750e+01
1.209745483398437500e+02
4.620344161987304688e+01
1.357580566406250000e+02
4.837621688842773438e+01
4.427489089965820312e+01
3.941444778442382812e+01
6.788408660888671875e+01
6.717947387695312500e+01
4.185924148559570312e+01
4.093306732177734375e+01
1.397813415527343750e+02
4.000421905517578125e+01
9.006966400146484375e+01
3.304798507690429688e+01
4.361869049072265625e+01
4.224684906005859375e+01
6.980763244628906250e+01
3.000000000000000000e+01
7.031190490722656250e+01
1.775232543945312500e+02
5.644167709350585938e+01
6.075135803222656250e+01
5.667799758911132812e+01
3.835577774047851562e+01
1.014409027099609375e+02
5.638178634643554688e+01
6.186540985107421875e+01
6.514355468750000000e+01
5.641275787353515625e+01
4.504285430908203125e+01
3.247259521484375000e+01
4.345190429687500000e+01
3.550835418701171875e+01
4.958644104003906250e+01
5.123533630371093750e+01
3.217172622680664062e+01
5.140533828735351562e+01
3.226292037963867188e+01
6.030195617675781250e+01
1.367401123046875000e+02
5.513096237182617188e+01
4.530495834350585938e+01
3.000000000000000000e+01
5.886722183227539062e+01
4.140464019775390625e+01
9.954569244384765625e+01
5.931584930419921875e+01
7.432955932617187500e+01
5.249023437500000000e+01
6.259039306640625000e+01
6.261836242675781250e+01
5.937755966186523438e+01
8.731156921386718750e+01
3.888034820556640625e+01
7.614604949951171875e+01
8.987216949462890625e+01
5.222323608398437500e+01
4.626518630981445312e+01
3.000000000000000000e+01
4.582579040527343750e+01
5.209084320068359375e+01
5.998190307617187500e+01
3.618721008300781250e+01
7.432122802734375000e+01
3.906429290771484375e+01
6.460926055908203125e+01
4.448514938354492188e+01
4.447441482543945312e+01
4.974232482910156250e+01
4.171796417236328125e+01
6.482942199707031250e+01
3.500975418090820312e+01
6.717947387695312500e+01
4.840543746948242188e+01
8.981370544433593750e+01
8.446420288085937500e+01
3.888738632202148438e+01
4.425833892822265625e+01
4.597576904296875000e+01
4.837621688842773438e+01
5.652067565917968750e+01
4.506629943847656250e+01
5.349167633056640625e+01
6.435188293457031250e+01
5.167266464233398438e+01
7.903762817382812500e+01
8.633792114257812500e+01
6.754895019531250000e+01
3.853625488281250000e+01
7.343893432617187500e+01
3.767451095581054688e+01
9.924359130859375000e+01
6.951240539550781250e+01
1.415235137939453125e+02
3.000000000000000000e+01
4.559294128417968750e+01
7.422105407714843750e+01
3.000000000000000000e+01
5.670815658569335938e+01
4.849297332763671875e+01
3.000000000000000000e+01
4.717914581298828125e+01
4.194818496704101562e+01
7.304601287841796875e+01
9.803065490722656250e+01
3.944010543823242188e+01
3.999656677246093750e+01
1.000858764648437500e+02
4.437035369873046875e+01
7.626792907714843750e+01
5.154492950439453125e+01
4.484445571899414062e+01
5.199710845947265625e+01
4.290040206909179688e+01
4.016575241088867188e+01
4.447827911376953125e+01
5.082539367675781250e+01
6.942085266113281250e+01
5.767254638671875000e+01
4.480639648437500000e+01
6.449337768554687500e+01
5.027424240112304688e+01
1.017675018310546875e+02
6.114822387695312500e+01
3.379840469360351562e+01
5.996718978881835938e+01
4.745411300659179688e+01
1.053398056030273438e+02
4.458925247192382812e+01
3.851774597167968750e+01
7.453109741210937500e+01
4.416878509521484375e+01
9.545785522460937500e+01
8.244126129150390625e+01
5.019354248046875000e+01
6.797190093994140625e+01
4.720368957519531250e+01
8.875374603271484375e+01
9.823502349853515625e+01
5.902639770507812500e+01
1.223993072509765625e+02
5.598745727539062500e+01
6.914787292480468750e+01
4.959016418457031250e+01
9.847789001464843750e+01
5.391363906860351562e+01
1.232567291259765625e+02
3.672258758544921875e+01
1.282551116943359375e+02
3.852460098266601562e+01
6.735868835449218750e+01
3.807787322998046875e+01
5.067575836181640625e+01
4.395191955566406250e+01
4.194552612304687500e+01
7.119833374023437500e+01
3.646436691284179688e+01
5.469812011718750000e+01
4.916877746582031250e+01
3.545765686035156250e+01
1.373452758789062500e+02
4.865744018554687500e+01
4.374100494384765625e+01
4.072739791870117188e+01
3.165060424804687500e+01
5.137203979492187500e+01
7.078649902343750000e+01
5.822427749633789062e+01
4.472421264648437500e+01
7.024745178222656250e+01
4.366888809204101562e+01
6.164494323730468750e+01
5.521519470214843750e+01
6.924130249023437500e+01
5.534819030761718750e+01
3.943982696533203125e+01
3.000000000000000000e+01
3.590349578857421875e+01
8.233827209472656250e+01
5.878343200683593750e+01
3.557474517822265625e+01
4.845983123779296875e+01
6.549078369140625000e+01
6.938407897949218750e+01
4.328964996337890625e+01
5.282563018798828125e+01
5.023267745971679688e+01
3.333156967163085938e+01
7.754310607910156250e+01
1.337779235839843750e+02
7.484387207031250000e+01
5.349362182617187500e+01
1.153427276611328125e+02
6.266679382324218750e+01
5.401292037963867188e+01
4.932385635375976562e+01
4.404395294189453125e+01
5.649187850952148438e+01
3.321563720703125000e+01
1.192401885986328125e+02
3.291612243652343750e+01
5.026427841186523438e+01
9.554674530029296875e+01
4.852329254150390625e+01
4.208479309082031250e+01
3.631623077392578125e+01
4.027447509765625000e+01
5.423941802978515625e+01
5.074127960205078125e+01
3.856953430175781250e+01
4.239333343505859375e+01
3.258718490600585938e+01
7.552754974365234375e+01
1.025081558227539062e+02
4.322313690185546875e+01
4.311811065673828125e+01
4.293989181518554688e+01
5.267862319946289062e+01
1.091070251464843750e+02
6.397177886962890625e+01
1.068598937988281250e+02
3.393519973754882812e+01
4.271435546875000000e+01
5.021954727172851562e+01
4.232709121704101562e+01
5.073360443115234375e+01
6.910713195800781250e+01
4.565737533569335938e+01
4.684833526611328125e+01
6.523474884033203125e+01
4.934051895141601562e+01
4.354573822021484375e+01
1.240277023315429688e+02
8.929714965820312500e+01
7.242071533203125000e+01
9.173822784423828125e+01
4.105253601074218750e+01
4.582713699340820312e+01
1.359640960693359375e+02
1.708584442138671875e+02
4.352945327758789062e+01
5.952339935302734375e+01
3.936169815063476562e+01
5.762002563476562500e+01
9.868384552001953125e+01
4.132608032226562500e+01
5.327151107788085938e+01
4.370759582519531250e+01
4.061347961425781250e+01
3.300520324707031250e+01
1.642012481689453125e+02
4.041674804687500000e+01
5.078525161743164062e+01
4.404717254638671875e+01
4.249348068237304688e+01
1.310653686523437500e+02
5.170329666137695312e+01
1.435907897949218750e+02
7.636032867431640625e+01
6.210871887207031250e+01
6.230917358398437500e+01
5.846870803833007812e+01
4.615785217285156250e+01
7.242072296142578125e+01
6.092225265502929688e+01
1.544736938476562500e+02
4.124696350097656250e+01
7.244614410400390625e+01
7.614761352539062500e+01
1.020205307006835938e+02
1.008830718994140625e+02
6.133280944824218750e+01
7.133947753906250000e+01
5.437260437011718750e+01
4.006771850585937500e+01
6.326676177978515625e+01
3.828110504150390625e+01
4.163722229003906250e+01
5.272761154174804688e+01
3.963668060302734375e+01
3.792715072631835938e+01
3.721758651733398438e+01
3.000000000000000000e+01
3.936496734619140625e+01
9.936799621582031250e+01
3.817152023315429688e+01
3.000000000000000000e+01
5.419222259521484375e+01
4.310298919677734375e+01
4.062963867187500000e+01
5.487137603759765625e+01
3.897321701049804688e+01
3.135284042358398438e+01
4.086604309082031250e+01
7.816220855712890625e+01
6.677746582031250000e+01
4.221148681640625000e+01
7.224759674072265625e+01
6.990781402587890625e+01
7.605284118652343750e+01
1.097828216552734375e+02
1.511203002929687500e+02
3.600389480590820312e+01
8.922951507568359375e+01
9.966322326660156250e+01
9.302452850341796875e+01
3.879154586791992188e+01
3.713181304931640625e+01
1.307349548339843750e+02
5.616527938842773438e+01
7.343893432617187500e+01
4.357189941406250000e+01
5.093902587890625000e+01
3.685035705566406250e+01
4.581740188598632812e+01
4.015188598632812500e+01
4.167331695556640625e+01
3.889726638793945312e+01
3.659465408325195312e+01
7.432122802734375000e+01
4.464195251464843750e+01
7.596495056152343750e+01
4.797965240478515625e+01
4.560366058349609375e+01
4.402492523193359375e+01
5.260388946533203125e+01
4.741390228271484375e+01
7.018189239501953125e+01
4.667863464355468750e+01
3.000000000000000000e+01
3.486503219604492188e+01
5.935794830322265625e+01
7.858771514892578125e+01
4.459249877929687500e+01
7.605284118652343750e+01
4.767566680908203125e+01
4.648114013671875000e+01
1.511472778320312500e+02
3.793345260620117188e+01
3.368107223510742188e+01
1.047127227783203125e+02
1.586049194335937500e+02
1.763081359863281250e+02
5.348598861694335938e+01
8.731156921386718750e+01
3.000000000000000000e+01
9.644760894775390625e+01
5.832173156738281250e+01
3.235951995849609375e+01
1.354346008300781250e+02
5.315447616577148438e+01
6.498362731933593750e+01
1.539823150634765625e+02
5.334919357299804688e+01
6.749678802490234375e+01
9.146791076660156250e+01
3.021431732177734375e+01
8.317281341552734375e+01
1.144439926147460938e+02
3.000000000000000000e+01
6.105002212524414062e+01
6.472686004638671875e+01
4.947382736206054688e+01
9.487969970703125000e+01
1.325847320556640625e+02
4.842407226562500000e+01
1.249257583618164062e+02
8.512696838378906250e+01
5.644167709350585938e+01
8.896426391601562500e+01
7.503703308105468750e+01
3.000000000000000000e+01
3.125344276428222656e+01
3.000000000000000000e+01
4.139829635620117188e+01
5.531661987304687500e+01
8.929714965820312500e+01
4.628540802001953125e+01
4.438923645019531250e+01
4.423119354248046875e+01
2.570580139160156250e+02
3.716882324218750000e+01
4.343096160888671875e+01
3.510924148559570312e+01
3.108697891235351562e+01
4.509033966064453125e+01
6.547417449951171875e+01
7.166579437255859375e+01
1.033462219238281250e+02
8.265647125244140625e+01
4.514397430419921875e+01
4.905120468139648438e+01
4.351430511474609375e+01
1.513623657226562500e+02
3.934921646118164062e+01
3.763500213623046875e+01
5.492287063598632812e+01
3.555361175537109375e+01
6.662839508056640625e+01
6.035119247436523438e+01
1.265249938964843750e+02
7.510683441162109375e+01
9.254830932617187500e+01
5.154822540283203125e+01
4.379978942871093750e+01
7.595729064941406250e+01
3.000000000000000000e+01
6.482228851318359375e+01
7.563999176025390625e+01
3.457050323486328125e+01
4.231768035888671875e+01
9.252014160156250000e+01
3.000000000000000000e+01
4.069794464111328125e+01
1.363699188232421875e+02
5.926635360717773438e+01
5.212540435791015625e+01
6.344457244873046875e+01
4.314151763916015625e+01
6.350815582275390625e+01
8.888753509521484375e+01
4.328517913818359375e+01
7.596495056152343750e+01
1.967744445800781250e+02
4.581740188598632812e+01
1.198828277587890625e+02
4.593969345092773438e+01
4.900864028930664062e+01
9.408713531494140625e+01
7.031190490722656250e+01
5.420437622070312500e+01
8.183546447753906250e+01
4.001900863647460938e+01
6.494922637939453125e+01
5.072019195556640625e+01
6.245063781738281250e+01
4.167113494873046875e+01
4.358557128906250000e+01
5.816813659667968750e+01
1.670352172851562500e+02
1.023575057983398438e+02
4.561524200439453125e+01
4.959016418457031250e+01
4.261320114135742188e+01
5.494550704956054688e+01
7.750839233398437500e+01
4.621041107177734375e+01
1.018601989746093750e+02
9.662118530273437500e+01
3.214829254150390625e+01
9.459187316894531250e+01
8.707092285156250000e+01
5.581354141235351562e+01
4.747001266479492188e+01
4.842906188964843750e+01
4.199520874023437500e+01
1.846406860351562500e+02
3.873501968383789062e+01
4.938965606689453125e+01
4.840916442871093750e+01
4.198839187622070312e+01
9.876049041748046875e+01
3.498832702636718750e+01
4.667104339599609375e+01
1.417335510253906250e+02
6.677746582031250000e+01
8.508728027343750000e+01
6.158557128906250000e+01
4.278854370117187500e+01
6.427384948730468750e+01
9.800782775878906250e+01
7.900572204589843750e+01
7.519707489013671875e+01
6.667029571533203125e+01
3.000000000000000000e+01
6.502226257324218750e+01
8.231738281250000000e+01
4.473767089843750000e+01
4.208479309082031250e+01
7.360363769531250000e+01
9.721438598632812500e+01
6.744507598876953125e+01
5.780961990356445312e+01
5.336492538452148438e+01
3.000000000000000000e+01
3.972597503662109375e+01
3.000000000000000000e+01
4.155189895629882812e+01
3.148256683349609375e+01
3.963258361816406250e+01
6.006665802001953125e+01
4.528208923339843750e+01
4.161774826049804688e+01
8.099085235595703125e+01
5.402298736572265625e+01
3.928754425048828125e+01
3.723426055908203125e+01
5.149151611328125000e+01
5.486956787109375000e+01
3.000000000000000000e+01
3.539712142944335938e+01
7.409845733642578125e+01
3.707704925537109375e+01
5.800766754150390625e+01
3.000000000000000000e+01
5.277355575561523438e+01
3.261909866333007812e+01
3.941445159912109375e+01
1.113485794067382812e+02
4.961560058593750000e+01
3.766222000122070312e+01
7.068698120117187500e+01
3.763500213623046875e+01
7.054167938232421875e+01
4.911776733398437500e+01
3.784593200683593750e+01
1.123469390869140625e+02
4.805331420898437500e+01
1.150462417602539062e+02
1.046787948608398438e+02
4.104735946655273438e+01
3.958529281616210938e+01
9.451007080078125000e+01
4.167524719238281250e+01
5.640788269042968750e+01
4.404717254638671875e+01
1.908488922119140625e+02
4.513680648803710938e+01
3.460408782958984375e+01
5.519631958007812500e+01
3.297817230224609375e+01
4.764790725708007812e+01
9.379586791992187500e+01
3.416305923461914062e+01
7.980614471435546875e+01
4.579378890991210938e+01
4.302754974365234375e+01
3.006843757629394531e+01
4.345657348632812500e+01
4.169941711425781250e+01
4.291365814208984375e+01
3.563856506347656250e+01
3.528750228881835938e+01
3.894795227050781250e+01
4.936593246459960938e+01
4.509062194824218750e+01
3.994778060913085938e+01
5.717647171020507812e+01
5.670815658569335938e+01
6.822752380371093750e+01
1.192401962280273438e+02
5.815647888183593750e+01
9.502224731445312500e+01
8.137817382812500000e+01
1.124437255859375000e+02
3.973694992065429688e+01
4.945449829101562500e+01
3.000000000000000000e+01
5.181268310546875000e+01
7.008578491210937500e+01
8.049977111816406250e+01
7.727264404296875000e+01
8.252544403076171875e+01
3.944010925292968750e+01
4.361816406250000000e+01
6.388301849365234375e+01
8.577566528320312500e+01
3.000000000000000000e+01
5.121836853027343750e+01
4.198340988159179688e+01
3.744279861450195312e+01
9.615106201171875000e+01
4.506629943847656250e+01
4.413188934326171875e+01
3.877849578857421875e+01
4.688704681396484375e+01
6.903470611572265625e+01
9.773674011230468750e+01
3.861580657958984375e+01
3.519194030761718750e+01
3.000000000000000000e+01
1.033462219238281250e+02
5.548546218872070312e+01
5.407040405273437500e+01
5.832114410400390625e+01
5.895571136474609375e+01
4.570996093750000000e+01
5.942588806152343750e+01
5.693660354614257812e+01
7.260813903808593750e+01
3.908007431030273438e+01
6.873316192626953125e+01
6.655189514160156250e+01
7.661114501953125000e+01
7.573962402343750000e+01
4.245731353759765625e+01
3.781170654296875000e+01
6.614123535156250000e+01
7.315199279785156250e+01
4.607435607910156250e+01
5.527322769165039062e+01
5.226011276245117188e+01
3.803062057495117188e+01
5.768402099609375000e+01
5.016822814941406250e+01
3.225950241088867188e+01
4.661044692993164062e+01
6.628382873535156250e+01
5.816813659667968750e+01
4.597019195556640625e+01
5.285711288452148438e+01
3.590106582641601562e+01
7.640050506591796875e+01
9.626000213623046875e+01
6.200585556030273438e+01
3.981830215454101562e+01
1.124437255859375000e+02
5.348598861694335938e+01
6.807202911376953125e+01
9.721438598632812500e+01
3.675769424438476562e+01
4.223980712890625000e+01
7.824952697753906250e+01
3.898338317871093750e+01
4.086425018310546875e+01
2.360513458251953125e+02
4.110848236083984375e+01
3.000000000000000000e+01
3.978346633911132812e+01
1.232928619384765625e+02
6.353127670288085938e+01
5.587326812744140625e+01
1.074414062500000000e+02
4.252500152587890625e+01
1.268501052856445312e+02
7.585625457763671875e+01
1.011186218261718750e+02
4.197851562500000000e+01
3.000000000000000000e+01
6.920586395263671875e+01
7.620509338378906250e+01
7.455226135253906250e+01
4.667863464355468750e+01
4.664931488037109375e+01
4.259626007080078125e+01
4.661338424682617188e+01
5.647647476196289062e+01
4.792602157592773438e+01
3.598814392089843750e+01
7.456800842285156250e+01
7.911228942871093750e+01
3.810534667968750000e+01
3.057954597473144531e+01
4.693772125244140625e+01
3.255090332031250000e+01
4.736508178710937500e+01
1.250543975830078125e+02
4.858662414550781250e+01
7.652017211914062500e+01
5.287860870361328125e+01
5.534331512451171875e+01
3.633559417724609375e+01
9.545785522460937500e+01
6.395637512207031250e+01
7.485025024414062500e+01
9.422416687011718750e+01
5.452856445312500000e+01
3.938186645507812500e+01
4.769955825805664062e+01
4.788066864013671875e+01
6.441857147216796875e+01
5.715980529785156250e+01
1.846406860351562500e+02
5.007941436767578125e+01
5.878452301025390625e+01
6.777959442138671875e+01
6.010649490356445312e+01
4.608784103393554688e+01
4.847430419921875000e+01
5.450305175781250000e+01
7.152216339111328125e+01
9.629237365722656250e+01
3.000000000000000000e+01
3.000000000000000000e+01
5.674609756469726562e+01
9.876145172119140625e+01
5.278545379638671875e+01
1.150462417602539062e+02
4.716522979736328125e+01
3.000000000000000000e+01
3.823606491088867188e+01
5.867885589599609375e+01
1.783316955566406250e+02
6.873002624511718750e+01
5.368584060668945312e+01
6.401175689697265625e+01
3.000000000000000000e+01
7.048710632324218750e+01
8.312435913085937500e+01
3.020665550231933594e+01
3.812412261962890625e+01
5.782275772094726562e+01
7.973124694824218750e+01
3.628045654296875000e+01
9.425093841552734375e+01
3.940749740600585938e+01
4.580189514160156250e+01
5.616528320312500000e+01
8.680090332031250000e+01
5.914047241210937500e+01
4.300389480590820312e+01
4.501934814453125000e+01
3.559621810913085938e+01
3.744252395629882812e+01
3.934921646118164062e+01
3.765575408935546875e+01
6.340875244140625000e+01
5.926634979248046875e+01
3.962048339843750000e+01
3.000000000000000000e+01
3.026833534240722656e+01
4.343096160888671875e+01
3.790934753417968750e+01
1.149102478027343750e+02
3.077149581909179688e+01
6.839474487304687500e+01
8.462863159179687500e+01
4.809754943847656250e+01
3.816901397705078125e+01
4.858041381835937500e+01
6.735868835449218750e+01
6.852574157714843750e+01
5.088947296142578125e+01
6.208694458007812500e+01
5.797316360473632812e+01
7.211741638183593750e+01
5.957551956176757812e+01
4.688026809692382812e+01
6.027556610107421875e+01
4.555593872070312500e+01
6.427384948730468750e+01
5.856589889526367188e+01
3.490231323242187500e+01
3.113497734069824219e+01
5.333906173706054688e+01
5.411615371704101562e+01
5.031534194946289062e+01
4.062963867187500000e+01
5.341562652587890625e+01
4.569843673706054688e+01
6.403474426269531250e+01
7.474625396728515625e+01
5.687075042724609375e+01
8.888224792480468750e+01
4.479997253417968750e+01
4.934051895141601562e+01
3.000000000000000000e+01
6.464865112304687500e+01
6.808511352539062500e+01
6.331523132324218750e+01
7.739270019531250000e+01
3.395820999145507812e+01
7.948495483398437500e+01
4.760948181152343750e+01
4.905063247680664062e+01
8.545821380615234375e+01
1.397813415527343750e+02
1.018932037353515625e+02
3.753542709350585938e+01
3.949728775024414062e+01
4.556332397460937500e+01
4.792681884765625000e+01
1.023575057983398438e+02
8.380958557128906250e+01
7.040718078613281250e+01
1.069292907714843750e+02
4.693772125244140625e+01
4.741055297851562500e+01
3.750558090209960938e+01
5.593358612060546875e+01
6.220845031738281250e+01
3.432826232910156250e+01
4.640564346313476562e+01
8.655708312988281250e+01
4.774234390258789062e+01
4.213484954833984375e+01
8.671719360351562500e+01
3.975983047485351562e+01
4.359331130981445312e+01
5.209084320068359375e+01
5.058205032348632812e+01
5.271856689453125000e+01
4.300389862060546875e+01
1.960451965332031250e+02
7.035057067871093750e+01
4.560880279541015625e+01
4.477325439453125000e+01
4.489088821411132812e+01
1.343853912353515625e+02
3.910838699340820312e+01
5.112596511840820312e+01
6.020716094970703125e+01
3.598814392089843750e+01
7.391227722167968750e+01
4.437686920166015625e+01
5.860987472534179688e+01
5.071385955810546875e+01
5.532568740844726562e+01
3.539363861083984375e+01
3.429652023315429688e+01
5.087187194824218750e+01
5.597539520263671875e+01
2.088638305664062500e+02
4.161035156250000000e+01
5.763618469238281250e+01
6.385260009765625000e+01
4.899916076660156250e+01
4.531109619140625000e+01
3.736561203002929688e+01
4.852378082275390625e+01
5.323320007324218750e+01
3.844340515136718750e+01
5.935565948486328125e+01
6.057717132568359375e+01
3.844345092773437500e+01
4.660249710083007812e+01
3.000000000000000000e+01
4.104735946655273438e+01
4.764091491699218750e+01
3.260038757324218750e+01
5.463742446899414062e+01
6.800802612304687500e+01
3.164144325256347656e+01
3.980486297607421875e+01
5.419222259521484375e+01
7.295410156250000000e+01
5.892247009277343750e+01
1.046536331176757812e+02
3.000000000000000000e+01
7.519707489013671875e+01
8.091892242431640625e+01
5.057807159423828125e+01
8.545821380615234375e+01
3.000000000000000000e+01
3.886222076416015625e+01
4.183173370361328125e+01
4.139982604980468750e+01
1.337766418457031250e+02
5.158335876464843750e+01
3.000000000000000000e+01
7.184468841552734375e+01
4.365210723876953125e+01
1.028879013061523438e+02
6.958787536621093750e+01
4.733339309692382812e+01
4.485654449462890625e+01
8.234254455566406250e+01
7.808065795898437500e+01
7.429471588134765625e+01
6.193452453613281250e+01
3.448704528808593750e+01
4.239102172851562500e+01
5.564746093750000000e+01
6.275444030761718750e+01
1.297586517333984375e+02
9.472691345214843750e+01
1.221376800537109375e+02
6.335883331298828125e+01
3.736736297607421875e+01
6.309980010986328125e+01
3.464234161376953125e+01
4.907014465332031250e+01
3.000000000000000000e+01
3.000000000000000000e+01
7.367504882812500000e+01
1.156314086914062500e+02
4.735371398925781250e+01
3.000000000000000000e+01
4.457742309570312500e+01
6.674147033691406250e+01
4.508332061767578125e+01
4.975263977050781250e+01
5.715980529785156250e+01
3.987056732177734375e+01
7.107331848144531250e+01
7.048710632324218750e+01
6.041487884521484375e+01
5.495373535156250000e+01
3.320669174194335938e+01
3.883446121215820312e+01
5.325099563598632812e+01
3.000000000000000000e+01
6.281676864624023438e+01
6.805178070068359375e+01
5.498798370361328125e+01
9.173822784423828125e+01
4.948175048828125000e+01
3.286098480224609375e+01
5.367749023437500000e+01
4.436086273193359375e+01
3.980189514160156250e+01
4.326230239868164062e+01
3.113967132568359375e+01
3.982938003540039062e+01
9.597731018066406250e+01
4.514397430419921875e+01
4.051974487304687500e+01
1.670352172851562500e+02
7.881475067138671875e+01
4.518274688720703125e+01
6.294931030273437500e+01
8.160388183593750000e+01
4.161774826049804688e+01
4.696652984619140625e+01
1.177435150146484375e+02
4.463936614990234375e+01
8.536436462402343750e+01
4.171796417236328125e+01
3.000000000000000000e+01
5.652067565917968750e+01
4.928042602539062500e+01
3.994777679443359375e+01
5.277637863159179688e+01
5.250292968750000000e+01
5.756857299804687500e+01
4.701560211181640625e+01
5.315447616577148438e+01
3.565206146240234375e+01
4.022286987304687500e+01
8.591537475585937500e+01
9.364048767089843750e+01
3.274613952636718750e+01
9.587521362304687500e+01
4.630407333374023438e+01
4.292938995361328125e+01
8.123735046386718750e+01
8.344743347167968750e+01
4.285462188720703125e+01
6.171253204345703125e+01
3.951626205444335938e+01
5.095713424682617188e+01
3.000000000000000000e+01
8.453749084472656250e+01
4.668954086303710938e+01
3.601076507568359375e+01
6.158557128906250000e+01
5.204177474975585938e+01
5.527792358398437500e+01
3.146057701110839844e+01
5.667243957519531250e+01
5.745409011840820312e+01
5.154492950439453125e+01
7.869390869140625000e+01
6.347485351562500000e+01
3.662434005737304688e+01
5.665872192382812500e+01
3.000000000000000000e+01
6.074505233764648438e+01
6.942085266113281250e+01
7.353894042968750000e+01
5.860987472534179688e+01
5.152888870239257812e+01
6.815605163574218750e+01
5.667243957519531250e+01
3.215973663330078125e+01
4.603194046020507812e+01
3.000000000000000000e+01
4.221394348144531250e+01
5.724781799316406250e+01
5.955727386474609375e+01
3.000000000000000000e+01
4.041674804687500000e+01
4.990132904052734375e+01
4.504737091064453125e+01
4.014535140991210938e+01
5.772028350830078125e+01
4.559756088256835938e+01
4.584788131713867188e+01
6.232492065429687500e+01
4.410037994384765625e+01
4.872655487060546875e+01
3.751765441894531250e+01
8.201412963867187500e+01
6.082326889038085938e+01
4.379090118408203125e+01
4.664667510986328125e+01
4.403740310668945312e+01
7.883415222167968750e+01
6.892546081542968750e+01
3.000000000000000000e+01
4.117240524291992188e+01
5.614125061035156250e+01
5.190703582763671875e+01
5.349361801147460938e+01
3.802093887329101562e+01
6.758703613281250000e+01
3.946451568603515625e+01
3.128072166442871094e+01
3.895919799804687500e+01
4.153312683105468750e+01
6.370392608642578125e+01
4.316468048095703125e+01
9.408713531494140625e+01
5.475255203247070312e+01
5.026427841186523438e+01
4.233385848999023438e+01
4.639824676513671875e+01
3.000000000000000000e+01
5.403772354125976562e+01
3.949728775024414062e+01
4.206793594360351562e+01
4.436954498291015625e+01
4.260865402221679688e+01
5.616252136230468750e+01
5.641275787353515625e+01
6.431612396240234375e+01
4.851554870605468750e+01
5.199324035644531250e+01
4.507519531250000000e+01
3.000000000000000000e+01
3.224967193603515625e+01
4.639824676513671875e+01
7.739270019531250000e+01
4.786542510986328125e+01
4.694805526733398438e+01
3.038926506042480469e+01
7.374198913574218750e+01
6.015530776977539062e+01
8.075640869140625000e+01
3.800420379638671875e+01
3.151935768127441406e+01
5.573184967041015625e+01
3.000000000000000000e+01
5.546525573730468750e+01
3.174138832092285156e+01
4.734820938110351562e+01
3.000000000000000000e+01
3.000000000000000000e+01
3.933376693725585938e+01
4.393234252929687500e+01
7.173057556152343750e+01
4.441248321533203125e+01
7.353894805908203125e+01
5.339871978759765625e+01
3.956063461303710938e+01
3.144560623168945312e+01
4.326139831542968750e+01
4.030257034301757812e+01
4.186063385009765625e+01
6.207160949707031250e+01
7.166579437255859375e+01
3.784593200683593750e+01
3.503289031982421875e+01
4.140908432006835938e+01
7.381367492675781250e+01
6.024699401855468750e+01
3.841347885131835938e+01
3.909636688232421875e+01
3.017282676696777344e+01
3.512078475952148438e+01
3.490231323242187500e+01
5.438790893554687500e+01
4.518110275268554688e+01
4.640678405761718750e+01
4.075026702880859375e+01
3.885234069824218750e+01
3.513492202758789062e+01
5.549536514282226562e+01
3.000000000000000000e+01
7.520098114013671875e+01
4.590164947509765625e+01
7.453109741210937500e+01
5.339871978759765625e+01
7.067872619628906250e+01
3.000000000000000000e+01
3.478625869750976562e+01
5.311536407470703125e+01
3.000000000000000000e+01
4.120545196533203125e+01
7.332673645019531250e+01
3.402203750610351562e+01
5.440724945068359375e+01
4.695715332031250000e+01
3.958529281616210938e+01
4.523545074462890625e+01
8.265647125244140625e+01
3.000000000000000000e+01
3.962648391723632812e+01
6.972286987304687500e+01
4.696644592285156250e+01
8.234254455566406250e+01
8.448578643798828125e+01
3.000000000000000000e+01
6.967944335937500000e+01
3.000000000000000000e+01
5.420437622070312500e+01
4.730319976806640625e+01
4.265055084228515625e+01
6.910713195800781250e+01
6.035119247436523438e+01
4.990766143798828125e+01
5.147879791259765625e+01
7.411849975585937500e+01
3.615501785278320312e+01
7.538304138183593750e+01
4.776688003540039062e+01
3.603461456298828125e+01
3.714955902099609375e+01
5.407313537597656250e+01
3.120806884765625000e+01
7.101930236816406250e+01
5.079899597167968750e+01
5.763618469238281250e+01
3.999063873291015625e+01
4.854543304443359375e+01
4.616127777099609375e+01
3.000000000000000000e+01
7.616312408447265625e+01
4.044704055786132812e+01
3.661285400390625000e+01
6.277017211914062500e+01
5.787285614013671875e+01
4.458346939086914062e+01
5.768304443359375000e+01
4.664667892456054688e+01
3.324024581909179688e+01
3.634017181396484375e+01
4.187068176269531250e+01
4.251217651367187500e+01
3.000000000000000000e+01
3.694784545898437500e+01
5.674609756469726562e+01
3.790863037109375000e+01
4.291365814208984375e+01
4.448928451538085938e+01
7.469112396240234375e+01
5.426889801025390625e+01
7.299781799316406250e+01
1.053839111328125000e+02
4.783215713500976562e+01
4.374100494384765625e+01
4.450556564331054688e+01
4.557470321655273438e+01
3.115560150146484375e+01
4.608329772949218750e+01
7.136935424804687500e+01
9.422416687011718750e+01
3.857916259765625000e+01
3.905176544189453125e+01
4.768444824218750000e+01
4.771020126342773438e+01
4.021644210815429688e+01
4.764790725708007812e+01
5.058205032348632812e+01
6.568370056152343750e+01
3.077149581909179688e+01
4.738698959350585938e+01
3.362477111816406250e+01
5.828564071655273438e+01
5.768402099609375000e+01
4.468238830566406250e+01
5.282304763793945312e+01
5.118315887451171875e+01
3.609721374511718750e+01
6.469594573974609375e+01
4.821397781372070312e+01
4.277603912353515625e+01
5.278545379638671875e+01
3.989654159545898438e+01
3.893787384033203125e+01
4.608784103393554688e+01
3.962046051025390625e+01
5.401292037963867188e+01
6.613762664794921875e+01
3.558297729492187500e+01
5.630525588989257812e+01
3.844555664062500000e+01
4.544226837158203125e+01
5.709139633178710938e+01
4.523607635498046875e+01
4.316458892822265625e+01
4.225170516967773438e+01
4.233149719238281250e+01
4.962005233764648438e+01
5.253504943847656250e+01
3.973694992065429688e+01
4.266281890869140625e+01
5.303938293457031250e+01
5.374638366699218750e+01
4.694444656372070312e+01
5.562376785278320312e+01
3.777231216430664062e+01
7.378670501708984375e+01
4.164640426635742188e+01
1.047795639038085938e+02
8.381713867187500000e+01
4.666882705688476562e+01
4.673853302001953125e+01
3.224224472045898438e+01
7.676270294189453125e+01
4.247624588012695312e+01
4.157415771484375000e+01
7.516206359863281250e+01
4.629552459716796875e+01
4.132953643798828125e+01
5.692491912841796875e+01
9.530088806152343750e+01
4.392195892333984375e+01
3.705984115600585938e+01
3.085051536560058594e+01
5.135618972778320312e+01
4.383960723876953125e+01
3.368452072143554688e+01
5.548347091674804688e+01
8.950144195556640625e+01
5.092344665527343750e+01
4.173102951049804688e+01
4.675959777832031250e+01
5.997030639648437500e+01
4.180168151855468750e+01
4.692685699462890625e+01
5.455964279174804688e+01
1.046536331176757812e+02
5.936091232299804688e+01
7.426586151123046875e+01
7.262802124023437500e+01
7.020404052734375000e+01
6.048843002319335938e+01
3.062330245971679688e+01
3.354787063598632812e+01
5.515130233764648438e+01
3.830744934082031250e+01
5.093330383300781250e+01
3.758429718017578125e+01
3.386436080932617188e+01
3.000000000000000000e+01
3.119758415222167969e+01
4.039839935302734375e+01
4.459402465820312500e+01
7.264264678955078125e+01
4.737004852294921875e+01
3.685846710205078125e+01
4.434652709960937500e+01
3.116098976135253906e+01
4.198171234130859375e+01
4.590245056152343750e+01
8.244126129150390625e+01
4.657627105712890625e+01
4.427489089965820312e+01
3.000000000000000000e+01
6.502226257324218750e+01
4.586852645874023438e+01
3.000000000000000000e+01
7.883415222167968750e+01
4.156122970581054688e+01
8.852239990234375000e+01
4.349501800537109375e+01
7.448765563964843750e+01
5.451238632202148438e+01
4.573121261596679688e+01
3.000000000000000000e+01
4.240875244140625000e+01
5.320069122314453125e+01
4.379978942871093750e+01
3.756045532226562500e+01
4.401416397094726562e+01
4.172309112548828125e+01
4.414039993286132812e+01
7.391226959228515625e+01
6.384092330932617188e+01
6.990782165527343750e+01
3.429819107055664062e+01
4.468113327026367188e+01
6.200750732421875000e+01
3.000000000000000000e+01
5.755933380126953125e+01
4.742587280273437500e+01
5.133312988281250000e+01
4.664722824096679688e+01
4.959725952148437500e+01
3.786638641357421875e+01
3.458153152465820312e+01
3.412662124633789062e+01
6.862255859375000000e+01
3.557026672363281250e+01
4.108261871337890625e+01
3.410114669799804688e+01
4.425999069213867188e+01
5.050088500976562500e+01
3.000000000000000000e+01
4.648114013671875000e+01
3.000000000000000000e+01
3.000000000000000000e+01
5.534819030761718750e+01
7.184468841552734375e+01
3.000000000000000000e+01
5.261191558837890625e+01
4.529619598388671875e+01
4.123373794555664062e+01
4.260543060302734375e+01
5.287510681152343750e+01
3.892446899414062500e+01
4.013895416259765625e+01
4.335502243041992188e+01
5.235002136230468750e+01
3.511035156250000000e+01
3.979479980468750000e+01
5.303401947021484375e+01
3.340293121337890625e+01
3.585943603515625000e+01
3.582689666748046875e+01
3.425616455078125000e+01
5.151353836059570312e+01
5.028535842895507812e+01
9.530088043212890625e+01
4.826762008666992188e+01
3.356736755371093750e+01
3.385761642456054688e+01
9.188427734375000000e+01
3.297816848754882812e+01
3.998821258544921875e+01
6.862255859375000000e+01
5.815861511230468750e+01
4.160699844360351562e+01
3.903032302856445312e+01
6.006665802001953125e+01
1.088660202026367188e+02
7.357954406738281250e+01
5.621615982055664062e+01
7.069640350341796875e+01
3.000000000000000000e+01
3.000000000000000000e+01
4.760304260253906250e+01
3.286976242065429688e+01
5.732497024536132812e+01
5.278453063964843750e+01
3.889624023437500000e+01
3.693598175048828125e+01
7.899540710449218750e+01
3.383983993530273438e+01
4.891706085205078125e+01
4.691999053955078125e+01
4.442653656005859375e+01
3.122635459899902344e+01
3.981830215454101562e+01
3.000000000000000000e+01
3.992363357543945312e+01
4.055474090576171875e+01
8.148212432861328125e+01
4.380340957641601562e+01
5.644899749755859375e+01
7.638138580322265625e+01
5.761685180664062500e+01
3.009871292114257812e+01
3.632802581787109375e+01
4.751339721679687500e+01
4.685129547119140625e+01
3.331012725830078125e+01
3.801011657714843750e+01
4.490344619750976562e+01
5.401085662841796875e+01
5.822555160522460938e+01
3.759271240234375000e+01
3.374343109130859375e+01
4.811201477050781250e+01
4.835285949707031250e+01
3.949082183837890625e+01
6.040191268920898438e+01
4.144663619995117188e+01
4.879948425292968750e+01
3.477322387695312500e+01
3.465070343017578125e+01
4.775727844238281250e+01
3.644515991210937500e+01
5.400844192504882812e+01
3.936886596679687500e+01
3.857916259765625000e+01
5.271856689453125000e+01
4.658821868896484375e+01
4.072399520874023438e+01
5.031719207763671875e+01
3.719239425659179688e+01
7.375141906738281250e+01
4.509038543701171875e+01
4.756321716308593750e+01
4.662837219238281250e+01
7.295410156250000000e+01
4.203195953369140625e+01
3.824343872070312500e+01
3.000000000000000000e+01
3.719053649902343750e+01
5.177826690673828125e+01
3.992498016357421875e+01
3.784323501586914062e+01
3.000000000000000000e+01
3.227432250976562500e+01
3.000000000000000000e+01
3.552135848999023438e+01
4.899576187133789062e+01
4.957213211059570312e+01
5.811756896972656250e+01
3.368401718139648438e+01
5.967162322998046875e+01
4.426026153564453125e+01
4.536363220214843750e+01
7.940036010742187500e+01
3.000000000000000000e+01
4.854855346679687500e+01
3.044250488281250000e+01
3.017766952514648438e+01
4.772445678710937500e+01
4.046415328979492188e+01
3.000000000000000000e+01
4.353034973144531250e+01
3.269502639770507812e+01
3.706067657470703125e+01
4.477941513061523438e+01
3.928679656982421875e+01
