5.307649230957031250e+01
6.671469116210937500e+01
3.567390823364257812e+01
4.005039215087890625e+01
5.873243713378906250e+01
7.463930511474609375e+01
3.000000000000000000e+01
5.941727066040039062e+01
5.843015289306640625e+01
1.320704650878906250e+02
4.648551940917968750e+01
1.476971893310546875e+02
4.946870803833007812e+01
4.396083068847656250e+01
3.465546417236328125e+01
7.330352783203125000e+01
7.099534606933593750e+01
4.255994033813476562e+01
4.194502639770507812e+01
1.385595397949218750e+02
3.912808227539062500e+01
9.397051239013671875e+01
3.115865516662597656e+01
4.018927001953125000e+01
4.887857437133789062e+01
7.987850952148437500e+01
3.029048347473144531e+01
7.125100708007812500e+01
1.856054077148437500e+02
5.766234207153320312e+01
6.659159088134765625e+01
5.454706954956054688e+01
3.713975524902343750e+01
9.623995971679687500e+01
5.417827224731445312e+01
6.030625152587890625e+01
6.841824340820312500e+01
5.865182876586914062e+01
4.682648849487304688e+01
3.104043197631835938e+01
4.908880996704101562e+01
3.596376037597656250e+01
4.307181549072265625e+01
4.908657073974609375e+01
3.000000000000000000e+01
4.198591613769531250e+01
3.662131118774414062e+01
6.403454589843750000e+01
1.197796630859375000e+02
4.770097732543945312e+01
4.236038208007812500e+01
3.000000000000000000e+01
5.701468658447265625e+01
4.376756286621093750e+01
1.015054855346679688e+02
5.027847290039062500e+01
7.362138366699218750e+01
5.410791397094726562e+01
6.371343994140625000e+01
6.351906585693359375e+01
6.076865386962890625e+01
8.958480834960937500e+01
3.997955322265625000e+01
7.832728576660156250e+01
9.854299926757812500e+01
5.090245437622070312e+01
5.310453033447265625e+01
3.000000000000000000e+01
4.515132141113281250e+01
5.367253112792968750e+01
6.158327484130859375e+01
3.758220672607421875e+01
9.498039245605468750e+01
3.987020111083984375e+01
5.989957427978515625e+01
4.845574951171875000e+01
4.530861663818359375e+01
3.930282974243164062e+01
4.285654067993164062e+01
6.046835708618164062e+01
3.624676513671875000e+01
7.099534606933593750e+01
4.969798660278320312e+01
9.345994567871093750e+01
8.922715759277343750e+01
3.641416549682617188e+01
3.723924636840820312e+01
4.450498580932617188e+01
4.946870803833007812e+01
5.976432800292968750e+01
5.135983276367187500e+01
5.180880737304687500e+01
7.239712524414062500e+01
5.303121185302734375e+01
1.038109970092773438e+02
1.069242095947265625e+02
6.955907440185546875e+01
3.963265228271484375e+01
8.207492065429687500e+01
4.332183837890625000e+01
9.955973052978515625e+01
6.723718261718750000e+01
1.706632690429687500e+02
3.000000000000000000e+01
4.653027343750000000e+01
7.863980102539062500e+01
3.000000000000000000e+01
5.659939575195312500e+01
4.851379776000976562e+01
3.000000000000000000e+01
4.689217758178710938e+01
3.915312957763671875e+01
7.125363159179687500e+01
1.006201019287109375e+02
3.947662353515625000e+01
4.010592269897460938e+01
9.655534362792968750e+01
4.846524810791015625e+01
8.130926513671875000e+01
5.291540145874023438e+01
4.469817352294921875e+01
5.312308120727539062e+01
5.265635681152343750e+01
4.203915405273437500e+01
4.501723861694335938e+01
4.981030273437500000e+01
7.422713470458984375e+01
5.485974121093750000e+01
4.645944595336914062e+01
5.396634292602539062e+01
4.901876068115234375e+01
1.061363983154296875e+02
6.556565856933593750e+01
4.472521972656250000e+01
6.526832580566406250e+01
5.029858398437500000e+01
1.169237213134765625e+02
4.528044891357421875e+01
3.898216629028320312e+01
7.744240570068359375e+01
4.554143524169921875e+01
1.102056579589843750e+02
8.379381561279296875e+01
5.081264877319335938e+01
6.710530090332031250e+01
4.830669021606445312e+01
8.581855010986328125e+01
9.867616271972656250e+01
5.404118347167968750e+01
1.373267669677734375e+02
5.427432250976562500e+01
7.216474914550781250e+01
5.176718139648437500e+01
1.035617980957031250e+02
5.392525482177734375e+01
1.230604858398437500e+02
3.000000000000000000e+01
1.289804840087890625e+02
4.180763626098632812e+01
6.604585266113281250e+01
3.951955032348632812e+01
4.545341873168945312e+01
4.722619628906250000e+01
4.055500793457031250e+01
6.892897033691406250e+01
3.730445861816406250e+01
5.780698394775390625e+01
5.244234466552734375e+01
3.842177963256835938e+01
1.483484649658203125e+02
4.644137573242187500e+01
4.253180694580078125e+01
3.223082733154296875e+01
3.240123748779296875e+01
5.110330963134765625e+01
8.516508483886718750e+01
4.941475296020507812e+01
4.662797164916992188e+01
7.247690582275390625e+01
4.881793594360351562e+01
6.420817565917968750e+01
5.637213134765625000e+01
6.859941101074218750e+01
6.105260467529296875e+01
4.122508621215820312e+01
3.939700698852539062e+01
3.414198303222656250e+01
7.530726623535156250e+01
5.178337860107421875e+01
3.883382415771484375e+01
4.929472351074218750e+01
5.521928405761718750e+01
7.123600769042968750e+01
4.482310485839843750e+01
4.092998504638671875e+01
5.537028503417968750e+01
3.005874252319335938e+01
8.291510009765625000e+01
1.311588439941406250e+02
7.860272979736328125e+01
4.879969406127929688e+01
1.129789886474609375e+02
6.033341217041015625e+01
3.000000000000000000e+01
5.723528289794921875e+01
4.635585784912109375e+01
5.487768554687500000e+01
3.872077560424804688e+01
1.270350952148437500e+02
3.191372680664062500e+01
5.091991043090820312e+01
9.658417510986328125e+01
4.845672225952148438e+01
4.293663024902343750e+01
3.656889343261718750e+01
4.184202575683593750e+01
4.707390975952148438e+01
5.114313507080078125e+01
4.233119964599609375e+01
4.196475982666015625e+01
3.366307067871093750e+01
6.962944030761718750e+01
1.062868423461914062e+02
4.339144134521484375e+01
4.695567321777343750e+01
4.210359954833984375e+01
5.602906799316406250e+01
9.595679473876953125e+01
6.656211090087890625e+01
9.834236145019531250e+01
3.223028182983398438e+01
4.286575317382812500e+01
5.498775482177734375e+01
5.693946838378906250e+01
4.133615112304687500e+01
7.216326904296875000e+01
4.673603820800781250e+01
4.737857055664062500e+01
6.654428863525390625e+01
4.661286163330078125e+01
4.543548965454101562e+01
1.193408889770507812e+02
9.034481048583984375e+01
7.504271697998046875e+01
9.625344848632812500e+01
4.546234130859375000e+01
4.623915863037109375e+01
1.490276794433593750e+02
1.719525146484375000e+02
4.394571685791015625e+01
5.881631469726562500e+01
4.437869262695312500e+01
5.848850250244140625e+01
1.091060485839843750e+02
4.737298583984375000e+01
4.891908645629882812e+01
4.740312957763671875e+01
4.259648895263671875e+01
3.255938339233398438e+01
1.717256317138671875e+02
5.138365936279296875e+01
5.418270492553710938e+01
5.187612915039062500e+01
4.352010726928710938e+01
1.164845275878906250e+02
5.479887771606445312e+01
1.562066955566406250e+02
7.374655151367187500e+01
6.688758850097656250e+01
6.724321746826171875e+01
5.991387557983398438e+01
4.898357391357421875e+01
7.504271697998046875e+01
6.896814727783203125e+01
1.564717102050781250e+02
4.458015441894531250e+01
6.580651855468750000e+01
7.799195861816406250e+01
9.625907135009765625e+01
1.009927978515625000e+02
6.432072448730468750e+01
6.524635314941406250e+01
5.775180053710937500e+01
4.313665771484375000e+01
6.684074401855468750e+01
4.204192352294921875e+01
4.144136428833007812e+01
5.546997070312500000e+01
3.754756927490234375e+01
3.936676025390625000e+01
3.657139587402343750e+01
3.000000000000000000e+01
3.294399642944335938e+01
1.028710556030273438e+02
4.316521453857421875e+01
3.442798233032226562e+01
5.541968536376953125e+01
5.184666061401367188e+01
3.933894348144531250e+01
6.082592010498046875e+01
5.615855026245117188e+01
3.000000000000000000e+01
4.268619537353515625e+01
7.598437500000000000e+01
7.568839263916015625e+01
4.204046630859375000e+01
7.606887817382812500e+01
6.903173828125000000e+01
6.704791259765625000e+01
9.807106781005859375e+01
1.488598937988281250e+02
3.609192276000976562e+01
9.667269897460937500e+01
1.031554260253906250e+02
8.216346740722656250e+01
4.249748229980468750e+01
3.834991455078125000e+01
1.331982727050781250e+02
5.616731262207031250e+01
8.207492065429687500e+01
4.877332687377929688e+01
5.174422836303710938e+01
4.011734771728515625e+01
4.508945465087890625e+01
4.095159912109375000e+01
3.782722854614257812e+01
4.163063430786132812e+01
3.609302520751953125e+01
9.498039245605468750e+01
4.899544906616210938e+01
7.956370544433593750e+01
4.853872680664062500e+01
4.738652038574218750e+01
4.577355575561523438e+01
4.384815216064453125e+01
4.801675796508789062e+01
6.317904663085937500e+01
4.974244308471679688e+01
3.000000000000000000e+01
3.722507476806640625e+01
5.460518646240234375e+01
8.433372497558593750e+01
4.398563385009765625e+01
6.704791259765625000e+01
4.940533065795898438e+01
4.891629791259765625e+01
1.448993530273437500e+02
3.840486907958984375e+01
3.026695060729980469e+01
1.056853485107421875e+02
1.650614624023437500e+02
1.856544189453125000e+02
5.467421722412109375e+01
8.958481597900390625e+01
3.908301925659179688e+01
1.017503204345703125e+02
6.305813598632812500e+01
3.601071929931640625e+01
1.306132812500000000e+02
5.366142272949218750e+01
7.219995880126953125e+01
1.432545928955078125e+02
5.552628326416015625e+01
7.107992553710937500e+01
8.905550384521484375e+01
3.393639755249023438e+01
7.781746673583984375e+01
1.115010681152343750e+02
3.000000000000000000e+01
5.942534255981445312e+01
6.322620773315429688e+01
5.012687301635742188e+01
9.513992309570312500e+01
1.311579132080078125e+02
4.667488098144531250e+01
1.272541580200195312e+02
8.356159973144531250e+01
5.766233825683593750e+01
9.413107299804687500e+01
7.915534973144531250e+01
3.000000000000000000e+01
3.445742034912109375e+01
3.000000000000000000e+01
4.610269546508789062e+01
5.680689620971679688e+01
9.034481811523437500e+01
4.808443450927734375e+01
4.544685363769531250e+01
4.750897979736328125e+01
2.741724243164062500e+02
3.435765838623046875e+01
4.186762237548828125e+01
3.593896102905273438e+01
3.000000000000000000e+01
4.350011062622070312e+01
7.379875183105468750e+01
7.667734527587890625e+01
9.860903167724609375e+01
7.785043334960937500e+01
4.983855819702148438e+01
5.317902755737304688e+01
4.350736236572265625e+01
1.561110992431640625e+02
4.356651687622070312e+01
3.903678894042968750e+01
5.895820999145507812e+01
3.581122207641601562e+01
6.758386993408203125e+01
6.550733947753906250e+01
1.326189270019531250e+02
7.775881958007812500e+01
9.727577209472656250e+01
5.564456558227539062e+01
4.441777420043945312e+01
7.734178161621093750e+01
3.000000000000000000e+01
5.647054290771484375e+01
8.100655364990234375e+01
3.773694610595703125e+01
4.194668197631835938e+01
8.970997619628906250e+01
3.000000000000000000e+01
4.191316223144531250e+01
1.444541473388671875e+02
6.454439544677734375e+01
5.233803558349609375e+01
6.829521179199218750e+01
4.462172317504882812e+01
5.845932769775390625e+01
9.227142333984375000e+01
4.724797821044921875e+01
7.956370544433593750e+01
2.132055816650390625e+02
4.508945465087890625e+01
1.190661773681640625e+02
4.575492095947265625e+01
4.946779632568359375e+01
9.629676818847656250e+01
7.125100708007812500e+01
5.661119842529296875e+01
7.646490478515625000e+01
3.000000000000000000e+01
6.728353881835937500e+01
5.451145172119140625e+01
6.260663604736328125e+01
4.223155975341796875e+01
4.732025909423828125e+01
5.905177688598632812e+01
1.590813903808593750e+02
9.740240478515625000e+01
5.190811920166015625e+01
5.176718139648437500e+01
4.455847930908203125e+01
5.596317291259765625e+01
7.590857696533203125e+01
4.522056961059570312e+01
1.037534332275390625e+02
9.709260559082031250e+01
4.103115081787109375e+01
1.035572509765625000e+02
1.042878570556640625e+02
5.819933319091796875e+01
5.180786132812500000e+01
4.976162719726562500e+01
4.787930679321289062e+01
1.954580993652343750e+02
3.471188735961914062e+01
5.223249816894531250e+01
5.178343963623046875e+01
4.414627075195312500e+01
1.010587310791015625e+02
3.750723266601562500e+01
4.874588775634765625e+01
1.520006713867187500e+02
7.568839263916015625e+01
8.346498107910156250e+01
6.061967468261718750e+01
5.237968444824218750e+01
6.613062286376953125e+01
9.585425567626953125e+01
8.432983398437500000e+01
7.437485504150390625e+01
6.858090972900390625e+01
3.000000000000000000e+01
4.845120239257812500e+01
8.081389617919921875e+01
4.531876373291015625e+01
4.293663024902343750e+01
6.938162994384765625e+01
9.526982116699218750e+01
7.075623321533203125e+01
5.683917236328125000e+01
5.080112075805664062e+01
3.000000000000000000e+01
3.404403686523437500e+01
3.000000000000000000e+01
4.002191543579101562e+01
3.755834960937500000e+01
3.607890319824218750e+01
4.993729782104492188e+01
4.767818450927734375e+01
4.207135772705078125e+01
7.899125671386718750e+01
5.734340667724609375e+01
4.153224945068359375e+01
3.786801528930664062e+01
5.221731567382812500e+01
5.772492218017578125e+01
3.697328567504882812e+01
3.668257904052734375e+01
7.737013244628906250e+01
3.788485717773437500e+01
5.959945297241210938e+01
3.106743812561035156e+01
5.425621414184570312e+01
3.350790023803710938e+01
3.465546417236328125e+01
1.221163330078125000e+02
5.873420715332031250e+01
3.293507003784179688e+01
6.032231521606445312e+01
3.903678894042968750e+01
7.468602752685546875e+01
5.136361694335937500e+01
4.154524993896484375e+01
1.313711090087890625e+02
4.848582839965820312e+01
1.056949691772460938e+02
1.047164535522460938e+02
3.855286407470703125e+01
4.444879913330078125e+01
9.896275329589843750e+01
4.138993072509765625e+01
5.593711853027343750e+01
5.187612915039062500e+01
1.903457946777343750e+02
4.753355789184570312e+01
5.511078643798828125e+01
5.225663375854492188e+01
3.445771789550781250e+01
4.953264617919921875e+01
9.844763946533203125e+01
4.323885345458984375e+01
8.414088439941406250e+01
5.574791717529296875e+01
4.533399581909179688e+01
3.447691726684570312e+01
4.746876907348632812e+01
4.497866058349609375e+01
4.283795928955078125e+01
3.773307418823242188e+01
3.726459503173828125e+01
4.321012115478515625e+01
5.054885482788085938e+01
4.364657592773437500e+01
4.180330657958984375e+01
6.103622055053710938e+01
5.659939575195312500e+01
7.480281066894531250e+01
1.270350875854492188e+02
6.189498138427734375e+01
1.028053894042968750e+02
7.816580200195312500e+01
1.171766662597656250e+02
4.054728698730468750e+01
5.288740539550781250e+01
4.300185394287109375e+01
3.730386352539062500e+01
7.268804168701171875e+01
8.039236450195312500e+01
8.090975952148437500e+01
8.181416320800781250e+01
3.947662353515625000e+01
4.421076583862304688e+01
6.369580078125000000e+01
8.861573028564453125e+01
3.000000000000000000e+01
5.394800949096679688e+01
4.365133666992187500e+01
3.887788391113281250e+01
9.589648437500000000e+01
5.135983276367187500e+01
4.645771026611328125e+01
3.922072601318359375e+01
4.822014617919921875e+01
6.195944976806640625e+01
9.745240020751953125e+01
4.368698120117187500e+01
3.446802139282226562e+01
3.000000000000000000e+01
9.860903167724609375e+01
5.496410751342773438e+01
4.895738983154296875e+01
5.231826400756835938e+01
5.596395111083984375e+01
4.720021438598632812e+01
5.457038879394531250e+01
5.964507293701171875e+01
6.751519775390625000e+01
4.041455078125000000e+01
6.714337921142578125e+01
6.641384124755859375e+01
8.375825500488281250e+01
7.864228057861328125e+01
4.423245239257812500e+01
3.075684356689453125e+01
6.293238449096679688e+01
7.157241821289062500e+01
4.886286926269531250e+01
6.153016662597656250e+01
5.336112213134765625e+01
4.331232452392578125e+01
6.040813446044921875e+01
5.067983245849609375e+01
3.495359039306640625e+01
4.776421356201171875e+01
6.338616180419921875e+01
5.905177688598632812e+01
5.104957580566406250e+01
5.958995056152343750e+01
3.676472473144531250e+01
7.700157928466796875e+01
1.046143112182617188e+02
6.639358520507812500e+01
3.529861068725585938e+01
1.171766662597656250e+02
5.467421722412109375e+01
7.182805633544921875e+01
9.526982116699218750e+01
3.871463775634765625e+01
4.120558929443359375e+01
8.243804168701171875e+01
4.062873077392578125e+01
4.197129821777343750e+01
2.273107452392578125e+02
3.508648681640625000e+01
3.000000000000000000e+01
3.931057739257812500e+01
1.421691589355468750e+02
6.717290496826171875e+01
5.299959945678710938e+01
1.080868988037109375e+02
4.817427062988281250e+01
1.282247619628906250e+02
7.991922760009765625e+01
9.008546447753906250e+01
3.847882461547851562e+01
3.091643714904785156e+01
6.997031402587890625e+01
6.339466476440429688e+01
7.734439849853515625e+01
4.974244308471679688e+01
4.854867553710937500e+01
3.750050354003906250e+01
4.798381423950195312e+01
5.712953186035156250e+01
5.300257492065429688e+01
3.820489501953125000e+01
7.543059539794921875e+01
7.438594818115234375e+01
4.236510848999023438e+01
3.430501556396484375e+01
4.861128234863281250e+01
3.421412277221679688e+01
4.597822952270507812e+01
1.051519317626953125e+02
4.429363250732421875e+01
7.460691833496093750e+01
5.386717987060546875e+01
4.210470581054687500e+01
3.698717117309570312e+01
1.102056579589843750e+02
6.491658782958984375e+01
7.782991027832031250e+01
1.025588150024414062e+02
5.650019836425781250e+01
4.082416534423828125e+01
3.813274383544921875e+01
5.667029190063476562e+01
6.874899291992187500e+01
6.558746337890625000e+01
1.954580993652343750e+02
5.336525726318359375e+01
5.708795166015625000e+01
6.550602722167968750e+01
6.797968292236328125e+01
4.432526397705078125e+01
4.859796524047851562e+01
5.226434326171875000e+01
7.199916839599609375e+01
9.396897888183593750e+01
3.000000000000000000e+01
3.318120193481445312e+01
5.578879547119140625e+01
8.826784515380859375e+01
5.225469589233398438e+01
1.056949691772460938e+02
4.512590789794921875e+01
3.000000000000000000e+01
3.464649581909179688e+01
6.277688598632812500e+01
1.642407836914062500e+02
6.101487731933593750e+01
5.447094345092773438e+01
5.907633209228515625e+01
3.000000000000000000e+01
6.754946899414062500e+01
8.613076782226562500e+01
3.689417266845703125e+01
3.706930923461914062e+01
5.875593566894531250e+01
7.175367736816406250e+01
3.927541351318359375e+01
9.136314392089843750e+01
4.059429931640625000e+01
5.149618148803710938e+01
5.616731262207031250e+01
8.845456695556640625e+01
5.835258483886718750e+01
4.448743820190429688e+01
4.524971771240234375e+01
3.308974075317382812e+01
3.475507354736328125e+01
4.356651687622070312e+01
3.684187316894531250e+01
7.156407165527343750e+01
6.454439544677734375e+01
3.000000000000000000e+01
3.000000000000000000e+01
3.429891586303710938e+01
4.186762237548828125e+01
3.199769783020019531e+01
1.126309814453125000e+02
3.470067977905273438e+01
6.460443878173828125e+01
9.098489379882812500e+01
4.908684158325195312e+01
3.000000000000000000e+01
5.134847259521484375e+01
6.604585266113281250e+01
7.316609954833984375e+01
5.134356689453125000e+01
6.701576995849609375e+01
5.287879180908203125e+01
8.059173583984375000e+01
5.858199310302734375e+01
4.321584320068359375e+01
5.887814712524414062e+01
3.000000000000000000e+01
6.613062286376953125e+01
5.953432464599609375e+01
3.467648315429687500e+01
3.711880111694335938e+01
5.347279357910156250e+01
5.753134918212890625e+01
5.153419494628906250e+01
3.933894348144531250e+01
5.238283920288085938e+01
4.801755523681640625e+01
6.652270507812500000e+01
8.134650421142578125e+01
5.841675949096679688e+01
9.113887786865234375e+01
4.748171234130859375e+01
4.661286163330078125e+01
4.411718368530273438e+01
6.566847229003906250e+01
7.106800842285156250e+01
6.252438735961914062e+01
7.359105682373046875e+01
3.265575408935546875e+01
8.410463714599609375e+01
4.994705200195312500e+01
5.298197174072265625e+01
8.710978698730468750e+01
1.385595550537109375e+02
1.218398056030273438e+02
3.426872253417968750e+01
4.072599029541015625e+01
4.919641113281250000e+01
5.372848129272460938e+01
9.740239715576171875e+01
7.962517547607421875e+01
6.916604614257812500e+01
1.007042999267578125e+02
4.861128234863281250e+01
4.921861267089843750e+01
4.031586456298828125e+01
5.611230468750000000e+01
6.266817092895507812e+01
3.459621810913085938e+01
4.847945785522460938e+01
8.179873657226562500e+01
5.349717712402343750e+01
4.657143402099609375e+01
8.723255157470703125e+01
3.246649169921875000e+01
4.315377426147460938e+01
5.367253112792968750e+01
5.438109207153320312e+01
4.472322082519531250e+01
4.448743820190429688e+01
2.162562255859375000e+02
6.330802917480468750e+01
4.749483108520507812e+01
4.536438751220703125e+01
4.546645355224609375e+01
1.421154174804687500e+02
4.043413925170898438e+01
5.101015853881835938e+01
5.808608245849609375e+01
3.820489501953125000e+01
8.012295532226562500e+01
4.513120651245117188e+01
6.035691833496093750e+01
5.581809616088867188e+01
5.826412963867187500e+01
3.961591720581054688e+01
4.756911468505859375e+01
6.076194381713867188e+01
6.010351562500000000e+01
2.198409881591796875e+02
3.428047943115234375e+01
5.576594543457031250e+01
6.370576477050781250e+01
4.717658233642578125e+01
4.753005981445312500e+01
3.995954895019531250e+01
5.139085769653320312e+01
5.646810913085937500e+01
3.407930374145507812e+01
5.127384185791015625e+01
6.079381561279296875e+01
3.673743057250976562e+01
4.683343887329101562e+01
3.269527435302734375e+01
3.855286407470703125e+01
3.958012771606445312e+01
3.282547760009765625e+01
5.593928909301757812e+01
7.051875305175781250e+01
3.249637603759765625e+01
4.158838653564453125e+01
5.541968154907226562e+01
7.779345703125000000e+01
5.365531921386718750e+01
9.174659729003906250e+01
3.270011138916015625e+01
7.437485504150390625e+01
7.866496276855468750e+01
4.839792633056640625e+01
8.710978698730468750e+01
3.000000000000000000e+01
4.561810302734375000e+01
4.128223800659179688e+01
4.153724288940429688e+01
1.340638427734375000e+02
5.218617248535156250e+01
3.522293472290039062e+01
7.275871276855468750e+01
4.243982315063476562e+01
1.138388977050781250e+02
7.546298217773437500e+01
4.463549423217773438e+01
5.062412261962890625e+01
8.395201110839843750e+01
8.149345397949218750e+01
7.187266540527343750e+01
6.057579040527343750e+01
3.000000000000000000e+01
3.217027282714843750e+01
6.825302124023437500e+01
6.380971908569335938e+01
1.260448074340820312e+02
9.101166534423828125e+01
1.326662902832031250e+02
6.263660430908203125e+01
3.596582794189453125e+01
5.504014587402343750e+01
3.449268341064453125e+01
4.882746887207031250e+01
3.000000000000000000e+01
3.000000000000000000e+01
7.715141296386718750e+01
1.076141052246093750e+02
5.357942199707031250e+01
3.000000000000000000e+01
4.804528427124023438e+01
7.063087463378906250e+01
4.672460174560546875e+01
4.711975860595703125e+01
6.558745574951171875e+01
4.119944763183593750e+01
6.742415618896484375e+01
6.754946899414062500e+01
6.345541381835937500e+01
5.801791381835937500e+01
3.257850265502929688e+01
3.240552139282226562e+01
5.560192108154296875e+01
3.000000000000000000e+01
6.459597015380859375e+01
7.955430603027343750e+01
5.577103042602539062e+01
9.625344848632812500e+01
6.162935638427734375e+01
3.482141876220703125e+01
4.749043655395507812e+01
4.469182968139648438e+01
3.855841064453125000e+01
4.363235473632812500e+01
3.000000000000000000e+01
3.993142700195312500e+01
9.724804687500000000e+01
4.983855819702148438e+01
4.193830871582031250e+01
1.590813903808593750e+02
8.353503417968750000e+01
4.682093048095703125e+01
6.668128204345703125e+01
8.538594055175781250e+01
4.207135772705078125e+01
5.107658004760742188e+01
1.068486022949218750e+02
4.697477722167968750e+01
8.298464965820312500e+01
4.285654067993164062e+01
3.000000000000000000e+01
5.976432800292968750e+01
4.919901275634765625e+01
4.326544570922851562e+01
5.107979202270507812e+01
4.123823165893554688e+01
4.711545944213867188e+01
4.389924240112304688e+01
5.366142272949218750e+01
3.000000000000000000e+01
4.157823944091796875e+01
7.664414215087890625e+01
9.360202026367187500e+01
3.706583023071289062e+01
1.001727523803710938e+02
4.748244857788085938e+01
3.525113296508789062e+01
8.071830749511718750e+01
8.550061798095703125e+01
4.314403533935546875e+01
6.130455780029296875e+01
3.587187194824218750e+01
4.567889022827148438e+01
3.000000000000000000e+01
8.990666961669921875e+01
5.277472686767578125e+01
4.196479797363281250e+01
6.061967468261718750e+01
5.386577606201171875e+01
5.561162948608398438e+01
3.315166091918945312e+01
5.081277465820312500e+01
5.846369934082031250e+01
5.291540145874023438e+01
7.534506988525390625e+01
6.700419616699218750e+01
3.616863250732421875e+01
4.899332427978515625e+01
3.000000000000000000e+01
6.324929809570312500e+01
7.422713470458984375e+01
8.808929443359375000e+01
6.035691833496093750e+01
5.320952987670898438e+01
6.927557373046875000e+01
5.081277465820312500e+01
5.071239471435546875e+01
4.802230072021484375e+01
3.000000000000000000e+01
4.574952316284179688e+01
5.834402847290039062e+01
6.052874755859375000e+01
3.000000000000000000e+01
5.138365936279296875e+01
4.949188995361328125e+01
5.843601226806640625e+01
4.210428619384765625e+01
5.837414550781250000e+01
3.933815383911132812e+01
5.233889389038085938e+01
7.025649261474609375e+01
4.450309371948242188e+01
5.098297119140625000e+01
3.826811218261718750e+01
7.543926239013671875e+01
6.513711547851562500e+01
4.493154525756835938e+01
5.053348541259765625e+01
4.375995254516601562e+01
7.655444335937500000e+01
7.189509582519531250e+01
3.000000000000000000e+01
4.233422851562500000e+01
6.045973968505859375e+01
5.632011413574218750e+01
4.879969406127929688e+01
3.162727737426757812e+01
7.486335754394531250e+01
4.329192352294921875e+01
3.158665275573730469e+01
4.067310333251953125e+01
4.590050125122070312e+01
6.401454162597656250e+01
3.685472869873046875e+01
9.629676818847656250e+01
5.717781829833984375e+01
5.091991043090820312e+01
4.428366851806640625e+01
4.765749740600585938e+01
3.532646179199218750e+01
5.189096069335937500e+01
4.072599029541015625e+01
4.153583526611328125e+01
4.036305236816406250e+01
4.242750549316406250e+01
6.782698822021484375e+01
5.865182876586914062e+01
6.600095367431640625e+01
4.197974777221679688e+01
5.272084808349609375e+01
4.334983062744140625e+01
3.000000000000000000e+01
3.273627471923828125e+01
4.765749740600585938e+01
7.359105682373046875e+01
5.977638244628906250e+01
4.076593780517578125e+01
3.000000000000000000e+01
8.227867126464843750e+01
6.461733245849609375e+01
7.928764343261718750e+01
4.248205566406250000e+01
3.286351013183593750e+01
6.440686798095703125e+01
3.478219604492187500e+01
6.393180465698242188e+01
3.331135559082031250e+01
5.101132965087890625e+01
3.102172279357910156e+01
3.000000000000000000e+01
4.400943756103515625e+01
3.825489044189453125e+01
8.407073974609375000e+01
4.509653091430664062e+01
8.808929443359375000e+01
5.585668182373046875e+01
4.094132614135742188e+01
3.505447387695312500e+01
4.329813766479492188e+01
4.329010009765625000e+01
3.973559188842773438e+01
6.779403686523437500e+01
7.667734527587890625e+01
4.154524993896484375e+01
3.531275177001953125e+01
4.187264251708984375e+01
7.515277099609375000e+01
4.895970916748046875e+01
4.613637542724609375e+01
4.094672393798828125e+01
3.090513801574707031e+01
3.558769989013671875e+01
3.467648315429687500e+01
5.649075317382812500e+01
3.504610061645507812e+01
5.360996246337890625e+01
4.817040634155273438e+01
4.044757080078125000e+01
3.413224792480468750e+01
5.225647354125976562e+01
3.000000000000000000e+01
6.578106689453125000e+01
4.568637084960937500e+01
7.744239807128906250e+01
5.585667800903320312e+01
6.900779724121093750e+01
3.000000000000000000e+01
3.660500717163085938e+01
4.767012786865234375e+01
3.000000000000000000e+01
4.714650726318359375e+01
7.198043823242187500e+01
3.000000000000000000e+01
6.359719848632812500e+01
4.969198608398437500e+01
4.444879913330078125e+01
4.993153381347656250e+01
7.785043334960937500e+01
3.000000000000000000e+01
3.865851974487304688e+01
7.851959228515625000e+01
4.801941680908203125e+01
8.395201110839843750e+01
8.902830505371093750e+01
3.103372001647949219e+01
6.342649841308593750e+01
4.287093734741210938e+01
5.661119842529296875e+01
4.888640594482421875e+01
4.830744171142578125e+01
7.216326904296875000e+01
6.550733947753906250e+01
5.517913818359375000e+01
5.841770172119140625e+01
7.111930847167968750e+01
3.777523422241210938e+01
7.314710998535156250e+01
3.000000000000000000e+01
3.347396850585937500e+01
3.765164184570312500e+01
5.268622970581054688e+01
3.000000000000000000e+01
7.272497558593750000e+01
4.489692687988281250e+01
5.576594924926757812e+01
3.930159759521484375e+01
5.116578674316406250e+01
3.000000000000000000e+01
3.792325973510742188e+01
7.786270141601562500e+01
4.605926132202148438e+01
3.001062965393066406e+01
6.498756408691406250e+01
5.795299148559570312e+01
4.926675033569335938e+01
5.231441497802734375e+01
5.053348541259765625e+01
3.517010116577148438e+01
3.773260879516601562e+01
4.676573562622070312e+01
4.228834152221679688e+01
3.000000000000000000e+01
3.967089080810546875e+01
5.578879547119140625e+01
3.721943664550781250e+01
4.283795928955078125e+01
4.722443389892578125e+01
8.039001464843750000e+01
5.176506042480468750e+01
7.439293670654296875e+01
1.043486022949218750e+02
4.997154617309570312e+01
4.253180694580078125e+01
4.608406066894531250e+01
4.597350311279296875e+01
3.434920501708984375e+01
4.545510101318359375e+01
6.932651519775390625e+01
1.025588073730468750e+02
3.784305953979492188e+01
3.646777343750000000e+01
4.904480361938476562e+01
5.330862045288085938e+01
3.373634719848632812e+01
4.953264617919921875e+01
5.438109207153320312e+01
6.502585601806640625e+01
3.470067977905273438e+01
4.502629089355468750e+01
3.349268722534179688e+01
6.452512359619140625e+01
6.040813064575195312e+01
3.769349670410156250e+01
5.076783752441406250e+01
4.830332183837890625e+01
3.913479614257812500e+01
4.851639556884765625e+01
4.609433746337890625e+01
4.348704528808593750e+01
5.225469589233398438e+01
4.164705657958984375e+01
3.923505783081054688e+01
4.432526397705078125e+01
4.120086669921875000e+01
3.000000000000000000e+01
6.842855072021484375e+01
3.138196563720703125e+01
6.056148910522460938e+01
3.810680007934570312e+01
4.476165771484375000e+01
5.860899353027343750e+01
4.242886734008789062e+01
4.499869537353515625e+01
5.142411041259765625e+01
5.205481719970703125e+01
5.433744430541992188e+01
5.893338012695312500e+01
4.054728698730468750e+01
4.440727615356445312e+01
5.720125198364257812e+01
5.612312698364257812e+01
4.654528045654296875e+01
5.972354507446289062e+01
4.034990310668945312e+01
6.624134826660156250e+01
4.261235809326171875e+01
9.576448059082031250e+01
9.085582733154296875e+01
5.019309234619140625e+01
5.108322525024414062e+01
3.028621673583984375e+01
7.747851562500000000e+01
3.955242538452148438e+01
4.541156387329101562e+01
7.626015472412109375e+01
4.938356018066406250e+01
4.503157806396484375e+01
5.888527679443359375e+01
1.009112243652343750e+02
4.172926712036132812e+01
4.008891296386718750e+01
3.000000000000000000e+01
5.489943695068359375e+01
4.432489776611328125e+01
3.588455200195312500e+01
5.359111785888671875e+01
7.504280090332031250e+01
5.341092681884765625e+01
4.319716262817382812e+01
4.152481460571289062e+01
6.600502777099609375e+01
4.549705505371093750e+01
5.147978591918945312e+01
5.720173645019531250e+01
9.174659729003906250e+01
6.030370712280273438e+01
7.016518402099609375e+01
7.019903564453125000e+01
7.363885498046875000e+01
5.987544250488281250e+01
3.421651077270507812e+01
3.238569641113281250e+01
5.424602508544921875e+01
3.739701461791992188e+01
3.980053329467773438e+01
3.662557220458984375e+01
3.484443283081054688e+01
3.266769409179687500e+01
3.238418960571289062e+01
3.925325012207031250e+01
4.390797424316406250e+01
7.599309539794921875e+01
4.674922943115234375e+01
3.643198776245117188e+01
4.494869613647460938e+01
3.207967376708984375e+01
4.451824188232421875e+01
4.602511978149414062e+01
8.379381561279296875e+01
4.641661834716796875e+01
4.396083068847656250e+01
3.000000000000000000e+01
4.845120239257812500e+01
5.478400039672851562e+01
3.104834556579589844e+01
7.655444335937500000e+01
4.142612838745117188e+01
9.740214538574218750e+01
4.527509307861328125e+01
7.200480651855468750e+01
5.261260986328125000e+01
4.579952621459960938e+01
3.000000000000000000e+01
3.758199691772460938e+01
5.376358032226562500e+01
4.441777420043945312e+01
4.085794830322265625e+01
4.340760040283203125e+01
4.027203750610351562e+01
4.457144546508789062e+01
8.012295532226562500e+01
6.649375152587890625e+01
6.903173828125000000e+01
3.439525985717773438e+01
3.861229705810546875e+01
6.011672973632812500e+01
3.266769409179687500e+01
5.691775894165039062e+01
5.007062530517578125e+01
5.737849426269531250e+01
4.962596130371093750e+01
4.716364669799804688e+01
3.645807647705078125e+01
3.709708786010742188e+01
3.678239440917968750e+01
7.285774230957031250e+01
3.510964965820312500e+01
4.138476943969726562e+01
3.706983184814453125e+01
4.533260726928710938e+01
5.225062179565429688e+01
3.000000000000000000e+01
4.891629791259765625e+01
3.554412841796875000e+01
3.000000000000000000e+01
6.105260467529296875e+01
7.275871276855468750e+01
3.000000000000000000e+01
5.629726791381835938e+01
4.596269226074218750e+01
4.116870498657226562e+01
4.369853210449218750e+01
5.208353424072265625e+01
3.877885437011718750e+01
4.050289154052734375e+01
4.489699554443359375e+01
4.810694885253906250e+01
4.014112854003906250e+01
3.960050964355468750e+01
4.895895004272460938e+01
3.594506454467773438e+01
3.576869964599609375e+01
3.946945190429687500e+01
3.359722900390625000e+01
5.447170257568359375e+01
4.899681472778320312e+01
1.009112243652343750e+02
4.193318557739257812e+01
3.000000000000000000e+01
3.414608764648437500e+01
7.999417114257812500e+01
3.445771408081054688e+01
4.167784881591796875e+01
7.285774230957031250e+01
5.990666961669921875e+01
4.214173889160156250e+01
4.102757644653320312e+01
4.993730163574218750e+01
1.158167266845703125e+02
6.426329040527343750e+01
5.894933319091796875e+01
7.794471740722656250e+01
3.000000000000000000e+01
3.000000000000000000e+01
4.163640594482421875e+01
3.810119628906250000e+01
5.842323303222656250e+01
6.082939910888671875e+01
4.293691253662109375e+01
3.779806137084960938e+01
5.772360992431640625e+01
3.602595520019531250e+01
4.794779968261718750e+01
5.409272003173828125e+01
4.771640777587890625e+01
3.109246063232421875e+01
3.529861068725585938e+01
4.287093353271484375e+01
3.000000000000000000e+01
4.221088409423828125e+01
8.854336547851562500e+01
4.156988525390625000e+01
3.597774887084960938e+01
6.889942169189453125e+01
5.891732788085937500e+01
3.000000000000000000e+01
3.641114044189453125e+01
4.880835723876953125e+01
4.461295318603515625e+01
3.254415130615234375e+01
4.093503570556640625e+01
4.326293563842773438e+01
5.485541534423828125e+01
6.052352142333984375e+01
4.373084640502929688e+01
4.072158050537109375e+01
3.882644653320312500e+01
4.609649658203125000e+01
3.506010818481445312e+01
5.777204895019531250e+01
4.325554656982421875e+01
4.476194763183593750e+01
3.645979309082031250e+01
3.310865402221679688e+01
3.954101181030273438e+01
3.000000000000000000e+01
5.573944854736328125e+01
4.022680664062500000e+01
3.784305953979492188e+01
4.472322082519531250e+01
4.534011077880859375e+01
4.316719818115234375e+01
5.096872711181640625e+01
3.644621276855468750e+01
7.715209960937500000e+01
4.570899581909179688e+01
4.149388885498046875e+01
4.755757904052734375e+01
7.779345703125000000e+01
4.570541381835937500e+01
3.915019226074218750e+01
3.000000000000000000e+01
3.658639526367187500e+01
5.650238037109375000e+01
3.983874130249023438e+01
3.893061828613281250e+01
3.000000000000000000e+01
3.547979736328125000e+01
3.000000000000000000e+01
3.511261749267578125e+01
4.801954650878906250e+01
4.836363983154296875e+01
6.210052490234375000e+01
4.039447021484375000e+01
7.245603942871093750e+01
4.428865432739257812e+01
4.646779632568359375e+01
5.459212493896484375e+01
3.000000000000000000e+01
4.610289764404296875e+01
3.000000000000000000e+01
3.000000000000000000e+01
4.971154022216796875e+01
4.416469573974609375e+01
3.000000000000000000e+01
4.308126449584960938e+01
3.852983093261718750e+01
3.886225891113281250e+01
4.320800018310546875e+01
3.933600997924804688e+01
