5.372400665283203125e+01
6.748531341552734375e+01
4.179122924804687500e+01
4.062623596191406250e+01
5.554333496093750000e+01
7.548032379150390625e+01
3.505667495727539062e+01
7.830313873291015625e+01
5.778607177734375000e+01
1.219958114624023438e+02
4.706551361083984375e+01
1.254067230224609375e+02
5.471160888671875000e+01
4.247591018676757812e+01
5.631965637207031250e+01
5.323699569702148438e+01
8.082807922363281250e+01
4.112189483642578125e+01
4.372573089599609375e+01
1.514776458740234375e+02
3.830125045776367188e+01
9.357698059082031250e+01
3.343608093261718750e+01
3.541161727905273438e+01
5.451804351806640625e+01
7.593220520019531250e+01
3.000000000000000000e+01
6.883769226074218750e+01
1.932379455566406250e+02
5.492272186279296875e+01
5.480544662475585938e+01
4.647318267822265625e+01
4.161988830566406250e+01
9.136920928955078125e+01
5.668249511718750000e+01
6.190193939208984375e+01
7.168399810791015625e+01
5.714778518676757812e+01
4.539918136596679688e+01
3.382442855834960938e+01
5.425020599365234375e+01
3.509190368652343750e+01
5.589383697509765625e+01
4.781364822387695312e+01
3.000000000000000000e+01
3.000000000000000000e+01
3.752215194702148438e+01
6.722946166992187500e+01
1.264768066406250000e+02
5.068844985961914062e+01
4.915289306640625000e+01
3.530477905273437500e+01
6.588439941406250000e+01
4.269168853759765625e+01
1.109291839599609375e+02
5.402265167236328125e+01
7.079750061035156250e+01
4.911608123779296875e+01
5.368864059448242188e+01
7.943347930908203125e+01
6.317063522338867188e+01
8.299754333496093750e+01
3.998309326171875000e+01
9.452050781250000000e+01
9.482681274414062500e+01
5.664092636108398438e+01
4.891730499267578125e+01
3.000000000000000000e+01
4.278616333007812500e+01
5.337335968017578125e+01
6.661681365966796875e+01
3.898812866210937500e+01
6.753157806396484375e+01
3.957963562011718750e+01
6.347049713134765625e+01
3.525727462768554688e+01
4.848018646240234375e+01
4.426874542236328125e+01
4.333579254150390625e+01
5.799546813964843750e+01
3.478361129760742188e+01
8.082807922363281250e+01
5.113307189941406250e+01
1.157743988037109375e+02
1.018336563110351562e+02
3.610293960571289062e+01
4.013657760620117188e+01
4.747570800781250000e+01
5.471160888671875000e+01
6.405673980712890625e+01
4.872222900390625000e+01
4.774726104736328125e+01
6.444607543945312500e+01
6.093419647216796875e+01
8.691904449462890625e+01
8.715975189208984375e+01
6.539936065673828125e+01
4.131220626831054688e+01
6.690619659423828125e+01
3.720642089843750000e+01
1.037969970703125000e+02
6.278156280517578125e+01
1.521233825683593750e+02
3.277189254760742188e+01
4.527427673339843750e+01
8.371784973144531250e+01
3.000000000000000000e+01
5.813994598388671875e+01
4.949846649169921875e+01
3.000000000000000000e+01
4.732236480712890625e+01
3.684839630126953125e+01
7.239888763427734375e+01
1.163817596435546875e+02
3.977133178710937500e+01
4.096513366699218750e+01
1.023705520629882812e+02
4.761520004272460938e+01
8.606568908691406250e+01
5.485327911376953125e+01
4.276374053955078125e+01
6.004950332641601562e+01
5.122060012817382812e+01
4.366162872314453125e+01
4.584620666503906250e+01
4.947290039062500000e+01
6.437208557128906250e+01
5.924638366699218750e+01
4.527036285400390625e+01
4.780832290649414062e+01
4.610612487792968750e+01
1.121332168579101562e+02
6.358851242065429688e+01
3.000000000000000000e+01
6.366319274902343750e+01
4.938125610351562500e+01
1.159757537841796875e+02
4.465743255615234375e+01
3.796771240234375000e+01
7.791648864746093750e+01
4.638632965087890625e+01
9.536884307861328125e+01
7.507230377197265625e+01
5.289792633056640625e+01
6.816400146484375000e+01
4.925783538818359375e+01
8.830042266845703125e+01
9.685578918457031250e+01
5.684450912475585938e+01
1.185237274169921875e+02
5.688391113281250000e+01
7.458714294433593750e+01
5.372490310668945312e+01
9.112626647949218750e+01
6.108251571655273438e+01
1.326018371582031250e+02
3.559671020507812500e+01
1.366089630126953125e+02
3.540792465209960938e+01
6.440748596191406250e+01
3.676314163208007812e+01
5.287975311279296875e+01
4.631649780273437500e+01
3.933554458618164062e+01
7.025341796875000000e+01
3.736211395263671875e+01
5.552829360961914062e+01
5.245526504516601562e+01
3.321690368652343750e+01
1.316091156005859375e+02
4.780689620971679688e+01
5.629429626464843750e+01
3.628348159790039062e+01
3.000000000000000000e+01
5.904461669921875000e+01
7.107464599609375000e+01
5.041354751586914062e+01
4.794234466552734375e+01
7.008676147460937500e+01
5.042646026611328125e+01
6.649940490722656250e+01
5.736200714111328125e+01
6.552883148193359375e+01
5.486366271972656250e+01
3.846537780761718750e+01
3.000000000000000000e+01
3.000000000000000000e+01
8.563146972656250000e+01
6.310142135620117188e+01
4.346234893798828125e+01
4.827394104003906250e+01
6.840637969970703125e+01
6.290237426757812500e+01
4.413909912109375000e+01
5.391673278808593750e+01
4.628454971313476562e+01
3.000000000000000000e+01
7.678752899169921875e+01
1.457592773437500000e+02
6.453972625732421875e+01
5.825130462646484375e+01
1.191696548461914062e+02
5.241011810302734375e+01
5.615223312377929688e+01
5.822165679931640625e+01
4.058620834350585938e+01
5.586442565917968750e+01
4.437054061889648438e+01
1.144164047241210938e+02
3.115964508056640625e+01
4.855321884155273438e+01
9.950202941894531250e+01
5.307769012451171875e+01
3.867639160156250000e+01
3.701595687866210938e+01
4.254005432128906250e+01
5.481826400756835938e+01
5.640993499755859375e+01
3.786732482910156250e+01
4.485498809814453125e+01
3.872884368896484375e+01
6.779212951660156250e+01
1.101531982421875000e+02
4.112028884887695312e+01
4.452584457397460938e+01
4.100725173950195312e+01
5.747784423828125000e+01
1.111342773437500000e+02
6.371417236328125000e+01
1.181840515136718750e+02
3.780992889404296875e+01
4.190079498291015625e+01
5.479622650146484375e+01
5.750148773193359375e+01
4.655464553833007812e+01
7.887559509277343750e+01
4.751192092895507812e+01
4.996189117431640625e+01
6.939846801757812500e+01
4.742589569091796875e+01
4.513412857055664062e+01
1.277071075439453125e+02
1.239704284667968750e+02
7.327464294433593750e+01
9.023522949218750000e+01
3.681547546386718750e+01
4.743109893798828125e+01
1.387814636230468750e+02
1.642087707519531250e+02
4.723594284057617188e+01
7.106826019287109375e+01
4.768220520019531250e+01
5.530137252807617188e+01
8.881432342529296875e+01
4.695088958740234375e+01
5.006053924560546875e+01
4.405103683471679688e+01
4.430302429199218750e+01
3.930439758300781250e+01
1.385422668457031250e+02
4.792128753662109375e+01
5.588411712646484375e+01
5.303667068481445312e+01
4.060803985595703125e+01
1.183493652343750000e+02
5.297938919067382812e+01
1.499266967773437500e+02
6.738960266113281250e+01
6.451342010498046875e+01
7.095187377929687500e+01
6.015319824218750000e+01
5.010115814208984375e+01
7.327464294433593750e+01
6.632578277587890625e+01
1.807207946777343750e+02
5.105467987060546875e+01
6.711570739746093750e+01
8.551429748535156250e+01
1.053124542236328125e+02
1.037938690185546875e+02
6.793083190917968750e+01
7.295767211914062500e+01
5.878665161132812500e+01
4.436184310913085938e+01
5.209102630615234375e+01
3.895174026489257812e+01
3.492234039306640625e+01
5.144408035278320312e+01
3.539396286010742188e+01
4.094786834716796875e+01
3.709359359741210938e+01
3.000000000000000000e+01
3.366804122924804688e+01
9.179315185546875000e+01
4.197753143310546875e+01
3.761720275878906250e+01
4.999450683593750000e+01
4.162409210205078125e+01
5.043364334106445312e+01
5.238633346557617188e+01
3.000000000000000000e+01
3.798000335693359375e+01
3.939036560058593750e+01
8.290318298339843750e+01
6.649174499511718750e+01
4.216664886474609375e+01
7.567009735107421875e+01
7.371337890625000000e+01
7.418370056152343750e+01
1.210486602783203125e+02
1.529765472412109375e+02
3.575443649291992188e+01
9.659768676757812500e+01
1.059950942993164062e+02
9.440354919433593750e+01
4.087033081054687500e+01
3.979742813110351562e+01
1.285450286865234375e+02
6.418751525878906250e+01
6.690619659423828125e+01
4.932773208618164062e+01
4.917579650878906250e+01
4.167221069335937500e+01
5.001744461059570312e+01
3.805641555786132812e+01
3.493624877929687500e+01
4.328432846069335938e+01
3.756569671630859375e+01
6.753157043457031250e+01
4.781127548217773438e+01
8.022194671630859375e+01
4.532323074340820312e+01
3.946016693115234375e+01
4.412666702270507812e+01
4.477726745605468750e+01
4.592239379882812500e+01
6.301942062377929688e+01
5.176760101318359375e+01
3.000000000000000000e+01
3.650391006469726562e+01
6.030285263061523438e+01
8.833386230468750000e+01
4.536652374267578125e+01
7.418370056152343750e+01
4.795939636230468750e+01
4.766338729858398438e+01
1.581273498535156250e+02
4.003084945678710938e+01
3.193649673461914062e+01
1.053136901855468750e+02
1.623186340332031250e+02
1.851966400146484375e+02
5.244576263427734375e+01
8.299754333496093750e+01
3.107388496398925781e+01
9.400864410400390625e+01
6.890060424804687500e+01
3.967817306518554688e+01
1.570264129638671875e+02
5.942203903198242188e+01
6.254825592041015625e+01
1.403132324218750000e+02
5.242473983764648438e+01
5.982000732421875000e+01
9.413180541992187500e+01
3.678313827514648438e+01
7.379035949707031250e+01
9.331874084472656250e+01
3.000000000000000000e+01
5.884212875366210938e+01
6.399098968505859375e+01
4.700916290283203125e+01
1.163623504638671875e+02
1.399925689697265625e+02
4.033954238891601562e+01
1.376105041503906250e+02
8.849815368652343750e+01
5.492272186279296875e+01
7.907752990722656250e+01
8.268393707275390625e+01
3.254907226562500000e+01
3.124000549316406250e+01
3.000000000000000000e+01
4.307384109497070312e+01
5.997080612182617188e+01
1.239704284667968750e+02
5.184632110595703125e+01
4.616738891601562500e+01
4.875809478759765625e+01
2.802266235351562500e+02
3.522632598876953125e+01
4.083313369750976562e+01
3.540843200683593750e+01
3.881712722778320312e+01
4.368238830566406250e+01
6.207573699951171875e+01
7.448275756835937500e+01
1.072488861083984375e+02
6.627024841308593750e+01
4.626120758056640625e+01
5.297806930541992188e+01
4.283314514160156250e+01
1.397085876464843750e+02
3.974358367919921875e+01
3.952859497070312500e+01
6.542070770263671875e+01
4.675958633422851562e+01
6.460501098632812500e+01
5.973439025878906250e+01
1.363466186523437500e+02
7.031695556640625000e+01
9.972406005859375000e+01
5.772174835205078125e+01
4.364078521728515625e+01
7.076136779785156250e+01
3.000000000000000000e+01
6.778458404541015625e+01
6.962187194824218750e+01
3.466011810302734375e+01
3.881741714477539062e+01
9.774855804443359375e+01
3.000000000000000000e+01
4.191135787963867188e+01
1.448324737548828125e+02
5.937789154052734375e+01
5.191107940673828125e+01
7.637151336669921875e+01
4.399162292480468750e+01
6.611476135253906250e+01
8.697111511230468750e+01
5.297181701660156250e+01
8.022195434570312500e+01
1.993746032714843750e+02
5.001744461059570312e+01
1.278950195312500000e+02
4.418720245361328125e+01
5.125331115722656250e+01
9.665069580078125000e+01
6.883769226074218750e+01
5.815923690795898438e+01
7.836249542236328125e+01
3.447037124633789062e+01
6.879421997070312500e+01
5.339054870605468750e+01
7.292335510253906250e+01
4.473662567138671875e+01
4.512682723999023438e+01
6.540933227539062500e+01
1.093167648315429688e+02
1.066168060302734375e+02
5.276118469238281250e+01
5.372490310668945312e+01
4.522921752929687500e+01
5.984910964965820312e+01
7.798487854003906250e+01
5.167214202880859375e+01
1.106836090087890625e+02
9.764959716796875000e+01
3.000000000000000000e+01
9.993788146972656250e+01
8.561624145507812500e+01
5.521795272827148438e+01
4.876779937744140625e+01
5.103150177001953125e+01
4.895766067504882812e+01
1.836019592285156250e+02
3.324049377441406250e+01
5.418804550170898438e+01
5.269235992431640625e+01
4.460959625244140625e+01
9.485591888427734375e+01
3.053075599670410156e+01
4.728871917724609375e+01
1.429612426757812500e+02
6.649175262451171875e+01
9.016358947753906250e+01
6.969122314453125000e+01
4.094528961181640625e+01
5.571895217895507812e+01
9.774154663085937500e+01
8.885899353027343750e+01
7.796711730957031250e+01
6.828753662109375000e+01
3.000000000000000000e+01
4.236120223999023438e+01
7.983740234375000000e+01
4.319697952270507812e+01
3.867639160156250000e+01
7.767473602294921875e+01
8.681826019287109375e+01
6.718840026855468750e+01
5.879944610595703125e+01
5.612310791015625000e+01
3.000000000000000000e+01
4.157875823974609375e+01
3.000000000000000000e+01
3.537432479858398438e+01
3.106942367553710938e+01
3.688332748413085938e+01
5.464557266235351562e+01
4.866612243652343750e+01
4.320180892944335938e+01
9.380950927734375000e+01
6.140373992919921875e+01
5.015458297729492188e+01
4.044684600830078125e+01
4.956988906860351562e+01
6.029774093627929688e+01
3.000000000000000000e+01
3.650537490844726562e+01
8.664872741699218750e+01
3.916801452636718750e+01
5.954969787597656250e+01
3.000000000000000000e+01
5.203538131713867188e+01
3.000000000000000000e+01
5.631965637207031250e+01
1.104512252807617188e+02
5.553170013427734375e+01
3.043512725830078125e+01
6.480488586425781250e+01
3.952859497070312500e+01
7.691525268554687500e+01
4.144212722778320312e+01
3.907231903076171875e+01
1.329756011962890625e+02
4.076460647583007812e+01
9.187687683105468750e+01
1.109958496093750000e+02
3.881431961059570312e+01
4.232285690307617188e+01
9.135612487792968750e+01
4.208030700683593750e+01
5.658002471923828125e+01
5.303667068481445312e+01
1.152664489746093750e+02
4.699239730834960938e+01
4.872636413574218750e+01
6.056837463378906250e+01
3.640258789062500000e+01
4.751264953613281250e+01
1.099732971191406250e+02
3.814469146728515625e+01
6.515277099609375000e+01
4.766783523559570312e+01
3.834873962402343750e+01
3.000000000000000000e+01
5.017658233642578125e+01
4.727901077270507812e+01
4.365525054931640625e+01
3.645954513549804688e+01
3.653150177001953125e+01
4.504172515869140625e+01
5.037373352050781250e+01
5.514823150634765625e+01
4.032198715209960938e+01
5.590522766113281250e+01
5.813994598388671875e+01
6.976351165771484375e+01
1.144164123535156250e+02
5.803213882446289062e+01
1.067983856201171875e+02
8.765284729003906250e+01
1.168846740722656250e+02
3.696723556518554688e+01
5.346327209472656250e+01
3.000000000000000000e+01
4.465204620361328125e+01
7.441163635253906250e+01
7.485086059570312500e+01
8.553126525878906250e+01
8.814381408691406250e+01
3.977133178710937500e+01
4.078053283691406250e+01
6.620841979980468750e+01
9.300364685058593750e+01
3.445695495605468750e+01
5.375641250610351562e+01
4.060687637329101562e+01
3.617370223999023438e+01
1.003377914428710938e+02
4.872222900390625000e+01
4.717322540283203125e+01
4.056645965576171875e+01
4.806067657470703125e+01
6.382405853271484375e+01
8.390822601318359375e+01
4.394411468505859375e+01
3.000000000000000000e+01
3.000000000000000000e+01
1.072488861083984375e+02
5.978918457031250000e+01
4.119707489013671875e+01
4.652478027343750000e+01
6.682243347167968750e+01
4.356692123413085938e+01
5.200782012939453125e+01
5.822575378417968750e+01
6.944434356689453125e+01
4.057181167602539062e+01
7.516681671142578125e+01
6.737980651855468750e+01
8.019792175292968750e+01
8.398611450195312500e+01
4.510656356811523438e+01
3.000000000000000000e+01
7.296459960937500000e+01
7.377070617675781250e+01
4.581817626953125000e+01
6.306838226318359375e+01
5.347544097900390625e+01
3.958652114868164062e+01
5.028882598876953125e+01
4.719787597656250000e+01
3.079264640808105469e+01
5.091110992431640625e+01
7.450525665283203125e+01
6.540933227539062500e+01
4.959063339233398438e+01
6.040950393676757812e+01
3.706479644775390625e+01
8.254061126708984375e+01
1.024735107421875000e+02
7.299485778808593750e+01
4.168734359741210938e+01
1.168846740722656250e+02
5.244576263427734375e+01
6.977294158935546875e+01
8.681826019287109375e+01
3.616765975952148438e+01
3.471903991699218750e+01
7.406856536865234375e+01
4.628898620605468750e+01
3.823574829101562500e+01
2.542066345214843750e+02
3.000000000000000000e+01
3.465589523315429688e+01
4.216941833496093750e+01
1.256129684448242188e+02
6.437539672851562500e+01
6.089676666259765625e+01
1.108977355957031250e+02
5.146577453613281250e+01
1.295642700195312500e+02
7.775856781005859375e+01
9.166383361816406250e+01
3.759867095947265625e+01
3.374607086181640625e+01
6.588888549804687500e+01
6.785684204101562500e+01
7.935728454589843750e+01
5.176760101318359375e+01
4.678453063964843750e+01
3.000000000000000000e+01
5.013364410400390625e+01
6.497074127197265625e+01
6.288821411132812500e+01
4.202689361572265625e+01
7.758608245849609375e+01
8.036074829101562500e+01
4.420627212524414062e+01
3.699618530273437500e+01
5.381115722656250000e+01
3.000000000000000000e+01
5.111081695556640625e+01
1.156257934570312500e+02
4.969019317626953125e+01
7.276856994628906250e+01
5.825517654418945312e+01
4.831327056884765625e+01
3.729457473754882812e+01
9.536885070800781250e+01
6.142913055419921875e+01
7.734912109375000000e+01
1.001612854003906250e+02
5.531941986083984375e+01
4.453975296020507812e+01
4.319488525390625000e+01
4.120464324951171875e+01
6.123989105224609375e+01
6.292677307128906250e+01
1.836019592285156250e+02
5.601516723632812500e+01
6.229338073730468750e+01
4.730358123779296875e+01
5.281785583496093750e+01
4.747568130493164062e+01
5.153890991210937500e+01
5.478918457031250000e+01
6.844554901123046875e+01
9.068487548828125000e+01
3.000000000000000000e+01
3.000000000000000000e+01
5.846419906616210938e+01
1.005914764404296875e+02
5.967790222167968750e+01
9.187687683105468750e+01
3.588441848754882812e+01
3.378884124755859375e+01
4.210236740112304688e+01
6.794248962402343750e+01
1.710838623046875000e+02
5.718043518066406250e+01
5.265286254882812500e+01
5.932335662841796875e+01
3.000000000000000000e+01
4.816927337646484375e+01
8.385348510742187500e+01
3.000000000000000000e+01
3.768524169921875000e+01
5.476390457153320312e+01
7.483099365234375000e+01
3.912577056884765625e+01
9.214041137695312500e+01
3.905433654785156250e+01
4.613865661621093750e+01
6.418752288818359375e+01
6.899700927734375000e+01
5.866279983520507812e+01
4.561865997314453125e+01
4.744712066650390625e+01
3.000000000000000000e+01
4.036201477050781250e+01
3.974358367919921875e+01
4.170075607299804688e+01
6.963562011718750000e+01
5.937789154052734375e+01
4.260224151611328125e+01
3.000000000000000000e+01
3.528498077392578125e+01
4.083313369750976562e+01
4.398651885986328125e+01
1.327419738769531250e+02
3.000000000000000000e+01
6.442071533203125000e+01
9.887729644775390625e+01
5.296489715576171875e+01
3.359295654296875000e+01
4.932215881347656250e+01
6.440748596191406250e+01
6.840878295898437500e+01
5.318567657470703125e+01
5.854669570922851562e+01
6.444609832763671875e+01
6.526617431640625000e+01
6.630519866943359375e+01
4.425460815429687500e+01
7.148999023437500000e+01
5.002069854736328125e+01
5.571895217895507812e+01
5.948800277709960938e+01
3.358625793457031250e+01
3.815924453735351562e+01
5.490398788452148438e+01
5.177209091186523438e+01
4.297806549072265625e+01
5.043364715576171875e+01
5.227788925170898438e+01
4.758444595336914062e+01
6.598617553710937500e+01
8.555368041992187500e+01
6.061983108520507812e+01
8.985559844970703125e+01
4.779854583740234375e+01
4.742589569091796875e+01
4.796139526367187500e+01
6.447487640380859375e+01
7.269937133789062500e+01
6.259938812255859375e+01
7.200978088378906250e+01
3.544822692871093750e+01
8.711135864257812500e+01
4.693822097778320312e+01
5.296109771728515625e+01
9.559906005859375000e+01
1.514776458740234375e+02
1.115683288574218750e+02
4.280121231079101562e+01
3.498144531250000000e+01
4.667059326171875000e+01
5.094782257080078125e+01
1.066168136596679688e+02
7.905166625976562500e+01
6.585670471191406250e+01
1.055812225341796875e+02
5.381115722656250000e+01
5.409651947021484375e+01
3.144724845886230469e+01
5.945967864990234375e+01
6.582458496093750000e+01
3.161615753173828125e+01
4.703226089477539062e+01
8.732331848144531250e+01
6.193771362304687500e+01
4.448776245117187500e+01
8.952578735351562500e+01
4.116795730590820312e+01
4.563372802734375000e+01
5.337335968017578125e+01
5.261446380615234375e+01
5.078949356079101562e+01
4.561865997314453125e+01
1.903078308105468750e+02
6.047259902954101562e+01
4.674868774414062500e+01
4.519614410400390625e+01
5.069509124755859375e+01
1.221561279296875000e+02
4.080353927612304688e+01
4.178823089599609375e+01
5.948196411132812500e+01
4.202689361572265625e+01
8.459202575683593750e+01
4.264565658569335938e+01
6.051126098632812500e+01
5.467335891723632812e+01
4.433792114257812500e+01
4.356838226318359375e+01
3.386881256103515625e+01
6.221995925903320312e+01
5.924827575683593750e+01
1.986111145019531250e+02
3.554812622070312500e+01
5.037884521484375000e+01
6.901083374023437500e+01
5.311505889892578125e+01
4.652663803100585938e+01
4.100561904907226562e+01
4.467803955078125000e+01
5.558455657958984375e+01
3.872797012329101562e+01
5.348823547363281250e+01
5.886812973022460938e+01
3.495698547363281250e+01
4.565419006347656250e+01
3.627168273925781250e+01
3.881431961059570312e+01
5.116397857666015625e+01
3.058343696594238281e+01
6.226158905029296875e+01
7.499041748046875000e+01
3.000000000000000000e+01
4.082692337036132812e+01
4.999450683593750000e+01
7.702626037597656250e+01
5.103035736083984375e+01
9.878663635253906250e+01
3.000000000000000000e+01
7.796711730957031250e+01
8.219915771484375000e+01
5.264105606079101562e+01
9.559906005859375000e+01
3.641315460205078125e+01
4.351239013671875000e+01
4.042591094970703125e+01
4.151425170898437500e+01
1.153143997192382812e+02
4.776123809814453125e+01
5.266471862792968750e+01
7.697622680664062500e+01
3.311494827270507812e+01
8.833116912841796875e+01
8.470762634277343750e+01
4.487329101562500000e+01
4.951383972167968750e+01
8.996708679199218750e+01
8.418003845214843750e+01
7.550847625732421875e+01
7.185124206542968750e+01
3.614257812500000000e+01
3.615128326416015625e+01
6.311699295043945312e+01
6.745814514160156250e+01
1.189827117919921875e+02
7.208314514160156250e+01
1.225237426757812500e+02
5.890819168090820312e+01
3.656556320190429688e+01
5.704186248779296875e+01
3.570043945312500000e+01
4.828911972045898438e+01
3.000000000000000000e+01
3.000000000000000000e+01
8.117115783691406250e+01
1.048008422851562500e+02
5.681034851074218750e+01
3.254212188720703125e+01
4.869542694091796875e+01
6.733167266845703125e+01
4.406077957153320312e+01
4.528868103027343750e+01
6.292677307128906250e+01
4.243945312500000000e+01
8.198767852783203125e+01
4.816926574707031250e+01
5.444944763183593750e+01
5.856275558471679688e+01
3.623755645751953125e+01
3.938780975341796875e+01
5.488930511474609375e+01
3.081146049499511719e+01
6.441958618164062500e+01
7.154826354980468750e+01
5.390731048583984375e+01
9.023522949218750000e+01
5.815737533569335938e+01
3.224648666381835938e+01
3.819653320312500000e+01
4.034763336181640625e+01
3.923553466796875000e+01
4.073184204101562500e+01
3.138350868225097656e+01
4.099932861328125000e+01
8.921511840820312500e+01
4.626120758056640625e+01
4.333319854736328125e+01
1.093167648315429688e+02
7.665988159179687500e+01
4.322077178955078125e+01
6.164999389648437500e+01
7.553509521484375000e+01
4.320180511474609375e+01
4.624090194702148438e+01
1.194058151245117188e+02
4.505560302734375000e+01
8.717241668701171875e+01
4.333579254150390625e+01
3.075763893127441406e+01
6.405673980712890625e+01
4.912303924560546875e+01
4.134829711914062500e+01
5.944485473632812500e+01
4.539857482910156250e+01
5.675381469726562500e+01
4.778223419189453125e+01
5.942203903198242188e+01
3.488813400268554688e+01
3.935116577148437500e+01
7.804309844970703125e+01
9.467449951171875000e+01
4.461043548583984375e+01
1.001653289794921875e+02
4.682332611083984375e+01
3.656081390380859375e+01
8.809832000732421875e+01
9.198316192626953125e+01
4.434777069091796875e+01
5.833885955810546875e+01
4.049106597900390625e+01
5.092829132080078125e+01
3.000000000000000000e+01
6.489318847656250000e+01
5.235942077636718750e+01
4.434768676757812500e+01
6.969122314453125000e+01
5.257492065429687500e+01
5.679984283447265625e+01
3.266519927978515625e+01
5.113372802734375000e+01
6.380274200439453125e+01
5.485327529907226562e+01
7.576573181152343750e+01
6.833642578125000000e+01
3.364973831176757812e+01
5.130211257934570312e+01
3.089962577819824219e+01
6.578646850585937500e+01
6.437208557128906250e+01
7.548590087890625000e+01
6.051126098632812500e+01
5.707364273071289062e+01
7.027163696289062500e+01
5.113372802734375000e+01
4.347860717773437500e+01
4.541220855712890625e+01
4.025852203369140625e+01
4.593547821044921875e+01
6.255300903320312500e+01
5.726582717895507812e+01
3.000000000000000000e+01
4.792128753662109375e+01
4.859929656982421875e+01
5.749755859375000000e+01
3.654374313354492188e+01
5.707698440551757812e+01
3.541561889648437500e+01
5.212910842895507812e+01
6.663471984863281250e+01
4.600662994384765625e+01
5.451369476318359375e+01
3.882198333740234375e+01
8.244484710693359375e+01
5.758472061157226562e+01
3.616194152832031250e+01
4.858145141601562500e+01
4.396565246582031250e+01
7.985503387451171875e+01
7.433986663818359375e+01
3.000000000000000000e+01
4.148462677001953125e+01
5.952129364013671875e+01
4.564964294433593750e+01
5.825130462646484375e+01
4.805526351928710938e+01
6.285120773315429688e+01
4.040965652465820312e+01
3.000000000000000000e+01
4.601379013061523438e+01
4.378575897216796875e+01
6.925323486328125000e+01
3.000000000000000000e+01
9.665069580078125000e+01
4.732672119140625000e+01
4.855322265625000000e+01
4.275252151489257812e+01
4.547633361816406250e+01
3.000000000000000000e+01
5.582170486450195312e+01
3.498144531250000000e+01
4.266804504394531250e+01
3.000000000000000000e+01
5.257636642456054688e+01
4.982091140747070312e+01
5.714778518676757812e+01
6.548848724365234375e+01
5.737202835083007812e+01
5.617385482788085938e+01
4.312326812744140625e+01
3.000000000000000000e+01
3.000000000000000000e+01
4.547633361816406250e+01
7.200978088378906250e+01
4.282186889648437500e+01
5.096484756469726562e+01
3.000000000000000000e+01
6.832567596435546875e+01
6.154483795166015625e+01
8.137219238281250000e+01
3.773751068115234375e+01
3.207937622070312500e+01
6.913595581054687500e+01
3.772163009643554688e+01
5.165000152587890625e+01
3.270632553100585938e+01
4.998825454711914062e+01
3.000000000000000000e+01
3.000000000000000000e+01
4.360873413085937500e+01
4.150323867797851562e+01
7.414866638183593750e+01
4.987825775146484375e+01
7.548590087890625000e+01
5.277299118041992188e+01
4.154452514648437500e+01
3.122134399414062500e+01
4.030823516845703125e+01
4.094881820678710938e+01
3.906292724609375000e+01
6.567940521240234375e+01
7.448275756835937500e+01
3.907231903076171875e+01
3.696922302246093750e+01
3.895240402221679688e+01
8.091588592529296875e+01
5.629187774658203125e+01
4.316902542114257812e+01
3.343272399902343750e+01
3.603844451904296875e+01
3.754304122924804688e+01
3.358625793457031250e+01
5.915432739257812500e+01
3.245782470703125000e+01
4.971741104125976562e+01
3.945553588867187500e+01
4.001242446899414062e+01
3.541348648071289062e+01
5.383887863159179688e+01
3.062721633911132812e+01
5.608236694335937500e+01
5.060991287231445312e+01
7.791648864746093750e+01
5.277299118041992188e+01
6.673749542236328125e+01
3.111023902893066406e+01
3.326313781738281250e+01
6.358877944946289062e+01
3.000000000000000000e+01
4.551493072509765625e+01
7.430562591552734375e+01
3.420613861083984375e+01
4.843370056152343750e+01
5.311026763916015625e+01
4.232285308837890625e+01
5.115011978149414062e+01
6.627024841308593750e+01
3.167648315429687500e+01
4.076716613769531250e+01
7.620994567871093750e+01
4.513718414306640625e+01
8.996707916259765625e+01
8.622882080078125000e+01
3.000000000000000000e+01
6.661043548583984375e+01
3.000000000000000000e+01
5.815923690795898438e+01
5.522340393066406250e+01
4.360327148437500000e+01
7.887558746337890625e+01
5.973439025878906250e+01
3.992783355712890625e+01
6.256271743774414062e+01
7.323503112792968750e+01
3.278396224975585938e+01
7.365127563476562500e+01
5.313581848144531250e+01
3.769039916992187500e+01
3.884294891357421875e+01
5.396843719482421875e+01
3.000000000000000000e+01
6.909439849853515625e+01
5.166703033447265625e+01
5.037884521484375000e+01
4.094480895996093750e+01
4.930793380737304688e+01
3.217527770996093750e+01
3.013816261291503906e+01
7.363803100585937500e+01
3.931903839111328125e+01
4.317655181884765625e+01
6.454945373535156250e+01
6.162060546875000000e+01
4.971152496337890625e+01
4.779791641235351562e+01
4.858145141601562500e+01
3.079067611694335938e+01
3.692211151123046875e+01
4.100658035278320312e+01
4.532236862182617188e+01
3.802943038940429688e+01
3.744248199462890625e+01
5.846419906616210938e+01
4.526316070556640625e+01
4.365525054931640625e+01
4.450183105468750000e+01
7.572452545166015625e+01
4.779756546020507812e+01
6.730177307128906250e+01
1.071592941284179688e+02
4.877975845336914062e+01
5.629429626464843750e+01
4.284989547729492188e+01
4.239936828613281250e+01
3.186176300048828125e+01
4.675534820556640625e+01
5.799862289428710938e+01
1.001612777709960938e+02
3.621190643310546875e+01
3.656886672973632812e+01
4.706977844238281250e+01
5.397863388061523438e+01
4.604587554931640625e+01
4.751264953613281250e+01
5.261446380615234375e+01
5.978582000732421875e+01
3.000000000000000000e+01
4.953968811035156250e+01
3.454499053955078125e+01
5.415437316894531250e+01
5.028882598876953125e+01
3.000000000000000000e+01
4.953838729858398438e+01
5.408939361572265625e+01
3.382036209106445312e+01
5.328747177124023438e+01
4.730146026611328125e+01
4.560486984252929688e+01
5.967790222167968750e+01
4.086064529418945312e+01
3.821386718750000000e+01
4.747568511962890625e+01
4.755067443847656250e+01
5.615223693847656250e+01
4.361371612548828125e+01
3.823647689819335938e+01
5.299519348144531250e+01
3.662087249755859375e+01
4.911576461791992188e+01
5.413416671752929688e+01
3.698670196533203125e+01
4.827547454833984375e+01
4.623783874511718750e+01
3.520656204223632812e+01
5.787714385986328125e+01
5.642800140380859375e+01
3.696723556518554688e+01
4.526783752441406250e+01
5.551340484619140625e+01
5.545582962036132812e+01
4.264753723144531250e+01
6.190424346923828125e+01
3.418202209472656250e+01
5.402939605712890625e+01
4.111019134521484375e+01
1.022455368041992188e+02
8.434828186035156250e+01
4.678668212890625000e+01
6.045813751220703125e+01
3.000000000000000000e+01
7.885993957519531250e+01
3.000000000000000000e+01
4.323528671264648438e+01
8.041561889648437500e+01
5.193996047973632812e+01
4.614037704467773438e+01
6.078990554809570312e+01
9.951905059814453125e+01
3.933403015136718750e+01
4.135291671752929688e+01
3.506268310546875000e+01
5.687287902832031250e+01
4.465079116821289062e+01
3.145705795288085938e+01
5.040412139892578125e+01
8.614730072021484375e+01
5.092164611816406250e+01
3.609920883178710938e+01
3.864409637451171875e+01
5.733505249023437500e+01
4.184758758544921875e+01
4.918548965454101562e+01
5.487845993041992188e+01
9.878662872314453125e+01
5.968740844726562500e+01
7.227122497558593750e+01
7.322241973876953125e+01
7.283166503906250000e+01
5.946490097045898438e+01
3.756121444702148438e+01
3.483593750000000000e+01
5.237307739257812500e+01
4.152099609375000000e+01
4.447050857543945312e+01
3.155990409851074219e+01
3.747963333129882812e+01
3.985684967041015625e+01
3.130463409423828125e+01
4.731583023071289062e+01
5.012909698486328125e+01
7.084249877929687500e+01
4.330795288085937500e+01
3.561590194702148438e+01
4.442235565185546875e+01
3.068477821350097656e+01
4.226530075073242188e+01
4.516194915771484375e+01
7.507230377197265625e+01
4.802797698974609375e+01
4.247591018676757812e+01
3.000000000000000000e+01
4.236120605468750000e+01
4.572645568847656250e+01
3.000000000000000000e+01
7.985503387451171875e+01
3.535701751708984375e+01
8.812909698486328125e+01
4.125372314453125000e+01
6.480273437500000000e+01
6.292359161376953125e+01
4.391798782348632812e+01
4.375012969970703125e+01
3.958101654052734375e+01
4.899699783325195312e+01
4.364078521728515625e+01
4.231726074218750000e+01
3.927567672729492188e+01
4.979016876220703125e+01
4.432768249511718750e+01
8.459202575683593750e+01
7.377077484130859375e+01
7.371337890625000000e+01
3.442147827148437500e+01
4.686054992675781250e+01
5.862145233154296875e+01
3.985684967041015625e+01
4.971031951904296875e+01
5.034568405151367188e+01
5.785416412353515625e+01
4.150151824951171875e+01
4.734714126586914062e+01
3.798046875000000000e+01
3.554715347290039062e+01
3.256471252441406250e+01
7.404689025878906250e+01
3.458329772949218750e+01
3.975222396850585938e+01
3.230505752563476562e+01
4.786103057861328125e+01
5.486525344848632812e+01
3.000000000000000000e+01
4.766338348388671875e+01
3.202429962158203125e+01
3.427894592285156250e+01
5.486366271972656250e+01
7.697622680664062500e+01
3.000000000000000000e+01
5.680358505249023438e+01
4.801615905761718750e+01
4.187334442138671875e+01
4.141971969604492188e+01
4.712535476684570312e+01
3.872996139526367188e+01
3.951885223388671875e+01
3.978554916381835938e+01
4.909436798095703125e+01
3.729502868652343750e+01
3.575299453735351562e+01
4.520191192626953125e+01
3.711808013916015625e+01
3.464264297485351562e+01
3.658078384399414062e+01
3.520249176025390625e+01
5.682106781005859375e+01
4.866182708740234375e+01
9.951905059814453125e+01
4.119930267333984375e+01
3.861271667480468750e+01
3.337891006469726562e+01
9.048464202880859375e+01
3.640258789062500000e+01
4.176288986206054688e+01
7.404689025878906250e+01
5.757299804687500000e+01
4.204827117919921875e+01
3.993716430664062500e+01
5.464557266235351562e+01
1.177016143798828125e+02
7.345844268798828125e+01
6.048406982421875000e+01
7.657952880859375000e+01
3.277189254760742188e+01
3.269206237792968750e+01
6.258016204833984375e+01
3.962377548217773438e+01
5.630258941650390625e+01
5.852291107177734375e+01
4.153054428100585938e+01
3.248149871826171875e+01
7.185597229003906250e+01
3.186538505554199219e+01
5.118968963623046875e+01
4.907458114624023438e+01
4.981131744384765625e+01
3.528060150146484375e+01
4.168734359741210938e+01
3.000000000000000000e+01
3.632592773437500000e+01
4.231898117065429688e+01
8.109430694580078125e+01
3.803000640869140625e+01
3.998855209350585938e+01
7.104299926757812500e+01
5.609021377563476562e+01
4.825572967529296875e+01
3.694085693359375000e+01
4.775263595581054688e+01
4.271108627319335938e+01
3.504774093627929688e+01
3.937422180175781250e+01
4.607909774780273438e+01
6.765722656250000000e+01
6.288836669921875000e+01
4.293480300903320312e+01
3.000000000000000000e+01
4.224967193603515625e+01
4.469111633300781250e+01
3.193094825744628906e+01
4.765318298339843750e+01
5.329684829711914062e+01
4.537442016601562500e+01
3.454986953735351562e+01
3.199574851989746094e+01
5.076593017578125000e+01
3.000000000000000000e+01
5.959193420410156250e+01
4.282408142089843750e+01
3.621190643310546875e+01
5.078949356079101562e+01
4.194276046752929688e+01
4.150081253051757812e+01
4.959907531738281250e+01
3.067522430419921875e+01
7.798191833496093750e+01
4.078888702392578125e+01
4.575804138183593750e+01
4.924200439453125000e+01
7.702626037597656250e+01
4.544876480102539062e+01
3.616789627075195312e+01
3.000000000000000000e+01
3.698458480834960938e+01
5.274768447875976562e+01
3.766258621215820312e+01
3.870389175415039062e+01
3.000000000000000000e+01
3.095831298828125000e+01
3.000000000000000000e+01
3.510823822021484375e+01
4.766211700439453125e+01
4.097032546997070312e+01
5.576794052124023438e+01
3.990515518188476562e+01
6.511862182617187500e+01
4.829354095458984375e+01
4.893955993652343750e+01
5.526414489746093750e+01
3.000000000000000000e+01
5.391272735595703125e+01
3.000000000000000000e+01
3.000000000000000000e+01
5.044747924804687500e+01
4.323141098022460938e+01
3.075154876708984375e+01
4.313808059692382812e+01
3.048095703125000000e+01
3.817968368530273438e+01
3.874550628662109375e+01
4.079913330078125000e+01
