5.446244812011718750e+01
5.845088577270507812e+01
3.309794998168945312e+01
4.138827896118164062e+01
5.774553680419921875e+01
8.033582305908203125e+01
3.547367858886718750e+01
8.063366699218750000e+01
5.506926727294921875e+01
1.286469726562500000e+02
4.885866165161132812e+01
1.610273742675781250e+02
4.262298965454101562e+01
4.559217834472656250e+01
3.327106094360351562e+01
7.391835021972656250e+01
7.117428588867187500e+01
4.308882904052734375e+01
4.470309448242187500e+01
1.440409393310546875e+02
4.140516662597656250e+01
8.693249511718750000e+01
3.000000000000000000e+01
3.880921936035156250e+01
4.612840652465820312e+01
7.536769104003906250e+01
3.475817489624023438e+01
7.581147766113281250e+01
1.972519073486328125e+02
6.191069030761718750e+01
5.328809356689453125e+01
4.965156555175781250e+01
4.176274108886718750e+01
1.006666717529296875e+02
5.373550796508789062e+01
6.734798431396484375e+01
6.776820373535156250e+01
5.500264739990234375e+01
4.644293212890625000e+01
3.460397338867187500e+01
4.072036743164062500e+01
3.455327987670898438e+01
4.575074768066406250e+01
5.240492248535156250e+01
3.000000000000000000e+01
5.076512908935546875e+01
3.407724761962890625e+01
6.184262466430664062e+01
1.285593566894531250e+02
5.610623168945312500e+01
4.249985504150390625e+01
3.000000000000000000e+01
6.098117828369140625e+01
4.347872161865234375e+01
1.021568450927734375e+02
5.380293273925781250e+01
7.222728729248046875e+01
6.070282745361328125e+01
6.099390411376953125e+01
6.579701995849609375e+01
5.920119476318359375e+01
8.734461975097656250e+01
3.881115341186523438e+01
7.807665252685546875e+01
8.959294128417968750e+01
5.106236648559570312e+01
5.188847351074218750e+01
3.000000000000000000e+01
4.481950378417968750e+01
6.000390625000000000e+01
5.962311935424804688e+01
3.677063751220703125e+01
9.769671630859375000e+01
3.854822158813476562e+01
6.659684753417968750e+01
4.633634567260742188e+01
5.233821487426757812e+01
4.151065826416015625e+01
4.210105133056640625e+01
6.714757537841796875e+01
3.522886657714843750e+01
7.117428588867187500e+01
5.139847564697265625e+01
9.396246337890625000e+01
8.356674194335937500e+01
4.525294876098632812e+01
4.324654769897460938e+01
4.644466018676757812e+01
4.262298965454101562e+01
5.283556365966796875e+01
4.488935470581054688e+01
4.606327056884765625e+01
6.321316528320312500e+01
5.819478988647460938e+01
8.794650268554687500e+01
9.532472991943359375e+01
6.575906372070312500e+01
4.029348754882812500e+01
8.711315917968750000e+01
4.154271316528320312e+01
9.974287414550781250e+01
7.186730957031250000e+01
1.498452758789062500e+02
3.407478332519531250e+01
4.723355865478515625e+01
7.032486724853515625e+01
3.000000000000000000e+01
5.723801803588867188e+01
4.808381652832031250e+01
3.277203369140625000e+01
4.857386016845703125e+01
4.036355590820312500e+01
7.319786834716796875e+01
1.016189727783203125e+02
3.929928588867187500e+01
4.009643173217773438e+01
9.142810058593750000e+01
4.765689468383789062e+01
7.341729736328125000e+01
4.638047790527343750e+01
4.384600830078125000e+01
5.380595397949218750e+01
4.832371520996093750e+01
4.043324279785156250e+01
4.328954315185546875e+01
5.100200271606445312e+01
7.557635498046875000e+01
5.546271133422851562e+01
4.770648574829101562e+01
6.170929718017578125e+01
4.791624832153320312e+01
1.044329071044921875e+02
6.751963043212890625e+01
4.462142944335937500e+01
6.103561401367187500e+01
4.735243988037109375e+01
1.039505233764648438e+02
4.405086517333984375e+01
3.824663925170898438e+01
7.837964630126953125e+01
3.831237030029296875e+01
1.006450500488281250e+02
7.823460388183593750e+01
4.925413894653320312e+01
6.997501373291015625e+01
4.217347717285156250e+01
8.369996643066406250e+01
9.018038940429687500e+01
5.542472839355468750e+01
1.240289459228515625e+02
5.704584503173828125e+01
7.556860351562500000e+01
5.177388381958007812e+01
9.893412017822265625e+01
5.315302658081054688e+01
1.234927368164062500e+02
3.188687133789062500e+01
1.206088256835937500e+02
4.386482238769531250e+01
7.407992553710937500e+01
3.978876495361328125e+01
5.163702392578125000e+01
4.295642852783203125e+01
3.877925109863281250e+01
7.044161987304687500e+01
4.338297271728515625e+01
6.473244476318359375e+01
5.210177230834960938e+01
3.746834564208984375e+01
1.393773345947265625e+02
4.668772125244140625e+01
4.543043899536132812e+01
3.892839050292968750e+01
3.000000000000000000e+01
5.121266555786132812e+01
6.770012664794921875e+01
5.651141738891601562e+01
4.503531265258789062e+01
6.793838500976562500e+01
4.935046386718750000e+01
6.073867034912109375e+01
5.734265136718750000e+01
6.800160217285156250e+01
5.657416152954101562e+01
4.189370727539062500e+01
3.000000000000000000e+01
3.435641860961914062e+01
8.263002014160156250e+01
5.320067214965820312e+01
4.134242248535156250e+01
5.322480392456054688e+01
6.076722335815429688e+01
7.598417663574218750e+01
4.614818954467773438e+01
5.260928344726562500e+01
5.758699417114257812e+01
3.654772186279296875e+01
8.701696777343750000e+01
1.260740966796875000e+02
8.022346496582031250e+01
5.885827636718750000e+01
1.145149078369140625e+02
5.774894714355468750e+01
3.766067886352539062e+01
5.633214569091796875e+01
4.830398559570312500e+01
5.791593170166015625e+01
4.008736419677734375e+01
1.362395324707031250e+02
3.293827438354492188e+01
5.286248016357421875e+01
9.370422363281250000e+01
5.187871932983398438e+01
4.508359146118164062e+01
3.633908081054687500e+01
3.297123336791992188e+01
5.498626327514648438e+01
5.019716644287109375e+01
4.492449188232421875e+01
4.073346710205078125e+01
3.789235687255859375e+01
7.151458740234375000e+01
1.029844512939453125e+02
4.629496383666992188e+01
4.533408355712890625e+01
4.285525512695312500e+01
5.626596450805664062e+01
1.075234985351562500e+02
5.906966018676757812e+01
1.068638610839843750e+02
3.457336044311523438e+01
4.389006042480468750e+01
4.969942855834960938e+01
3.013149261474609375e+01
4.499942779541015625e+01
7.178754425048828125e+01
4.679010391235351562e+01
5.496550369262695312e+01
7.065424346923828125e+01
4.875056457519531250e+01
4.608992767333984375e+01
1.188596191406250000e+02
8.882351684570312500e+01
7.630114746093750000e+01
9.191520690917968750e+01
4.215505981445312500e+01
3.986891937255859375e+01
1.307462310791015625e+02
1.804047546386718750e+02
5.318157196044921875e+01
5.801086425781250000e+01
3.709487152099609375e+01
5.802473449707031250e+01
9.846324157714843750e+01
4.236765289306640625e+01
5.208902740478515625e+01
4.500417709350585938e+01
4.614036178588867188e+01
3.761263275146484375e+01
1.588659973144531250e+02
3.980491638183593750e+01
5.806954574584960938e+01
5.539106369018554688e+01
4.279976272583007812e+01
1.483911743164062500e+02
5.557112121582031250e+01
1.433757324218750000e+02
7.688665008544921875e+01
5.906870269775390625e+01
6.962011718750000000e+01
6.368191528320312500e+01
5.104513168334960938e+01
7.630114746093750000e+01
6.317100524902343750e+01
1.475584259033203125e+02
3.981919479370117188e+01
6.630231475830078125e+01
7.550784301757812500e+01
1.037118148803710938e+02
9.806966400146484375e+01
5.940238189697265625e+01
6.716593933105468750e+01
6.063961029052734375e+01
3.857377624511718750e+01
6.882946777343750000e+01
3.393352508544921875e+01
3.979550933837890625e+01
5.535480499267578125e+01
3.637528991699218750e+01
4.035318756103515625e+01
3.847897720336914062e+01
3.000000000000000000e+01
3.626724243164062500e+01
9.694404602050781250e+01
4.634654235839843750e+01
3.000000000000000000e+01
5.393684387207031250e+01
4.929666519165039062e+01
4.447422027587890625e+01
5.566241836547851562e+01
3.915308380126953125e+01
3.884326171875000000e+01
4.231423568725585938e+01
8.445716094970703125e+01
7.113772583007812500e+01
4.280583953857421875e+01
7.785149383544921875e+01
6.305406951904296875e+01
7.638622283935546875e+01
1.060231704711914062e+02
1.558695678710937500e+02
3.805929183959960938e+01
9.887765502929687500e+01
1.025220794677734375e+02
9.536801147460937500e+01
4.331783294677734375e+01
3.697191619873046875e+01
1.306453247070312500e+02
5.098834991455078125e+01
8.711315917968750000e+01
4.450769424438476562e+01
5.217590713500976562e+01
3.966332626342773438e+01
4.602015304565429688e+01
4.156679916381835938e+01
3.493748474121093750e+01
3.712593841552734375e+01
3.629508209228515625e+01
9.769671630859375000e+01
4.140898895263671875e+01
8.428931427001953125e+01
5.237461090087890625e+01
4.056145477294921875e+01
4.434442520141601562e+01
4.803953170776367188e+01
4.778270339965820312e+01
6.086865234375000000e+01
4.893404388427734375e+01
3.000000000000000000e+01
3.662251281738281250e+01
5.450568008422851562e+01
8.537178802490234375e+01
4.185977935791015625e+01
7.638622283935546875e+01
5.309435272216796875e+01
4.827048110961914062e+01
1.358286285400390625e+02
4.245387268066406250e+01
3.252366638183593750e+01
9.950262451171875000e+01
1.511787567138671875e+02
1.662691497802734375e+02
4.778321456909179688e+01
8.734461975097656250e+01
3.181317901611328125e+01
8.798445892333984375e+01
5.594822311401367188e+01
3.199258995056152344e+01
1.281536865234375000e+02
5.391366577148437500e+01
6.606929016113281250e+01
1.308199615478515625e+02
5.760611724853515625e+01
7.235959625244140625e+01
9.486904144287109375e+01
3.344021606445312500e+01
7.766219329833984375e+01
1.034322128295898438e+02
3.000000000000000000e+01
6.263959121704101562e+01
6.428883361816406250e+01
5.159480667114257812e+01
9.737778472900390625e+01
1.386264953613281250e+02
4.526191329956054688e+01
1.296581878662109375e+02
8.557861328125000000e+01
6.191069030761718750e+01
7.895681762695312500e+01
6.966454315185546875e+01
3.000000000000000000e+01
3.511401367187500000e+01
3.000000000000000000e+01
4.896185684204101562e+01
5.412168884277343750e+01
8.882351684570312500e+01
5.139273834228515625e+01
4.112392807006835938e+01
5.089018630981445312e+01
2.819557495117187500e+02
3.085416030883789062e+01
3.957616043090820312e+01
3.950410842895507812e+01
3.000000000000000000e+01
4.621250152587890625e+01
6.785015869140625000e+01
6.957398223876953125e+01
9.663673400878906250e+01
7.014051818847656250e+01
4.655627441406250000e+01
5.093367385864257812e+01
4.335041809082031250e+01
1.472664184570312500e+02
4.118951034545898438e+01
4.241394805908203125e+01
6.886491394042968750e+01
4.103263854980468750e+01
6.437036132812500000e+01
4.662712478637695312e+01
1.403363494873046875e+02
7.232859802246093750e+01
9.285951995849609375e+01
5.394343566894531250e+01
4.381337738037109375e+01
7.486056518554687500e+01
3.000000000000000000e+01
7.403100585937500000e+01
8.805856323242187500e+01
3.369882965087890625e+01
4.085111618041992188e+01
9.029299163818359375e+01
3.000000000000000000e+01
4.039044570922851562e+01
1.320988311767578125e+02
6.574791717529296875e+01
5.538769149780273438e+01
6.016710281372070312e+01
4.576213836669921875e+01
5.581336212158203125e+01
9.316961669921875000e+01
4.055583572387695312e+01
8.428931427001953125e+01
2.057024993896484375e+02
4.602015686035156250e+01
1.183535614013671875e+02
4.584880828857421875e+01
5.118304443359375000e+01
9.448963165283203125e+01
7.581147766113281250e+01
5.165301132202148438e+01
8.345796203613281250e+01
3.679190444946289062e+01
6.335902404785156250e+01
5.392011642456054688e+01
6.073736572265625000e+01
4.439513778686523438e+01
5.232222366333007812e+01
6.048865890502929688e+01
1.725351257324218750e+02
9.900388336181640625e+01
4.595544815063476562e+01
5.177388381958007812e+01
4.351385498046875000e+01
5.649122238159179688e+01
7.291752624511718750e+01
4.187613677978515625e+01
1.012253723144531250e+02
1.035179977416992188e+02
4.684839248657226562e+01
1.136443786621093750e+02
9.326815795898437500e+01
6.098179244995117188e+01
5.049340820312500000e+01
5.104470062255859375e+01
4.147800445556640625e+01
2.057142639160156250e+02
4.312808990478515625e+01
4.771413803100585938e+01
4.702953338623046875e+01
3.943922805786132812e+01
1.046091384887695312e+02
3.532548522949218750e+01
4.492246246337890625e+01
1.417611694335937500e+02
7.113772583007812500e+01
8.049942016601562500e+01
5.380431365966796875e+01
4.786356353759765625e+01
6.740968322753906250e+01
8.867256164550781250e+01
8.248213195800781250e+01
7.978326416015625000e+01
6.964007568359375000e+01
3.000000000000000000e+01
8.064198303222656250e+01
9.349912261962890625e+01
4.429757308959960938e+01
4.508359146118164062e+01
6.958284759521484375e+01
9.469850158691406250e+01
7.905694580078125000e+01
5.493744659423828125e+01
4.901947402954101562e+01
3.000000000000000000e+01
4.020243072509765625e+01
3.000000000000000000e+01
3.796440124511718750e+01
3.679220581054687500e+01
3.743316650390625000e+01
5.117120742797851562e+01
4.651178741455078125e+01
4.437668609619140625e+01
7.974607849121093750e+01
5.429689788818359375e+01
3.935121154785156250e+01
3.793864440917968750e+01
5.340618133544921875e+01
6.087631225585937500e+01
3.770951843261718750e+01
3.707019042968750000e+01
7.855653381347656250e+01
3.850469207763671875e+01
6.084429550170898438e+01
3.000000000000000000e+01
5.355976486206054688e+01
3.707545471191406250e+01
3.327106475830078125e+01
1.246647415161132812e+02
5.339180755615234375e+01
3.400807189941406250e+01
6.773199462890625000e+01
4.241394805908203125e+01
7.741349029541015625e+01
4.934638595581054688e+01
4.743688201904296875e+01
1.183190917968750000e+02
4.823084259033203125e+01
1.104067459106445312e+02
1.092777557373046875e+02
4.056080627441406250e+01
4.376637268066406250e+01
9.619981384277343750e+01
4.703735733032226562e+01
5.575576019287109375e+01
5.539106369018554688e+01
2.049837646484375000e+02
4.536068344116210938e+01
3.975246429443359375e+01
5.544283294677734375e+01
3.349635696411132812e+01
5.057990264892578125e+01
9.823728942871093750e+01
3.984774017333984375e+01
7.711880493164062500e+01
4.021638488769531250e+01
4.483760070800781250e+01
3.000000000000000000e+01
4.078939056396484375e+01
4.705609512329101562e+01
4.232595825195312500e+01
3.850535202026367188e+01
3.283549118041992188e+01
3.625440216064453125e+01
5.305006408691406250e+01
5.255434799194335938e+01
4.464295959472656250e+01
5.635369491577148438e+01
5.723801803588867188e+01
6.920986938476562500e+01
1.362395324707031250e+02
6.739218139648437500e+01
1.064881210327148438e+02
8.530342102050781250e+01
1.143174514770507812e+02
4.161835479736328125e+01
5.444643402099609375e+01
4.844127655029296875e+01
4.900257873535156250e+01
6.520855712890625000e+01
8.024747467041015625e+01
7.217234802246093750e+01
7.806887817382812500e+01
3.929928588867187500e+01
4.337166595458984375e+01
6.017053985595703125e+01
8.362219238281250000e+01
3.000000000000000000e+01
5.872058868408203125e+01
3.952052688598632812e+01
3.518465042114257812e+01
9.454084014892578125e+01
4.488935470581054688e+01
4.612864685058593750e+01
4.121553039550781250e+01
4.444176101684570312e+01
6.970368957519531250e+01
9.323742675781250000e+01
4.394474792480468750e+01
3.699811172485351562e+01
3.000000000000000000e+01
9.663673400878906250e+01
5.628223800659179688e+01
4.620487976074218750e+01
5.342794799804687500e+01
6.252262878417968750e+01
5.022474670410156250e+01
5.189231109619140625e+01
5.648449325561523438e+01
7.298608398437500000e+01
4.202241516113281250e+01
7.156121826171875000e+01
6.487297821044921875e+01
7.566436004638671875e+01
7.935078430175781250e+01
4.372912216186523438e+01
3.422144317626953125e+01
6.502458190917968750e+01
6.797548675537109375e+01
4.793629455566406250e+01
6.088066864013671875e+01
5.354454040527343750e+01
4.031370925903320312e+01
5.776343536376953125e+01
5.089111709594726562e+01
3.123750877380371094e+01
4.683692932128906250e+01
6.444080352783203125e+01
6.048865890502929688e+01
5.130437469482421875e+01
6.203566741943359375e+01
3.770309448242187500e+01
7.147151947021484375e+01
1.007119293212890625e+02
5.943953323364257812e+01
4.305012893676757812e+01
1.143174514770507812e+02
4.778321456909179688e+01
7.336378479003906250e+01
9.469850921630859375e+01
3.780937957763671875e+01
3.817108535766601562e+01
7.700613403320312500e+01
3.253704452514648438e+01
4.292858123779296875e+01
2.271719360351562500e+02
3.829167175292968750e+01
3.000000000000000000e+01
4.035888290405273438e+01
1.320492248535156250e+02
7.159246826171875000e+01
5.334824752807617188e+01
1.163518142700195312e+02
4.103858184814453125e+01
1.209763183593750000e+02
6.847863769531250000e+01
9.406288146972656250e+01
4.778708267211914062e+01
3.353124237060546875e+01
8.246244812011718750e+01
6.826171875000000000e+01
8.102912902832031250e+01
4.893404388427734375e+01
4.192315673828125000e+01
3.256789779663085938e+01
4.907192230224609375e+01
5.928430938720703125e+01
4.865496444702148438e+01
4.028569793701171875e+01
7.396952819824218750e+01
7.174039459228515625e+01
4.287085723876953125e+01
3.104689025878906250e+01
4.866592407226562500e+01
3.441596221923828125e+01
4.656750869750976562e+01
1.215086593627929688e+02
4.784112167358398438e+01
7.135699462890625000e+01
5.685560226440429688e+01
5.416977310180664062e+01
3.579166793823242188e+01
1.006450500488281250e+02
6.272396469116210938e+01
7.176618957519531250e+01
9.795939636230468750e+01
5.257729721069335938e+01
4.200210571289062500e+01
4.322159576416015625e+01
4.876029968261718750e+01
5.841479110717773438e+01
5.557803344726562500e+01
2.057142639160156250e+02
5.207264709472656250e+01
6.843955993652343750e+01
7.557521057128906250e+01
7.871181488037109375e+01
4.518590545654296875e+01
4.885903167724609375e+01
5.366621398925781250e+01
7.468778991699218750e+01
9.905105590820312500e+01
3.000000000000000000e+01
3.015324592590332031e+01
5.700420379638671875e+01
9.434291839599609375e+01
5.631302642822265625e+01
1.104067382812500000e+02
4.667188644409179688e+01
3.121935272216796875e+01
4.148975372314453125e+01
5.948725128173828125e+01
1.733620605468750000e+02
7.497404479980468750e+01
5.509304428100585938e+01
6.108208084106445312e+01
3.000000000000000000e+01
5.737163543701171875e+01
8.670125579833984375e+01
3.681336212158203125e+01
3.817152404785156250e+01
6.280555725097656250e+01
7.745748901367187500e+01
3.987719345092773438e+01
9.069626617431640625e+01
4.144982910156250000e+01
4.445646667480468750e+01
5.098834991455078125e+01
8.416007995605468750e+01
5.688721847534179688e+01
4.412891006469726562e+01
4.565180969238281250e+01
3.407272338867187500e+01
3.982093811035156250e+01
4.118950653076171875e+01
4.159170150756835938e+01
6.932038879394531250e+01
6.574791717529296875e+01
3.093892669677734375e+01
3.000000000000000000e+01
3.151508522033691406e+01
3.957616043090820312e+01
4.457920074462890625e+01
1.083339996337890625e+02
3.000000000000000000e+01
6.726541900634765625e+01
8.412988281250000000e+01
4.779380798339843750e+01
4.239577865600585938e+01
4.487436676025390625e+01
7.407992553710937500e+01
6.809088134765625000e+01
5.364179992675781250e+01
6.747264862060546875e+01
5.573254013061523438e+01
8.282881164550781250e+01
5.944557952880859375e+01
4.481535339355468750e+01
5.884185791015625000e+01
3.864445495605468750e+01
6.740968322753906250e+01
6.072252273559570312e+01
3.543503952026367188e+01
3.831193542480468750e+01
5.164479064941406250e+01
5.762006378173828125e+01
5.025950622558593750e+01
4.447422027587890625e+01
5.121895980834960938e+01
4.902047729492187500e+01
6.873348236083984375e+01
7.472588348388671875e+01
5.554484939575195312e+01
9.017882537841796875e+01
4.682905197143554688e+01
4.875056457519531250e+01
3.040408706665039062e+01
6.804522705078125000e+01
6.871376037597656250e+01
6.376584625244140625e+01
7.285833740234375000e+01
3.488435363769531250e+01
8.763893127441406250e+01
5.293433761596679688e+01
4.584571075439453125e+01
9.375287628173828125e+01
1.440409393310546875e+02
1.216800994873046875e+02
3.354203796386718750e+01
3.779029083251953125e+01
4.477838134765625000e+01
5.357675170898437500e+01
9.900388336181640625e+01
8.660819244384765625e+01
7.093193817138671875e+01
9.690528869628906250e+01
4.866592788696289062e+01
5.067084503173828125e+01
3.518656539916992188e+01
5.676383209228515625e+01
6.692153167724609375e+01
3.672571563720703125e+01
4.875041198730468750e+01
8.035406494140625000e+01
5.156669616699218750e+01
4.285697174072265625e+01
8.881922912597656250e+01
3.846987915039062500e+01
4.604641723632812500e+01
6.000390625000000000e+01
5.194040679931640625e+01
4.414218902587890625e+01
4.412891006469726562e+01
2.079937744140625000e+02
7.430825042724609375e+01
4.539191055297851562e+01
4.975642395019531250e+01
5.042785644531250000e+01
1.398224487304687500e+02
4.267352294921875000e+01
5.834946823120117188e+01
6.418914794921875000e+01
4.028569793701171875e+01
7.277380371093750000e+01
4.488855743408203125e+01
5.965790557861328125e+01
5.676516342163085938e+01
5.261816024780273438e+01
3.198880958557128906e+01
3.000000000000000000e+01
6.788445281982421875e+01
5.290570449829101562e+01
2.054268493652343750e+02
3.830460739135742188e+01
5.355352020263671875e+01
6.193824005126953125e+01
5.088412857055664062e+01
4.702814483642578125e+01
4.013462066650390625e+01
5.924106597900390625e+01
5.573220443725585938e+01
3.673962402343750000e+01
5.631034469604492188e+01
6.418165588378906250e+01
3.975547790527343750e+01
4.833365249633789062e+01
3.351073455810546875e+01
4.056080627441406250e+01
4.416198730468750000e+01
3.133554840087890625e+01
6.248848724365234375e+01
7.376268005371093750e+01
3.047267150878906250e+01
4.518713378906250000e+01
5.393684387207031250e+01
8.508604431152343750e+01
5.089625549316406250e+01
1.038272247314453125e+02
3.000000000000000000e+01
7.978327178955078125e+01
8.161094665527343750e+01
4.778918457031250000e+01
9.375288391113281250e+01
3.169154167175292969e+01
4.363588333129882812e+01
4.286072540283203125e+01
4.324576187133789062e+01
1.250688629150390625e+02
5.225680541992187500e+01
3.832923507690429688e+01
7.603683471679687500e+01
3.648347473144531250e+01
1.052902832031250000e+02
7.634330749511718750e+01
4.354845809936523438e+01
4.898200988769531250e+01
8.234783172607421875e+01
8.303941345214843750e+01
7.266654205322265625e+01
5.949980926513671875e+01
3.000000000000000000e+01
4.418978881835937500e+01
5.925510406494140625e+01
6.229190826416015625e+01
1.264289169311523438e+02
9.509894561767578125e+01
1.384559936523437500e+02
6.763975524902343750e+01
3.466559219360351562e+01
5.412316131591796875e+01
3.987533950805664062e+01
5.409689712524414062e+01
3.000000000000000000e+01
3.136642456054687500e+01
7.096197509765625000e+01
1.231490936279296875e+02
5.359537887573242188e+01
3.000000000000000000e+01
4.880001068115234375e+01
6.094688034057617188e+01
4.516688156127929688e+01
5.169548797607421875e+01
5.557803344726562500e+01
4.446868515014648438e+01
7.250990295410156250e+01
5.737163543701171875e+01
6.162707519531250000e+01
5.898852157592773438e+01
3.302833557128906250e+01
3.639263153076171875e+01
5.452028656005859375e+01
3.178981018066406250e+01
6.658969879150390625e+01
7.571687316894531250e+01
5.559283828735351562e+01
9.191520690917968750e+01
4.709127044677734375e+01
3.165736007690429688e+01
5.192032623291015625e+01
4.854866027832031250e+01
4.292430877685546875e+01
4.462982177734375000e+01
3.436189270019531250e+01
4.125341033935546875e+01
9.616734313964843750e+01
4.655627441406250000e+01
4.532558441162109375e+01
1.725351257324218750e+02
7.847232055664062500e+01
4.609724426269531250e+01
6.276095962524414062e+01
8.409963226318359375e+01
4.437668609619140625e+01
5.082131576538085938e+01
1.129536590576171875e+02
5.277950286865234375e+01
7.890233612060546875e+01
4.210105133056640625e+01
3.021606254577636719e+01
5.283556365966796875e+01
4.871288299560546875e+01
4.279204559326171875e+01
5.103169250488281250e+01
5.180556106567382812e+01
5.297283172607421875e+01
4.701777648925781250e+01
5.391366577148437500e+01
3.580168533325195312e+01
4.004972457885742188e+01
7.848645019531250000e+01
9.610774993896484375e+01
3.171185111999511719e+01
1.047145843505859375e+02
4.594575500488281250e+01
4.188080596923828125e+01
7.968931579589843750e+01
8.290740966796875000e+01
4.313935852050781250e+01
5.958710098266601562e+01
4.416762542724609375e+01
4.566364288330078125e+01
3.000000000000000000e+01
9.044898223876953125e+01
4.882135772705078125e+01
4.412479400634765625e+01
5.380431365966796875e+01
5.627581787109375000e+01
5.466507720947265625e+01
3.091902160644531250e+01
5.369167327880859375e+01
6.084907913208007812e+01
4.638047790527343750e+01
7.387664794921875000e+01
6.775425720214843750e+01
3.955659484863281250e+01
5.753609466552734375e+01
3.008733749389648438e+01
6.374909591674804688e+01
7.557635498046875000e+01
7.519609069824218750e+01
5.965790557861328125e+01
5.448736953735351562e+01
7.061912536621093750e+01
5.369167327880859375e+01
3.626444244384765625e+01
4.712147140502929688e+01
3.000000000000000000e+01
4.394385528564453125e+01
6.097059631347656250e+01
5.884432220458984375e+01
3.000000000000000000e+01
3.980491638183593750e+01
5.505516815185546875e+01
5.795764160156250000e+01
4.385618591308593750e+01
5.605119323730468750e+01
4.005239868164062500e+01
5.152140426635742188e+01
6.297412872314453125e+01
4.810327148437500000e+01
5.662930679321289062e+01
3.315065002441406250e+01
8.384019470214843750e+01
6.346736907958984375e+01
4.465712738037109375e+01
4.659749603271484375e+01
4.416323471069335938e+01
7.590509796142578125e+01
6.774017333984375000e+01
3.000000000000000000e+01
4.104035568237304688e+01
6.229473495483398438e+01
5.611650466918945312e+01
5.885827636718750000e+01
3.298035430908203125e+01
7.389923095703125000e+01
4.019053649902343750e+01
3.966999053955078125e+01
3.929836273193359375e+01
4.201832580566406250e+01
5.929407501220703125e+01
3.781715393066406250e+01
9.448963165283203125e+01
5.882731246948242188e+01
5.286248016357421875e+01
4.172258377075195312e+01
4.614905929565429688e+01
3.550539016723632812e+01
5.434347152709960938e+01
3.779029083251953125e+01
4.149226379394531250e+01
3.330654144287109375e+01
4.469240570068359375e+01
5.946617889404296875e+01
5.500264739990234375e+01
6.682720947265625000e+01
5.084382629394531250e+01
4.891097259521484375e+01
4.163490295410156250e+01
3.000000000000000000e+01
3.613673782348632812e+01
4.614905929565429688e+01
7.285833740234375000e+01
4.907101058959960938e+01
4.180807495117187500e+01
3.302403259277343750e+01
7.924491882324218750e+01
5.924192810058593750e+01
7.645463562011718750e+01
3.836406707763671875e+01
3.080184555053710938e+01
6.559317016601562500e+01
3.093885231018066406e+01
6.073411560058593750e+01
3.072331428527832031e+01
5.336233901977539062e+01
3.000000000000000000e+01
3.000000000000000000e+01
4.281184768676757812e+01
5.200082778930664062e+01
7.261534118652343750e+01
4.585837554931640625e+01
7.519609069824218750e+01
5.425061798095703125e+01
3.910239410400390625e+01
3.208832168579101562e+01
4.359283447265625000e+01
4.361188507080078125e+01
3.583637619018554688e+01
6.694224548339843750e+01
6.957398223876953125e+01
4.743688201904296875e+01
4.060270309448242188e+01
4.334988021850585938e+01
7.254017639160156250e+01
6.063985443115234375e+01
4.577593612670898438e+01
4.508999633789062500e+01
3.745619201660156250e+01
3.272123336791992188e+01
3.543503952026367188e+01
5.608766174316406250e+01
4.257774353027343750e+01
4.893131256103515625e+01
5.246475982666015625e+01
4.216429138183593750e+01
3.572074508666992188e+01
5.628414916992187500e+01
3.118548011779785156e+01
7.034342193603515625e+01
4.797599029541015625e+01
7.837964630126953125e+01
5.425061798095703125e+01
7.139914703369140625e+01
3.000000000000000000e+01
4.024154663085937500e+01
5.563722610473632812e+01
3.000000000000000000e+01
4.328153991699218750e+01
6.658934783935546875e+01
3.000902938842773438e+01
6.322945785522460938e+01
5.367964553833007812e+01
4.376637268066406250e+01
4.364618301391601562e+01
7.014051818847656250e+01
3.000000000000000000e+01
3.823797988891601562e+01
7.254759216308593750e+01
4.799575424194335938e+01
8.234783172607421875e+01
8.887135314941406250e+01
3.000000000000000000e+01
7.121836853027343750e+01
3.386370468139648438e+01
5.165301132202148438e+01
5.067939758300781250e+01
5.374331283569335938e+01
7.178754425048828125e+01
4.662712478637695312e+01
5.150068664550781250e+01
5.676057434082031250e+01
7.806744384765625000e+01
4.085903549194335938e+01
8.557155609130859375e+01
3.215229034423828125e+01
3.612694931030273438e+01
3.818445587158203125e+01
5.233480834960937500e+01
3.499037170410156250e+01
6.982696533203125000e+01
5.113185501098632812e+01
5.355352020263671875e+01
3.990033721923828125e+01
4.966430664062500000e+01
3.000000000000000000e+01
3.469971847534179688e+01
7.661305236816406250e+01
4.162008666992187500e+01
3.314812469482421875e+01
6.765774536132812500e+01
5.523077392578125000e+01
4.605994415283203125e+01
5.545927047729492188e+01
4.659749603271484375e+01
3.404372406005859375e+01
3.768916702270507812e+01
4.077470016479492188e+01
4.818345642089843750e+01
3.356155395507812500e+01
4.124829483032226562e+01
5.700420379638671875e+01
3.778152465820312500e+01
4.232595825195312500e+01
4.856002044677734375e+01
7.242924499511718750e+01
5.494984817504882812e+01
7.669783020019531250e+01
1.102199478149414062e+02
5.029364013671875000e+01
4.543043899536132812e+01
4.615148925781250000e+01
4.305299377441406250e+01
3.403796386718750000e+01
4.961516571044921875e+01
7.069498443603515625e+01
9.795939636230468750e+01
4.432303619384765625e+01
4.021919250488281250e+01
5.021785736083984375e+01
4.657756805419921875e+01
3.550772857666015625e+01
5.057990264892578125e+01
5.194040679931640625e+01
7.034992980957031250e+01
3.000000000000000000e+01
5.727227401733398438e+01
3.563217163085937500e+01
6.556784820556640625e+01
5.776343536376953125e+01
4.277855300903320312e+01
5.090855407714843750e+01
5.108147048950195312e+01
4.139302062988281250e+01
5.117733383178710938e+01
4.401100921630859375e+01
4.403460693359375000e+01
5.631302642822265625e+01
4.260845947265625000e+01
4.272675323486328125e+01
4.518590545654296875e+01
4.442127227783203125e+01
3.766068267822265625e+01
6.714442443847656250e+01
3.356933593750000000e+01
4.970555496215820312e+01
4.080950927734375000e+01
4.369011688232421875e+01
6.196903991699218750e+01
3.306052017211914062e+01
4.767144775390625000e+01
5.026613998413085938e+01
3.598978805541992188e+01
5.196554565429687500e+01
5.352934265136718750e+01
4.161835479736328125e+01
4.799941253662109375e+01
5.336450958251953125e+01
6.029880142211914062e+01
4.568806838989257812e+01
5.240692901611328125e+01
3.704927062988281250e+01
6.582572937011718750e+01
4.438383102416992188e+01
1.042916564941406250e+02
8.613512420654296875e+01
5.280581283569335938e+01
4.850405883789062500e+01
3.422209167480468750e+01
7.842503356933593750e+01
3.613170242309570312e+01
4.419279098510742188e+01
7.772145080566406250e+01
4.829232406616210938e+01
4.176478958129882812e+01
6.095808792114257812e+01
9.726087951660156250e+01
4.244024276733398438e+01
3.986116790771484375e+01
3.000000000000000000e+01
5.875726318359375000e+01
4.226640319824218750e+01
3.545203018188476562e+01
5.430187606811523438e+01
9.560373687744140625e+01
5.496027374267578125e+01
4.530209350585937500e+01
3.348858642578125000e+01
6.661468505859375000e+01
4.399746704101562500e+01
5.000126266479492188e+01
5.685926437377929688e+01
1.038272247314453125e+02
6.375553131103515625e+01
7.123812866210937500e+01
7.216087341308593750e+01
6.737567901611328125e+01
6.355329132080078125e+01
3.330432128906250000e+01
3.446550750732421875e+01
5.350539398193359375e+01
4.030140304565429688e+01
3.912622070312500000e+01
3.769441604614257812e+01
3.538143539428710938e+01
4.662849426269531250e+01
3.126511192321777344e+01
4.283866500854492188e+01
4.359283828735351562e+01
7.703489685058593750e+01
5.089413070678710938e+01
3.397939300537109375e+01
4.506083679199218750e+01
3.333927154541015625e+01
4.629173660278320312e+01
4.742510223388671875e+01
7.823460388183593750e+01
4.835093688964843750e+01
4.559217834472656250e+01
3.000000000000000000e+01
8.064197540283203125e+01
5.104015350341796875e+01
3.254745101928710938e+01
7.590509796142578125e+01
4.549419403076171875e+01
9.945169067382812500e+01
4.797213745117187500e+01
7.160868835449218750e+01
5.318193817138671875e+01
4.528319549560546875e+01
3.657915496826171875e+01
4.283268737792968750e+01
5.217949676513671875e+01
4.381337738037109375e+01
4.030754852294921875e+01
4.164426040649414062e+01
3.938048553466796875e+01
4.710488128662109375e+01
7.277380371093750000e+01
6.778255462646484375e+01
6.305406951904296875e+01
3.683062744140625000e+01
4.333274841308593750e+01
5.627127075195312500e+01
4.662849807739257812e+01
5.633906555175781250e+01
5.033099365234375000e+01
5.076916503906250000e+01
5.392353820800781250e+01
5.345365524291992188e+01
3.793246459960937500e+01
3.765155029296875000e+01
3.569162368774414062e+01
7.790392303466796875e+01
3.440498352050781250e+01
4.379688644409179688e+01
3.645878982543945312e+01
4.227426147460937500e+01
5.262774658203125000e+01
3.000000000000000000e+01
4.827048110961914062e+01
3.674465560913085938e+01
3.000000000000000000e+01
5.657416152954101562e+01
7.603683471679687500e+01
3.000000000000000000e+01
5.326124954223632812e+01
4.431139755249023438e+01
4.267531967163085938e+01
4.255812072753906250e+01
5.345402526855468750e+01
3.848611831665039062e+01
4.071257019042968750e+01
4.370608520507812500e+01
4.891013717651367188e+01
3.453363418579101562e+01
3.779866409301757812e+01
5.566920852661132812e+01
3.555297470092773438e+01
3.374526214599609375e+01
3.780128097534179688e+01
3.586698532104492188e+01
4.784470367431640625e+01
5.020685577392578125e+01
9.726087951660156250e+01
4.714271163940429688e+01
3.247570037841796875e+01
3.452285003662109375e+01
9.124695587158203125e+01
3.349635696411132812e+01
4.348968505859375000e+01
7.790392303466796875e+01
5.633379364013671875e+01
4.163416290283203125e+01
3.672748947143554688e+01
5.117120742797851562e+01
1.228681335449218750e+02
7.510607910156250000e+01
6.029576873779296875e+01
8.000795745849609375e+01
3.407478332519531250e+01
3.000000000000000000e+01
5.872967910766601562e+01
3.795939636230468750e+01
5.990268325805664062e+01
6.010759735107421875e+01
3.872859954833984375e+01
4.053508758544921875e+01
6.157204437255859375e+01
3.313000869750976562e+01
4.948476409912109375e+01
6.171144866943359375e+01
4.608271789550781250e+01
3.000000000000000000e+01
4.305012893676757812e+01
3.386370849609375000e+01
3.950604248046875000e+01
4.197895050048828125e+01
8.506076049804687500e+01
4.022303009033203125e+01
5.346513366699218750e+01
7.395076751708984375e+01
5.810594558715820312e+01
3.000000000000000000e+01
3.687369918823242188e+01
4.909206390380859375e+01
4.740776062011718750e+01
3.428899765014648438e+01
4.263758087158203125e+01
3.903043365478515625e+01
5.643031311035156250e+01
5.912158203125000000e+01
4.122461700439453125e+01
3.887581634521484375e+01
5.733684539794921875e+01
4.846834564208984375e+01
3.601098251342773438e+01
6.236788177490234375e+01
4.862190628051757812e+01
4.672484588623046875e+01
3.721755981445312500e+01
4.128852844238281250e+01
4.321731567382812500e+01
3.000000000000000000e+01
5.887413024902343750e+01
4.275716781616210938e+01
4.432303619384765625e+01
4.414218902587890625e+01
4.336235046386718750e+01
4.380471420288085938e+01
5.284270477294921875e+01
3.968012237548828125e+01
7.620501708984375000e+01
5.071756362915039062e+01
4.120687866210937500e+01
4.376218795776367188e+01
8.508604431152343750e+01
4.671650314331054688e+01
3.794434738159179688e+01
3.004876899719238281e+01
3.917593383789062500e+01
5.892316818237304688e+01
4.139193725585937500e+01
3.926819610595703125e+01
3.536773300170898438e+01
3.242192459106445312e+01
3.869777297973632812e+01
3.738150024414062500e+01
5.144604873657226562e+01
4.614131164550781250e+01
6.068663406372070312e+01
3.902305603027343750e+01
6.947578430175781250e+01
4.413497924804687500e+01
4.715824890136718750e+01
5.409551239013671875e+01
3.121161079406738281e+01
4.903836059570312500e+01
3.000000000000000000e+01
3.000000000000000000e+01
4.721491622924804688e+01
3.735397720336914062e+01
3.000000000000000000e+01
4.282637023925781250e+01
3.525256729125976562e+01
3.977847290039062500e+01
4.286305999755859375e+01
3.727661132812500000e+01
