4.942844009399414062e+01
6.789089965820312500e+01
4.461721038818359375e+01
3.970139694213867188e+01
5.368474197387695312e+01
6.800550842285156250e+01
3.593803405761718750e+01
6.285930633544921875e+01
6.014547729492187500e+01
1.257217864990234375e+02
4.433459472656250000e+01
1.206953735351562500e+02
5.566168594360351562e+01
4.598955917358398438e+01
5.110176849365234375e+01
4.826990509033203125e+01
7.275985717773437500e+01
4.088295364379882812e+01
4.534767913818359375e+01
1.397958984375000000e+02
3.786055374145507812e+01
9.906056213378906250e+01
4.323480224609375000e+01
3.539965057373046875e+01
4.799853515625000000e+01
7.135035705566406250e+01
3.000000000000000000e+01
6.012365341186523438e+01
1.884110412597656250e+02
3.826143646240234375e+01
5.085334777832031250e+01
4.768808746337890625e+01
3.654903030395507812e+01
9.941786956787109375e+01
4.531127929687500000e+01
5.012470245361328125e+01
6.777536010742187500e+01
5.922464752197265625e+01
4.509609222412109375e+01
3.000000000000000000e+01
4.839331436157226562e+01
3.629248046875000000e+01
5.397967147827148438e+01
4.556313323974609375e+01
3.930290222167968750e+01
3.292911529541015625e+01
4.319314575195312500e+01
6.366703033447265625e+01
1.199211578369140625e+02
5.579752349853515625e+01
4.605488586425781250e+01
3.204095077514648438e+01
6.807476043701171875e+01
4.127310943603515625e+01
1.214535522460937500e+02
5.148719024658203125e+01
6.398626708984375000e+01
4.819432830810546875e+01
5.047463226318359375e+01
7.671347045898437500e+01
5.933090209960937500e+01
8.329501342773437500e+01
3.826719284057617188e+01
9.073741149902343750e+01
9.588555145263671875e+01
5.235563659667968750e+01
5.001569747924804688e+01
3.000000000000000000e+01
3.973661804199218750e+01
6.878865051269531250e+01
6.066513824462890625e+01
3.784449768066406250e+01
7.036485290527343750e+01
4.094784164428710938e+01
6.724842834472656250e+01
3.591645050048828125e+01
4.264964294433593750e+01
4.918830871582031250e+01
3.980400085449218750e+01
6.305613327026367188e+01
3.566838073730468750e+01
7.275985717773437500e+01
5.301717376708984375e+01
1.135708465576171875e+02
9.176300048828125000e+01
5.467157363891601562e+01
3.783771896362304688e+01
4.360145187377929688e+01
5.566168594360351562e+01
5.988783264160156250e+01
4.129022979736328125e+01
4.805458831787109375e+01
6.484439086914062500e+01
5.788759613037109375e+01
8.712370300292968750e+01
8.773215484619140625e+01
6.760672760009765625e+01
4.396342468261718750e+01
5.109661865234375000e+01
3.958654022216796875e+01
9.434588623046875000e+01
5.872956085205078125e+01
1.518964080810546875e+02
3.372365188598632812e+01
4.299304962158203125e+01
8.951390075683593750e+01
3.000000000000000000e+01
5.575829315185546875e+01
4.808096313476562500e+01
3.000000000000000000e+01
4.655313491821289062e+01
3.598114013671875000e+01
7.342256164550781250e+01
1.116787261962890625e+02
3.899295043945312500e+01
4.111965560913085938e+01
9.847430419921875000e+01
4.539436721801757812e+01
7.997170257568359375e+01
5.643700408935546875e+01
4.558599090576171875e+01
6.236804199218750000e+01
4.601763916015625000e+01
4.327232742309570312e+01
4.898053741455078125e+01
5.332323455810546875e+01
6.292710113525390625e+01
5.881698226928710938e+01
4.730502319335937500e+01
5.345214843750000000e+01
4.936806488037109375e+01
1.096067199707031250e+02
5.501884460449218750e+01
3.000000000000000000e+01
6.299487686157226562e+01
4.665649032592773438e+01
1.146200256347656250e+02
4.305465698242187500e+01
3.773566055297851562e+01
6.664211273193359375e+01
4.701322555541992188e+01
9.114033508300781250e+01
6.742076110839843750e+01
5.373608016967773438e+01
6.294482803344726562e+01
4.841141510009765625e+01
7.506729125976562500e+01
9.548236846923828125e+01
4.649835968017578125e+01
1.289041290283203125e+02
5.215471267700195312e+01
6.840966033935546875e+01
5.585623168945312500e+01
8.965971374511718750e+01
5.649241638183593750e+01
1.212209548950195312e+02
3.745745086669921875e+01
1.354136810302734375e+02
3.598051071166992188e+01
5.908724212646484375e+01
3.436320495605468750e+01
4.790256500244140625e+01
4.089241790771484375e+01
3.466952514648437500e+01
7.886668395996093750e+01
3.775433731079101562e+01
4.856959915161132812e+01
5.003302764892578125e+01
3.374347305297851562e+01
1.074429779052734375e+02
3.960671234130859375e+01
5.679332733154296875e+01
4.322501754760742188e+01
3.142232894897460938e+01
6.053529357910156250e+01
6.920733642578125000e+01
4.883742904663085938e+01
4.480583953857421875e+01
6.704176330566406250e+01
4.608736038208007812e+01
6.568408203125000000e+01
6.382814788818359375e+01
6.805443572998046875e+01
5.001226806640625000e+01
3.989760589599609375e+01
3.000000000000000000e+01
4.242341232299804688e+01
6.919409942626953125e+01
6.574504089355468750e+01
4.268409729003906250e+01
4.466053009033203125e+01
3.902664184570312500e+01
6.408364868164062500e+01
4.037114715576171875e+01
5.525410842895507812e+01
4.760893249511718750e+01
3.338684082031250000e+01
8.020090484619140625e+01
1.490481262207031250e+02
6.751911163330078125e+01
6.571862030029296875e+01
1.186587829589843750e+02
7.741153717041015625e+01
5.871195983886718750e+01
5.610717010498046875e+01
4.233752822875976562e+01
4.615303802490234375e+01
3.023959350585937500e+01
1.067434768676757812e+02
3.401908874511718750e+01
4.718598937988281250e+01
8.717031097412109375e+01
5.007177734375000000e+01
3.875987243652343750e+01
3.768727493286132812e+01
4.489224243164062500e+01
5.657197570800781250e+01
5.338795089721679688e+01
3.460280609130859375e+01
4.651473999023437500e+01
3.984034347534179688e+01
7.985072326660156250e+01
1.038269805908203125e+02
4.093049621582031250e+01
4.355098342895507812e+01
4.249641418457031250e+01
5.755405044555664062e+01
1.158955688476562500e+02
6.071958923339843750e+01
1.036797409057617188e+02
4.006458663940429688e+01
4.311115646362304688e+01
4.969738006591796875e+01
6.216746520996093750e+01
3.948748779296875000e+01
7.625459289550781250e+01
5.071786880493164062e+01
4.355696487426757812e+01
6.863323974609375000e+01
4.180476379394531250e+01
4.256523513793945312e+01
1.289510040283203125e+02
1.234586105346679688e+02
7.824675750732421875e+01
9.121418762207031250e+01
3.702067947387695312e+01
4.764878845214843750e+01
1.409255065917968750e+02
1.813502655029296875e+02
3.817782974243164062e+01
6.177352905273437500e+01
4.202133560180664062e+01
4.782214736938476562e+01
9.640765380859375000e+01
4.863362884521484375e+01
5.253233718872070312e+01
4.431946945190429688e+01
4.501745986938476562e+01
3.806126785278320312e+01
1.226819152832031250e+02
5.278009796142578125e+01
5.113230514526367188e+01
4.927724075317382812e+01
4.317794418334960938e+01
1.347336730957031250e+02
4.562416839599609375e+01
1.480826416015625000e+02
7.121916961669921875e+01
7.544803619384765625e+01
6.407415771484375000e+01
5.684455871582031250e+01
4.830641937255859375e+01
7.824675750732421875e+01
7.146556091308593750e+01
1.681704254150390625e+02
4.687562561035156250e+01
7.644720458984375000e+01
7.771435546875000000e+01
1.128055114746093750e+02
1.032244491577148438e+02
4.641398620605468750e+01
7.624655914306640625e+01
5.751453399658203125e+01
4.148766708374023438e+01
5.255131149291992188e+01
3.861245727539062500e+01
3.356323623657226562e+01
5.463012313842773438e+01
4.253822708129882812e+01
4.004179382324218750e+01
4.006367111206054688e+01
3.000000000000000000e+01
3.000000000000000000e+01
9.170246887207031250e+01
3.265415954589843750e+01
3.538665771484375000e+01
5.610359573364257812e+01
3.000000000000000000e+01
5.071553039550781250e+01
4.976512908935546875e+01
3.186326217651367188e+01
4.559619903564453125e+01
4.040971374511718750e+01
7.506020355224609375e+01
6.512589263916015625e+01
4.014597320556640625e+01
6.826484680175781250e+01
7.197121429443359375e+01
7.844192504882812500e+01
1.169323272705078125e+02
1.594828033447265625e+02
3.000000000000000000e+01
9.507702636718750000e+01
1.050700454711914062e+02
1.029262695312500000e+02
4.172500991821289062e+01
3.843805694580078125e+01
1.358864135742187500e+02
6.064030456542968750e+01
5.109661865234375000e+01
5.034410476684570312e+01
4.277053451538085938e+01
3.470429611206054688e+01
5.350867462158203125e+01
3.737692642211914062e+01
3.510742568969726562e+01
4.171080780029296875e+01
3.888392639160156250e+01
7.036486053466796875e+01
4.366297912597656250e+01
7.753292083740234375e+01
5.079082107543945312e+01
4.783846282958984375e+01
4.416973876953125000e+01
3.901760864257812500e+01
4.755078887939453125e+01
6.198406600952148438e+01
4.777286529541015625e+01
3.296402740478515625e+01
3.694189834594726562e+01
5.851202392578125000e+01
9.779077148437500000e+01
4.531923675537109375e+01
7.844192504882812500e+01
4.717069625854492188e+01
4.801999282836914062e+01
1.555971221923828125e+02
3.729583740234375000e+01
4.015766906738281250e+01
1.031255722045898438e+02
1.635670166015625000e+02
2.029959106445312500e+02
5.576592254638671875e+01
8.329501342773437500e+01
3.397140502929687500e+01
9.071805572509765625e+01
6.289455413818359375e+01
3.286375427246093750e+01
1.417622833251953125e+02
5.853116989135742188e+01
6.412312316894531250e+01
1.265850372314453125e+02
4.599266815185546875e+01
6.604605865478515625e+01
8.307621002197265625e+01
3.266712570190429688e+01
7.190778350830078125e+01
1.030440521240234375e+02
3.000000000000000000e+01
5.792577743530273438e+01
5.727676391601562500e+01
4.408979034423828125e+01
1.109902648925781250e+02
1.314593048095703125e+02
3.872573852539062500e+01
1.348683929443359375e+02
8.877371978759765625e+01
3.826143646240234375e+01
7.165093231201171875e+01
8.558239746093750000e+01
3.000000000000000000e+01
3.375801467895507812e+01
3.000000000000000000e+01
4.225666809082031250e+01
6.387084960937500000e+01
1.234586105346679688e+02
5.438814544677734375e+01
4.591888809204101562e+01
3.624649429321289062e+01
2.711975402832031250e+02
3.735705566406250000e+01
3.973032379150390625e+01
3.208568954467773438e+01
4.094267272949218750e+01
4.223429870605468750e+01
6.193062591552734375e+01
7.878273773193359375e+01
1.081599731445312500e+02
6.976938629150390625e+01
4.612347793579101562e+01
5.566865921020507812e+01
3.922885894775390625e+01
1.572831726074218750e+02
3.606464767456054688e+01
3.591966629028320312e+01
3.823268890380859375e+01
4.601508712768554688e+01
6.346063232421875000e+01
6.207631683349609375e+01
1.266219940185546875e+02
7.153169250488281250e+01
9.776707458496093750e+01
5.539157485961914062e+01
4.175625991821289062e+01
6.894459533691406250e+01
3.000000000000000000e+01
7.173128509521484375e+01
6.499511718750000000e+01
3.000000000000000000e+01
3.904759979248046875e+01
9.910345458984375000e+01
3.000000000000000000e+01
4.189440917968750000e+01
1.493765106201171875e+02
4.947241210937500000e+01
5.639998626708984375e+01
6.925593566894531250e+01
4.520338439941406250e+01
6.355097579956054688e+01
8.554367065429687500e+01
4.780603790283203125e+01
7.753292083740234375e+01
2.228321380615234375e+02
5.350867462158203125e+01
1.346104583740234375e+02
3.960876083374023438e+01
4.703336334228515625e+01
9.050808715820312500e+01
6.012365341186523438e+01
5.575734710693359375e+01
7.681352233886718750e+01
3.000000000000000000e+01
6.248931503295898438e+01
5.025045776367187500e+01
6.766313171386718750e+01
4.417413330078125000e+01
3.969499206542968750e+01
6.267775726318359375e+01
1.252577209472656250e+02
1.008978576660156250e+02
4.705364227294921875e+01
5.585623168945312500e+01
4.958619689941406250e+01
6.144906616210937500e+01
7.910523986816406250e+01
5.321199035644531250e+01
1.120969619750976562e+02
8.727095031738281250e+01
3.000000000000000000e+01
1.067154693603515625e+02
7.838307189941406250e+01
5.166657257080078125e+01
4.739338684082031250e+01
4.984543609619140625e+01
4.194908905029296875e+01
1.660494689941406250e+02
3.469126510620117188e+01
4.984275436401367188e+01
5.083315277099609375e+01
4.256554412841796875e+01
8.620616149902343750e+01
3.343725585937500000e+01
4.902771377563476562e+01
1.501151580810546875e+02
6.512589263916015625e+01
9.015287017822265625e+01
4.404019927978515625e+01
3.000000000000000000e+01
5.590875244140625000e+01
9.156977844238281250e+01
8.527078247070312500e+01
6.271214675903320312e+01
6.808598327636718750e+01
3.000000000000000000e+01
4.767267608642578125e+01
7.557982635498046875e+01
3.443201828002929688e+01
3.875987243652343750e+01
8.078688049316406250e+01
8.254079437255859375e+01
6.371579742431640625e+01
5.136801147460937500e+01
5.166921997070312500e+01
3.000000000000000000e+01
4.579224777221679688e+01
3.000000000000000000e+01
3.000000000000000000e+01
3.000000000000000000e+01
3.644918441772460938e+01
4.800389862060546875e+01
4.882092666625976562e+01
4.396250915527343750e+01
8.630646514892578125e+01
5.843500518798828125e+01
4.809138107299804688e+01
4.050622177124023438e+01
5.227028656005859375e+01
6.183209228515625000e+01
3.000000000000000000e+01
3.530451965332031250e+01
8.196569061279296875e+01
3.877886199951171875e+01
6.103945922851562500e+01
3.000000000000000000e+01
5.065746307373046875e+01
3.000000000000000000e+01
5.110176849365234375e+01
1.063212738037109375e+02
5.689068603515625000e+01
3.000000000000000000e+01
6.007522583007812500e+01
3.591966629028320312e+01
7.519915008544921875e+01
3.285820770263671875e+01
3.892021179199218750e+01
1.388611450195312500e+02
4.321756362915039062e+01
9.345646667480468750e+01
9.910032653808593750e+01
3.888067626953125000e+01
4.447922897338867188e+01
9.102217102050781250e+01
3.597018432617187500e+01
5.212062072753906250e+01
4.927724075317382812e+01
1.472143249511718750e+02
4.607814407348632812e+01
5.085617446899414062e+01
5.128997802734375000e+01
3.661520385742187500e+01
4.504798889160156250e+01
1.063695983886718750e+02
3.617774200439453125e+01
6.333386230468750000e+01
5.711902618408203125e+01
3.951592636108398438e+01
3.000000000000000000e+01
4.555360794067382812e+01
4.553414154052734375e+01
4.442588043212890625e+01
3.649922943115234375e+01
3.588786697387695312e+01
4.034826278686523438e+01
4.884223175048828125e+01
4.420086669921875000e+01
4.096369934082031250e+01
5.560736846923828125e+01
5.575829315185546875e+01
6.498651123046875000e+01
1.067434844970703125e+02
5.599027252197265625e+01
1.010555114746093750e+02
8.007810974121093750e+01
1.201600570678710938e+02
3.278591918945312500e+01
4.582592010498046875e+01
3.913246536254882812e+01
5.085690307617187500e+01
6.582672119140625000e+01
7.926672363281250000e+01
7.762673950195312500e+01
8.933832550048828125e+01
3.899295043945312500e+01
4.187169265747070312e+01
6.539002227783203125e+01
8.934947204589843750e+01
3.000000000000000000e+01
5.026996231079101562e+01
4.220203399658203125e+01
3.696846771240234375e+01
9.702883148193359375e+01
4.129022979736328125e+01
4.449452209472656250e+01
4.354859924316406250e+01
4.632569122314453125e+01
6.583788299560546875e+01
8.678813171386718750e+01
4.801685333251953125e+01
3.297787475585937500e+01
3.050385284423828125e+01
1.081599731445312500e+02
5.048307800292968750e+01
4.324796295166015625e+01
4.378869628906250000e+01
7.115996551513671875e+01
4.363207626342773438e+01
4.761953735351562500e+01
5.856665420532226562e+01
6.976535797119140625e+01
4.031678390502929688e+01
7.372653198242187500e+01
6.732319641113281250e+01
8.175175476074218750e+01
7.777240753173828125e+01
4.573457336425781250e+01
3.000000000000000000e+01
6.871957397460937500e+01
7.833893585205078125e+01
4.548411560058593750e+01
5.990909957885742188e+01
5.346766662597656250e+01
3.950329971313476562e+01
4.622005462646484375e+01
4.337117385864257812e+01
3.440831756591796875e+01
4.867132949829101562e+01
7.251440429687500000e+01
6.267775726318359375e+01
4.847321319580078125e+01
6.008784103393554688e+01
3.723979949951171875e+01
7.609885406494140625e+01
1.016445236206054688e+02
6.792736816406250000e+01
4.340639495849609375e+01
1.201600646972656250e+02
5.576592254638671875e+01
6.165604019165039062e+01
8.254079437255859375e+01
3.598324966430664062e+01
3.521237182617187500e+01
7.250035095214843750e+01
4.108319854736328125e+01
4.117536926269531250e+01
2.294399871826171875e+02
3.408172225952148438e+01
3.000000000000000000e+01
4.063220977783203125e+01
1.256454620361328125e+02
6.199968719482421875e+01
5.801467895507812500e+01
1.034529266357421875e+02
4.469244003295898438e+01
1.328362731933593750e+02
8.338632202148437500e+01
8.503448486328125000e+01
3.131338882446289062e+01
3.343066024780273438e+01
6.116652297973632812e+01
6.108009338378906250e+01
7.219064331054687500e+01
4.777286529541015625e+01
4.679731750488281250e+01
3.000000000000000000e+01
5.075868988037109375e+01
6.157334899902343750e+01
6.232730865478515625e+01
3.983515930175781250e+01
7.895625305175781250e+01
8.364976501464843750e+01
3.912755584716796875e+01
3.351984405517578125e+01
5.279002380371093750e+01
3.096640014648437500e+01
5.191078186035156250e+01
1.021714477539062500e+02
4.636502838134765625e+01
6.925938415527343750e+01
5.402787780761718750e+01
5.481144332885742188e+01
3.716352462768554688e+01
9.114033508300781250e+01
6.331848144531250000e+01
7.828952026367187500e+01
1.041572265625000000e+02
5.164877700805664062e+01
3.972087478637695312e+01
3.742924880981445312e+01
4.991472244262695312e+01
6.220276641845703125e+01
6.599941253662109375e+01
1.660494384765625000e+02
5.414016723632812500e+01
5.278965759277343750e+01
5.465665435791015625e+01
6.024188995361328125e+01
4.334599304199218750e+01
4.795991134643554688e+01
5.139134216308593750e+01
6.603636932373046875e+01
6.727276611328125000e+01
3.000000000000000000e+01
3.000000000000000000e+01
5.934939575195312500e+01
9.801562500000000000e+01
6.259337615966796875e+01
9.345646667480468750e+01
3.298039245605468750e+01
3.866591644287109375e+01
3.898596191406250000e+01
6.758599090576171875e+01
1.790881347656250000e+02
7.247061157226562500e+01
5.340387344360351562e+01
5.097290039062500000e+01
3.000000000000000000e+01
3.278984069824218750e+01
7.366078948974609375e+01
3.000000000000000000e+01
3.687891387939453125e+01
4.569780349731445312e+01
7.798796081542968750e+01
3.703127670288085938e+01
9.568801879882812500e+01
4.193362426757812500e+01
5.037507247924804688e+01
6.064030456542968750e+01
6.561195373535156250e+01
5.296947097778320312e+01
4.482169723510742188e+01
4.821940994262695312e+01
3.000000000000000000e+01
3.298774719238281250e+01
3.606464767456054688e+01
4.395897293090820312e+01
5.308277511596679688e+01
4.947241210937500000e+01
4.935349273681640625e+01
3.000000000000000000e+01
3.557538223266601562e+01
3.973032379150390625e+01
3.347836685180664062e+01
1.210082855224609375e+02
3.000000000000000000e+01
6.510494995117187500e+01
1.016862030029296875e+02
5.410266876220703125e+01
4.002106857299804688e+01
4.319150543212890625e+01
5.908724212646484375e+01
6.947909545898437500e+01
5.331154632568359375e+01
6.055372619628906250e+01
6.170298004150390625e+01
7.236654663085937500e+01
6.219569396972656250e+01
4.401316452026367188e+01
6.438465881347656250e+01
3.325405120849609375e+01
5.590875244140625000e+01
5.458409881591796875e+01
3.069028091430664062e+01
3.263529968261718750e+01
4.802536392211914062e+01
4.522994232177734375e+01
4.430683135986328125e+01
5.071553039550781250e+01
5.199751281738281250e+01
4.977364349365234375e+01
6.205136489868164062e+01
8.415513610839843750e+01
5.773435211181640625e+01
7.777246856689453125e+01
4.634008789062500000e+01
4.180476760864257812e+01
4.738566970825195312e+01
6.101843643188476562e+01
7.096083831787109375e+01
5.810553741455078125e+01
6.970455932617187500e+01
3.590161132812500000e+01
8.399934387207031250e+01
4.770181274414062500e+01
4.968871307373046875e+01
8.869798278808593750e+01
1.397958984375000000e+02
1.187354049682617188e+02
3.246642684936523438e+01
3.790773010253906250e+01
4.829689025878906250e+01
5.742125701904296875e+01
1.008978576660156250e+02
8.210519409179687500e+01
6.455164337158203125e+01
1.003569183349609375e+02
5.279002380371093750e+01
4.957137298583984375e+01
3.000000000000000000e+01
6.297831726074218750e+01
6.216323852539062500e+01
3.973414611816406250e+01
5.018181610107421875e+01
9.806932067871093750e+01
6.151869201660156250e+01
4.655746078491210938e+01
8.640510559082031250e+01
4.434623718261718750e+01
4.650032424926757812e+01
6.878865051269531250e+01
5.103887939453125000e+01
5.839578628540039062e+01
4.482169723510742188e+01
2.258844451904296875e+02
6.413179779052734375e+01
4.529459381103515625e+01
4.109359741210937500e+01
4.610434341430664062e+01
1.333726806640625000e+02
4.332392501831054688e+01
4.526218414306640625e+01
5.620196533203125000e+01
3.983515930175781250e+01
8.085168457031250000e+01
4.288474273681640625e+01
5.727096557617187500e+01
5.063016891479492188e+01
4.718530654907226562e+01
4.202741241455078125e+01
3.992873382568359375e+01
5.783776092529296875e+01
6.076488494873046875e+01
2.060926208496093750e+02
3.000000000000000000e+01
4.674835968017578125e+01
5.710601043701171875e+01
5.145595932006835938e+01
4.714152526855468750e+01
3.848855590820312500e+01
3.849968719482421875e+01
5.497750854492187500e+01
3.330016326904296875e+01
3.256613922119140625e+01
5.043825912475585938e+01
3.479889678955078125e+01
4.935290908813476562e+01
3.159379577636718750e+01
3.888067626953125000e+01
5.445587921142578125e+01
3.167858123779296875e+01
5.663161087036132812e+01
7.457393646240234375e+01
3.000000000000000000e+01
4.314516448974609375e+01
5.610359954833984375e+01
7.338919067382812500e+01
4.884910202026367188e+01
1.039038467407226562e+02
3.000000000000000000e+01
6.271215057373046875e+01
8.199385833740234375e+01
5.204877471923828125e+01
8.869798278808593750e+01
3.545292282104492188e+01
4.501560592651367188e+01
3.907279968261718750e+01
4.344174194335937500e+01
9.454220581054687500e+01
4.590013504028320312e+01
5.437046051025390625e+01
7.231147766113281250e+01
3.241167068481445312e+01
9.362934875488281250e+01
7.448072814941406250e+01
3.878562545776367188e+01
5.144871520996093750e+01
7.731115722656250000e+01
7.814743804931640625e+01
7.461607360839843750e+01
6.343720245361328125e+01
4.172522735595703125e+01
4.132142257690429688e+01
6.467970275878906250e+01
7.135414123535156250e+01
1.198798522949218750e+02
9.361921691894531250e+01
1.118781280517578125e+02
5.663092041015625000e+01
3.689396667480468750e+01
4.736882781982421875e+01
3.915094757080078125e+01
4.377305984497070312e+01
3.000000000000000000e+01
3.000000000000000000e+01
8.369192504882812500e+01
1.199253616333007812e+02
5.681376266479492188e+01
3.619756317138671875e+01
4.707758712768554688e+01
6.548619842529296875e+01
4.364310455322265625e+01
5.032868194580078125e+01
6.599941253662109375e+01
3.991711044311523438e+01
7.948696136474609375e+01
3.278983688354492188e+01
5.587209320068359375e+01
6.121602630615234375e+01
3.325525283813476562e+01
4.007963562011718750e+01
5.762748718261718750e+01
3.000000000000000000e+01
6.519148254394531250e+01
7.414823913574218750e+01
4.405733871459960938e+01
9.121418762207031250e+01
6.898007202148437500e+01
3.118103599548339844e+01
4.143334960937500000e+01
3.885604858398437500e+01
4.065200805664062500e+01
3.747980499267578125e+01
3.644564437866210938e+01
4.186673736572265625e+01
1.050472259521484375e+02
4.612347793579101562e+01
4.324043273925781250e+01
1.252577209472656250e+02
7.551506042480468750e+01
4.664555358886718750e+01
6.215402603149414062e+01
7.427801513671875000e+01
4.396250915527343750e+01
3.974379730224609375e+01
1.201478347778320312e+02
3.810110855102539062e+01
8.940498352050781250e+01
3.980400085449218750e+01
3.047795104980468750e+01
5.988783264160156250e+01
3.865503692626953125e+01
4.548558044433593750e+01
5.328643035888671875e+01
4.013697052001953125e+01
5.790084838867187500e+01
4.821965026855468750e+01
5.853116989135742188e+01
3.442066955566406250e+01
3.953140640258789062e+01
7.710617828369140625e+01
9.052707672119140625e+01
4.394697952270507812e+01
9.260491943359375000e+01
4.460820770263671875e+01
3.367240524291992188e+01
9.250747680664062500e+01
9.116320800781250000e+01
4.370045089721679688e+01
4.954674530029296875e+01
4.228349685668945312e+01
5.224857711791992188e+01
3.000000000000000000e+01
7.250934600830078125e+01
5.604286956787109375e+01
4.583971786499023438e+01
4.404019927978515625e+01
5.159401321411132812e+01
5.832840728759765625e+01
3.205465698242187500e+01
4.833480834960937500e+01
6.558496093750000000e+01
5.643700408935546875e+01
7.560084533691406250e+01
6.303520202636718750e+01
3.728807830810546875e+01
4.938660812377929688e+01
3.128127288818359375e+01
6.390127563476562500e+01
6.292710113525390625e+01
8.699093627929687500e+01
5.727096557617187500e+01
5.491200637817382812e+01
6.814498901367187500e+01
4.833480834960937500e+01
4.352054595947265625e+01
4.724280548095703125e+01
4.368810272216796875e+01
4.452478408813476562e+01
6.326570892333984375e+01
5.669271087646484375e+01
3.000000000000000000e+01
5.278009796142578125e+01
4.733167266845703125e+01
5.552841949462890625e+01
3.457338714599609375e+01
6.049196624755859375e+01
3.533898544311523438e+01
5.010800170898437500e+01
7.330992126464843750e+01
4.341093444824218750e+01
4.873154067993164062e+01
3.903821563720703125e+01
8.339245605468750000e+01
5.889244079589843750e+01
4.553859710693359375e+01
5.057961273193359375e+01
4.225611877441406250e+01
5.762834548950195312e+01
7.242560577392578125e+01
3.000000000000000000e+01
3.883579254150390625e+01
5.894785308837890625e+01
5.081566619873046875e+01
6.571862792968750000e+01
5.209078598022460938e+01
7.179148101806640625e+01
3.939718246459960938e+01
3.000000000000000000e+01
4.578052902221679688e+01
4.525472640991210938e+01
6.004026794433593750e+01
3.000000000000000000e+01
9.050808715820312500e+01
4.436484527587890625e+01
4.718598937988281250e+01
4.047322845458984375e+01
4.256065368652343750e+01
3.352775955200195312e+01
5.235446929931640625e+01
3.790773010253906250e+01
4.249833297729492188e+01
3.000000000000000000e+01
4.028395080566406250e+01
5.456361770629882812e+01
5.922464752197265625e+01
6.243858337402343750e+01
5.507744216918945312e+01
5.122079086303710938e+01
4.168354797363281250e+01
3.000000000000000000e+01
3.588608551025390625e+01
4.256065368652343750e+01
6.970455932617187500e+01
3.821665954589843750e+01
5.013112640380859375e+01
3.000000000000000000e+01
6.852157592773437500e+01
5.509067916870117188e+01
8.358175659179687500e+01
3.510285568237304688e+01
3.204984283447265625e+01
6.165719985961914062e+01
3.572161483764648438e+01
4.510334396362304688e+01
3.085577774047851562e+01
4.782128906250000000e+01
3.000000000000000000e+01
3.000000000000000000e+01
4.302645874023437500e+01
3.249927902221679688e+01
7.553533935546875000e+01
4.883852767944335938e+01
8.699093627929687500e+01
5.298975372314453125e+01
4.043843841552734375e+01
3.000000000000000000e+01
3.861238479614257812e+01
4.333531951904296875e+01
4.051289749145507812e+01
6.003070449829101562e+01
7.878273773193359375e+01
3.892021179199218750e+01
3.526719665527343750e+01
3.737430572509765625e+01
8.329982757568359375e+01
6.197092056274414062e+01
3.150921630859375000e+01
3.445656585693359375e+01
5.093623352050781250e+01
3.691811370849609375e+01
3.069028282165527344e+01
5.833142852783203125e+01
3.382607269287109375e+01
5.287769317626953125e+01
3.752131271362304688e+01
3.526524353027343750e+01
3.369810485839843750e+01
5.145513534545898438e+01
3.000000000000000000e+01
5.979322052001953125e+01
4.374254989624023438e+01
6.664211273193359375e+01
5.298975372314453125e+01
6.474343109130859375e+01
3.470785522460937500e+01
3.559041213989257812e+01
6.441877746582031250e+01
3.000000000000000000e+01
4.569326782226562500e+01
7.699666595458984375e+01
4.164648437500000000e+01
4.277019500732421875e+01
4.943175888061523438e+01
4.447922897338867188e+01
4.464960479736328125e+01
6.976938629150390625e+01
3.184684562683105469e+01
4.022000885009765625e+01
7.334438323974609375e+01
4.303532409667968750e+01
7.731115722656250000e+01
7.648966217041015625e+01
3.000000000000000000e+01
6.754528808593750000e+01
3.000000000000000000e+01
5.575734710693359375e+01
5.293591308593750000e+01
4.138684844970703125e+01
7.625459289550781250e+01
6.207631301879882812e+01
4.093068695068359375e+01
5.929295349121093750e+01
8.631961822509765625e+01
3.131703186035156250e+01
6.487678527832031250e+01
3.732107162475585938e+01
3.557831192016601562e+01
4.006725311279296875e+01
4.968420791625976562e+01
3.310588073730468750e+01
7.117064666748046875e+01
4.266253662109375000e+01
4.674836349487304688e+01
4.038117980957031250e+01
4.174136352539062500e+01
4.419076156616210938e+01
3.891505432128906250e+01
7.539739990234375000e+01
4.108152008056640625e+01
3.621048355102539062e+01
6.190060424804687500e+01
5.009569549560546875e+01
5.053554534912109375e+01
4.413896560668945312e+01
5.057961273193359375e+01
3.000000000000000000e+01
3.636306762695312500e+01
3.560760116577148438e+01
4.502735137939453125e+01
4.350096893310546875e+01
4.087667083740234375e+01
5.934939575195312500e+01
3.875339508056640625e+01
4.442588043212890625e+01
4.525833129882812500e+01
7.255107116699218750e+01
3.374804306030273438e+01
5.996940231323242188e+01
9.612464141845703125e+01
5.006919479370117188e+01
5.679332733154296875e+01
4.690489578247070312e+01
3.927952575683593750e+01
3.269486236572265625e+01
4.966118240356445312e+01
4.656032180786132812e+01
1.041572189331054688e+02
3.959511566162109375e+01
3.605645751953125000e+01
4.549092102050781250e+01
4.874109268188476562e+01
3.430205535888671875e+01
4.504798889160156250e+01
5.103887939453125000e+01
6.048017883300781250e+01
3.000000000000000000e+01
6.223439788818359375e+01
3.376519775390625000e+01
4.447131729125976562e+01
4.622005462646484375e+01
3.430454635620117188e+01
4.584553527832031250e+01
5.623158264160156250e+01
3.754604721069335938e+01
5.699155807495117188e+01
4.779234313964843750e+01
4.657859802246093750e+01
6.259337615966796875e+01
4.084313964843750000e+01
3.882450866699218750e+01
4.334599304199218750e+01
4.592021942138671875e+01
5.871196365356445312e+01
4.479617309570312500e+01
4.289379882812500000e+01
5.552503204345703125e+01
3.868724822998046875e+01
5.629399108886718750e+01
5.132158660888671875e+01
3.540592193603515625e+01
4.518083190917968750e+01
3.976820755004882812e+01
3.000000000000000000e+01
5.578318023681640625e+01
5.145075988769531250e+01
3.278591918945312500e+01
4.279542922973632812e+01
5.440613555908203125e+01
5.039024734497070312e+01
3.496031188964843750e+01
5.818225097656250000e+01
3.406612396240234375e+01
5.654013824462890625e+01
4.249040985107421875e+01
1.038520660400390625e+02
8.102027130126953125e+01
4.282403182983398438e+01
5.910234069824218750e+01
3.000000000000000000e+01
8.032110595703125000e+01
3.000000000000000000e+01
4.213327407836914062e+01
8.115560150146484375e+01
5.036576080322265625e+01
4.550342941284179688e+01
5.795119476318359375e+01
7.844078826904296875e+01
3.418178176879882812e+01
4.047889328002929688e+01
3.000000000000000000e+01
5.839997863769531250e+01
4.434590148925781250e+01
3.347470474243164062e+01
5.257993316650390625e+01
9.174874114990234375e+01
4.738594055175781250e+01
3.479392242431640625e+01
4.010645294189453125e+01
5.685757446289062500e+01
4.320450210571289062e+01
4.891502380371093750e+01
5.453064727783203125e+01
1.039038467407226562e+02
6.246014785766601562e+01
7.289209747314453125e+01
7.361874389648437500e+01
7.474920654296875000e+01
5.799469757080078125e+01
3.573631286621093750e+01
3.412921905517578125e+01
5.403711700439453125e+01
4.279930877685546875e+01
4.313393020629882812e+01
3.321358108520507812e+01
3.249629211425781250e+01
3.510044097900390625e+01
3.191931724548339844e+01
4.662633514404296875e+01
4.922204971313476562e+01
6.824488830566406250e+01
4.671597290039062500e+01
3.599713134765625000e+01
4.471951293945312500e+01
3.000000000000000000e+01
5.610327148437500000e+01
4.609991455078125000e+01
6.742076110839843750e+01
5.177676773071289062e+01
4.598955917358398438e+01
3.000000000000000000e+01
4.767267608642578125e+01
5.510771179199218750e+01
3.000000000000000000e+01
5.762834548950195312e+01
3.804301452636718750e+01
8.121908569335937500e+01
4.268507385253906250e+01
6.507823181152343750e+01
5.794082260131835938e+01
4.167823791503906250e+01
3.748672485351562500e+01
3.964342498779296875e+01
5.365666961669921875e+01
4.175625991821289062e+01
4.188688659667968750e+01
3.674079132080078125e+01
3.366536331176757812e+01
4.264949035644531250e+01
8.085168457031250000e+01
6.867279815673828125e+01
7.197121429443359375e+01
3.000000000000000000e+01
4.034514617919921875e+01
5.552595520019531250e+01
3.510044479370117188e+01
5.508417892456054688e+01
5.162317657470703125e+01
6.167285156250000000e+01
4.813068771362304688e+01
5.037712097167968750e+01
3.487397003173828125e+01
3.505459594726562500e+01
3.000000000000000000e+01
6.606668090820312500e+01
3.699524307250976562e+01
4.337449645996093750e+01
3.373902130126953125e+01
4.579351806640625000e+01
5.503050994873046875e+01
3.000000000000000000e+01
4.801998901367187500e+01
4.460126495361328125e+01
4.049200057983398438e+01
5.001226806640625000e+01
7.231147766113281250e+01
3.024210929870605469e+01
5.877048873901367188e+01
4.554967498779296875e+01
4.053563308715820312e+01
4.054982376098632812e+01
3.939715194702148438e+01
3.765891647338867188e+01
3.826020812988281250e+01
3.584728240966796875e+01
4.015443420410156250e+01
3.596219635009765625e+01
3.159889793395996094e+01
5.248561477661132812e+01
3.795262145996093750e+01
3.297464370727539062e+01
3.920831680297851562e+01
3.514982604980468750e+01
5.420557785034179688e+01
4.638652038574218750e+01
7.844078826904296875e+01
3.777859878540039062e+01
4.060145950317382812e+01
3.544814682006835938e+01
9.324064636230468750e+01
3.661520385742187500e+01
4.106212615966796875e+01
6.606668090820312500e+01
5.037969207763671875e+01
4.409953308105468750e+01
3.931407928466796875e+01
4.800389862060546875e+01
9.156370544433593750e+01
5.322666931152343750e+01
6.166630554199218750e+01
7.236083221435546875e+01
3.372365188598632812e+01
3.747782897949218750e+01
5.979894256591796875e+01
3.979137039184570312e+01
5.481018829345703125e+01
5.008883666992187500e+01
3.970535278320312500e+01
3.192741775512695312e+01
7.269155883789062500e+01
3.000000000000000000e+01
5.254770660400390625e+01
6.125185775756835938e+01
5.012059783935546875e+01
3.980545806884765625e+01
4.340639495849609375e+01
3.000000000000000000e+01
4.357171630859375000e+01
4.096355438232421875e+01
7.274659729003906250e+01
3.802333068847656250e+01
4.457938385009765625e+01
7.089208984375000000e+01
5.223939514160156250e+01
4.624380493164062500e+01
3.706307220458984375e+01
5.026412963867187500e+01
4.282048797607421875e+01
3.444551467895507812e+01
4.129975128173828125e+01
4.595277023315429688e+01
6.986568450927734375e+01
5.892562103271484375e+01
4.712358474731445312e+01
3.000000000000000000e+01
4.522038269042968750e+01
4.515149688720703125e+01
4.099192810058593750e+01
4.676674652099609375e+01
4.614459609985351562e+01
4.522440338134765625e+01
3.331981277465820312e+01
3.290235519409179688e+01
3.950747680664062500e+01
3.316494750976562500e+01
6.167883300781250000e+01
4.453305053710937500e+01
3.959511566162109375e+01
5.839578628540039062e+01
4.204486465454101562e+01
3.760494232177734375e+01
4.657366180419921875e+01
3.000000000000000000e+01
7.125553894042968750e+01
4.524443054199218750e+01
4.561201858520507812e+01
4.674823760986328125e+01
7.338919067382812500e+01
4.368902969360351562e+01
3.849845886230468750e+01
3.000000000000000000e+01
3.167439079284667969e+01
4.433612823486328125e+01
4.102720642089843750e+01
3.801824569702148438e+01
3.000000000000000000e+01
3.381254959106445312e+01
3.000000000000000000e+01
3.449907302856445312e+01
4.725460815429687500e+01
4.113296508789062500e+01
5.667129898071289062e+01
3.430913543701171875e+01
6.413392639160156250e+01
4.683340454101562500e+01
4.481718444824218750e+01
5.924713134765625000e+01
3.029669570922851562e+01
5.711542892456054688e+01
3.000000000000000000e+01
3.000000000000000000e+01
4.881540298461914062e+01
4.414542388916015625e+01
3.371984481811523438e+01
3.976329421997070312e+01
3.151505279541015625e+01
3.715522766113281250e+01
3.918999481201171875e+01
4.360021209716796875e+01
