4.318881988525390625e+01
5.915907669067382812e+01
4.753981018066406250e+01
3.988924407958984375e+01
5.564501571655273438e+01
7.315292358398437500e+01
3.000000000000000000e+01
1.171031951904296875e+02
5.289113235473632812e+01
1.036398315429687500e+02
4.607192611694335938e+01
1.566746826171875000e+02
5.109104919433593750e+01
3.852669525146484375e+01
3.931921768188476562e+01
8.861434936523437500e+01
6.545005798339843750e+01
4.289272689819335938e+01
4.321103668212890625e+01
1.207991943359375000e+02
3.853150939941406250e+01
7.219863891601562500e+01
3.491117858886718750e+01
6.040289688110351562e+01
6.083723068237304688e+01
8.479628753662109375e+01
4.380811691284179688e+01
6.473178100585937500e+01
1.603368377685546875e+02
9.907395935058593750e+01
6.485858917236328125e+01
5.814018249511718750e+01
5.232531738281250000e+01
1.122358322143554688e+02
9.118271636962890625e+01
6.486712646484375000e+01
6.436595916748046875e+01
4.701914215087890625e+01
4.255201721191406250e+01
7.479782867431640625e+01
3.000000000000000000e+01
3.323638153076171875e+01
4.961300659179687500e+01
4.707543182373046875e+01
3.444382858276367188e+01
3.000000000000000000e+01
6.038633728027343750e+01
6.070111846923828125e+01
1.401714019775390625e+02
4.554311752319335938e+01
4.643544006347656250e+01
4.326696014404296875e+01
5.594187164306640625e+01
4.122628021240234375e+01
9.848197937011718750e+01
4.371237182617187500e+01
1.028635940551757812e+02
4.718288803100585938e+01
5.630913543701171875e+01
5.612307357788085938e+01
5.860507965087890625e+01
6.641246032714843750e+01
3.890613174438476562e+01
6.249849700927734375e+01
7.732681274414062500e+01
4.584201049804687500e+01
5.524396896362304688e+01
3.417081069946289062e+01
4.592906188964843750e+01
7.733428955078125000e+01
6.302507781982421875e+01
4.084057235717773438e+01
1.770203552246093750e+02
5.102770614624023438e+01
6.696875762939453125e+01
6.964916992187500000e+01
5.682578277587890625e+01
6.287369537353515625e+01
4.029576110839843750e+01
7.368687438964843750e+01
3.756517028808593750e+01
6.545005798339843750e+01
5.060992050170898438e+01
7.315830993652343750e+01
7.335348510742187500e+01
5.988226318359375000e+01
3.761658477783203125e+01
4.395566558837890625e+01
5.109104919433593750e+01
4.841620254516601562e+01
4.522110748291015625e+01
4.080316543579101562e+01
7.753127288818359375e+01
5.577485656738281250e+01
9.672681427001953125e+01
9.485382843017578125e+01
5.804714965820312500e+01
4.604285812377929688e+01
8.303602600097656250e+01
5.138997650146484375e+01
7.539738464355468750e+01
6.632308197021484375e+01
1.138272094726562500e+02
4.503346252441406250e+01
4.544939804077148438e+01
6.508789825439453125e+01
3.146778488159179688e+01
5.911361694335937500e+01
4.249068069458007812e+01
3.160192680358886719e+01
4.558094787597656250e+01
4.656356811523437500e+01
6.528492736816406250e+01
7.463227844238281250e+01
3.899094009399414062e+01
3.992741394042968750e+01
1.125757293701171875e+02
5.002634811401367188e+01
6.709088897705078125e+01
5.435672760009765625e+01
3.998571777343750000e+01
5.393479156494140625e+01
4.663979721069335938e+01
4.655812835693359375e+01
3.740982818603515625e+01
5.278353500366210938e+01
6.833094787597656250e+01
7.455905914306640625e+01
3.937028503417968750e+01
6.820404052734375000e+01
5.777025222778320312e+01
1.004198608398437500e+02
7.177611541748046875e+01
6.063491439819335938e+01
6.134533691406250000e+01
5.958049011230468750e+01
8.031668090820312500e+01
4.098914337158203125e+01
3.676207733154296875e+01
6.641774749755859375e+01
4.339470672607421875e+01
8.365343475341796875e+01
6.624259948730468750e+01
5.122748947143554688e+01
6.821768951416015625e+01
4.350596618652343750e+01
7.846766662597656250e+01
8.977684020996093750e+01
6.116088485717773438e+01
1.222411804199218750e+02
5.850816345214843750e+01
7.338597869873046875e+01
4.524340820312500000e+01
9.373871612548828125e+01
3.937838363647460938e+01
8.940757751464843750e+01
4.804452133178710938e+01
1.220237808227539062e+02
4.162450790405273438e+01
6.343010711669921875e+01
4.080928802490234375e+01
6.775660705566406250e+01
5.099581146240234375e+01
4.212656402587890625e+01
6.789911651611328125e+01
4.811866378784179688e+01
7.191918945312500000e+01
5.173956680297851562e+01
3.994844818115234375e+01
1.706277313232421875e+02
5.927964019775390625e+01
5.508904266357421875e+01
4.421806716918945312e+01
3.000000000000000000e+01
4.905216217041015625e+01
8.910719299316406250e+01
4.650451660156250000e+01
3.851196289062500000e+01
6.445262145996093750e+01
5.606957626342773438e+01
5.615312194824218750e+01
7.171067810058593750e+01
6.883647918701171875e+01
5.820128250122070312e+01
4.354170227050781250e+01
4.757558822631835938e+01
4.425364303588867188e+01
7.950758361816406250e+01
5.475671005249023438e+01
4.473548507690429688e+01
5.626153182983398438e+01
7.297129821777343750e+01
4.858185195922851562e+01
3.931600189208984375e+01
6.895675659179687500e+01
5.622599792480468750e+01
7.690634155273437500e+01
7.874176788330078125e+01
9.538468170166015625e+01
9.327050781250000000e+01
5.795243072509765625e+01
7.758004760742187500e+01
8.748229980468750000e+01
3.000000000000000000e+01
5.951065826416015625e+01
4.592922592163085938e+01
6.135852050781250000e+01
9.018793487548828125e+01
1.800687255859375000e+02
4.256452941894531250e+01
5.296858215332031250e+01
7.303696441650390625e+01
4.266524124145507812e+01
4.408760833740234375e+01
3.627118682861328125e+01
4.515802001953125000e+01
6.924070739746093750e+01
4.873932647705078125e+01
5.408180618286132812e+01
3.893147659301757812e+01
3.999147415161132812e+01
7.209916687011718750e+01
8.336587524414062500e+01
4.192692947387695312e+01
3.982013702392578125e+01
3.559693145751953125e+01
5.693894195556640625e+01
8.065832519531250000e+01
5.553285598754882812e+01
9.037472534179687500e+01
3.559468078613281250e+01
4.239387512207031250e+01
4.524656677246093750e+01
5.355669403076171875e+01
4.092453002929687500e+01
6.592996215820312500e+01
4.548425292968750000e+01
4.998909759521484375e+01
5.552645874023437500e+01
5.747473144531250000e+01
4.653845977783203125e+01
1.439440307617187500e+02
6.338941192626953125e+01
7.753681182861328125e+01
7.383300018310546875e+01
5.320180511474609375e+01
5.525153350830078125e+01
1.074008636474609375e+02
2.120203399658203125e+02
4.724613952636718750e+01
5.272884750366210938e+01
3.918080139160156250e+01
5.379534149169921875e+01
9.005010223388671875e+01
4.206133270263671875e+01
8.118446350097656250e+01
5.280926132202148438e+01
3.621183395385742188e+01
3.563702011108398438e+01
1.651566467285156250e+02
4.380500030517578125e+01
6.247244262695312500e+01
4.944725799560546875e+01
3.682386016845703125e+01
1.625546722412109375e+02
6.403962707519531250e+01
1.285657501220703125e+02
8.307832336425781250e+01
6.667527770996093750e+01
6.635876464843750000e+01
5.861835098266601562e+01
5.837856674194335938e+01
7.753681182861328125e+01
6.590830993652343750e+01
9.476713562011718750e+01
3.000000000000000000e+01
6.864727783203125000e+01
7.200148773193359375e+01
9.841332244873046875e+01
9.480245971679687500e+01
6.959899139404296875e+01
7.623536682128906250e+01
6.155480194091796875e+01
3.922518539428710938e+01
5.771343994140625000e+01
3.603679275512695312e+01
5.659091567993164062e+01
5.756404113769531250e+01
5.130975723266601562e+01
5.155172348022460938e+01
4.281463623046875000e+01
7.218595123291015625e+01
3.794544219970703125e+01
7.882366180419921875e+01
4.293422317504882812e+01
3.350185012817382812e+01
5.241317749023437500e+01
4.678794860839843750e+01
3.685642242431640625e+01
7.686064147949218750e+01
9.429969787597656250e+01
4.096791458129882812e+01
4.298109054565429688e+01
7.295297241210937500e+01
6.375426101684570312e+01
4.200839233398437500e+01
8.001514434814453125e+01
7.488162231445312500e+01
6.930215454101562500e+01
7.882769012451171875e+01
1.013636169433593750e+02
4.289278411865234375e+01
8.607392883300781250e+01
7.483369445800781250e+01
9.877130126953125000e+01
4.471827697753906250e+01
3.814392471313476562e+01
9.929489135742187500e+01
5.477872848510742188e+01
8.303602600097656250e+01
4.626543807983398438e+01
4.248389053344726562e+01
3.892288970947265625e+01
4.559988403320312500e+01
3.814002990722656250e+01
3.223210906982421875e+01
3.672476577758789062e+01
3.716212081909179688e+01
1.770203552246093750e+02
3.606673431396484375e+01
7.342552947998046875e+01
4.270043182373046875e+01
7.037397003173828125e+01
4.182617950439453125e+01
4.112282943725585938e+01
4.718292999267578125e+01
7.519379425048828125e+01
5.345140457153320312e+01
3.726860427856445312e+01
3.884140396118164062e+01
6.007611465454101562e+01
1.098187713623046875e+02
3.130040359497070312e+01
6.930215454101562500e+01
4.261776351928710938e+01
6.305948638916015625e+01
9.446800231933593750e+01
4.868363952636718750e+01
3.637397766113281250e+01
7.381421661376953125e+01
1.355212249755859375e+02
1.413636627197265625e+02
6.407438659667968750e+01
6.641246032714843750e+01
4.806991577148437500e+01
7.620690917968750000e+01
5.202337646484375000e+01
3.376099395751953125e+01
8.707237243652343750e+01
5.283150482177734375e+01
7.707723236083984375e+01
1.476450500488281250e+02
6.987715911865234375e+01
7.145571899414062500e+01
7.581198120117187500e+01
4.167087936401367188e+01
8.295593261718750000e+01
1.327366027832031250e+02
4.830651092529296875e+01
6.182730865478515625e+01
6.206213378906250000e+01
4.089365386962890625e+01
8.466972351074218750e+01
1.146241149902343750e+02
6.779172515869140625e+01
8.615554809570312500e+01
6.775144195556640625e+01
9.907395935058593750e+01
8.449755859375000000e+01
5.864809799194335938e+01
5.120544433593750000e+01
3.626015472412109375e+01
3.727825927734375000e+01
6.655331420898437500e+01
5.318157958984375000e+01
6.338941192626953125e+01
5.047774505615234375e+01
5.180866241455078125e+01
4.577056884765625000e+01
1.979384613037109375e+02
5.150893783569335938e+01
4.625707626342773438e+01
3.655692672729492188e+01
3.654022216796875000e+01
4.262439727783203125e+01
5.112987899780273438e+01
6.329587936401367188e+01
7.858961486816406250e+01
6.076232147216796875e+01
4.030367279052734375e+01
5.008557510375976562e+01
4.493434143066406250e+01
1.383602600097656250e+02
3.779572296142578125e+01
4.047927093505859375e+01
8.126676940917968750e+01
5.083299636840820312e+01
6.212619400024414062e+01
7.357978820800781250e+01
1.183737945556640625e+02
7.979883575439453125e+01
8.789244842529296875e+01
5.176803970336914062e+01
5.342105865478515625e+01
8.361685943603515625e+01
5.450972747802734375e+01
1.018069534301757812e+02
9.496994018554687500e+01
4.083806610107421875e+01
4.074366760253906250e+01
8.308296203613281250e+01
3.277113723754882812e+01
3.914839553833007812e+01
1.112605056762695312e+02
7.487295532226562500e+01
6.399858474731445312e+01
6.235682678222656250e+01
5.210951614379882812e+01
7.296472930908203125e+01
7.734356689453125000e+01
4.705118560791015625e+01
7.342552947998046875e+01
1.975004882812500000e+02
4.559988403320312500e+01
1.226795349121093750e+02
4.719574356079101562e+01
6.027305221557617188e+01
7.258157348632812500e+01
6.473178100585937500e+01
4.698099136352539062e+01
6.604313659667968750e+01
3.545882415771484375e+01
4.878170776367187500e+01
5.352965545654296875e+01
4.755810165405273438e+01
4.164831161499023438e+01
6.114357757568359375e+01
5.308388137817382812e+01
2.218533020019531250e+02
8.689212036132812500e+01
4.207196807861328125e+01
4.524340820312500000e+01
4.924286651611328125e+01
5.198152923583984375e+01
6.798061370849609375e+01
3.618944168090820312e+01
7.004979705810546875e+01
8.366947174072265625e+01
4.976469802856445312e+01
1.054395904541015625e+02
7.875124359130859375e+01
6.187405395507812500e+01
5.366429901123046875e+01
5.229545974731445312e+01
4.262863159179687500e+01
1.618117675781250000e+02
3.710387420654296875e+01
4.689818572998046875e+01
4.678649520874023438e+01
3.990464782714843750e+01
1.150019302368164062e+02
4.300498199462890625e+01
3.851692962646484375e+01
1.510917968750000000e+02
6.375426101684570312e+01
7.469128417968750000e+01
6.460883331298828125e+01
5.626895904541015625e+01
5.215103530883789062e+01
8.203928375244140625e+01
7.187249755859375000e+01
7.373976135253906250e+01
7.358654785156250000e+01
4.226794433593750000e+01
5.449957275390625000e+01
8.515139007568359375e+01
5.231559753417968750e+01
4.408760833740234375e+01
7.022630310058593750e+01
7.976911926269531250e+01
6.471204376220703125e+01
4.883183670043945312e+01
5.240980529785156250e+01
3.576593399047851562e+01
4.764031982421875000e+01
3.072293090820312500e+01
3.861176300048828125e+01
3.917155075073242188e+01
6.499111938476562500e+01
4.037306976318359375e+01
5.275733947753906250e+01
4.526200103759765625e+01
9.318486022949218750e+01
4.832901763916015625e+01
4.203690338134765625e+01
4.030245208740234375e+01
5.044835662841796875e+01
4.513094329833984375e+01
4.189645767211914062e+01
3.640188980102539062e+01
7.382644653320312500e+01
3.553573608398437500e+01
5.754586029052734375e+01
3.653865814208984375e+01
5.553929138183593750e+01
4.722861480712890625e+01
3.931921768188476562e+01
1.075828399658203125e+02
5.392241668701171875e+01
8.622117614746093750e+01
7.992305755615234375e+01
4.047927093505859375e+01
7.491746520996093750e+01
6.139872360229492188e+01
5.353536987304687500e+01
9.490904235839843750e+01
5.413304138183593750e+01
1.476478881835937500e+02
7.951770019531250000e+01
3.806119537353515625e+01
4.923365020751953125e+01
8.686549377441406250e+01
5.658430480957031250e+01
6.501477050781250000e+01
4.944725799560546875e+01
2.188236694335937500e+02
4.072393417358398438e+01
6.569377136230468750e+01
6.849317932128906250e+01
5.333087539672851562e+01
4.953616714477539062e+01
7.970506286621093750e+01
3.639187622070312500e+01
6.145252227783203125e+01
4.801683044433593750e+01
4.116122055053710938e+01
4.923593139648437500e+01
4.071429061889648438e+01
5.120088958740234375e+01
4.191363525390625000e+01
3.669242858886718750e+01
3.566159439086914062e+01
3.993825531005859375e+01
4.621020507812500000e+01
4.924308776855468750e+01
4.456050872802734375e+01
5.381733703613281250e+01
5.911361694335937500e+01
6.699485015869140625e+01
1.800687255859375000e+02
7.185809326171875000e+01
9.347951507568359375e+01
7.485621643066406250e+01
1.027983703613281250e+02
3.850290679931640625e+01
5.962762069702148438e+01
7.437541198730468750e+01
5.630120468139648438e+01
5.529191970825195312e+01
7.958735656738281250e+01
7.056620025634765625e+01
5.857170104980468750e+01
3.899094009399414062e+01
3.986408233642578125e+01
5.758506774902343750e+01
8.243461608886718750e+01
4.354164123535156250e+01
5.645265960693359375e+01
3.977621459960937500e+01
3.542781829833984375e+01
7.587000274658203125e+01
4.522110748291015625e+01
4.109282684326171875e+01
3.866936874389648438e+01
4.349083709716796875e+01
8.419969940185546875e+01
1.134106826782226562e+02
3.432545089721679688e+01
3.743785858154296875e+01
6.032241821289062500e+01
7.858961486816406250e+01
6.368432235717773438e+01
6.565558624267578125e+01
4.316062164306640625e+01
7.573889923095703125e+01
4.649690246582031250e+01
4.722891998291015625e+01
5.231415557861328125e+01
6.171442413330078125e+01
4.013763809204101562e+01
8.787388610839843750e+01
5.237665557861328125e+01
7.581426239013671875e+01
6.242355728149414062e+01
3.948409652709960938e+01
3.156589126586914062e+01
5.504615783691406250e+01
6.200777435302734375e+01
4.835416412353515625e+01
6.147407531738281250e+01
4.774015045166015625e+01
3.898624801635742188e+01
6.196357345581054688e+01
6.204899215698242188e+01
4.232204437255859375e+01
4.429555511474609375e+01
6.049567794799804688e+01
5.308388137817382812e+01
5.741228485107421875e+01
6.273635101318359375e+01
3.740112686157226562e+01
6.610042572021484375e+01
1.401327514648437500e+02
5.502319717407226562e+01
5.711609649658203125e+01
1.027983779907226562e+02
6.407438659667968750e+01
5.880342102050781250e+01
7.976911926269531250e+01
4.440615463256835938e+01
3.554640960693359375e+01
6.500502014160156250e+01
3.709427261352539062e+01
3.685758972167968750e+01
1.212473754882812500e+02
6.623966979980468750e+01
3.507251358032226562e+01
3.927207946777343750e+01
1.026131591796875000e+02
7.620433044433593750e+01
4.694039535522460938e+01
1.050233154296875000e+02
4.297891998291015625e+01
1.190415496826171875e+02
6.337729644775390625e+01
1.189545745849609375e+02
6.555653381347656250e+01
3.202542114257812500e+01
9.480920410156250000e+01
8.634768676757812500e+01
7.382569885253906250e+01
5.345140075683593750e+01
4.303491210937500000e+01
3.000000000000000000e+01
4.891292190551757812e+01
5.384976196289062500e+01
4.737311553955078125e+01
4.699462890625000000e+01
7.726148223876953125e+01
6.480445861816406250e+01
4.494245529174804688e+01
3.014101791381835938e+01
4.899604034423828125e+01
5.536413955688476562e+01
4.812279510498046875e+01
1.319702453613281250e+02
5.423183441162109375e+01
6.849797058105468750e+01
5.466785812377929688e+01
5.176580047607421875e+01
3.472373962402343750e+01
8.365343475341796875e+01
6.331316375732421875e+01
6.174774169921875000e+01
7.234826660156250000e+01
5.690248489379882812e+01
3.977049255371093750e+01
3.070270347595214844e+01
4.845010375976562500e+01
5.835202789306640625e+01
5.134489822387695312e+01
1.618117675781250000e+02
5.012189102172851562e+01
6.246444702148437500e+01
8.874852752685546875e+01
9.831545257568359375e+01
4.266401672363281250e+01
5.294182586669921875e+01
5.198793792724609375e+01
6.233676528930664062e+01
8.112844848632812500e+01
4.802695465087890625e+01
5.047245788574218750e+01
6.149147033691406250e+01
7.791571044921875000e+01
5.899324035644531250e+01
1.476479034423828125e+02
6.877584838867187500e+01
3.000000000000000000e+01
5.801045227050781250e+01
5.911746978759765625e+01
1.703997802734375000e+02
9.836495971679687500e+01
6.111015701293945312e+01
7.330171203613281250e+01
3.000000000000000000e+01
5.219647216796875000e+01
1.071932144165039062e+02
3.722721862792968750e+01
3.794321060180664062e+01
7.083360290527343750e+01
8.950584411621093750e+01
4.559921264648437500e+01
1.255091476440429688e+02
4.232618713378906250e+01
4.533331680297851562e+01
5.477872467041015625e+01
8.137687683105468750e+01
5.741727066040039062e+01
4.516363525390625000e+01
4.321705245971679688e+01
3.210924911499023438e+01
3.928798675537109375e+01
3.779572296142578125e+01
4.617153930664062500e+01
6.545544433593750000e+01
7.487295532226562500e+01
5.573577880859375000e+01
4.741511535644531250e+01
4.287397766113281250e+01
4.625707626342773438e+01
4.000667572021484375e+01
7.972288513183593750e+01
4.676348876953125000e+01
6.179260635375976562e+01
8.500370788574218750e+01
4.610957336425781250e+01
3.816843414306640625e+01
4.325952911376953125e+01
6.343010330200195312e+01
7.138037872314453125e+01
5.227853775024414062e+01
6.480348205566406250e+01
6.441668701171875000e+01
7.592518615722656250e+01
5.177632904052734375e+01
4.189732360839843750e+01
5.480715179443359375e+01
6.860048675537109375e+01
5.215103530883789062e+01
6.369698333740234375e+01
4.651573944091796875e+01
6.254626083374023438e+01
5.228385925292968750e+01
5.662099456787109375e+01
4.921051025390625000e+01
3.685642242431640625e+01
4.430144500732421875e+01
4.201115798950195312e+01
6.637697601318359375e+01
6.116460800170898438e+01
3.882593536376953125e+01
7.394413757324218750e+01
4.326539230346679688e+01
5.747473144531250000e+01
7.060315704345703125e+01
5.579950714111328125e+01
5.970966720581054688e+01
5.897634887695312500e+01
6.364495849609375000e+01
4.528236007690429688e+01
6.792142486572265625e+01
5.156716537475585938e+01
5.178992843627929688e+01
8.014845275878906250e+01
1.207991943359375000e+02
1.647824707031250000e+02
5.109683609008789062e+01
3.097749900817871094e+01
4.326280975341796875e+01
7.088464355468750000e+01
8.689212036132812500e+01
7.516653442382812500e+01
6.148648452758789062e+01
1.050803527832031250e+02
4.899604034423828125e+01
5.308870315551757812e+01
4.030769729614257812e+01
5.192792129516601562e+01
5.935636138916015625e+01
3.945444488525390625e+01
4.610108184814453125e+01
8.740543365478515625e+01
4.510179138183593750e+01
4.609171295166015625e+01
1.152898864746093750e+02
6.004936981201171875e+01
5.812627410888671875e+01
7.733428955078125000e+01
6.147103118896484375e+01
4.763048171997070312e+01
4.516363143920898438e+01
2.397586212158203125e+02
8.912112426757812500e+01
4.180052947998046875e+01
5.296096038818359375e+01
5.564282608032226562e+01
9.935820007324218750e+01
4.039475250244140625e+01
4.521430969238281250e+01
6.377372360229492188e+01
4.699462890625000000e+01
5.914113616943359375e+01
5.512691879272460938e+01
5.421896743774414062e+01
5.888622665405273438e+01
6.242292022705078125e+01
5.471328735351562500e+01
5.007217025756835938e+01
5.331357192993164062e+01
6.706108093261718750e+01
1.725418090820312500e+02
5.310298538208007812e+01
4.349676513671875000e+01
5.789261627197265625e+01
5.710269927978515625e+01
4.546931457519531250e+01
8.697436523437500000e+01
5.822091674804687500e+01
5.803599929809570312e+01
5.127056121826171875e+01
9.332258605957031250e+01
8.026352691650390625e+01
3.660108566284179688e+01
4.469829559326171875e+01
6.893472290039062500e+01
3.806119537353515625e+01
4.912003326416015625e+01
3.552845382690429688e+01
7.872671508789062500e+01
5.514131546020507812e+01
3.177327537536621094e+01
4.689075851440429688e+01
5.241317749023437500e+01
8.005513763427734375e+01
9.879824829101562500e+01
9.451144409179687500e+01
5.955887985229492188e+01
7.373976135253906250e+01
7.323449707031250000e+01
4.218428802490234375e+01
8.014845275878906250e+01
4.742219543457031250e+01
5.369034576416015625e+01
4.081376266479492188e+01
4.177788162231445312e+01
1.625693511962890625e+02
5.714566802978515625e+01
4.783128738403320312e+01
6.349814987182617188e+01
3.380553817749023438e+01
1.169583740234375000e+02
6.464875793457031250e+01
4.394733428955078125e+01
4.900619506835937500e+01
8.774065399169921875e+01
7.011258697509765625e+01
7.519401550292968750e+01
4.785005569458007812e+01
4.470234680175781250e+01
4.547117233276367188e+01
5.188945770263671875e+01
5.418273162841796875e+01
1.167222290039062500e+02
1.027003707885742188e+02
1.200980606079101562e+02
5.587841033935546875e+01
4.082507324218750000e+01
5.344869232177734375e+01
3.000000000000000000e+01
6.139733123779296875e+01
3.000000000000000000e+01
4.082701110839843750e+01
5.656746673583984375e+01
1.216828765869140625e+02
4.602656173706054688e+01
3.018361473083496094e+01
5.195103454589843750e+01
5.740363311767578125e+01
4.348659133911132812e+01
4.800741577148437500e+01
5.134489822387695312e+01
4.636113739013671875e+01
7.461701965332031250e+01
5.219647216796875000e+01
4.998035049438476562e+01
5.256674194335937500e+01
3.601517486572265625e+01
5.637788391113281250e+01
4.387405395507812500e+01
5.775723266601562500e+01
5.746284103393554688e+01
1.039523162841796875e+02
5.193261718750000000e+01
7.383300018310546875e+01
5.788984298706054688e+01
3.389334869384765625e+01
7.262158203125000000e+01
4.858463287353515625e+01
4.405174255371093750e+01
4.712444305419921875e+01
5.023158264160156250e+01
4.089320755004882812e+01
9.918979644775390625e+01
4.030367279052734375e+01
3.668870925903320312e+01
2.218533020019531250e+02
7.628036499023437500e+01
4.411177825927734375e+01
5.658496475219726562e+01
6.572099304199218750e+01
4.526200103759765625e+01
5.668318176269531250e+01
9.230868530273437500e+01
4.877390289306640625e+01
6.944038391113281250e+01
4.029576110839843750e+01
3.872386169433593750e+01
4.841620254516601562e+01
6.033759689331054688e+01
5.111046981811523438e+01
5.300982666015625000e+01
5.485422134399414062e+01
5.870611572265625000e+01
4.803399658203125000e+01
5.283150482177734375e+01
3.921258163452148438e+01
3.975914764404296875e+01
5.980173492431640625e+01
7.177852630615234375e+01
4.598953628540039062e+01
9.807308197021484375e+01
4.260290908813476562e+01
4.292744445800781250e+01
6.892127990722656250e+01
6.786772918701171875e+01
3.425157165527343750e+01
4.297699356079101562e+01
4.628614044189453125e+01
5.301406097412109375e+01
6.302704620361328125e+01
7.939359283447265625e+01
4.707957077026367188e+01
4.333303833007812500e+01
6.460882568359375000e+01
5.155141830444335938e+01
5.056454849243164062e+01
3.223287200927734375e+01
4.864071273803710938e+01
5.081540298461914062e+01
5.435672760009765625e+01
5.924024963378906250e+01
7.491314697265625000e+01
4.983005142211914062e+01
4.473117828369140625e+01
3.810777282714843750e+01
5.959914779663085938e+01
6.833094787597656250e+01
8.038253784179687500e+01
5.421896743774414062e+01
6.139891815185546875e+01
6.395526885986328125e+01
4.864071273803710938e+01
4.991164016723632812e+01
5.098554229736328125e+01
4.548767471313476562e+01
3.829272460937500000e+01
5.608942794799804688e+01
7.257808685302734375e+01
3.254676055908203125e+01
4.380500030517578125e+01
5.454100036621093750e+01
8.660335540771484375e+01
3.809024047851562500e+01
5.810961151123046875e+01
3.264896774291992188e+01
5.648617172241210938e+01
6.198034667968750000e+01
3.962315368652343750e+01
6.391310501098632812e+01
3.540541839599609375e+01
6.703039550781250000e+01
5.894652175903320312e+01
6.742353820800781250e+01
4.871005249023437500e+01
4.108206939697265625e+01
6.704707336425781250e+01
6.894176483154296875e+01
3.892865371704101562e+01
3.904957580566406250e+01
6.747721862792968750e+01
7.186219024658203125e+01
5.795243072509765625e+01
3.236091232299804688e+01
8.063430786132812500e+01
4.301185607910156250e+01
4.955825805664062500e+01
5.348719024658203125e+01
4.267594909667968750e+01
5.637523651123046875e+01
3.619271087646484375e+01
7.258157348632812500e+01
5.920982742309570312e+01
5.296858215332031250e+01
4.436006164550781250e+01
4.978297042846679688e+01
7.613452148437500000e+01
6.146176910400390625e+01
3.097749710083007812e+01
3.706745529174804688e+01
3.825849914550781250e+01
4.588956451416015625e+01
8.896559906005859375e+01
4.701914215087890625e+01
6.290555572509765625e+01
8.092816925048828125e+01
4.917059326171875000e+01
4.197357177734375000e+01
4.327747726440429688e+01
3.000000000000000000e+01
4.978297042846679688e+01
6.364495849609375000e+01
4.928086471557617188e+01
5.146585464477539062e+01
4.036948394775390625e+01
7.723316192626953125e+01
5.853382492065429688e+01
8.185839080810546875e+01
5.681681823730468750e+01
3.171958732604980469e+01
7.163304138183593750e+01
3.333853530883789062e+01
7.754791259765625000e+01
3.319277191162109375e+01
5.322695159912109375e+01
4.490500640869140625e+01
3.000000000000000000e+01
4.580581665039062500e+01
4.405796051025390625e+01
7.143688964843750000e+01
5.208550262451171875e+01
8.038253784179687500e+01
4.682073974609375000e+01
4.163114166259765625e+01
3.737125396728515625e+01
4.563179397583007812e+01
3.565583038330078125e+01
4.183924865722656250e+01
6.442955780029296875e+01
6.329587936401367188e+01
5.353537368774414062e+01
4.311387252807617188e+01
4.282018280029296875e+01
6.566645812988281250e+01
5.583711242675781250e+01
4.821453475952148438e+01
5.233647918701171875e+01
5.506850814819335938e+01
4.334304046630859375e+01
4.651573944091796875e+01
4.206103515625000000e+01
4.901839828491210938e+01
3.569285202026367188e+01
4.901187896728515625e+01
3.744074630737304688e+01
3.375363922119140625e+01
4.569737625122070312e+01
4.258450317382812500e+01
5.684027481079101562e+01
5.635375976562500000e+01
6.641774749755859375e+01
4.682073974609375000e+01
7.217048645019531250e+01
4.144432830810546875e+01
5.037657165527343750e+01
5.031763458251953125e+01
3.311132049560546875e+01
4.653760147094726562e+01
6.208841323852539062e+01
3.000000000000000000e+01
7.395211029052734375e+01
4.856940078735351562e+01
4.923365020751953125e+01
3.862363052368164062e+01
6.076232147216796875e+01
3.000000000000000000e+01
3.321537017822265625e+01
5.399403381347656250e+01
4.727378082275390625e+01
8.774065399169921875e+01
8.598419189453125000e+01
3.000000000000000000e+01
7.962368774414062500e+01
8.454261016845703125e+01
4.698098754882812500e+01
5.378082275390625000e+01
5.435866546630859375e+01
6.592996215820312500e+01
7.357978820800781250e+01
5.498388290405273438e+01
5.671752548217773438e+01
8.116145324707031250e+01
4.618742370605468750e+01
7.145878601074218750e+01
4.082129287719726562e+01
4.807732772827148438e+01
3.849325942993164062e+01
4.830436706542968750e+01
3.364325714111328125e+01
7.092363739013671875e+01
4.385766220092773438e+01
4.349676513671875000e+01
3.795826721191406250e+01
5.110938262939453125e+01
5.022093200683593750e+01
6.103262329101562500e+01
6.712047576904296875e+01
6.849879455566406250e+01
4.953009796142578125e+01
5.483251953125000000e+01
5.596418762207031250e+01
4.534000396728515625e+01
4.686954879760742188e+01
4.871005249023437500e+01
3.674322128295898438e+01
3.491283798217773438e+01
4.140509033203125000e+01
4.578964233398437500e+01
3.859991836547851562e+01
4.893762207031250000e+01
6.149147415161132812e+01
4.983750915527343750e+01
4.191363525390625000e+01
4.762794494628906250e+01
7.102983093261718750e+01
5.167155075073242188e+01
7.613587188720703125e+01
9.314639282226562500e+01
4.967045593261718750e+01
5.508904647827148438e+01
5.181516647338867188e+01
4.717997360229492188e+01
3.502443695068359375e+01
4.003094863891601562e+01
5.934451293945312500e+01
7.234825897216796875e+01
5.265712356567382812e+01
3.895476531982421875e+01
4.504919815063476562e+01
5.461989212036132812e+01
3.453376388549804688e+01
4.953616714477539062e+01
6.147103118896484375e+01
5.264918518066406250e+01
4.676348495483398438e+01
7.382028961181640625e+01
3.524579238891601562e+01
5.834405136108398438e+01
6.196357345581054688e+01
6.161492538452148438e+01
5.383177947998046875e+01
3.809114074707031250e+01
3.769989776611328125e+01
7.783319091796875000e+01
4.605061340332031250e+01
4.522438430786132812e+01
5.899324035644531250e+01
3.895096206665039062e+01
4.322488021850585938e+01
4.266401672363281250e+01
4.528221893310546875e+01
3.000000000000000000e+01
6.867598724365234375e+01
5.715469360351562500e+01
6.108734130859375000e+01
3.733302307128906250e+01
5.201686096191406250e+01
6.152799224853515625e+01
6.617010498046875000e+01
5.384013748168945312e+01
4.413694763183593750e+01
5.439185333251953125e+01
5.100054168701171875e+01
5.005284118652343750e+01
3.850290679931640625e+01
4.337979888916015625e+01
4.387495803833007812e+01
6.191480636596679688e+01
4.122086715698242188e+01
5.170587158203125000e+01
3.844996261596679688e+01
6.526968383789062500e+01
4.092623901367187500e+01
8.261155700683593750e+01
9.154222106933593750e+01
5.981713485717773438e+01
3.421099853515625000e+01
4.769662094116210938e+01
6.708058929443359375e+01
7.167350769042968750e+01
3.570040130615234375e+01
6.235509490966796875e+01
4.703227615356445312e+01
3.691376495361328125e+01
5.712697601318359375e+01
6.706077575683593750e+01
3.834758758544921875e+01
5.736374664306640625e+01
4.115558624267578125e+01
5.976140975952148438e+01
4.007477569580078125e+01
3.694170379638671875e+01
5.704819488525390625e+01
9.796597290039062500e+01
4.937555694580078125e+01
4.299313354492187500e+01
4.485688781738281250e+01
5.386346054077148438e+01
4.158029174804687500e+01
4.941568756103515625e+01
5.175196838378906250e+01
9.451144409179687500e+01
4.990892028808593750e+01
5.189761734008789062e+01
8.063301849365234375e+01
5.881532669067382812e+01
6.542829132080078125e+01
3.000000000000000000e+01
3.357878112792968750e+01
4.842020034790039062e+01
3.940000152587890625e+01
4.872114562988281250e+01
3.332757568359375000e+01
3.637176513671875000e+01
4.077203369140625000e+01
3.181137275695800781e+01
4.039045333862304688e+01
4.360534286499023438e+01
7.567910766601562500e+01
4.226949310302734375e+01
4.090370941162109375e+01
4.509433746337890625e+01
3.401786041259765625e+01
3.000000000000000000e+01
5.327072525024414062e+01
6.624259948730468750e+01
4.066903305053710938e+01
3.852669525146484375e+01
3.000000000000000000e+01
5.449957275390625000e+01
6.331937026977539062e+01
3.448286819458007812e+01
6.704707336425781250e+01
4.567156600952148438e+01
7.429311370849609375e+01
4.359432983398437500e+01
4.866656112670898438e+01
5.464189147949218750e+01
4.544478607177734375e+01
3.773990249633789062e+01
5.726743316650390625e+01
5.720366668701171875e+01
5.342105865478515625e+01
3.541210556030273438e+01
3.779512786865234375e+01
4.528836441040039062e+01
4.739289093017578125e+01
5.914113616943359375e+01
8.038459777832031250e+01
7.488162231445312500e+01
6.062492370605468750e+01
5.482632446289062500e+01
4.691170120239257812e+01
4.077203369140625000e+01
4.545223999023437500e+01
4.608705902099609375e+01
5.202734375000000000e+01
6.962958526611328125e+01
4.748982238769531250e+01
4.440800857543945312e+01
3.976071166992187500e+01
4.685153579711914062e+01
7.348504638671875000e+01
3.952802658081054688e+01
4.147196960449218750e+01
3.785449600219726562e+01
3.968308639526367188e+01
5.174289703369140625e+01
3.939382553100585938e+01
6.305949020385742188e+01
4.477771377563476562e+01
3.771515655517578125e+01
5.820128250122070312e+01
6.349814605712890625e+01
3.000000000000000000e+01
5.130270385742187500e+01
4.481217193603515625e+01
4.032778930664062500e+01
3.807694244384765625e+01
4.584290313720703125e+01
4.026476669311523438e+01
4.191096115112304688e+01
4.288933563232421875e+01
4.282661056518554688e+01
5.600362777709960938e+01
4.161344528198242188e+01
5.977153015136718750e+01
3.627442169189453125e+01
3.703473281860351562e+01
3.892160797119140625e+01
3.516771697998046875e+01
4.842791748046875000e+01
5.552870941162109375e+01
6.706077575683593750e+01
5.217168426513671875e+01
3.838610076904296875e+01
3.649470901489257812e+01
7.924153137207031250e+01
5.333087539672851562e+01
4.203131103515625000e+01
7.348504638671875000e+01
5.444771194458007812e+01
4.990655899047851562e+01
3.586537933349609375e+01
4.037306976318359375e+01
9.495675659179687500e+01
8.002517700195312500e+01
4.853269958496093750e+01
9.134652709960937500e+01
4.503346252441406250e+01
3.000000000000000000e+01
6.355743408203125000e+01
4.161104202270507812e+01
5.023151016235351562e+01
6.767031860351562500e+01
3.443611526489257812e+01
3.253230667114257812e+01
9.268647766113281250e+01
3.233057403564453125e+01
5.308856201171875000e+01
7.264066314697265625e+01
4.793815994262695312e+01
3.581281280517578125e+01
5.711609649658203125e+01
8.454261016845703125e+01
4.197724914550781250e+01
3.622681427001953125e+01
9.769964599609375000e+01
4.083118057250976562e+01
3.000000000000000000e+01
8.309747314453125000e+01
5.011735153198242188e+01
4.628112030029296875e+01
3.530558395385742188e+01
5.268228149414062500e+01
4.904490661621093750e+01
4.138077545166015625e+01
3.680567169189453125e+01
4.420547866821289062e+01
5.783488464355468750e+01
5.797164154052734375e+01
4.548402023315429688e+01
4.446172714233398438e+01
5.024781799316406250e+01
4.624637603759765625e+01
5.173201370239257812e+01
6.059847259521484375e+01
4.348265838623046875e+01
4.690764617919921875e+01
3.410796737670898438e+01
3.422766113281250000e+01
3.000000000000000000e+01
3.587534332275390625e+01
5.166190338134765625e+01
4.390291213989257812e+01
5.265712356567382812e+01
4.763048171997070312e+01
4.447578811645507812e+01
5.562870407104492188e+01
4.913164520263671875e+01
5.664850234985351562e+01
9.862760925292968750e+01
6.124725723266601562e+01
4.347058868408203125e+01
4.269677352905273438e+01
8.005513763427734375e+01
5.253187942504882812e+01
3.474565887451171875e+01
3.000000000000000000e+01
5.320121765136718750e+01
7.226006317138671875e+01
3.872957611083984375e+01
3.936174774169921875e+01
3.746297454833984375e+01
4.218796920776367188e+01
4.761235427856445312e+01
4.207564544677734375e+01
5.152161407470703125e+01
4.739659500122070312e+01
6.074386596679687500e+01
4.978158950805664062e+01
6.041709518432617188e+01
4.322665786743164062e+01
3.707198715209960938e+01
7.824887084960937500e+01
3.176738929748535156e+01
5.817412567138671875e+01
3.000000000000000000e+01
3.005823135375976562e+01
4.445339584350585938e+01
4.648670196533203125e+01
3.463509368896484375e+01
4.103667068481445312e+01
3.000000000000000000e+01
4.212070465087890625e+01
4.781859588623046875e+01
4.045833587646484375e+01
