5.368166351318359375e+01
6.564706420898437500e+01
4.082734298706054688e+01
4.060993576049804688e+01
5.666659545898437500e+01
6.881097412109375000e+01
3.000000000000000000e+01
8.660488128662109375e+01
5.904590225219726562e+01
1.262377929687500000e+02
4.380472564697265625e+01
1.260170516967773438e+02
5.580011749267578125e+01
4.370680999755859375e+01
4.038801574707031250e+01
3.928936386108398438e+01
7.376985168457031250e+01
3.924977493286132812e+01
4.283700561523437500e+01
1.485435485839843750e+02
3.692479324340820312e+01
9.018588256835937500e+01
3.000000000000000000e+01
3.839411544799804688e+01
4.900914001464843750e+01
7.898947143554687500e+01
3.000000000000000000e+01
7.209339141845703125e+01
1.733380432128906250e+02
4.118165206909179688e+01
5.831670379638671875e+01
5.177223205566406250e+01
3.822689437866210938e+01
9.212715911865234375e+01
5.673192977905273438e+01
5.821492385864257812e+01
7.199832916259765625e+01
5.549504852294921875e+01
4.623785781860351562e+01
3.120207405090332031e+01
5.468654632568359375e+01
3.471286010742187500e+01
5.119490432739257812e+01
4.681269836425781250e+01
3.226707458496093750e+01
3.117126655578613281e+01
3.393309783935546875e+01
6.737952423095703125e+01
1.221040039062500000e+02
4.665570068359375000e+01
4.731848144531250000e+01
3.673384857177734375e+01
6.659123229980468750e+01
4.277175140380859375e+01
1.121625747680664062e+02
5.005055999755859375e+01
7.237151336669921875e+01
5.310057449340820312e+01
5.854668426513671875e+01
7.375954437255859375e+01
6.124650573730468750e+01
8.454292297363281250e+01
3.888983917236328125e+01
9.195923614501953125e+01
9.407051086425781250e+01
5.414928817749023438e+01
4.349160766601562500e+01
3.000000000000000000e+01
4.463693618774414062e+01
5.238832855224609375e+01
6.552731323242187500e+01
3.811539459228515625e+01
8.376872253417968750e+01
4.470075225830078125e+01
6.624993133544921875e+01
3.312532424926757812e+01
4.585020828247070312e+01
5.522663497924804688e+01
4.314713287353515625e+01
6.664378356933593750e+01
3.397730636596679688e+01
7.376985168457031250e+01
4.812052154541015625e+01
1.090522460937500000e+02
1.015099639892578125e+02
3.013925933837890625e+01
3.973160171508789062e+01
4.550563049316406250e+01
5.580011749267578125e+01
6.099595642089843750e+01
4.659097290039062500e+01
4.535075759887695312e+01
6.261491394042968750e+01
5.680120468139648438e+01
8.712347412109375000e+01
8.712429046630859375e+01
6.754417419433593750e+01
3.919913482666015625e+01
6.805972290039062500e+01
3.918361282348632812e+01
1.034526443481445312e+02
7.553474426269531250e+01
1.406860656738281250e+02
3.000000000000000000e+01
4.310812377929687500e+01
7.971223449707031250e+01
3.000000000000000000e+01
5.864103698730468750e+01
4.800661087036132812e+01
3.000000000000000000e+01
4.819126510620117188e+01
4.015879058837890625e+01
7.374363708496093750e+01
1.114037857055664062e+02
3.990374755859375000e+01
4.033536529541015625e+01
9.905556488037109375e+01
4.700374984741210938e+01
8.330926513671875000e+01
5.423813629150390625e+01
4.429115295410156250e+01
5.260559844970703125e+01
4.222210693359375000e+01
4.382229614257812500e+01
4.499019241333007812e+01
5.141757583618164062e+01
6.480470275878906250e+01
6.314903259277343750e+01
4.492613983154296875e+01
4.942328262329101562e+01
4.991127395629882812e+01
1.033458480834960938e+02
5.940330505371093750e+01
3.000000000000000000e+01
5.967148590087890625e+01
4.859040451049804688e+01
1.103795013427734375e+02
4.500178909301757812e+01
3.849296951293945312e+01
7.522293090820312500e+01
4.650643920898437500e+01
8.975503540039062500e+01
6.970574951171875000e+01
4.939090728759765625e+01
6.928342437744140625e+01
4.792980194091796875e+01
9.207101440429687500e+01
9.661166381835937500e+01
5.614985275268554688e+01
1.119283142089843750e+02
5.867958068847656250e+01
7.392976379394531250e+01
5.334244537353515625e+01
9.945971679687500000e+01
5.567301940917968750e+01
1.289847717285156250e+02
3.570683288574218750e+01
1.352424011230468750e+02
3.631514358520507812e+01
6.572126770019531250e+01
3.851214599609375000e+01
5.420163726806640625e+01
4.655533218383789062e+01
3.870961761474609375e+01
7.270133209228515625e+01
3.705366516113281250e+01
5.219148254394531250e+01
5.107005310058593750e+01
3.491392898559570312e+01
1.138682937622070312e+02
4.443931579589843750e+01
5.603122711181640625e+01
3.447294235229492188e+01
3.095721626281738281e+01
5.622556304931640625e+01
5.425630569458007812e+01
5.094419097900390625e+01
4.679699325561523438e+01
6.827234649658203125e+01
4.522072601318359375e+01
6.458477020263671875e+01
5.551964950561523438e+01
6.349104690551757812e+01
5.417511749267578125e+01
4.039535522460937500e+01
3.000000000000000000e+01
3.612320327758789062e+01
8.413957214355468750e+01
6.059655380249023438e+01
4.071737289428710938e+01
4.752345657348632812e+01
5.000780105590820312e+01
6.714315032958984375e+01
4.108945846557617188e+01
5.328655624389648438e+01
5.760083770751953125e+01
3.099423789978027344e+01
7.938867950439453125e+01
1.397980041503906250e+02
6.142790222167968750e+01
4.383445358276367188e+01
1.228934097290039062e+02
4.977398681640625000e+01
3.478206634521484375e+01
5.045200729370117188e+01
4.034932708740234375e+01
5.623504638671875000e+01
3.858763122558593750e+01
1.140996322631835938e+02
3.325906372070312500e+01
4.582979583740234375e+01
9.843804931640625000e+01
5.310456085205078125e+01
3.955304718017578125e+01
3.638373565673828125e+01
4.192381286621093750e+01
5.304241561889648438e+01
5.528671264648437500e+01
3.811546707153320312e+01
4.257846832275390625e+01
3.551802444458007812e+01
6.367079162597656250e+01
9.888303375244140625e+01
4.262152099609375000e+01
4.103442764282226562e+01
4.226333236694335938e+01
5.608002853393554688e+01
1.146955795288085938e+02
6.363321304321289062e+01
1.063522491455078125e+02
3.838187408447265625e+01
4.291780090332031250e+01
5.401830291748046875e+01
4.851065063476562500e+01
4.519408798217773438e+01
7.279661560058593750e+01
4.515879440307617188e+01
3.991463470458984375e+01
6.614358520507812500e+01
5.123075485229492188e+01
4.388934326171875000e+01
1.266296997070312500e+02
1.144291229248046875e+02
8.150626373291015625e+01
8.921993255615234375e+01
3.885363006591796875e+01
4.206475067138671875e+01
1.267699737548828125e+02
1.794891204833984375e+02
3.586317062377929688e+01
6.681426239013671875e+01
4.372200775146484375e+01
5.590920257568359375e+01
8.849505615234375000e+01
4.832439422607421875e+01
5.247744750976562500e+01
4.685625076293945312e+01
4.285207366943359375e+01
3.108662605285644531e+01
1.288305053710937500e+02
6.375057220458984375e+01
5.438179397583007812e+01
4.820496368408203125e+01
4.473161697387695312e+01
1.191491165161132812e+02
4.382941436767578125e+01
1.435515289306640625e+02
6.445153045654296875e+01
6.352037811279296875e+01
6.286045837402343750e+01
5.679906845092773438e+01
4.676316833496093750e+01
8.150627136230468750e+01
6.344724655151367188e+01
1.795302124023437500e+02
5.059968185424804688e+01
7.068054199218750000e+01
8.445639801025390625e+01
1.056105041503906250e+02
9.744184112548828125e+01
6.167632675170898438e+01
7.810508728027343750e+01
5.426923751831054688e+01
4.237445068359375000e+01
5.748754119873046875e+01
3.621334838867187500e+01
3.515294265747070312e+01
5.123863601684570312e+01
4.546546173095703125e+01
4.065159606933593750e+01
3.586767196655273438e+01
3.000000000000000000e+01
3.692346954345703125e+01
9.318592071533203125e+01
3.258163452148437500e+01
3.269442749023437500e+01
5.323253631591796875e+01
3.678822326660156250e+01
5.395308685302734375e+01
5.525973510742187500e+01
3.000000000000000000e+01
3.819371032714843750e+01
4.145328521728515625e+01
8.594059753417968750e+01
7.023490142822265625e+01
3.778123474121093750e+01
7.464746093750000000e+01
7.120032501220703125e+01
7.685501861572265625e+01
1.169287796020507812e+02
1.640471191406250000e+02
3.000000000000000000e+01
8.502374267578125000e+01
9.846999359130859375e+01
9.460092163085937500e+01
3.971657943725585938e+01
3.793129348754882812e+01
1.450124206542968750e+02
5.948542785644531250e+01
6.805972290039062500e+01
4.746517181396484375e+01
4.882207489013671875e+01
3.427754592895507812e+01
4.804262924194335938e+01
3.768169021606445312e+01
3.649213790893554688e+01
4.073489379882812500e+01
3.597293853759765625e+01
8.376872253417968750e+01
4.657862091064453125e+01
8.237908935546875000e+01
4.692327117919921875e+01
4.400248718261718750e+01
4.463568496704101562e+01
4.624435806274414062e+01
4.792409515380859375e+01
7.190336608886718750e+01
4.813282775878906250e+01
3.000000000000000000e+01
3.434035873413085938e+01
5.745079803466796875e+01
9.008654022216796875e+01
4.410337448120117188e+01
7.685501098632812500e+01
4.628892517089843750e+01
4.643214416503906250e+01
1.571870117187500000e+02
3.943981552124023438e+01
3.652671813964843750e+01
9.780934143066406250e+01
1.568407440185546875e+02
1.787266082763671875e+02
4.786926269531250000e+01
8.454292297363281250e+01
3.000000000000000000e+01
9.430805206298828125e+01
6.555934143066406250e+01
3.718516540527343750e+01
1.500679321289062500e+02
5.715814208984375000e+01
6.106613922119140625e+01
1.397966003417968750e+02
5.671192169189453125e+01
5.803438568115234375e+01
9.299530792236328125e+01
3.351855468750000000e+01
8.202322387695312500e+01
1.137034301757812500e+02
3.000000000000000000e+01
5.989045715332031250e+01
6.503025817871093750e+01
4.468981170654296875e+01
1.035237426757812500e+02
1.285693054199218750e+02
4.398603057861328125e+01
1.360280609130859375e+02
8.947655487060546875e+01
4.118165206909179688e+01
8.461512756347656250e+01
8.163491821289062500e+01
3.362873840332031250e+01
3.128649139404296875e+01
3.000000000000000000e+01
3.799822235107421875e+01
5.947006988525390625e+01
1.144291229248046875e+02
4.961983871459960938e+01
4.429979324340820312e+01
3.756023406982421875e+01
2.625252075195312500e+02
3.000000000000000000e+01
4.084849929809570312e+01
3.068679618835449219e+01
3.967903900146484375e+01
4.235197067260742188e+01
6.381594848632812500e+01
7.601249694824218750e+01
1.010789642333984375e+02
7.485823822021484375e+01
4.237853240966796875e+01
5.333451843261718750e+01
4.213928222656250000e+01
1.387049560546875000e+02
4.477830886840820312e+01
3.347576522827148438e+01
4.378863143920898438e+01
3.597233963012695312e+01
6.911924743652343750e+01
6.183161163330078125e+01
1.229907836914062500e+02
7.240102386474609375e+01
8.628701782226562500e+01
5.418224334716796875e+01
4.256973266601562500e+01
6.630692291259765625e+01
3.000000000000000000e+01
8.486120605468750000e+01
6.967143249511718750e+01
3.756748199462890625e+01
3.990195083618164062e+01
9.277984619140625000e+01
3.000000000000000000e+01
4.047685241699218750e+01
1.346048736572265625e+02
6.250669860839843750e+01
4.793117523193359375e+01
7.092527770996093750e+01
4.099814605712890625e+01
6.054129409790039062e+01
8.536733245849609375e+01
5.190491104125976562e+01
8.237909698486328125e+01
2.141009216308593750e+02
4.804262542724609375e+01
1.236169738769531250e+02
4.418534851074218750e+01
5.023073196411132812e+01
9.861701965332031250e+01
7.209339141845703125e+01
5.493893051147460938e+01
8.345396423339843750e+01
3.000000000000000000e+01
6.474600982666015625e+01
5.332630920410156250e+01
6.982110595703125000e+01
4.386734008789062500e+01
4.413348388671875000e+01
6.151351547241210938e+01
1.082092895507812500e+02
1.113515396118164062e+02
4.916596221923828125e+01
5.334244155883789062e+01
4.587200546264648438e+01
5.788569259643554688e+01
7.412965393066406250e+01
5.122951507568359375e+01
1.020915069580078125e+02
8.982937622070312500e+01
3.000000000000000000e+01
9.779299163818359375e+01
7.989162445068359375e+01
5.596813964843750000e+01
4.622646713256835938e+01
5.105190277099609375e+01
4.596906661987304688e+01
1.716643066406250000e+02
3.636528015136718750e+01
5.194828033447265625e+01
4.999672698974609375e+01
4.281237411499023438e+01
8.552935791015625000e+01
3.290859985351562500e+01
4.300838088989257812e+01
1.398618621826171875e+02
7.023490142822265625e+01
9.105829620361328125e+01
7.308683013916015625e+01
3.762538528442382812e+01
5.895059585571289062e+01
9.652877807617187500e+01
8.120709991455078125e+01
8.096278381347656250e+01
6.426988220214843750e+01
3.000000000000000000e+01
7.039878082275390625e+01
6.872070312500000000e+01
4.137704849243164062e+01
3.955304718017578125e+01
7.528224945068359375e+01
8.525741577148437500e+01
6.432178497314453125e+01
5.957033538818359375e+01
5.713507080078125000e+01
3.000000000000000000e+01
4.303855514526367188e+01
3.000000000000000000e+01
4.320260620117187500e+01
3.000000000000000000e+01
3.546989822387695312e+01
5.341263580322265625e+01
5.172314453125000000e+01
4.415685272216796875e+01
8.210993194580078125e+01
6.005300903320312500e+01
4.778011322021484375e+01
4.026480865478515625e+01
5.206383132934570312e+01
5.743764877319335938e+01
3.000000000000000000e+01
3.522885894775390625e+01
9.002139282226562500e+01
3.739221191406250000e+01
5.413431549072265625e+01
3.000000000000000000e+01
5.455498123168945312e+01
3.256550979614257812e+01
4.038801574707031250e+01
9.860595703125000000e+01
5.251032257080078125e+01
3.233815002441406250e+01
6.672552490234375000e+01
3.347576522827148438e+01
6.732013702392578125e+01
4.960622787475585938e+01
3.128879356384277344e+01
1.189727172851562500e+02
4.359912490844726562e+01
9.357868957519531250e+01
1.084319610595703125e+02
3.897048187255859375e+01
3.824540710449218750e+01
8.607478332519531250e+01
4.347412872314453125e+01
5.412896347045898438e+01
4.820496368408203125e+01
1.358190765380859375e+02
4.235729598999023438e+01
4.579163360595703125e+01
5.943188476562500000e+01
3.834294128417968750e+01
4.705155181884765625e+01
9.857624816894531250e+01
3.588006973266601562e+01
7.064781188964843750e+01
6.552210998535156250e+01
4.345991897583007812e+01
3.000000000000000000e+01
5.017465972900390625e+01
4.299570465087890625e+01
4.344715118408203125e+01
3.509016418457031250e+01
3.483172225952148438e+01
4.199823760986328125e+01
5.053165435791015625e+01
4.898696136474609375e+01
4.011174392700195312e+01
5.253722763061523438e+01
5.864103698730468750e+01
6.759638214111328125e+01
1.140996322631835938e+02
5.340364074707031250e+01
9.328829956054687500e+01
7.354483795166015625e+01
1.091683502197265625e+02
3.876358795166015625e+01
4.333362197875976562e+01
3.279011154174804688e+01
4.774495315551757812e+01
7.644454956054687500e+01
7.404838562011718750e+01
8.742961883544921875e+01
8.897171020507812500e+01
3.990374755859375000e+01
4.056151199340820312e+01
6.606609344482421875e+01
9.580105590820312500e+01
3.678213119506835938e+01
5.383263015747070312e+01
4.013156890869140625e+01
3.609685134887695312e+01
1.057845153808593750e+02
4.659097290039062500e+01
4.716775131225585938e+01
3.903345489501953125e+01
4.656281280517578125e+01
5.756864929199218750e+01
9.391644287109375000e+01
3.912107849121093750e+01
3.064946174621582031e+01
3.000000000000000000e+01
1.010789642333984375e+02
5.900103378295898438e+01
4.865525817871093750e+01
4.746794891357421875e+01
6.617042541503906250e+01
4.385887908935546875e+01
5.010090637207031250e+01
6.150318145751953125e+01
7.422789001464843750e+01
3.968880081176757812e+01
7.210388946533203125e+01
7.198760223388671875e+01
8.123436737060546875e+01
8.482165527343750000e+01
4.443547821044921875e+01
3.293000411987304688e+01
6.755302429199218750e+01
7.238401794433593750e+01
4.949417877197265625e+01
5.566531753540039062e+01
5.492387390136718750e+01
3.678308105468750000e+01
4.267237854003906250e+01
5.325120925903320312e+01
3.363646316528320312e+01
4.782088470458984375e+01
7.101979064941406250e+01
6.151351547241210938e+01
4.568815231323242188e+01
5.375017547607421875e+01
3.721895980834960938e+01
8.506240844726562500e+01
1.042943115234375000e+02
7.130258178710937500e+01
4.428971862792968750e+01
1.091683502197265625e+02
4.786926269531250000e+01
6.650450897216796875e+01
8.525741577148437500e+01
3.873082351684570312e+01
3.850331878662109375e+01
7.007279205322265625e+01
4.245991516113281250e+01
3.809560775756835938e+01
2.407412719726562500e+02
3.333230590820312500e+01
3.000000000000000000e+01
4.178908920288085938e+01
1.183616333007812500e+02
5.447691345214843750e+01
5.516564178466796875e+01
9.724136352539062500e+01
4.659148406982421875e+01
1.285787963867187500e+02
8.139082336425781250e+01
9.390412902832031250e+01
3.489039993286132812e+01
3.415390014648437500e+01
6.446452331542968750e+01
5.988491439819335938e+01
7.936478424072265625e+01
4.813282775878906250e+01
4.659636688232421875e+01
3.589007949829101562e+01
4.656978225708007812e+01
6.284720611572265625e+01
5.733743286132812500e+01
3.617176818847656250e+01
7.564332580566406250e+01
8.147250366210937500e+01
4.064167404174804688e+01
3.627107620239257812e+01
5.066403198242187500e+01
3.441989135742187500e+01
5.185112762451171875e+01
9.749290466308593750e+01
4.942421340942382812e+01
7.280278015136718750e+01
5.431050109863281250e+01
5.166875076293945312e+01
3.644289779663085938e+01
8.975503540039062500e+01
6.568470764160156250e+01
7.588327789306640625e+01
9.970472717285156250e+01
5.220520401000976562e+01
4.381542587280273438e+01
3.981511688232421875e+01
4.377532196044921875e+01
6.021934509277343750e+01
6.331973648071289062e+01
1.716643066406250000e+02
5.345833969116210938e+01
5.064483642578125000e+01
5.153607940673828125e+01
5.514805603027343750e+01
4.392893981933593750e+01
4.946958160400390625e+01
5.493395996093750000e+01
6.971461486816406250e+01
9.079307556152343750e+01
3.000000000000000000e+01
3.000000000000000000e+01
5.589980316162109375e+01
1.043896331787109375e+02
6.214717102050781250e+01
9.357868957519531250e+01
3.855982208251953125e+01
3.724065780639648438e+01
3.812786865234375000e+01
6.132248687744140625e+01
1.683364868164062500e+02
6.094004821777343750e+01
5.218013000488281250e+01
6.456784820556640625e+01
3.000000000000000000e+01
3.886088562011718750e+01
7.861014556884765625e+01
3.000000000000000000e+01
3.854178619384765625e+01
5.780652618408203125e+01
7.939389038085937500e+01
3.823570251464843750e+01
8.952015686035156250e+01
3.774235534667968750e+01
4.458289718627929688e+01
5.948542785644531250e+01
7.418310546875000000e+01
5.967656707763671875e+01
4.395934295654296875e+01
4.521724700927734375e+01
3.217961120605468750e+01
4.017342758178710938e+01
4.477831268310546875e+01
4.154377746582031250e+01
6.931161499023437500e+01
6.250670242309570312e+01
4.274614715576171875e+01
3.000000000000000000e+01
3.076819038391113281e+01
4.084849929809570312e+01
3.289084625244140625e+01
1.251928100585937500e+02
3.000000000000000000e+01
6.860204315185546875e+01
9.683906555175781250e+01
4.744684219360351562e+01
3.177373313903808594e+01
5.050953674316406250e+01
6.572126770019531250e+01
6.268938446044921875e+01
5.373513793945312500e+01
5.842073059082031250e+01
5.958152770996093750e+01
7.227094268798828125e+01
6.142679214477539062e+01
4.394500732421875000e+01
6.692742156982421875e+01
3.557105636596679688e+01
5.895059585571289062e+01
5.875401306152343750e+01
3.439662551879882812e+01
3.199773216247558594e+01
5.229906463623046875e+01
5.456708145141601562e+01
4.642251586914062500e+01
5.395308685302734375e+01
5.361230087280273438e+01
4.689431762695312500e+01
6.602307128906250000e+01
7.954065704345703125e+01
5.763026428222656250e+01
8.963838958740234375e+01
4.461667633056640625e+01
5.123075485229492188e+01
4.255152130126953125e+01
6.161360931396484375e+01
7.087820434570312500e+01
6.344771194458007812e+01
6.970169830322265625e+01
3.672383880615234375e+01
8.501132202148437500e+01
4.743109893798828125e+01
5.552536392211914062e+01
7.889546203613281250e+01
1.485435485839843750e+02
9.606883239746093750e+01
3.638583374023437500e+01
4.216436386108398438e+01
4.723609161376953125e+01
5.292829513549804688e+01
1.113515396118164062e+02
8.634307861328125000e+01
7.106175231933593750e+01
1.098817901611328125e+02
5.066403198242187500e+01
5.080044937133789062e+01
3.381173706054687500e+01
5.881425857543945312e+01
6.255375671386718750e+01
3.194978904724121094e+01
4.308763122558593750e+01
8.133570861816406250e+01
5.838873672485351562e+01
4.369192504882812500e+01
8.488480377197265625e+01
3.219595718383789062e+01
4.460986328125000000e+01
5.238832473754882812e+01
4.907035827636718750e+01
4.332448196411132812e+01
4.395934295654296875e+01
2.050718688964843750e+02
6.131235122680664062e+01
4.651123809814453125e+01
4.426633453369140625e+01
4.593497467041015625e+01
1.315984954833984375e+02
4.085200500488281250e+01
4.425553131103515625e+01
6.111220169067382812e+01
3.617176818847656250e+01
7.823662567138671875e+01
4.372377777099609375e+01
6.131415557861328125e+01
4.903720092773437500e+01
4.783070755004882812e+01
3.345716857910156250e+01
3.686445236206054688e+01
5.473964691162109375e+01
5.411303329467773438e+01
2.005957641601562500e+02
3.719998168945312500e+01
5.071433258056640625e+01
6.806703186035156250e+01
5.651395416259765625e+01
4.432502365112304688e+01
3.007190322875976562e+01
4.830042266845703125e+01
5.198754119873046875e+01
4.208607864379882812e+01
3.708144378662109375e+01
5.854757308959960938e+01
3.713616180419921875e+01
4.424799346923828125e+01
3.566450500488281250e+01
3.897048187255859375e+01
5.106894683837890625e+01
3.186670494079589844e+01
6.103655242919921875e+01
7.304371643066406250e+01
3.000000000000000000e+01
3.897964096069335938e+01
5.323253631591796875e+01
7.545624542236328125e+01
5.794702529907226562e+01
1.009726257324218750e+02
3.000000000000000000e+01
8.096277618408203125e+01
8.414361572265625000e+01
4.829961395263671875e+01
7.889546203613281250e+01
3.143635749816894531e+01
3.965222167968750000e+01
3.934616088867187500e+01
4.288812255859375000e+01
9.986315917968750000e+01
4.841532135009765625e+01
4.226187133789062500e+01
7.538285827636718750e+01
3.230078506469726562e+01
9.861886596679687500e+01
7.823579406738281250e+01
4.658801269531250000e+01
4.598108673095703125e+01
8.613058471679687500e+01
8.398535919189453125e+01
8.278767395019531250e+01
6.724303436279296875e+01
3.392253875732421875e+01
4.155949401855468750e+01
5.879191589355468750e+01
6.556449890136718750e+01
1.191030273437500000e+02
8.468587493896484375e+01
1.119478225708007812e+02
6.591478729248046875e+01
3.821774291992187500e+01
6.006801605224609375e+01
4.018090057373046875e+01
4.172866821289062500e+01
3.000000000000000000e+01
3.000000000000000000e+01
8.241300201416015625e+01
1.058072891235351562e+02
5.050102233886718750e+01
3.406909179687500000e+01
4.001361083984375000e+01
6.627818298339843750e+01
4.605694580078125000e+01
5.049169921875000000e+01
6.331974029541015625e+01
4.074052429199218750e+01
7.969563293457031250e+01
3.886088562011718750e+01
5.814978408813476562e+01
5.781100463867187500e+01
3.481649780273437500e+01
4.289056396484375000e+01
5.582250213623046875e+01
3.244050979614257812e+01
6.442402648925781250e+01
6.862628173828125000e+01
5.138754272460937500e+01
8.921993255615234375e+01
5.450486755371093750e+01
3.182644462585449219e+01
3.000000000000000000e+01
4.280637359619140625e+01
4.135275268554687500e+01
4.150066757202148438e+01
3.000000000000000000e+01
3.806654739379882812e+01
1.025234375000000000e+02
4.237853240966796875e+01
4.366754913330078125e+01
1.082092895507812500e+02
7.310890960693359375e+01
4.437343597412109375e+01
6.439516448974609375e+01
7.883779907226562500e+01
4.415685272216796875e+01
4.747330474853515625e+01
1.239101257324218750e+02
4.428887557983398438e+01
8.049517059326171875e+01
4.314713287353515625e+01
3.117669105529785156e+01
6.099595642089843750e+01
4.560094833374023438e+01
3.873422241210937500e+01
5.592601013183593750e+01
4.030540466308593750e+01
5.611439895629882812e+01
4.872940063476562500e+01
5.715814208984375000e+01
3.678283309936523438e+01
3.825290679931640625e+01
7.479544067382812500e+01
9.792384338378906250e+01
3.791302108764648438e+01
9.194314575195312500e+01
4.659277343750000000e+01
3.408039474487304688e+01
8.662385559082031250e+01
8.903376007080078125e+01
4.579074096679687500e+01
5.645064544677734375e+01
3.000000000000000000e+01
5.352383422851562500e+01
3.000000000000000000e+01
8.944933319091796875e+01
4.879426574707031250e+01
3.977880859375000000e+01
7.308683013916015625e+01
5.212983322143554688e+01
5.693186187744140625e+01
3.181361198425292969e+01
4.981504440307617188e+01
6.274891662597656250e+01
5.423813629150390625e+01
7.526300811767578125e+01
6.419660949707031250e+01
3.404761886596679688e+01
5.170410919189453125e+01
3.173783302307128906e+01
6.023525238037109375e+01
6.480470275878906250e+01
7.629223632812500000e+01
6.131415557861328125e+01
5.278368759155273438e+01
7.146138763427734375e+01
4.981504440307617188e+01
4.227101516723632812e+01
4.667923355102539062e+01
3.899874877929687500e+01
4.555367279052734375e+01
5.843291473388671875e+01
5.431628417968750000e+01
3.000000000000000000e+01
6.375057220458984375e+01
5.095141220092773438e+01
5.388580322265625000e+01
4.004002761840820312e+01
5.963853454589843750e+01
3.614861297607421875e+01
4.352623748779296875e+01
6.547668457031250000e+01
4.629484558105468750e+01
5.335440063476562500e+01
3.645719909667968750e+01
8.574902343750000000e+01
5.608895111083984375e+01
3.864155578613281250e+01
4.525807571411132812e+01
4.019490051269531250e+01
7.520361328125000000e+01
7.533123779296875000e+01
3.000000000000000000e+01
4.155267333984375000e+01
5.767914199829101562e+01
4.718634033203125000e+01
4.383445358276367188e+01
4.237879180908203125e+01
6.056869888305664062e+01
3.846168136596679688e+01
3.122074699401855469e+01
4.273255157470703125e+01
4.319791412353515625e+01
6.682299804687500000e+01
3.540882492065429688e+01
9.861701202392578125e+01
4.403411865234375000e+01
4.582979583740234375e+01
4.349897384643554688e+01
4.820987701416015625e+01
3.000000000000000000e+01
5.694519805908203125e+01
4.216436386108398438e+01
4.275294876098632812e+01
3.889763641357421875e+01
4.159540939331054688e+01
4.964479064941406250e+01
5.549504852294921875e+01
6.312568664550781250e+01
5.291439056396484375e+01
5.578875350952148438e+01
4.519535064697265625e+01
3.000000000000000000e+01
3.000000000000000000e+01
4.820987701416015625e+01
6.970169830322265625e+01
4.918104553222656250e+01
5.146748352050781250e+01
3.000000000000000000e+01
6.658872222900390625e+01
6.603378295898437500e+01
7.536524200439453125e+01
3.621987915039062500e+01
3.153619766235351562e+01
6.655703735351562500e+01
3.333609008789062500e+01
4.666894912719726562e+01
3.108832359313964844e+01
4.617657852172851562e+01
3.000000000000000000e+01
3.000000000000000000e+01
3.861042022705078125e+01
3.496932220458984375e+01
7.372819519042968750e+01
4.582496261596679688e+01
7.629223632812500000e+01
5.564557266235351562e+01
3.949210357666015625e+01
3.019827461242675781e+01
4.109025192260742188e+01
3.976819992065429688e+01
3.869871520996093750e+01
5.864148712158203125e+01
7.601249694824218750e+01
3.128879356384277344e+01
3.528812026977539062e+01
3.781095504760742188e+01
8.151671600341796875e+01
5.778065872192382812e+01
3.630916213989257812e+01
3.415394973754882812e+01
3.190176963806152344e+01
3.623389816284179688e+01
3.439662551879882812e+01
5.675981903076171875e+01
3.341378402709960938e+01
4.361845779418945312e+01
3.870130538940429688e+01
3.748518371582031250e+01
3.454247283935546875e+01
5.823073577880859375e+01
3.000000000000000000e+01
7.015015411376953125e+01
5.529280090332031250e+01
7.522293090820312500e+01
5.564557266235351562e+01
7.457029724121093750e+01
3.000000000000000000e+01
3.017760848999023438e+01
5.349276351928710938e+01
3.000000000000000000e+01
4.256395721435546875e+01
7.429817199707031250e+01
3.157752418518066406e+01
4.724635696411132812e+01
5.163925933837890625e+01
3.824540710449218750e+01
4.974857330322265625e+01
7.485823822021484375e+01
3.067393875122070312e+01
3.681116867065429688e+01
7.176321411132812500e+01
4.731354522705078125e+01
8.613059234619140625e+01
7.770187377929687500e+01
3.000000000000000000e+01
6.543011474609375000e+01
3.000000000000000000e+01
5.493893051147460938e+01
5.279188919067382812e+01
4.302184295654296875e+01
7.279662322998046875e+01
6.183161163330078125e+01
4.229800415039062500e+01
6.261524200439453125e+01
7.315953063964843750e+01
3.273886108398437500e+01
8.309091186523437500e+01
3.092766761779785156e+01
4.092499160766601562e+01
3.941336441040039062e+01
5.449193954467773438e+01
3.000000000000000000e+01
6.526974487304687500e+01
4.457418823242187500e+01
5.071432876586914062e+01
4.105212402343750000e+01
5.010100936889648438e+01
3.370584869384765625e+01
3.000000000000000000e+01
7.612703704833984375e+01
3.539424133300781250e+01
3.978200531005859375e+01
5.983296966552734375e+01
6.372334289550781250e+01
4.670470428466796875e+01
4.496996307373046875e+01
4.525807571411132812e+01
3.355189514160156250e+01
3.663386917114257812e+01
3.958040618896484375e+01
4.332074356079101562e+01
3.542470550537109375e+01
3.481642150878906250e+01
5.589980316162109375e+01
3.776653671264648438e+01
4.344715118408203125e+01
4.326360321044921875e+01
7.475379943847656250e+01
4.726608276367187500e+01
6.811050415039062500e+01
1.090529327392578125e+02
5.007118225097656250e+01
5.603122711181640625e+01
4.288323211669921875e+01
4.306742477416992188e+01
3.534302520751953125e+01
4.737848663330078125e+01
6.074851989746093750e+01
9.970472717285156250e+01
3.018053627014160156e+01
3.526890182495117188e+01
4.473498535156250000e+01
5.224249267578125000e+01
3.904819107055664062e+01
4.705155181884765625e+01
4.907035827636718750e+01
6.366242980957031250e+01
3.000000000000000000e+01
4.375128936767578125e+01
3.370814895629882812e+01
5.683634185791015625e+01
4.267237854003906250e+01
3.000000000000000000e+01
5.461896514892578125e+01
5.191065979003906250e+01
3.316437149047851562e+01
4.584966278076171875e+01
4.911249542236328125e+01
4.571658706665039062e+01
6.214717102050781250e+01
4.053120422363281250e+01
3.265983581542968750e+01
4.392893981933593750e+01
4.729925155639648438e+01
3.478206634521484375e+01
4.913560104370117188e+01
4.357731246948242188e+01
5.256687164306640625e+01
3.703700256347656250e+01
5.042306137084960938e+01
5.934034347534179688e+01
4.637843322753906250e+01
4.584118652343750000e+01
4.754826354980468750e+01
3.781068801879882812e+01
5.348117828369140625e+01
5.276288223266601562e+01
3.876358795166015625e+01
4.509032440185546875e+01
5.228864288330078125e+01
5.670832061767578125e+01
4.554404449462890625e+01
6.191626739501953125e+01
3.165634155273437500e+01
6.291894149780273438e+01
3.900209808349609375e+01
1.076769714355468750e+02
7.684400939941406250e+01
4.749523925781250000e+01
4.863853836059570312e+01
3.021304321289062500e+01
8.480530548095703125e+01
3.421149063110351562e+01
4.388310241699218750e+01
7.492453765869140625e+01
5.156471252441406250e+01
4.489763259887695312e+01
5.957818984985351562e+01
8.821480560302734375e+01
3.810280227661132812e+01
3.640648651123046875e+01
3.048370552062988281e+01
5.904720687866210938e+01
4.457873535156250000e+01
3.432672882080078125e+01
5.354151153564453125e+01
8.763973236083984375e+01
4.992647552490234375e+01
3.939202499389648438e+01
3.775662231445312500e+01
5.793147659301757812e+01
4.329116821289062500e+01
4.356692504882812500e+01
5.689022064208984375e+01
1.009726333618164062e+02
6.135080718994140625e+01
7.227033996582031250e+01
7.974377441406250000e+01
7.226182556152343750e+01
5.964443969726562500e+01
3.733803558349609375e+01
3.186172294616699219e+01
5.323055267333984375e+01
4.037170410156250000e+01
4.663288116455078125e+01
3.379518127441406250e+01
3.153288078308105469e+01
5.653625488281250000e+01
3.106618118286132812e+01
5.011467742919921875e+01
4.735733413696289062e+01
7.181996917724609375e+01
4.581758499145507812e+01
3.970355224609375000e+01
4.379032516479492188e+01
3.137299346923828125e+01
5.814925765991210938e+01
4.881698226928710938e+01
6.970574951171875000e+01
4.800135803222656250e+01
4.370680999755859375e+01
3.000000000000000000e+01
7.039878082275390625e+01
4.525035095214843750e+01
3.000000000000000000e+01
7.520361328125000000e+01
3.806943511962890625e+01
8.945386505126953125e+01
4.305315399169921875e+01
6.454539489746093750e+01
5.625172424316406250e+01
4.266282272338867188e+01
3.531004333496093750e+01
4.249790191650390625e+01
5.414336013793945312e+01
4.256972885131835938e+01
5.359559631347656250e+01
4.215428161621093750e+01
4.428850173950195312e+01
4.250489807128906250e+01
7.823662567138671875e+01
6.613327789306640625e+01
7.120032501220703125e+01
3.722751998901367188e+01
4.712976074218750000e+01
6.375296401977539062e+01
5.653625488281250000e+01
5.815754318237304688e+01
4.591374969482421875e+01
5.569895172119140625e+01
3.939337158203125000e+01
4.970759963989257812e+01
3.654838180541992188e+01
3.584202575683593750e+01
3.408995437622070312e+01
7.234790802001953125e+01
3.176212882995605469e+01
3.755295562744140625e+01
3.453174591064453125e+01
4.578409576416015625e+01
5.074536132812500000e+01
3.000000000000000000e+01
4.643214797973632812e+01
3.000000000000000000e+01
3.294266510009765625e+01
5.417511749267578125e+01
7.538285827636718750e+01
3.792326354980468750e+01
5.620890045166015625e+01
4.717827987670898438e+01
4.055027770996093750e+01
4.238246917724609375e+01
4.526890182495117188e+01
3.579260635375976562e+01
3.951078796386718750e+01
4.181990051269531250e+01
4.699620437622070312e+01
4.302783966064453125e+01
3.814074325561523438e+01
5.324542999267578125e+01
3.490247344970703125e+01
3.389132690429687500e+01
3.704582595825195312e+01
3.358280181884765625e+01
5.408525848388671875e+01
5.393848037719726562e+01
8.821479797363281250e+01
3.340676498413085938e+01
3.774818420410156250e+01
3.000000000000000000e+01
9.338002014160156250e+01
3.834294128417968750e+01
4.087627792358398438e+01
7.234790802001953125e+01
6.059888839721679688e+01
4.619874191284179688e+01
3.834700012207031250e+01
5.341263580322265625e+01
1.240527038574218750e+02
7.053939819335937500e+01
5.847727966308593750e+01
7.398908996582031250e+01
3.000000000000000000e+01
3.000000000000000000e+01
5.712932205200195312e+01
3.783392333984375000e+01
5.369340515136718750e+01
5.578294372558593750e+01
4.071358489990234375e+01
3.390211105346679688e+01
5.783140182495117188e+01
3.160027694702148438e+01
5.287271881103515625e+01
5.018728256225585938e+01
4.835822677612304688e+01
3.775878906250000000e+01
4.428971862792968750e+01
3.000000000000000000e+01
3.769959640502929688e+01
4.250727462768554688e+01
7.028147888183593750e+01
3.904944992065429688e+01
3.642110824584960938e+01
6.163262176513671875e+01
5.862168121337890625e+01
3.498926162719726562e+01
3.639741897583007812e+01
4.594996643066406250e+01
4.883658218383789062e+01
3.409333038330078125e+01
3.746017074584960938e+01
4.416415405273437500e+01
6.999810028076171875e+01
5.531875610351562500e+01
4.339963912963867188e+01
3.000000000000000000e+01
4.308832550048828125e+01
4.406186676025390625e+01
3.622696304321289062e+01
5.293552398681640625e+01
4.538840484619140625e+01
4.342882156372070312e+01
3.084082984924316406e+01
3.000000000000000000e+01
4.393248748779296875e+01
3.533923339843750000e+01
5.625527954101562500e+01
4.125240707397460938e+01
3.018053627014160156e+01
4.332448196411132812e+01
4.363210678100585938e+01
3.959392929077148438e+01
4.668259429931640625e+01
3.115214729309082031e+01
6.433135986328125000e+01
3.960319137573242188e+01
3.934064102172851562e+01
4.778436660766601562e+01
7.545624542236328125e+01
4.362175369262695312e+01
3.592806243896484375e+01
3.000000000000000000e+01
3.606338500976562500e+01
5.330876159667968750e+01
3.850561523437500000e+01
3.937678527832031250e+01
3.000000000000000000e+01
3.000000000000000000e+01
3.000000000000000000e+01
3.655696868896484375e+01
4.656917572021484375e+01
4.390425109863281250e+01
5.496104049682617188e+01
3.702312469482421875e+01
6.336644363403320312e+01
4.580424499511718750e+01
4.353498840332031250e+01
6.886590576171875000e+01
3.000000000000000000e+01
5.085132598876953125e+01
3.295006561279296875e+01
3.000000000000000000e+01
4.767156600952148438e+01
4.090378570556640625e+01
3.024122810363769531e+01
4.098662185668945312e+01
3.449800872802734375e+01
3.613647460937500000e+01
4.012654495239257812e+01
4.092580795288085938e+01
