5.263459014892578125e+01
5.937489318847656250e+01
3.693246078491210938e+01
4.126638031005859375e+01
5.853646087646484375e+01
8.467347717285156250e+01
3.202447128295898438e+01
8.780084228515625000e+01
5.303913116455078125e+01
1.244992523193359375e+02
4.941911315917968750e+01
1.468005676269531250e+02
4.937795257568359375e+01
4.621961975097656250e+01
4.076203918457031250e+01
7.505956268310546875e+01
6.488803100585937500e+01
4.112058258056640625e+01
4.384726715087890625e+01
1.373719329833984375e+02
3.749314880371093750e+01
9.115103912353515625e+01
3.000000000000000000e+01
4.109427642822265625e+01
4.863356399536132812e+01
7.318357849121093750e+01
3.447010040283203125e+01
6.940632629394531250e+01
2.086972351074218750e+02
5.968773651123046875e+01
5.848529052734375000e+01
4.631920623779296875e+01
4.211564636230468750e+01
1.025309143066406250e+02
6.666961669921875000e+01
6.511446380615234375e+01
6.354864883422851562e+01
5.899430084228515625e+01
4.337303161621093750e+01
4.026071929931640625e+01
4.517926406860351562e+01
3.635625457763671875e+01
3.742037582397460938e+01
4.771453475952148438e+01
3.018941879272460938e+01
4.271186065673828125e+01
3.589771652221679688e+01
5.826110839843750000e+01
1.289660949707031250e+02
6.278569793701171875e+01
4.174762725830078125e+01
3.000000000000000000e+01
6.072224426269531250e+01
4.775437545776367188e+01
9.675556945800781250e+01
4.491239166259765625e+01
8.246983337402343750e+01
6.088759994506835938e+01
6.079481506347656250e+01
6.334481048583984375e+01
5.473664474487304688e+01
7.409613037109375000e+01
3.880530166625976562e+01
7.456091308593750000e+01
9.207540130615234375e+01
4.971810150146484375e+01
5.467547988891601562e+01
3.000000000000000000e+01
4.527507781982421875e+01
5.490715026855468750e+01
6.350430679321289062e+01
3.895336914062500000e+01
1.251930236816406250e+02
3.871318054199218750e+01
6.617002868652343750e+01
5.074257659912109375e+01
4.548040771484375000e+01
5.254182434082031250e+01
4.031524276733398438e+01
6.641777038574218750e+01
3.494552612304687500e+01
6.488803100585937500e+01
4.894695663452148438e+01
8.935541534423828125e+01
8.094374084472656250e+01
4.116912841796875000e+01
3.776152801513671875e+01
4.528559494018554688e+01
4.937795257568359375e+01
5.992079925537109375e+01
5.651764297485351562e+01
4.737728881835937500e+01
6.194182205200195312e+01
5.453089904785156250e+01
1.031331939697265625e+02
1.108879165649414062e+02
6.453790283203125000e+01
3.875258636474609375e+01
9.055827331542968750e+01
4.440170669555664062e+01
9.312842559814453125e+01
7.149453735351562500e+01
1.655981597900390625e+02
4.021530532836914062e+01
4.692058563232421875e+01
7.540412902832031250e+01
3.000000000000000000e+01
5.614712142944335938e+01
4.730097198486328125e+01
3.000000000000000000e+01
4.790071105957031250e+01
3.654567337036132812e+01
7.251177978515625000e+01
9.165253448486328125e+01
4.053738784790039062e+01
3.946290206909179688e+01
9.947082519531250000e+01
4.696112823486328125e+01
8.005865478515625000e+01
5.101891326904296875e+01
4.442893218994140625e+01
5.110449981689453125e+01
6.195668792724609375e+01
4.249153900146484375e+01
4.083085250854492188e+01
4.894586563110351562e+01
8.170901489257812500e+01
5.514261627197265625e+01
4.774008560180664062e+01
6.189614868164062500e+01
5.083566665649414062e+01
9.831227111816406250e+01
7.472964477539062500e+01
5.832687377929687500e+01
6.403796386718750000e+01
4.923982620239257812e+01
1.127760772705078125e+02
4.371256256103515625e+01
3.783465194702148438e+01
7.518756103515625000e+01
4.179764556884765625e+01
1.130985031127929688e+02
8.390051269531250000e+01
4.910692596435546875e+01
6.671416473388671875e+01
4.494160461425781250e+01
8.365219116210937500e+01
9.861524200439453125e+01
5.345418548583984375e+01
1.365751647949218750e+02
4.897025680541992188e+01
7.319008636474609375e+01
4.847259521484375000e+01
8.868785095214843750e+01
5.294270706176757812e+01
1.276710128784179688e+02
3.232463455200195312e+01
1.250263061523437500e+02
4.589074325561523438e+01
7.336889648437500000e+01
4.365174484252929688e+01
5.336347579956054688e+01
5.185014343261718750e+01
4.237967681884765625e+01
6.522490692138671875e+01
4.222431945800781250e+01
6.339207839965820312e+01
5.182358169555664062e+01
3.673381423950195312e+01
1.470327453613281250e+02
4.525095367431640625e+01
4.190599060058593750e+01
3.390121078491210938e+01
3.000000000000000000e+01
4.754293060302734375e+01
8.550953674316406250e+01
5.029090881347656250e+01
4.448678588867187500e+01
7.352780151367187500e+01
4.740136718750000000e+01
6.406648254394531250e+01
6.140249633789062500e+01
6.825701904296875000e+01
5.975165557861328125e+01
4.122365951538085938e+01
3.464941406250000000e+01
3.577938079833984375e+01
8.166558837890625000e+01
5.515118408203125000e+01
3.948109436035156250e+01
5.046276855468750000e+01
5.899452972412109375e+01
7.314546966552734375e+01
4.352560043334960938e+01
4.692895507812500000e+01
5.059635925292968750e+01
3.946257781982421875e+01
8.300294494628906250e+01
1.170565032958984375e+02
8.363989257812500000e+01
5.828376388549804688e+01
1.064362640380859375e+02
6.695352172851562500e+01
3.384926605224609375e+01
5.632445526123046875e+01
4.686904144287109375e+01
5.919091415405273438e+01
4.250309371948242188e+01
1.363011016845703125e+02
3.240391540527343750e+01
4.989033508300781250e+01
8.977959442138671875e+01
4.797516250610351562e+01
4.529537963867187500e+01
3.664786148071289062e+01
3.818127441406250000e+01
6.205057144165039062e+01
5.106329727172851562e+01
4.618334579467773438e+01
4.221670532226562500e+01
3.588529968261718750e+01
6.768596649169921875e+01
1.107768402099609375e+02
4.392094421386718750e+01
4.508717346191406250e+01
4.075045394897460938e+01
5.555731964111328125e+01
9.781221008300781250e+01
6.487776184082031250e+01
1.087576599121093750e+02
3.721445465087890625e+01
4.481162261962890625e+01
5.650429153442382812e+01
3.085027122497558594e+01
4.012482070922851562e+01
6.761205291748046875e+01
4.609951019287109375e+01
5.398114013671875000e+01
7.304917907714843750e+01
4.991458892822265625e+01
4.362600708007812500e+01
1.204648590087890625e+02
8.265924072265625000e+01
6.318732070922851562e+01
8.739041137695312500e+01
4.518323516845703125e+01
4.430125808715820312e+01
1.345875549316406250e+02
1.922955017089843750e+02
5.081491470336914062e+01
5.568177032470703125e+01
4.333187484741210938e+01
6.044017791748046875e+01
1.033586578369140625e+02
4.944686508178710938e+01
6.317953109741210938e+01
4.940531158447265625e+01
4.699850463867187500e+01
3.888667678833007812e+01
1.710280303955078125e+02
5.224838256835937500e+01
5.715837097167968750e+01
5.234881591796875000e+01
4.306681823730468750e+01
1.412619018554687500e+02
5.448972320556640625e+01
1.437673034667968750e+02
7.568923950195312500e+01
6.852960205078125000e+01
7.194622802734375000e+01
6.207234573364257812e+01
4.831120300292968750e+01
6.318732070922851562e+01
6.883320617675781250e+01
1.355451354980468750e+02
3.460902786254882812e+01
6.340623092651367188e+01
7.623628997802734375e+01
9.559822082519531250e+01
9.286485290527343750e+01
6.686218261718750000e+01
6.112632751464843750e+01
5.668072509765625000e+01
4.582829284667968750e+01
6.072690200805664062e+01
3.723723983764648438e+01
3.832917022705078125e+01
5.392069244384765625e+01
3.675806808471679688e+01
3.616569900512695312e+01
4.157247161865234375e+01
3.000000000000000000e+01
3.503014373779296875e+01
8.463568115234375000e+01
4.750882339477539062e+01
4.331454467773437500e+01
5.416458892822265625e+01
5.513581848144531250e+01
3.487893295288085938e+01
5.983280944824218750e+01
5.339606094360351562e+01
3.615321731567382812e+01
4.098368072509765625e+01
7.774261474609375000e+01
7.164842224121093750e+01
4.279993438720703125e+01
7.610492706298828125e+01
7.888921356201171875e+01
7.302835083007812500e+01
9.849077606201171875e+01
1.485304412841796875e+02
4.005672836303710938e+01
1.007182922363281250e+02
9.598494720458984375e+01
8.904840850830078125e+01
4.240511322021484375e+01
3.807704162597656250e+01
1.334499359130859375e+02
4.966229248046875000e+01
9.055827331542968750e+01
4.700518798828125000e+01
5.534509658813476562e+01
3.459107971191406250e+01
4.794641876220703125e+01
4.264096832275390625e+01
3.795021438598632812e+01
4.109500122070312500e+01
3.943136596679687500e+01
1.251930236816406250e+02
3.895821380615234375e+01
8.383788299560546875e+01
5.659544372558593750e+01
5.144098663330078125e+01
4.266310501098632812e+01
4.372862625122070312e+01
4.709950256347656250e+01
6.913111877441406250e+01
4.628035736083984375e+01
3.000000000000000000e+01
3.482162094116210938e+01
4.643547821044921875e+01
8.415113830566406250e+01
4.621750640869140625e+01
7.302835083007812500e+01
5.252593994140625000e+01
5.133744049072265625e+01
1.319645080566406250e+02
3.973240661621093750e+01
4.165008163452148438e+01
9.707264709472656250e+01
1.531487579345703125e+02
1.682971801757812500e+02
5.099553298950195312e+01
7.409613037109375000e+01
3.732050323486328125e+01
8.701264190673828125e+01
6.425540161132812500e+01
3.768223190307617188e+01
1.226595611572265625e+02
5.060751724243164062e+01
6.928643035888671875e+01
1.468654174804687500e+02
6.251507186889648438e+01
7.178395843505859375e+01
9.433970642089843750e+01
3.271126937866210938e+01
7.248748016357421875e+01
1.198191604614257812e+02
3.000000000000000000e+01
6.746501922607421875e+01
6.515780639648437500e+01
4.908944702148437500e+01
1.016353759765625000e+02
1.419884490966796875e+02
3.993318939208984375e+01
1.297003479003906250e+02
8.277306365966796875e+01
5.968773651123046875e+01
7.863893890380859375e+01
7.180357360839843750e+01
3.193489837646484375e+01
4.063736724853515625e+01
3.000000000000000000e+01
5.104059219360351562e+01
5.159544372558593750e+01
8.265924072265625000e+01
5.051848983764648438e+01
4.657458496093750000e+01
5.413832473754882812e+01
2.877687988281250000e+02
3.531484985351562500e+01
4.603684616088867188e+01
4.241600418090820312e+01
3.000000000000000000e+01
4.279911804199218750e+01
8.117039489746093750e+01
7.533759307861328125e+01
9.326245117187500000e+01
7.149035644531250000e+01
5.007542419433593750e+01
4.902769088745117188e+01
4.241719818115234375e+01
1.479569091796875000e+02
4.097600936889648438e+01
4.183762359619140625e+01
6.559367370605468750e+01
3.574641799926757812e+01
6.434934997558593750e+01
5.092019271850585938e+01
1.436251373291015625e+02
7.419318389892578125e+01
8.719893646240234375e+01
6.179464721679687500e+01
4.353045272827148438e+01
8.165766143798828125e+01
3.000000000000000000e+01
6.899817657470703125e+01
8.899670410156250000e+01
3.939058685302734375e+01
3.866640472412109375e+01
8.806002044677734375e+01
3.000000000000000000e+01
4.012966918945312500e+01
1.368980102539062500e+02
6.664506530761718750e+01
5.800112152099609375e+01
7.013929748535156250e+01
4.258065032958984375e+01
6.554086303710937500e+01
8.918878173828125000e+01
4.739185333251953125e+01
8.383788299560546875e+01
2.261430511474609375e+02
4.794641876220703125e+01
1.174922027587890625e+02
4.728731918334960938e+01
5.151099777221679688e+01
8.877767944335937500e+01
6.940632629394531250e+01
5.613921737670898438e+01
7.878553009033203125e+01
3.479303741455078125e+01
6.637236022949218750e+01
5.300958633422851562e+01
5.892274475097656250e+01
4.512512969970703125e+01
5.355756378173828125e+01
6.082680511474609375e+01
2.028266143798828125e+02
9.736669921875000000e+01
5.248393630981445312e+01
4.847259521484375000e+01
4.342699432373046875e+01
5.689289855957031250e+01
7.707963562011718750e+01
4.882756805419921875e+01
9.308492279052734375e+01
1.047429046630859375e+02
5.403391265869140625e+01
1.048961486816406250e+02
1.063030471801757812e+02
5.888751602172851562e+01
5.019344711303710938e+01
4.851248168945312500e+01
5.217160034179687500e+01
2.116252136230468750e+02
4.346050643920898438e+01
5.414206314086914062e+01
5.323968505859375000e+01
4.480757141113281250e+01
1.137328796386718750e+02
3.436599731445312500e+01
4.892346191406250000e+01
1.460190582275390625e+02
7.164842224121093750e+01
7.730911254882812500e+01
6.778411102294921875e+01
6.002685928344726562e+01
5.862610626220703125e+01
8.978439331054687500e+01
7.762702178955078125e+01
7.673668670654296875e+01
6.987257385253906250e+01
3.000000000000000000e+01
7.258494567871093750e+01
9.220339965820312500e+01
4.152342987060546875e+01
4.529537963867187500e+01
6.814913177490234375e+01
9.805371856689453125e+01
7.951448059082031250e+01
5.278829574584960938e+01
4.549240112304687500e+01
3.092545890808105469e+01
3.829096984863281250e+01
3.000000000000000000e+01
3.837134552001953125e+01
4.159929275512695312e+01
3.747334671020507812e+01
4.732381439208984375e+01
4.777899551391601562e+01
4.350000762939453125e+01
7.471289062500000000e+01
5.623298263549804688e+01
4.215503311157226562e+01
3.660466766357421875e+01
5.143470382690429688e+01
5.904522705078125000e+01
3.937215805053710938e+01
3.771086502075195312e+01
7.679785156250000000e+01
3.453173828125000000e+01
5.665722656250000000e+01
3.000000000000000000e+01
5.236782836914062500e+01
3.710818862915039062e+01
4.076203918457031250e+01
1.335670776367187500e+02
5.583274841308593750e+01
4.315281677246093750e+01
7.537353515625000000e+01
4.183762359619140625e+01
7.876049804687500000e+01
4.836442565917968750e+01
4.846129989624023438e+01
1.237551422119140625e+02
4.872291946411132812e+01
1.273335571289062500e+02
1.099313201904296875e+02
3.785840988159179688e+01
4.730088806152343750e+01
9.398114776611328125e+01
4.012600326538085938e+01
5.603011322021484375e+01
5.234881591796875000e+01
2.225300292968750000e+02
4.354888916015625000e+01
5.719015502929687500e+01
5.907813262939453125e+01
4.102788925170898438e+01
4.829596710205078125e+01
8.928378295898437500e+01
4.810121536254882812e+01
7.944075012207031250e+01
5.473589324951171875e+01
4.235722732543945312e+01
3.335385131835937500e+01
4.679156112670898438e+01
4.398104858398437500e+01
3.937522125244140625e+01
3.579030609130859375e+01
3.647523498535156250e+01
4.341643142700195312e+01
5.593005371093750000e+01
5.097432327270507812e+01
4.256118011474609375e+01
5.617813873291015625e+01
5.614712142944335938e+01
7.350582885742187500e+01
1.363011016845703125e+02
6.583567810058593750e+01
1.059677734375000000e+02
8.209533691406250000e+01
1.140286712646484375e+02
4.151974868774414062e+01
6.077128601074218750e+01
5.448975753784179688e+01
4.300383758544921875e+01
6.468203735351562500e+01
7.561836242675781250e+01
7.091102600097656250e+01
7.044519042968750000e+01
4.053738403320312500e+01
4.344770431518554688e+01
6.196913146972656250e+01
7.985881805419921875e+01
3.000000000000000000e+01
5.673690032958984375e+01
4.486743164062500000e+01
3.986885070800781250e+01
9.616780090332031250e+01
5.651764297485351562e+01
4.743759536743164062e+01
4.354609680175781250e+01
4.963978576660156250e+01
7.035800170898437500e+01
1.000951232910156250e+02
4.307860946655273438e+01
3.816016006469726562e+01
3.000000000000000000e+01
9.326245117187500000e+01
5.415502548217773438e+01
4.835014724731445312e+01
5.327936172485351562e+01
5.918591308593750000e+01
5.009829711914062500e+01
5.610068893432617188e+01
5.569203567504882812e+01
6.959490203857421875e+01
4.324094009399414062e+01
6.904912567138671875e+01
6.754695129394531250e+01
8.437966918945312500e+01
7.573580932617187500e+01
4.645916748046875000e+01
3.197271347045898438e+01
6.513015747070312500e+01
7.457656860351562500e+01
4.740451812744140625e+01
5.995983886718750000e+01
5.308985137939453125e+01
4.254699707031250000e+01
6.294504547119140625e+01
4.770708084106445312e+01
3.212381744384765625e+01
5.262692642211914062e+01
5.595452880859375000e+01
6.082680130004882812e+01
4.925644683837890625e+01
6.358931732177734375e+01
3.770167541503906250e+01
7.089763641357421875e+01
1.119349212646484375e+02
6.591643524169921875e+01
3.963886642456054688e+01
1.140286712646484375e+02
5.099553298950195312e+01
7.402861785888671875e+01
9.805372619628906250e+01
3.877010345458984375e+01
3.795377349853515625e+01
8.359375000000000000e+01
3.000000000000000000e+01
4.376147460937500000e+01
2.169250793457031250e+02
3.801404571533203125e+01
3.000000000000000000e+01
4.157740020751953125e+01
1.410249481201171875e+02
7.717904663085937500e+01
5.316167068481445312e+01
1.200834197998046875e+02
4.997797012329101562e+01
1.224437942504882812e+02
7.599243164062500000e+01
1.048500366210937500e+02
5.105810546875000000e+01
3.689844131469726562e+01
9.128359222412109375e+01
6.734303283691406250e+01
7.527670288085937500e+01
4.628035736083984375e+01
4.634788513183593750e+01
3.031262779235839844e+01
4.643682098388671875e+01
5.235672760009765625e+01
5.116693115234375000e+01
3.734595489501953125e+01
7.225167083740234375e+01
7.217932128906250000e+01
5.041366577148437500e+01
3.454111480712890625e+01
4.625496292114257812e+01
3.473195648193359375e+01
4.509625625610351562e+01
1.120071334838867188e+02
5.092340087890625000e+01
7.499807739257812500e+01
5.184072875976562500e+01
4.534955596923828125e+01
3.650771331787109375e+01
1.130985031127929688e+02
5.857294082641601562e+01
7.556610107421875000e+01
9.750521850585937500e+01
5.393965148925781250e+01
4.230831146240234375e+01
3.859587478637695312e+01
5.332057571411132812e+01
6.292267608642578125e+01
6.207300567626953125e+01
2.116252136230468750e+02
5.084570693969726562e+01
6.432128906250000000e+01
7.396589660644531250e+01
7.608250427246093750e+01
4.500627899169921875e+01
5.110877990722656250e+01
5.286664581298828125e+01
7.016184997558593750e+01
9.960054779052734375e+01
3.000000000000000000e+01
4.310049057006835938e+01
5.682445526123046875e+01
9.194784545898437500e+01
5.572711944580078125e+01
1.273335494995117188e+02
4.613816452026367188e+01
3.000000000000000000e+01
4.689239501953125000e+01
5.791475296020507812e+01
1.713622741699218750e+02
7.414196777343750000e+01
5.581077194213867188e+01
6.329306793212890625e+01
3.000000000000000000e+01
5.582418823242187500e+01
9.011800384521484375e+01
4.128284835815429688e+01
3.862081146240234375e+01
6.537735748291015625e+01
7.448315429687500000e+01
4.806332778930664062e+01
1.044484710693359375e+02
4.018936920166015625e+01
4.995334243774414062e+01
4.966229248046875000e+01
8.507130432128906250e+01
5.945209503173828125e+01
4.018505859375000000e+01
4.573819351196289062e+01
3.328663635253906250e+01
4.192806625366210938e+01
4.097600936889648438e+01
4.041272735595703125e+01
7.365876770019531250e+01
6.664506530761718750e+01
4.258875274658203125e+01
3.000000000000000000e+01
3.774716186523437500e+01
4.603684616088867188e+01
3.574351882934570312e+01
1.012521514892578125e+02
3.000000000000000000e+01
7.283156585693359375e+01
8.056889343261718750e+01
5.101409530639648438e+01
3.778327941894531250e+01
4.278925323486328125e+01
7.336889648437500000e+01
7.064778137207031250e+01
5.395803070068359375e+01
6.739847564697265625e+01
5.003649520874023438e+01
8.719160461425781250e+01
6.143552017211914062e+01
4.232716369628906250e+01
5.642663574218750000e+01
3.846157836914062500e+01
5.862610626220703125e+01
5.903217697143554688e+01
3.554922485351562500e+01
4.042212677001953125e+01
5.069094848632812500e+01
5.750962829589843750e+01
4.874252700805664062e+01
3.487893295288085938e+01
5.041526794433593750e+01
4.720024871826171875e+01
6.751641082763671875e+01
8.056203460693359375e+01
6.205189514160156250e+01
8.350864410400390625e+01
4.415953826904296875e+01
4.991458892822265625e+01
4.916553115844726562e+01
6.788883209228515625e+01
7.219197082519531250e+01
6.447837829589843750e+01
7.381381225585937500e+01
3.456283569335937500e+01
8.411711120605468750e+01
5.473340988159179688e+01
4.932608795166015625e+01
9.304711151123046875e+01
1.373719329833984375e+02
1.174989776611328125e+02
3.000000000000000000e+01
3.697181701660156250e+01
4.488434600830078125e+01
5.714527893066406250e+01
9.736669921875000000e+01
8.277273559570312500e+01
6.887334442138671875e+01
1.066421813964843750e+02
4.625496292114257812e+01
4.547480010986328125e+01
4.003330612182617188e+01
5.425478363037109375e+01
6.152239990234375000e+01
3.470063400268554688e+01
4.486390304565429688e+01
8.945171356201171875e+01
5.194876098632812500e+01
4.534424591064453125e+01
7.905309295654296875e+01
4.062781524658203125e+01
5.057046890258789062e+01
5.490715026855468750e+01
5.491057586669921875e+01
5.376570892333984375e+01
4.018505859375000000e+01
2.291415863037109375e+02
6.999238586425781250e+01
4.426136016845703125e+01
4.612453079223632812e+01
4.700193786621093750e+01
1.406954498291015625e+02
4.295443344116210938e+01
6.280406951904296875e+01
6.500624084472656250e+01
3.734595489501953125e+01
7.814106750488281250e+01
5.318490600585937500e+01
5.908346939086914062e+01
5.537890625000000000e+01
5.377367401123046875e+01
4.162979888916015625e+01
3.000000000000000000e+01
6.602666473388671875e+01
5.102450942993164062e+01
2.018747863769531250e+02
4.031081390380859375e+01
5.033969116210937500e+01
5.706904220581054688e+01
4.698342895507812500e+01
4.679348754882812500e+01
4.378701019287109375e+01
5.904141616821289062e+01
5.562908172607421875e+01
4.014061737060546875e+01
5.491944122314453125e+01
5.620375823974609375e+01
3.759873199462890625e+01
4.665093231201171875e+01
3.999138259887695312e+01
3.785840988159179688e+01
3.636692810058593750e+01
3.065555572509765625e+01
5.518560028076171875e+01
6.987199401855468750e+01
3.002200126647949219e+01
4.766374206542968750e+01
5.416458892822265625e+01
8.354051208496093750e+01
6.790557861328125000e+01
9.775003051757812500e+01
3.000000000000000000e+01
7.673669433593750000e+01
8.443719482421875000e+01
4.970988464355468750e+01
9.304711151123046875e+01
3.091354179382324219e+01
4.346734619140625000e+01
4.268128967285156250e+01
4.275651931762695312e+01
1.410474243164062500e+02
5.054931259155273438e+01
3.906163024902343750e+01
6.844873046875000000e+01
4.148622894287109375e+01
1.091291961669921875e+02
7.809999847412109375e+01
4.334259796142578125e+01
5.020862197875976562e+01
8.360939025878906250e+01
7.799927520751953125e+01
7.588963317871093750e+01
5.509175109863281250e+01
3.032658767700195312e+01
3.785735702514648438e+01
6.340669631958007812e+01
5.855442810058593750e+01
1.322871246337890625e+02
9.916116333007812500e+01
1.444506835937500000e+02
6.322920989990234375e+01
3.610187530517578125e+01
5.103407669067382812e+01
3.933173370361328125e+01
5.382956314086914062e+01
3.001909255981445312e+01
3.000000000000000000e+01
6.850263977050781250e+01
1.196228332519531250e+02
5.305403518676757812e+01
3.000000000000000000e+01
5.626534271240234375e+01
6.990010070800781250e+01
4.814450454711914062e+01
5.197128677368164062e+01
6.207300567626953125e+01
4.244523620605468750e+01
7.519343566894531250e+01
5.582418823242187500e+01
5.902192687988281250e+01
5.573891830444335938e+01
3.305002212524414062e+01
4.031911849975585938e+01
5.821793365478515625e+01
3.000000000000000000e+01
6.913772583007812500e+01
6.852583312988281250e+01
5.319105148315429688e+01
8.739041137695312500e+01
5.448268890380859375e+01
3.130719566345214844e+01
5.584564590454101562e+01
4.745381164550781250e+01
3.903731536865234375e+01
4.378508377075195312e+01
3.349819564819335938e+01
3.877776336669921875e+01
9.045520782470703125e+01
5.007542419433593750e+01
4.316904449462890625e+01
2.028265991210937500e+02
7.496239471435546875e+01
4.530892944335937500e+01
6.112466430664062500e+01
7.336871337890625000e+01
4.350000762939453125e+01
4.798567199707031250e+01
1.137150573730468750e+02
5.284191894531250000e+01
7.768672180175781250e+01
4.031524276733398438e+01
3.000000000000000000e+01
5.992079544067382812e+01
4.613722229003906250e+01
4.612649154663085938e+01
4.720241165161132812e+01
5.369863510131835938e+01
4.545896148681640625e+01
4.910482788085937500e+01
5.060751724243164062e+01
3.705671310424804688e+01
4.220128631591796875e+01
7.162458801269531250e+01
8.875264739990234375e+01
4.421876907348632812e+01
9.484490966796875000e+01
4.555699920654296875e+01
4.132010650634765625e+01
7.415716552734375000e+01
7.795251464843750000e+01
4.315939331054687500e+01
6.051107406616210938e+01
4.154393768310546875e+01
4.897430419921875000e+01
3.000000000000000000e+01
1.006611175537109375e+02
5.158136749267578125e+01
4.212340164184570312e+01
6.778411102294921875e+01
5.695772171020507812e+01
5.292403411865234375e+01
3.191788673400878906e+01
5.432898330688476562e+01
6.072041320800781250e+01
5.101891326904296875e+01
7.390395355224609375e+01
7.374452209472656250e+01
3.822679901123046875e+01
5.486713409423828125e+01
3.000000000000000000e+01
6.258064270019531250e+01
8.170901489257812500e+01
8.111624145507812500e+01
5.908346939086914062e+01
5.064625167846679688e+01
6.810029602050781250e+01
5.432898330688476562e+01
5.531255722045898438e+01
4.764542770385742188e+01
3.364158248901367188e+01
4.662567901611328125e+01
5.762398147583007812e+01
6.590665435791015625e+01
3.218662261962890625e+01
5.224838256835937500e+01
5.572130584716796875e+01
6.165541839599609375e+01
3.748156738281250000e+01
5.252154541015625000e+01
3.526237487792968750e+01
5.518645477294921875e+01
6.821763610839843750e+01
4.623292541503906250e+01
5.849380874633789062e+01
3.422412490844726562e+01
7.760694122314453125e+01
6.021080017089843750e+01
4.808226013183593750e+01
4.877792739868164062e+01
4.507496643066406250e+01
7.547279357910156250e+01
6.482824707031250000e+01
3.447675323486328125e+01
4.047417831420898438e+01
5.908388519287109375e+01
6.104409027099609375e+01
5.828376388549804688e+01
3.000000000000000000e+01
8.135449218750000000e+01
4.297217559814453125e+01
3.955450057983398438e+01
3.833424377441406250e+01
4.115956115722656250e+01
5.751114654541015625e+01
4.191344070434570312e+01
8.877767944335937500e+01
5.760205078125000000e+01
4.989033508300781250e+01
4.013501358032226562e+01
4.572447967529296875e+01
5.050044250488281250e+01
5.164572906494140625e+01
3.697181701660156250e+01
3.954266738891601562e+01
3.419634628295898438e+01
3.882521820068359375e+01
5.775598526000976562e+01
5.899430084228515625e+01
7.206864929199218750e+01
5.725421142578125000e+01
4.797740936279296875e+01
4.117551422119140625e+01
3.000000000000000000e+01
3.381972885131835938e+01
4.572447967529296875e+01
7.381381225585937500e+01
4.439177703857421875e+01
4.357128906250000000e+01
3.531770324707031250e+01
7.912026214599609375e+01
6.003663635253906250e+01
8.398632812500000000e+01
3.900638198852539062e+01
3.160877609252929688e+01
6.409132385253906250e+01
3.546918487548828125e+01
6.664574432373046875e+01
3.149889755249023438e+01
4.953217697143554688e+01
3.000000000000000000e+01
3.000000000000000000e+01
4.558163070678710938e+01
4.324754333496093750e+01
8.367984008789062500e+01
4.274496078491210938e+01
8.111624145507812500e+01
5.289808654785156250e+01
4.143795776367187500e+01
3.800064468383789062e+01
4.120053482055664062e+01
4.383857345581054688e+01
4.022015762329101562e+01
6.739411926269531250e+01
7.533759307861328125e+01
4.846129989624023438e+01
3.882045745849609375e+01
4.416026306152343750e+01
6.874633789062500000e+01
5.195162582397460938e+01
4.547773742675781250e+01
4.588733291625976562e+01
3.012689208984375000e+01
3.427017211914062500e+01
3.554922485351562500e+01
5.521549606323242188e+01
4.531684494018554688e+01
4.815720748901367188e+01
5.476028823852539062e+01
4.028662109375000000e+01
3.409470367431640625e+01
4.428903198242187500e+01
3.000000000000000000e+01
7.137025451660156250e+01
4.835585021972656250e+01
7.518756103515625000e+01
5.289808273315429688e+01
7.319093322753906250e+01
3.000000000000000000e+01
3.997063446044921875e+01
6.471492004394531250e+01
3.000000000000000000e+01
4.736215209960937500e+01
6.929161834716796875e+01
3.410275650024414062e+01
5.842176055908203125e+01
4.808995819091796875e+01
4.730088806152343750e+01
5.025964355468750000e+01
7.149035644531250000e+01
3.000000000000000000e+01
3.737841796875000000e+01
8.218056488037109375e+01
4.756059265136718750e+01
8.360939025878906250e+01
8.639529418945312500e+01
3.000000000000000000e+01
6.713317108154296875e+01
4.297610855102539062e+01
5.613921737670898438e+01
4.382120513916015625e+01
5.307180404663085938e+01
6.761205291748046875e+01
5.092019271850585938e+01
5.897586059570312500e+01
5.945889282226562500e+01
7.387881469726562500e+01
3.851358795166015625e+01
6.916680145263671875e+01
3.669400024414062500e+01
4.178041076660156250e+01
3.821350097656250000e+01
5.208630371093750000e+01
3.135742568969726562e+01
7.130225372314453125e+01
5.091502380371093750e+01
5.033969116210937500e+01
3.881123352050781250e+01
5.074534988403320312e+01
4.225544357299804688e+01
3.347950744628906250e+01
7.390432739257812500e+01
4.874307250976562500e+01
3.724493026733398438e+01
6.820399475097656250e+01
5.669657897949218750e+01
4.633010101318359375e+01
4.811019134521484375e+01
4.877792739868164062e+01
3.329008483886718750e+01
3.668891143798828125e+01
5.102104187011718750e+01
4.636428070068359375e+01
3.000000000000000000e+01
3.885321807861328125e+01
5.682445526123046875e+01
3.894874572753906250e+01
3.937522125244140625e+01
4.636764526367187500e+01
7.554654693603515625e+01
5.083942413330078125e+01
7.601496887207031250e+01
1.121492691040039062e+02
4.847495269775390625e+01
4.190599060058593750e+01
4.629981231689453125e+01
4.556960678100585938e+01
3.724608993530273438e+01
5.245016479492187500e+01
6.647750854492187500e+01
9.750521850585937500e+01
5.059125900268554688e+01
3.777043151855468750e+01
5.043132781982421875e+01
5.523332214355468750e+01
3.412275314331054688e+01
4.829596710205078125e+01
5.491057586669921875e+01
7.200073242187500000e+01
3.000000000000000000e+01
5.365749740600585938e+01
3.288597488403320312e+01
6.412398529052734375e+01
6.294504547119140625e+01
5.052692413330078125e+01
5.492453384399414062e+01
5.084394073486328125e+01
4.415232086181640625e+01
6.331692886352539062e+01
4.423024749755859375e+01
4.332618713378906250e+01
5.572711944580078125e+01
4.004595565795898438e+01
4.314310073852539062e+01
4.500627899169921875e+01
4.581904602050781250e+01
3.384926605224609375e+01
7.103524017333984375e+01
3.553050994873046875e+01
5.435686874389648438e+01
4.269361877441406250e+01
3.833895111083984375e+01
5.824392318725585938e+01
4.453673553466796875e+01
4.617615127563476562e+01
4.535018157958984375e+01
4.334255218505859375e+01
5.024611663818359375e+01
6.238987731933593750e+01
4.151974868774414062e+01
4.517824554443359375e+01
6.252820587158203125e+01
5.651992416381835938e+01
4.569870376586914062e+01
5.807484817504882812e+01
4.087429046630859375e+01
6.635669708251953125e+01
4.289845657348632812e+01
9.653231811523437500e+01
8.686225891113281250e+01
5.103788757324218750e+01
4.350140380859375000e+01
3.000000000000000000e+01
7.151832580566406250e+01
5.032897949218750000e+01
5.018759155273437500e+01
7.311448669433593750e+01
5.133233261108398438e+01
4.702841949462890625e+01
5.745938110351562500e+01
8.624153137207031250e+01
4.154570007324218750e+01
4.589678955078125000e+01
3.000000000000000000e+01
5.919048690795898438e+01
4.257156372070312500e+01
3.379653930664062500e+01
5.350694274902343750e+01
9.200998687744140625e+01
5.459427642822265625e+01
4.607658386230468750e+01
3.000000000000000000e+01
6.404003906250000000e+01
4.876986694335937500e+01
5.310789871215820312e+01
5.558076477050781250e+01
9.775003051757812500e+01
6.395106124877929688e+01
5.699204254150390625e+01
7.352734375000000000e+01
6.923005676269531250e+01
6.448365783691406250e+01
3.151107788085937500e+01
3.510578155517578125e+01
5.210661697387695312e+01
3.752429199218750000e+01
3.868750381469726562e+01
3.355394744873046875e+01
3.848355484008789062e+01
3.931534957885742188e+01
3.212358093261718750e+01
4.180338668823242188e+01
4.359331512451171875e+01
7.491704559326171875e+01
5.258193206787109375e+01
3.517340469360351562e+01
4.470230865478515625e+01
3.632980346679687500e+01
4.403490066528320312e+01
4.863780212402343750e+01
8.390051269531250000e+01
4.883782958984375000e+01
4.621961975097656250e+01
3.000000000000000000e+01
7.258495330810546875e+01
5.770264434814453125e+01
3.017290306091308594e+01
7.547279357910156250e+01
4.678182601928710938e+01
9.876661682128906250e+01
4.690422058105468750e+01
6.101727676391601562e+01
5.692051315307617188e+01
4.392118072509765625e+01
3.681108474731445312e+01
4.578525543212890625e+01
4.846717071533203125e+01
4.353045272827148438e+01
4.242995452880859375e+01
4.068495559692382812e+01
3.649196624755859375e+01
4.310520172119140625e+01
7.814106750488281250e+01
6.379228210449218750e+01
7.888921356201171875e+01
3.800318908691406250e+01
4.218322372436523438e+01
5.855753326416015625e+01
3.931535339355468750e+01
6.177571105957031250e+01
5.524974060058593750e+01
5.404187774658203125e+01
5.013439178466796875e+01
5.565780639648437500e+01
3.751292419433593750e+01
3.840489196777343750e+01
3.269530868530273438e+01
7.795532989501953125e+01
3.970580291748046875e+01
4.265383911132812500e+01
3.851639938354492188e+01
4.436911010742187500e+01
5.050560760498046875e+01
3.000000000000000000e+01
5.133744049072265625e+01
3.882006454467773438e+01
3.000000000000000000e+01
5.975165557861328125e+01
6.844873046875000000e+01
3.000000000000000000e+01
4.994059753417968750e+01
4.200605773925781250e+01
4.347597503662109375e+01
4.180480194091796875e+01
5.421776580810546875e+01
4.769223403930664062e+01
4.140961837768554688e+01
4.228072738647460938e+01
4.832602691650390625e+01
4.982628631591796875e+01
4.163536834716796875e+01
5.489842605590820312e+01
3.277378463745117188e+01
3.605235290527343750e+01
4.203037261962890625e+01
3.388726043701171875e+01
5.493021011352539062e+01
5.202672958374023438e+01
8.624153137207031250e+01
4.977412414550781250e+01
3.000000000000000000e+01
3.690575790405273438e+01
8.869503784179687500e+01
4.102788925170898438e+01
4.482597732543945312e+01
7.795533752441406250e+01
5.134902954101562500e+01
3.929647827148437500e+01
4.085440826416015625e+01
4.732381439208984375e+01
1.137138824462890625e+02
8.610079956054687500e+01
5.588220596313476562e+01
7.814288330078125000e+01
4.021530151367187500e+01
3.000000000000000000e+01
6.105712509155273438e+01
4.143629455566406250e+01
6.158766174316406250e+01
5.769615936279296875e+01
4.411857604980468750e+01
3.653516387939453125e+01
6.978662109375000000e+01
3.790009689331054688e+01
4.857695388793945312e+01
5.860956192016601562e+01
4.556331634521484375e+01
3.116090774536132812e+01
3.963886642456054688e+01
4.297610855102539062e+01
3.327355957031250000e+01
4.561207962036132812e+01
8.728702545166015625e+01
4.130509567260742188e+01
5.800106048583984375e+01
7.339444732666015625e+01
5.632975387573242188e+01
3.000000000000000000e+01
3.594976043701171875e+01
4.735574340820312500e+01
4.593600845336914062e+01
3.038157081604003906e+01
4.134432983398437500e+01
3.407964706420898438e+01
5.204864501953125000e+01
5.649196624755859375e+01
4.592703247070312500e+01
3.996284484863281250e+01
5.492672348022460938e+01
5.349640655517578125e+01
3.000000000000000000e+01
5.111561965942382812e+01
5.142420196533203125e+01
4.764044189453125000e+01
3.671237182617187500e+01
4.295767974853515625e+01
4.550012969970703125e+01
3.132180404663085938e+01
5.845956039428710938e+01
4.207976150512695312e+01
5.059125900268554688e+01
5.376570892333984375e+01
4.100654602050781250e+01
4.299336242675781250e+01
5.370469284057617188e+01
3.885675048828125000e+01
7.686563873291015625e+01
5.002808761596679688e+01
4.114774703979492188e+01
4.498831939697265625e+01
8.354051208496093750e+01
4.596495437622070312e+01
3.690896606445312500e+01
3.290014266967773438e+01
4.254811477661132812e+01
6.145584487915039062e+01
4.435816192626953125e+01
4.001888656616210938e+01
3.335988998413085938e+01
3.428737258911132812e+01
3.919418334960937500e+01
3.448174667358398438e+01
5.255869674682617188e+01
4.363809967041015625e+01
5.499339294433593750e+01
4.119314575195312500e+01
7.123568725585937500e+01
4.531084823608398438e+01
4.473664855957031250e+01
6.233430480957031250e+01
3.000000000000000000e+01
4.452820205688476562e+01
3.000000000000000000e+01
3.000000000000000000e+01
5.006381225585937500e+01
4.759439086914062500e+01
3.079008674621582031e+01
4.465546417236328125e+01
3.000000000000000000e+01
3.987463378906250000e+01
3.939069366455078125e+01
3.775350952148437500e+01
