5.318339538574218750e+01
6.629551696777343750e+01
4.046767425537109375e+01
4.123514556884765625e+01
5.806401062011718750e+01
6.888526916503906250e+01
3.010675430297851562e+01
7.724108886718750000e+01
6.085035705566406250e+01
1.255809860229492188e+02
4.653674316406250000e+01
1.152537841796875000e+02
5.410520553588867188e+01
4.503720092773437500e+01
5.553524780273437500e+01
4.830077362060546875e+01
7.421276092529296875e+01
3.990361785888671875e+01
4.344763183593750000e+01
1.514576416015625000e+02
3.956191253662109375e+01
1.026979827880859375e+02
3.000000000000000000e+01
3.663175582885742188e+01
4.553054046630859375e+01
7.933831024169921875e+01
3.000000000000000000e+01
6.835174560546875000e+01
2.060351257324218750e+02
4.662758255004882812e+01
5.429638671875000000e+01
4.875550079345703125e+01
4.316256713867187500e+01
1.024703140258789062e+02
4.210095214843750000e+01
6.101759338378906250e+01
6.836715698242187500e+01
6.308499145507812500e+01
4.438414764404296875e+01
3.000000000000000000e+01
4.789643859863281250e+01
4.089062881469726562e+01
5.628344345092773438e+01
4.770776367187500000e+01
3.306012344360351562e+01
3.000000000000000000e+01
3.799866104125976562e+01
6.366813659667968750e+01
1.150008544921875000e+02
7.314698791503906250e+01
4.521408081054687500e+01
3.394485473632812500e+01
6.975391387939453125e+01
4.120731353759765625e+01
1.239300765991210938e+02
5.491989898681640625e+01
6.412513732910156250e+01
4.842769622802734375e+01
5.952324676513671875e+01
7.875214385986328125e+01
6.043460845947265625e+01
9.153079223632812500e+01
4.106729507446289062e+01
9.205751037597656250e+01
1.066781539916992188e+02
5.456925582885742188e+01
5.929606246948242188e+01
3.000000000000000000e+01
4.318297958374023438e+01
5.863335418701171875e+01
6.389376068115234375e+01
3.591878509521484375e+01
7.600984954833984375e+01
4.262766647338867188e+01
5.716879653930664062e+01
3.334350585937500000e+01
4.924878311157226562e+01
5.163034820556640625e+01
4.582768630981445312e+01
5.723909378051757812e+01
3.640293884277343750e+01
7.421276855468750000e+01
5.008956527709960938e+01
1.208701629638671875e+02
9.517706298828125000e+01
4.393148803710937500e+01
3.459962463378906250e+01
4.436579132080078125e+01
5.410520553588867188e+01
5.923484802246093750e+01
3.978014373779296875e+01
4.958948516845703125e+01
5.934864044189453125e+01
5.798253631591796875e+01
9.437643432617187500e+01
9.606434631347656250e+01
6.400119018554687500e+01
4.035815429687500000e+01
5.474859619140625000e+01
3.717555618286132812e+01
1.047549057006835938e+02
6.822243499755859375e+01
1.548773345947265625e+02
3.004786300659179688e+01
4.438577651977539062e+01
9.589649963378906250e+01
3.000000000000000000e+01
5.717516708374023438e+01
5.027967834472656250e+01
3.226863479614257812e+01
4.666863632202148438e+01
3.555667877197265625e+01
7.473666381835937500e+01
1.160539855957031250e+02
3.995106506347656250e+01
4.066995620727539062e+01
9.346889495849609375e+01
4.689789962768554688e+01
7.931463623046875000e+01
5.643038177490234375e+01
4.461931610107421875e+01
5.862653350830078125e+01
4.555862426757812500e+01
4.393035125732421875e+01
4.657392501831054688e+01
4.977709960937500000e+01
6.961352539062500000e+01
5.766293716430664062e+01
4.633876419067382812e+01
5.919179534912109375e+01
4.437520599365234375e+01
1.097046508789062500e+02
5.042375946044921875e+01
3.000000000000000000e+01
6.042496490478515625e+01
4.444651794433593750e+01
1.231191253662109375e+02
4.471871185302734375e+01
3.924351501464843750e+01
7.050086212158203125e+01
5.045384597778320312e+01
8.873780822753906250e+01
7.606368255615234375e+01
5.309071350097656250e+01
6.754521942138671875e+01
4.957877731323242188e+01
8.331324005126953125e+01
1.014722290039062500e+02
4.946959304809570312e+01
1.226273345947265625e+02
5.645465850830078125e+01
7.383837890625000000e+01
5.454307937622070312e+01
9.785487365722656250e+01
6.204083633422851562e+01
1.182801132202148438e+02
3.100980567932128906e+01
1.280187988281250000e+02
3.760752105712890625e+01
6.779890441894531250e+01
3.599129104614257812e+01
4.436198043823242188e+01
3.987921524047851562e+01
4.068635559082031250e+01
6.703998565673828125e+01
3.444290542602539062e+01
4.975938415527343750e+01
5.170839691162109375e+01
3.220656204223632812e+01
1.220681915283203125e+02
4.202802276611328125e+01
5.335789108276367188e+01
3.573989486694335938e+01
3.436199188232421875e+01
5.675451278686523438e+01
7.092949676513671875e+01
4.047484588623046875e+01
5.225415802001953125e+01
6.774516296386718750e+01
4.748913955688476562e+01
6.504679107666015625e+01
5.314749526977539062e+01
5.802138137817382812e+01
5.047790908813476562e+01
4.060354232788085938e+01
3.000000000000000000e+01
3.142790031433105469e+01
6.418442535400390625e+01
6.083914566040039062e+01
4.193897247314453125e+01
4.580031585693359375e+01
4.929479598999023438e+01
7.018429565429687500e+01
4.691272735595703125e+01
4.747089767456054688e+01
6.182211685180664062e+01
3.000000000000000000e+01
7.276467895507812500e+01
1.352130737304687500e+02
6.247042465209960938e+01
5.299440002441406250e+01
1.281166534423828125e+02
5.012714767456054688e+01
3.472816467285156250e+01
6.791838836669921875e+01
3.876460647583007812e+01
4.871457290649414062e+01
4.196214294433593750e+01
1.040231170654296875e+02
3.251893997192382812e+01
4.517609405517578125e+01
9.402451324462890625e+01
5.007639312744140625e+01
3.505241394042968750e+01
3.684201431274414062e+01
4.591269683837890625e+01
5.620930480957031250e+01
5.968470001220703125e+01
3.557706832885742188e+01
4.335350418090820312e+01
3.824784088134765625e+01
6.667555236816406250e+01
1.027833251953125000e+02
4.049622344970703125e+01
4.908608627319335938e+01
4.384519958496093750e+01
5.327580261230468750e+01
1.107137069702148438e+02
6.051750183105468750e+01
1.102568130493164062e+02
3.693225860595703125e+01
4.147988128662109375e+01
4.934785079956054688e+01
7.529319000244140625e+01
4.049380874633789062e+01
7.637155151367187500e+01
4.581577301025390625e+01
5.176707458496093750e+01
7.033361816406250000e+01
4.304394912719726562e+01
4.299744033813476562e+01
1.169512405395507812e+02
1.293753051757812500e+02
7.453014373779296875e+01
9.161595916748046875e+01
3.705729293823242188e+01
4.650473022460937500e+01
1.431563568115234375e+02
1.700590820312500000e+02
4.620685577392578125e+01
6.904985046386718750e+01
4.326923370361328125e+01
5.587374877929687500e+01
8.562826538085937500e+01
5.568562316894531250e+01
3.915213012695312500e+01
4.279003524780273438e+01
4.378482818603515625e+01
3.000000000000000000e+01
1.184452362060546875e+02
6.193962097167968750e+01
5.328954315185546875e+01
5.294816589355468750e+01
5.132476806640625000e+01
1.228952484130859375e+02
4.831453323364257812e+01
1.490742645263671875e+02
6.500941467285156250e+01
7.007881927490234375e+01
6.388400268554687500e+01
5.669882202148437500e+01
5.377788925170898438e+01
7.453013610839843750e+01
8.033636474609375000e+01
1.839917449951171875e+02
4.566564941406250000e+01
6.402082824707031250e+01
8.456037902832031250e+01
1.026998291015625000e+02
9.888372802734375000e+01
5.948249816894531250e+01
7.096650695800781250e+01
5.459271240234375000e+01
4.165231704711914062e+01
6.222807693481445312e+01
3.948101806640625000e+01
3.193874168395996094e+01
5.321846771240234375e+01
3.889961242675781250e+01
3.593274688720703125e+01
3.780912780761718750e+01
3.000000000000000000e+01
3.523387908935546875e+01
1.030800476074218750e+02
4.757521820068359375e+01
3.316258239746093750e+01
4.609683990478515625e+01
3.914780044555664062e+01
4.553077697753906250e+01
4.876860046386718750e+01
3.690660095214843750e+01
3.000000000000000000e+01
3.522709655761718750e+01
8.443744659423828125e+01
7.382292175292968750e+01
4.278376388549804688e+01
7.064439392089843750e+01
7.138925170898437500e+01
7.243193817138671875e+01
1.160242385864257812e+02
1.628793640136718750e+02
3.000000000000000000e+01
1.101824645996093750e+02
1.024324035644531250e+02
9.143219757080078125e+01
3.884410858154296875e+01
3.764509582519531250e+01
1.407777862548828125e+02
6.547425842285156250e+01
5.474859619140625000e+01
4.926757431030273438e+01
5.300553894042968750e+01
4.189743041992187500e+01
5.134633255004882812e+01
3.672451400756835938e+01
3.874540328979492188e+01
4.065190124511718750e+01
3.910763931274414062e+01
7.600985717773437500e+01
4.528224182128906250e+01
7.960155487060546875e+01
4.887173461914062500e+01
3.992317199707031250e+01
4.295823669433593750e+01
3.461939620971679688e+01
4.627099227905273438e+01
6.592205810546875000e+01
4.841294097900390625e+01
3.000000000000000000e+01
3.596903991699218750e+01
6.195007324218750000e+01
9.448867797851562500e+01
4.749996948242187500e+01
7.243193054199218750e+01
4.664836120605468750e+01
4.417021942138671875e+01
1.591431884765625000e+02
3.831764984130859375e+01
3.627126693725585938e+01
1.057423248291015625e+02
1.565769500732421875e+02
1.836890258789062500e+02
5.308670806884765625e+01
9.153079223632812500e+01
3.680175018310546875e+01
9.842548370361328125e+01
6.176332855224609375e+01
3.520782470703125000e+01
1.410870666503906250e+02
5.737976455688476562e+01
5.867440795898437500e+01
1.391383361816406250e+02
4.352685546875000000e+01
6.154104232788085938e+01
8.412380218505859375e+01
3.609897994995117188e+01
5.959609603881835938e+01
1.014585876464843750e+02
3.000000000000000000e+01
5.989525604248046875e+01
6.238541030883789062e+01
4.746250534057617188e+01
1.106782989501953125e+02
1.501564178466796875e+02
4.703736114501953125e+01
1.353139953613281250e+02
9.398506927490234375e+01
4.662758255004882812e+01
7.247648620605468750e+01
9.440885925292968750e+01
3.000000000000000000e+01
3.817086029052734375e+01
3.000000000000000000e+01
3.804694366455078125e+01
6.112760162353515625e+01
1.293753051757812500e+02
5.274171447753906250e+01
4.584880065917968750e+01
5.483868408203125000e+01
2.936795043945312500e+02
3.998982620239257812e+01
4.450459289550781250e+01
3.529150390625000000e+01
3.498494338989257812e+01
4.445894622802734375e+01
7.128051757812500000e+01
8.576331329345703125e+01
9.869277954101562500e+01
7.855464172363281250e+01
5.143190765380859375e+01
5.255074691772460938e+01
4.098817062377929688e+01
1.354444122314453125e+02
3.884169387817382812e+01
3.948470306396484375e+01
4.269992446899414062e+01
3.991128540039062500e+01
6.267267608642578125e+01
6.120646667480468750e+01
1.471176300048828125e+02
6.483126831054687500e+01
9.621740722656250000e+01
6.016925811767578125e+01
4.874036407470703125e+01
6.843415832519531250e+01
3.333303070068359375e+01
8.442147827148437500e+01
8.159423065185546875e+01
3.577774429321289062e+01
3.993232727050781250e+01
1.023556365966796875e+02
3.000000000000000000e+01
4.339202117919921875e+01
1.359655761718750000e+02
4.927079010009765625e+01
5.000293731689453125e+01
6.895610046386718750e+01
4.265016174316406250e+01
6.602809143066406250e+01
8.887615966796875000e+01
4.729533767700195312e+01
7.960155487060546875e+01
2.161604919433593750e+02
5.134633255004882812e+01
1.236161575317382812e+02
4.429976272583007812e+01
4.864867401123046875e+01
9.241191101074218750e+01
6.835174560546875000e+01
5.405049133300781250e+01
7.236483764648437500e+01
3.000000000000000000e+01
7.213454437255859375e+01
5.369451904296875000e+01
7.371065521240234375e+01
4.370542907714843750e+01
4.160993957519531250e+01
6.568286895751953125e+01
9.442768096923828125e+01
9.848037719726562500e+01
4.770876312255859375e+01
5.454307937622070312e+01
4.719877243041992188e+01
6.034221649169921875e+01
7.741826629638671875e+01
5.377249145507812500e+01
1.088011093139648438e+02
1.043199768066406250e+02
3.326020812988281250e+01
1.066602249145507812e+02
7.926850891113281250e+01
5.161931991577148438e+01
4.568329620361328125e+01
4.838922119140625000e+01
4.262079620361328125e+01
1.784094238281250000e+02
3.447036361694335938e+01
4.933648681640625000e+01
5.087392425537109375e+01
4.378305816650390625e+01
8.662796020507812500e+01
3.048269844055175781e+01
5.120710754394531250e+01
1.485368041992187500e+02
7.382292175292968750e+01
8.680773162841796875e+01
7.176506042480468750e+01
3.590845108032226562e+01
6.177243804931640625e+01
8.996289062500000000e+01
8.523755645751953125e+01
7.626958465576171875e+01
6.115937805175781250e+01
3.000000000000000000e+01
5.576921081542968750e+01
8.663249206542968750e+01
4.259323501586914062e+01
3.505241394042968750e+01
7.394554138183593750e+01
8.524390411376953125e+01
6.270686340332031250e+01
5.849144744873046875e+01
5.379375457763671875e+01
3.150955581665039062e+01
4.065488433837890625e+01
3.000000000000000000e+01
3.655170440673828125e+01
3.545737075805664062e+01
3.560816955566406250e+01
4.742471694946289062e+01
4.951447677612304688e+01
4.444556808471679688e+01
9.125767517089843750e+01
5.871713638305664062e+01
4.633981323242187500e+01
4.013502120971679688e+01
4.937142181396484375e+01
6.043140029907226562e+01
3.941622161865234375e+01
3.747194290161132812e+01
7.565216064453125000e+01
3.940901184082031250e+01
5.593363189697265625e+01
3.000000000000000000e+01
5.244805908203125000e+01
3.000000000000000000e+01
5.553524780273437500e+01
1.174989395141601562e+02
6.199108886718750000e+01
3.000000000000000000e+01
6.380718994140625000e+01
3.948470306396484375e+01
8.884878540039062500e+01
3.832318115234375000e+01
4.500736236572265625e+01
1.406856689453125000e+02
3.956386566162109375e+01
1.063908157348632812e+02
9.827438354492187500e+01
4.075318145751953125e+01
5.443236160278320312e+01
8.803890228271484375e+01
3.561166381835937500e+01
5.132447814941406250e+01
5.294816589355468750e+01
1.148325347900390625e+02
5.159881591796875000e+01
4.919041442871093750e+01
6.064904785156250000e+01
3.750746917724609375e+01
4.505895996093750000e+01
1.050126647949218750e+02
4.122334289550781250e+01
6.423720550537109375e+01
6.262096405029296875e+01
4.143822860717773438e+01
3.027551269531250000e+01
4.545188140869140625e+01
4.637393951416015625e+01
4.438872146606445312e+01
3.798107910156250000e+01
3.532930374145507812e+01
4.184516143798828125e+01
4.990824890136718750e+01
5.354632949829101562e+01
4.221734619140625000e+01
5.719472503662109375e+01
5.717516708374023438e+01
6.658699798583984375e+01
1.040231170654296875e+02
6.785592651367187500e+01
1.195466003417968750e+02
9.118865966796875000e+01
1.006792984008789062e+02
4.029594421386718750e+01
5.777434158325195312e+01
3.000000000000000000e+01
5.215224456787109375e+01
6.840200805664062500e+01
6.526678466796875000e+01
7.911253356933593750e+01
9.899568176269531250e+01
3.995106506347656250e+01
4.159664154052734375e+01
6.212155532836914062e+01
8.296159362792968750e+01
3.426335906982421875e+01
4.864006042480468750e+01
4.272887039184570312e+01
3.777252197265625000e+01
9.717797851562500000e+01
3.978014373779296875e+01
5.222093200683593750e+01
4.410838699340820312e+01
4.663838958740234375e+01
5.306834411621093750e+01
8.629827117919921875e+01
3.892406463623046875e+01
3.219586944580078125e+01
3.000000000000000000e+01
9.869277954101562500e+01
5.237174606323242188e+01
3.651960372924804688e+01
5.115335083007812500e+01
6.238244628906250000e+01
3.996206665039062500e+01
4.992527389526367188e+01
6.615164947509765625e+01
6.777925872802734375e+01
3.894983673095703125e+01
8.506581115722656250e+01
6.897126770019531250e+01
8.674261474609375000e+01
8.202919006347656250e+01
4.579170227050781250e+01
3.000000000000000000e+01
6.664208984375000000e+01
7.825416564941406250e+01
4.429056167602539062e+01
6.009354019165039062e+01
5.220112609863281250e+01
4.096285247802734375e+01
4.310123062133789062e+01
4.521975708007812500e+01
3.417859649658203125e+01
5.405558013916015625e+01
7.398282623291015625e+01
6.568286895751953125e+01
4.759823989868164062e+01
5.672718048095703125e+01
3.507271575927734375e+01
7.734890747070312500e+01
9.657101440429687500e+01
6.779627990722656250e+01
3.432331466674804688e+01
1.006792907714843750e+02
5.308670806884765625e+01
6.390565109252929688e+01
8.524390411376953125e+01
3.869881057739257812e+01
3.806404113769531250e+01
7.747413635253906250e+01
4.566368103027343750e+01
4.257539749145507812e+01
2.262286834716796875e+02
3.446507263183593750e+01
3.500610351562500000e+01
4.404516601562500000e+01
1.239461975097656250e+02
5.945580291748046875e+01
5.873693466186523438e+01
1.138541412353515625e+02
4.644244766235351562e+01
1.227673492431640625e+02
8.543454742431640625e+01
9.118694305419921875e+01
3.611342620849609375e+01
3.861641693115234375e+01
6.535968780517578125e+01
5.712905502319335938e+01
7.345986175537109375e+01
4.841294097900390625e+01
4.698879623413085938e+01
3.681154632568359375e+01
4.844795989990234375e+01
6.250272750854492188e+01
5.697324752807617188e+01
4.363097763061523438e+01
7.402555084228515625e+01
8.223430633544921875e+01
4.677014160156250000e+01
3.291900253295898438e+01
5.120328903198242188e+01
3.000000000000000000e+01
5.296996307373046875e+01
9.203618621826171875e+01
4.753431701660156250e+01
7.375960540771484375e+01
5.337996673583984375e+01
5.465771102905273438e+01
3.706679153442382812e+01
8.873780822753906250e+01
6.071365737915039062e+01
8.448389434814453125e+01
1.090537414550781250e+02
5.860484695434570312e+01
4.736358642578125000e+01
3.810034942626953125e+01
4.896601867675781250e+01
6.853239440917968750e+01
7.396055603027343750e+01
1.784094238281250000e+02
5.422428512573242188e+01
5.907156372070312500e+01
4.977208709716796875e+01
4.529208374023437500e+01
3.913698959350585938e+01
5.228207778930664062e+01
5.439788818359375000e+01
6.823628234863281250e+01
6.788505554199218750e+01
3.000000000000000000e+01
3.081883811950683594e+01
6.027248382568359375e+01
9.820969390869140625e+01
6.710383605957031250e+01
1.063908233642578125e+02
3.598257827758789062e+01
3.614688491821289062e+01
4.651438522338867188e+01
6.051969909667968750e+01
1.682418670654296875e+02
6.071292114257812500e+01
4.943515014648437500e+01
5.483186340332031250e+01
3.237388229370117188e+01
3.000000000000000000e+01
7.599862670898437500e+01
3.798519134521484375e+01
3.820658874511718750e+01
5.288956069946289062e+01
7.537236785888671875e+01
4.486177825927734375e+01
8.275444030761718750e+01
3.852952957153320312e+01
5.568238830566406250e+01
6.547425842285156250e+01
6.608617401123046875e+01
5.779255294799804688e+01
4.393050003051757812e+01
4.737229537963867188e+01
3.000000000000000000e+01
3.865890121459960938e+01
3.884169006347656250e+01
4.173829269409179688e+01
6.312945175170898438e+01
4.927079010009765625e+01
4.878930282592773438e+01
3.000000000000000000e+01
3.132444190979003906e+01
4.450459289550781250e+01
3.690855789184570312e+01
1.276680755615234375e+02
3.000000000000000000e+01
6.619615173339843750e+01
9.483966827392578125e+01
5.195245361328125000e+01
3.117934608459472656e+01
5.502904891967773438e+01
6.779890441894531250e+01
6.889289093017578125e+01
5.431604003906250000e+01
5.207997894287109375e+01
6.180096435546875000e+01
6.892727661132812500e+01
6.487886047363281250e+01
4.604033279418945312e+01
6.825521850585937500e+01
4.092911911010742188e+01
6.177243804931640625e+01
6.292144012451171875e+01
3.205070877075195312e+01
3.603176879882812500e+01
5.666571807861328125e+01
4.641545867919921875e+01
4.108844375610351562e+01
4.553077697753906250e+01
5.753633499145507812e+01
4.791717147827148438e+01
6.940694427490234375e+01
8.817350006103515625e+01
6.615447998046875000e+01
8.643240356445312500e+01
4.591632080078125000e+01
4.304394912719726562e+01
4.669723510742187500e+01
6.403036499023437500e+01
7.082032012939453125e+01
6.259255218505859375e+01
7.418361663818359375e+01
3.098560333251953125e+01
8.843302154541015625e+01
4.714833068847656250e+01
5.216120529174804688e+01
1.000235366821289062e+02
1.514576416015625000e+02
1.101712036132812500e+02
3.688537216186523438e+01
3.266677856445312500e+01
4.865912628173828125e+01
5.525808334350585938e+01
9.848037719726562500e+01
7.615005493164062500e+01
7.081814575195312500e+01
9.777093505859375000e+01
5.120328903198242188e+01
4.818775177001953125e+01
3.000000000000000000e+01
6.198208618164062500e+01
5.948178100585937500e+01
3.324314117431640625e+01
4.533028030395507812e+01
9.085522460937500000e+01
5.671966934204101562e+01
4.062454986572265625e+01
9.320603179931640625e+01
3.610963439941406250e+01
4.117842102050781250e+01
5.863335418701171875e+01
5.349205017089843750e+01
4.977163696289062500e+01
4.393050003051757812e+01
2.032760314941406250e+02
5.934330749511718750e+01
4.798913574218750000e+01
4.281018447875976562e+01
4.715615844726562500e+01
1.311317749023437500e+02
4.267570877075195312e+01
4.375675201416015625e+01
6.051794433593750000e+01
4.363097763061523438e+01
8.645680999755859375e+01
3.740712738037109375e+01
6.019593048095703125e+01
5.956382751464843750e+01
4.817249298095703125e+01
5.035702133178710938e+01
4.444863510131835938e+01
6.004638671875000000e+01
5.713063430786132812e+01
1.989511413574218750e+02
3.065086555480957031e+01
4.953069305419921875e+01
6.580625915527343750e+01
5.484317398071289062e+01
4.589594268798828125e+01
4.276624298095703125e+01
4.072014617919921875e+01
5.245426559448242188e+01
3.208131790161132812e+01
3.875359344482421875e+01
5.188902282714843750e+01
3.193059921264648438e+01
4.463685607910156250e+01
3.688889694213867188e+01
4.075318145751953125e+01
5.150194549560546875e+01
3.064079475402832031e+01
7.092504882812500000e+01
7.556499481201171875e+01
3.000000000000000000e+01
4.092842864990234375e+01
4.609683990478515625e+01
8.761501312255859375e+01
4.540001296997070312e+01
9.224911499023437500e+01
3.000000000000000000e+01
7.626959228515625000e+01
8.752767944335937500e+01
5.404500579833984375e+01
1.000235366821289062e+02
3.256152725219726562e+01
4.173925018310546875e+01
4.062683868408203125e+01
4.471165466308593750e+01
1.123078079223632812e+02
5.173467636108398438e+01
5.937520217895507812e+01
7.219639587402343750e+01
3.048163414001464844e+01
8.552303314208984375e+01
7.973919677734375000e+01
4.204646301269531250e+01
5.109970092773437500e+01
7.861764526367187500e+01
8.342723846435546875e+01
7.768884277343750000e+01
7.023874664306640625e+01
3.050942611694335938e+01
4.183191680908203125e+01
6.875343322753906250e+01
7.404505920410156250e+01
9.943894958496093750e+01
7.201232910156250000e+01
1.315675048828125000e+02
6.421313476562500000e+01
3.478137588500976562e+01
4.944274902343750000e+01
3.749793624877929688e+01
5.307736968994140625e+01
3.000000000000000000e+01
3.000000000000000000e+01
9.211988830566406250e+01
1.011653289794921875e+02
4.895116424560546875e+01
3.297549819946289062e+01
4.457347869873046875e+01
6.598014068603515625e+01
4.570241165161132812e+01
4.783796691894531250e+01
7.396055603027343750e+01
3.961106872558593750e+01
7.825740051269531250e+01
3.000000000000000000e+01
5.595966720581054688e+01
6.039179992675781250e+01
3.678606796264648438e+01
4.089880371093750000e+01
5.839467239379882812e+01
3.000000000000000000e+01
6.516651916503906250e+01
6.525728607177734375e+01
5.345256805419921875e+01
9.161595916748046875e+01
6.791224670410156250e+01
3.291024780273437500e+01
3.501194763183593750e+01
3.978992843627929688e+01
4.495596313476562500e+01
4.022260665893554688e+01
3.147732162475585938e+01
3.902611541748046875e+01
9.062528228759765625e+01
5.143190765380859375e+01
3.959294891357421875e+01
9.442768096923828125e+01
8.034554290771484375e+01
4.291315460205078125e+01
6.158160781860351562e+01
8.107895660400390625e+01
4.444556808471679688e+01
4.395802307128906250e+01
1.113812942504882812e+02
5.031261062622070312e+01
8.631681823730468750e+01
4.582768630981445312e+01
3.001779747009277344e+01
5.923484802246093750e+01
4.290281677246093750e+01
3.880740356445312500e+01
5.418501281738281250e+01
4.089648437500000000e+01
5.275650024414062500e+01
4.938957977294921875e+01
5.737976455688476562e+01
3.248655319213867188e+01
3.985480117797851562e+01
6.675888061523437500e+01
9.826738739013671875e+01
4.439806365966796875e+01
9.630002593994140625e+01
4.779722595214843750e+01
3.507679367065429688e+01
8.796411895751953125e+01
8.715573120117187500e+01
4.773436737060546875e+01
5.658052062988281250e+01
3.966540527343750000e+01
4.753691101074218750e+01
3.000000000000000000e+01
7.058378601074218750e+01
5.461518478393554688e+01
3.967382049560546875e+01
7.176506042480468750e+01
5.324432373046875000e+01
5.799314880371093750e+01
3.327965545654296875e+01
5.481382751464843750e+01
6.600932312011718750e+01
5.643038177490234375e+01
7.936836242675781250e+01
6.924252319335937500e+01
3.556193161010742188e+01
4.624268341064453125e+01
3.000000000000000000e+01
6.100015258789062500e+01
6.961352539062500000e+01
8.128494262695312500e+01
6.019593048095703125e+01
5.429222869873046875e+01
6.886393737792968750e+01
5.481382751464843750e+01
4.107936859130859375e+01
4.516090774536132812e+01
4.795571517944335938e+01
5.086990356445312500e+01
6.104176330566406250e+01
5.643197631835937500e+01
3.000000000000000000e+01
6.193962097167968750e+01
4.786466979980468750e+01
5.296650695800781250e+01
4.382327270507812500e+01
5.613423156738281250e+01
3.409003448486328125e+01
5.701181411743164062e+01
7.956096649169921875e+01
4.254423141479492188e+01
5.342575454711914062e+01
3.998083496093750000e+01
7.983706665039062500e+01
5.913509750366210938e+01
3.441339874267578125e+01
4.555853271484375000e+01
4.490775299072265625e+01
6.142079162597656250e+01
7.202388000488281250e+01
3.000000000000000000e+01
4.536944580078125000e+01
6.877707672119140625e+01
4.669433975219726562e+01
5.299440002441406250e+01
4.855772018432617188e+01
5.952826309204101562e+01
3.943354797363281250e+01
3.000000000000000000e+01
4.680442047119140625e+01
4.450346374511718750e+01
6.835430908203125000e+01
3.000000000000000000e+01
9.241191101074218750e+01
4.683714675903320312e+01
4.517609405517578125e+01
4.254781341552734375e+01
4.486895751953125000e+01
3.528261184692382812e+01
5.475168609619140625e+01
3.266677856445312500e+01
4.579961395263671875e+01
4.271350860595703125e+01
4.975062942504882812e+01
4.901216888427734375e+01
6.308499145507812500e+01
6.630597686767578125e+01
5.340508270263671875e+01
5.679944610595703125e+01
4.118675231933593750e+01
3.000000000000000000e+01
3.000000000000000000e+01
4.486895751953125000e+01
7.418361663818359375e+01
4.341187286376953125e+01
5.247246551513671875e+01
3.000000000000000000e+01
7.614973449707031250e+01
5.429435348510742188e+01
8.098077392578125000e+01
3.538745117187500000e+01
3.294708633422851562e+01
5.761978149414062500e+01
3.145918655395507812e+01
5.134616851806640625e+01
3.160938644409179688e+01
5.419405746459960938e+01
3.218043899536132812e+01
3.000000000000000000e+01
4.866798019409179688e+01
3.344727706909179688e+01
8.417109680175781250e+01
4.655636596679687500e+01
8.128494262695312500e+01
5.539905548095703125e+01
4.001761245727539062e+01
3.000000000000000000e+01
3.780012512207031250e+01
4.261363983154296875e+01
4.322122192382812500e+01
5.752478790283203125e+01
8.576331329345703125e+01
4.500735855102539062e+01
3.472544860839843750e+01
3.844580078125000000e+01
8.073854827880859375e+01
6.239658355712890625e+01
5.023756408691406250e+01
3.000000000000000000e+01
3.000000000000000000e+01
3.820875930786132812e+01
3.205070877075195312e+01
6.376392745971679688e+01
3.000000000000000000e+01
5.089533233642578125e+01
4.228892898559570312e+01
3.628332519531250000e+01
3.623032379150390625e+01
5.897989654541015625e+01
3.000000000000000000e+01
7.245546722412109375e+01
5.229573822021484375e+01
7.050086212158203125e+01
5.539905548095703125e+01
7.040167999267578125e+01
3.483752441406250000e+01
3.198061752319335938e+01
6.678546905517578125e+01
3.000000000000000000e+01
4.427556991577148438e+01
8.188980865478515625e+01
3.341188812255859375e+01
4.672918701171875000e+01
4.868524551391601562e+01
5.443236160278320312e+01
4.478704452514648438e+01
7.855464172363281250e+01
3.203622436523437500e+01
4.346235275268554688e+01
7.702761077880859375e+01
4.670690917968750000e+01
7.861764526367187500e+01
8.284375000000000000e+01
3.000000000000000000e+01
6.831523895263671875e+01
3.097397804260253906e+01
5.405049133300781250e+01
5.748037719726562500e+01
4.689588165283203125e+01
7.637155151367187500e+01
6.120646667480468750e+01
4.267717742919921875e+01
6.998228454589843750e+01
7.884516906738281250e+01
3.168643379211425781e+01
7.344904327392578125e+01
4.040974044799804688e+01
3.747559738159179688e+01
4.115146255493164062e+01
5.628708648681640625e+01
3.000000000000000000e+01
6.413006591796875000e+01
5.301061630249023438e+01
4.953069305419921875e+01
4.064121246337890625e+01
4.890364074707031250e+01
3.063652610778808594e+01
3.000000000000000000e+01
7.247325134277343750e+01
3.000000000000000000e+01
4.400392913818359375e+01
6.295034027099609375e+01
5.559624481201171875e+01
4.705259323120117188e+01
4.684632873535156250e+01
4.555853271484375000e+01
3.000000000000000000e+01
3.730680847167968750e+01
3.531929397583007812e+01
5.062135696411132812e+01
3.621378326416015625e+01
3.828774261474609375e+01
6.027248382568359375e+01
4.268770217895507812e+01
4.438872528076171875e+01
4.529560852050781250e+01
7.278239440917968750e+01
3.705926513671875000e+01
6.780834197998046875e+01
9.266664123535156250e+01
5.096601104736328125e+01
5.335789108276367188e+01
4.190854263305664062e+01
4.639753723144531250e+01
3.252081298828125000e+01
4.678688430786132812e+01
5.217765426635742188e+01
1.090537414550781250e+02
4.580189132690429688e+01
3.875938034057617188e+01
4.674715423583984375e+01
4.751741409301757812e+01
4.932596969604492188e+01
4.505895996093750000e+01
5.349205017089843750e+01
5.822937393188476562e+01
3.000000000000000000e+01
5.026425170898437500e+01
3.609823608398437500e+01
5.105168151855468750e+01
4.310122680664062500e+01
3.000000000000000000e+01
4.756853485107421875e+01
5.556143951416015625e+01
3.580733489990234375e+01
4.876180267333984375e+01
4.707622528076171875e+01
4.711912536621093750e+01
6.710383605957031250e+01
4.091690826416015625e+01
3.755374145507812500e+01
3.913698959350585938e+01
4.679783630371093750e+01
3.472816467285156250e+01
4.440750122070312500e+01
3.751456451416015625e+01
5.072937774658203125e+01
3.756859207153320312e+01
4.196437072753906250e+01
4.732683944702148438e+01
4.762393951416015625e+01
4.689170455932617188e+01
4.694673919677734375e+01
3.479560852050781250e+01
5.551300048828125000e+01
5.236836624145507812e+01
4.029594421386718750e+01
3.989384460449218750e+01
6.054789733886718750e+01
5.255598449707031250e+01
3.971163940429687500e+01
5.755266952514648438e+01
3.699690628051757812e+01
5.741072082519531250e+01
4.041328048706054688e+01
1.022151794433593750e+02
8.225510406494140625e+01
4.214882278442382812e+01
6.371704864501953125e+01
3.000000000000000000e+01
8.060186004638671875e+01
3.000000000000000000e+01
4.613967132568359375e+01
7.610289764404296875e+01
5.172945022583007812e+01
5.062522125244140625e+01
5.815964508056640625e+01
9.246025085449218750e+01
3.881218338012695312e+01
4.026686859130859375e+01
3.000000000000000000e+01
5.674091339111328125e+01
4.569042968750000000e+01
3.022241592407226562e+01
4.626638412475585938e+01
7.957318115234375000e+01
4.977339553833007812e+01
4.057971954345703125e+01
4.481021499633789062e+01
5.858692932128906250e+01
4.950230789184570312e+01
4.345881652832031250e+01
5.261612701416015625e+01
9.224911499023437500e+01
6.145610046386718750e+01
7.271308898925781250e+01
7.225570678710937500e+01
8.223447418212890625e+01
5.851696777343750000e+01
3.373172378540039062e+01
3.756077575683593750e+01
5.636451339721679688e+01
4.355071258544921875e+01
3.606429672241210938e+01
3.480836486816406250e+01
3.202924728393554688e+01
4.061783981323242188e+01
3.296131515502929688e+01
4.537923431396484375e+01
5.053184509277343750e+01
6.905517578125000000e+01
4.502699279785156250e+01
3.767778396606445312e+01
4.542857742309570312e+01
3.000000000000000000e+01
5.425981140136718750e+01
5.068817520141601562e+01
7.606368255615234375e+01
5.193568038940429688e+01
4.503720092773437500e+01
3.000000000000000000e+01
5.576921081542968750e+01
5.241708755493164062e+01
3.000000000000000000e+01
6.142079162597656250e+01
3.410104370117187500e+01
9.888949584960937500e+01
4.007258605957031250e+01
7.191037750244140625e+01
5.994521331787109375e+01
4.016439819335937500e+01
3.475063705444335938e+01
4.399380874633789062e+01
4.688169860839843750e+01
4.874036407470703125e+01
4.283177566528320312e+01
3.985228347778320312e+01
3.000000000000000000e+01
4.093252563476562500e+01
8.645680999755859375e+01
7.509487152099609375e+01
7.138925170898437500e+01
3.000000000000000000e+01
3.952480316162109375e+01
6.258568191528320312e+01
4.061783599853515625e+01
5.994287872314453125e+01
4.851375579833984375e+01
7.106887054443359375e+01
3.923274993896484375e+01
4.591478729248046875e+01
3.613080596923828125e+01
3.782270812988281250e+01
3.470330429077148438e+01
7.127693939208984375e+01
3.861116409301757812e+01
3.892242431640625000e+01
3.561143493652343750e+01
4.679467773437500000e+01
5.218114852905273438e+01
3.000000000000000000e+01
4.417021942138671875e+01
3.818293762207031250e+01
3.072074508666992188e+01
5.047791290283203125e+01
7.219639587402343750e+01
3.000000000000000000e+01
6.170925903320312500e+01
4.572504425048828125e+01
4.084719467163085938e+01
4.207385253906250000e+01
4.329328536987304688e+01
3.945878982543945312e+01
3.973857116699218750e+01
3.817761230468750000e+01
4.523777770996093750e+01
3.879187774658203125e+01
3.392211151123046875e+01
4.094361877441406250e+01
3.796789550781250000e+01
3.441072082519531250e+01
4.205578994750976562e+01
3.594374465942382812e+01
5.405661773681640625e+01
5.009912872314453125e+01
9.246025848388671875e+01
4.398126602172851562e+01
3.619055175781250000e+01
3.641740798950195312e+01
8.440509796142578125e+01
3.750746917724609375e+01
3.949205017089843750e+01
7.127693939208984375e+01
5.730408477783203125e+01
4.341703796386718750e+01
3.894177627563476562e+01
4.742471694946289062e+01
1.167798080444335938e+02
5.098094177246093750e+01
6.079770660400390625e+01
8.611659240722656250e+01
3.004786300659179688e+01
3.060334777832031250e+01
5.367611694335937500e+01
3.430847930908203125e+01
5.709437179565429688e+01
5.627031707763671875e+01
3.955552291870117188e+01
4.054637527465820312e+01
6.949886322021484375e+01
3.255026245117187500e+01
4.736056518554687500e+01
4.719175338745117188e+01
4.864100646972656250e+01
4.060363388061523438e+01
3.432331466674804688e+01
3.097397804260253906e+01
3.717359161376953125e+01
4.004642486572265625e+01
7.463967895507812500e+01
4.224303436279296875e+01
3.937960433959960938e+01
6.529801940917968750e+01
5.441470336914062500e+01
4.028550720214843750e+01
3.714050292968750000e+01
4.618855667114257812e+01
4.082015991210937500e+01
3.391762542724609375e+01
4.274221038818359375e+01
4.337420654296875000e+01
6.461694335937500000e+01
5.717487716674804688e+01
5.386385345458984375e+01
3.000000000000000000e+01
4.413402557373046875e+01
4.400621795654296875e+01
3.647547149658203125e+01
5.201159667968750000e+01
4.718006896972656250e+01
4.253316497802734375e+01
4.126198577880859375e+01
3.812454986572265625e+01
3.711238098144531250e+01
3.229946899414062500e+01
5.765921401977539062e+01
4.220349121093750000e+01
4.580189132690429688e+01
4.977163696289062500e+01
4.362484741210937500e+01
3.779796981811523438e+01
4.869337844848632812e+01
3.000000000000000000e+01
7.515538787841796875e+01
3.466990280151367188e+01
4.436082458496093750e+01
4.808283996582031250e+01
8.761501312255859375e+01
4.446467590332031250e+01
3.602275848388671875e+01
3.000000000000000000e+01
3.220184707641601562e+01
4.393052291870117188e+01
4.046923828125000000e+01
3.904203033447265625e+01
3.000000000000000000e+01
3.000000000000000000e+01
3.000000000000000000e+01
3.436914443969726562e+01
4.744126892089843750e+01
4.265209960937500000e+01
5.969501876831054688e+01
4.325718688964843750e+01
6.141297912597656250e+01
4.745675659179687500e+01
5.364800643920898438e+01
4.231757736206054688e+01
3.302608108520507812e+01
5.243616104125976562e+01
3.457109832763671875e+01
3.000000000000000000e+01
4.786091232299804688e+01
4.574821853637695312e+01
3.087897109985351562e+01
4.343146514892578125e+01
3.282427978515625000e+01
4.204657745361328125e+01
3.677546691894531250e+01
4.067494201660156250e+01
