5.048212432861328125e+01
7.101443481445312500e+01
4.154264068603515625e+01
3.998078155517578125e+01
5.729396820068359375e+01
7.038478851318359375e+01
3.944923400878906250e+01
5.546926116943359375e+01
6.153619384765625000e+01
1.356824951171875000e+02
4.772430801391601562e+01
1.236157836914062500e+02
5.629718017578125000e+01
4.588473129272460938e+01
5.152352523803710938e+01
5.195663833618164062e+01
7.560961914062500000e+01
3.913198089599609375e+01
4.442061233520507812e+01
1.435899963378906250e+02
3.723867034912109375e+01
9.685562133789062500e+01
3.043351364135742188e+01
3.777699279785156250e+01
4.509186553955078125e+01
7.833758544921875000e+01
3.000000000000000000e+01
6.800708007812500000e+01
1.840261993408203125e+02
4.968321990966796875e+01
5.546187591552734375e+01
4.609854125976562500e+01
3.350112915039062500e+01
9.617906188964843750e+01
5.058855819702148438e+01
6.849009704589843750e+01
6.969195556640625000e+01
6.061928558349609375e+01
4.507715225219726562e+01
3.000000000000000000e+01
4.613692092895507812e+01
3.693700408935546875e+01
5.101697540283203125e+01
4.617567062377929688e+01
3.145589256286621094e+01
3.000000000000000000e+01
3.976959228515625000e+01
6.466136169433593750e+01
1.142098617553710938e+02
5.245057296752929688e+01
4.623675537109375000e+01
3.660154342651367188e+01
6.446385955810546875e+01
4.013877868652343750e+01
1.193769073486328125e+02
4.979216766357421875e+01
7.231245422363281250e+01
4.363688659667968750e+01
5.468966674804687500e+01
7.905377197265625000e+01
6.107598114013671875e+01
8.564231872558593750e+01
3.954397201538085938e+01
9.363179779052734375e+01
1.035181732177734375e+02
5.251319122314453125e+01
5.189281463623046875e+01
3.000000000000000000e+01
4.256075286865234375e+01
5.400439071655273438e+01
6.081645965576171875e+01
3.889292144775390625e+01
8.151017761230468750e+01
3.936626434326171875e+01
6.464061737060546875e+01
3.566844558715820312e+01
4.350234603881835938e+01
5.481482315063476562e+01
4.343130874633789062e+01
5.925208282470703125e+01
3.596539688110351562e+01
7.560961914062500000e+01
4.879619598388671875e+01
1.178728179931640625e+02
9.879942321777343750e+01
4.487649154663085938e+01
3.990618515014648438e+01
4.309153366088867188e+01
5.629718017578125000e+01
6.005114746093750000e+01
4.194518661499023438e+01
4.881217956542968750e+01
6.262143325805664062e+01
5.754552078247070312e+01
1.009012451171875000e+02
9.070864868164062500e+01
6.525160217285156250e+01
3.923683166503906250e+01
5.196839904785156250e+01
3.835662078857421875e+01
1.049419708251953125e+02
6.495491027832031250e+01
1.597468261718750000e+02
3.008959579467773438e+01
4.383065414428710938e+01
8.501042175292968750e+01
3.000000000000000000e+01
5.726102066040039062e+01
4.825192642211914062e+01
3.000000000000000000e+01
4.401566314697265625e+01
3.582919692993164062e+01
7.092955017089843750e+01
1.145227966308593750e+02
4.010009765625000000e+01
3.979185485839843750e+01
9.607178497314453125e+01
4.633129882812500000e+01
8.428681945800781250e+01
5.849795150756835938e+01
4.288047790527343750e+01
5.698374938964843750e+01
5.130561065673828125e+01
4.321887207031250000e+01
4.581085205078125000e+01
5.046611404418945312e+01
6.564192199707031250e+01
5.715019226074218750e+01
4.866167449951171875e+01
5.693539810180664062e+01
4.598731231689453125e+01
1.141819610595703125e+02
5.468518447875976562e+01
3.000000000000000000e+01
6.843056488037109375e+01
4.821406555175781250e+01
1.155427246093750000e+02
4.347769165039062500e+01
3.764422607421875000e+01
7.408351135253906250e+01
4.741755676269531250e+01
9.293576049804687500e+01
7.157220458984375000e+01
4.978688049316406250e+01
6.819021606445312500e+01
4.891714859008789062e+01
8.757167053222656250e+01
9.580442810058593750e+01
5.180432128906250000e+01
1.260838241577148438e+02
5.753069305419921875e+01
7.201918792724609375e+01
5.439143371582031250e+01
9.552824401855468750e+01
5.688431549072265625e+01
1.179144897460937500e+02
3.207136535644531250e+01
1.387055969238281250e+02
3.454381179809570312e+01
6.874449920654296875e+01
3.389552688598632812e+01
4.968885040283203125e+01
4.347666549682617188e+01
3.696028518676757812e+01
7.399000549316406250e+01
3.376338195800781250e+01
5.408477401733398438e+01
5.087488555908203125e+01
3.361655426025390625e+01
1.232997741699218750e+02
4.476144790649414062e+01
5.717050552368164062e+01
3.889427566528320312e+01
3.000000000000000000e+01
5.612815856933593750e+01
7.603425598144531250e+01
4.846620559692382812e+01
4.829610061645507812e+01
6.965756225585937500e+01
4.741903305053710938e+01
6.619749450683593750e+01
5.747362899780273438e+01
6.447769165039062500e+01
5.316090393066406250e+01
3.937188720703125000e+01
3.000000000000000000e+01
3.767111587524414062e+01
6.547126770019531250e+01
5.761602020263671875e+01
4.312092590332031250e+01
4.312524414062500000e+01
4.816770935058593750e+01
6.287237930297851562e+01
4.267078399658203125e+01
5.084647369384765625e+01
4.712304687500000000e+01
3.000000000000000000e+01
7.625997161865234375e+01
1.427062225341796875e+02
7.638942718505859375e+01
5.997332000732421875e+01
1.233655624389648438e+02
7.505708312988281250e+01
4.407581329345703125e+01
5.713299560546875000e+01
3.862620925903320312e+01
4.501696777343750000e+01
4.516450500488281250e+01
1.104141998291015625e+02
3.129586029052734375e+01
4.486924743652343750e+01
9.570980834960937500e+01
4.954723358154296875e+01
3.913963699340820312e+01
3.678853607177734375e+01
4.560088348388671875e+01
5.156187057495117188e+01
5.809687042236328125e+01
3.729344940185546875e+01
4.579059219360351562e+01
3.950515747070312500e+01
6.774824523925781250e+01
1.078725433349609375e+02
3.866102981567382812e+01
4.494106674194335938e+01
4.189299011230468750e+01
6.063834762573242188e+01
1.102048797607421875e+02
6.095893859863281250e+01
1.052307281494140625e+02
3.721865844726562500e+01
4.153242492675781250e+01
4.643569183349609375e+01
6.981928253173828125e+01
4.275654602050781250e+01
7.613646697998046875e+01
4.438465881347656250e+01
4.384691619873046875e+01
6.889836120605468750e+01
3.728453826904296875e+01
4.394061279296875000e+01
1.233345794677734375e+02
1.279231872558593750e+02
7.675001525878906250e+01
9.444251251220703125e+01
4.210817337036132812e+01
4.688712310791015625e+01
1.465710754394531250e+02
1.773175506591796875e+02
4.026446533203125000e+01
7.014363098144531250e+01
4.370143890380859375e+01
5.444630050659179688e+01
9.223724365234375000e+01
4.780115127563476562e+01
5.075345611572265625e+01
4.679178619384765625e+01
4.372169113159179688e+01
4.009878921508789062e+01
1.487113189697265625e+02
7.067692565917968750e+01
5.367021179199218750e+01
4.927468872070312500e+01
4.433726119995117188e+01
1.309678344726562500e+02
5.228400421142578125e+01
1.589655456542968750e+02
6.782212066650390625e+01
9.022045898437500000e+01
6.087084197998046875e+01
5.574637985229492188e+01
4.695494079589843750e+01
7.675001525878906250e+01
6.981101226806640625e+01
1.843181304931640625e+02
4.704634857177734375e+01
7.070732879638671875e+01
8.102770233154296875e+01
1.040379333496093750e+02
1.060542526245117188e+02
5.739947509765625000e+01
7.029696655273437500e+01
5.339533615112304688e+01
4.297874450683593750e+01
5.384018325805664062e+01
3.832187271118164062e+01
3.374213027954101562e+01
5.121518707275390625e+01
3.833576583862304688e+01
3.743315505981445312e+01
3.969250488281250000e+01
3.000000000000000000e+01
3.599130249023437500e+01
9.666676330566406250e+01
3.103075599670410156e+01
3.705826568603515625e+01
5.403974914550781250e+01
3.709061813354492188e+01
5.150840759277343750e+01
4.992928314208984375e+01
4.331649780273437500e+01
3.268607711791992188e+01
4.027909088134765625e+01
8.320111083984375000e+01
7.328865814208984375e+01
4.126828384399414062e+01
7.494218444824218750e+01
7.777340698242187500e+01
7.234735107421875000e+01
1.187997741699218750e+02
1.666631774902343750e+02
3.000000000000000000e+01
9.752700805664062500e+01
1.029181823730468750e+02
8.559700775146484375e+01
4.255253982543945312e+01
3.755393218994140625e+01
1.474787597656250000e+02
6.391033935546875000e+01
5.196839904785156250e+01
5.197863006591796875e+01
4.649662780761718750e+01
3.547570800781250000e+01
5.328954315185546875e+01
3.638275146484375000e+01
3.526551437377929688e+01
4.251826477050781250e+01
3.847635650634765625e+01
8.151018524169921875e+01
4.778614807128906250e+01
7.976706695556640625e+01
4.944316101074218750e+01
5.093820953369140625e+01
4.404982757568359375e+01
4.306060028076171875e+01
4.544423294067382812e+01
7.060998535156250000e+01
4.857904815673828125e+01
3.452486038208007812e+01
3.501116561889648438e+01
5.859910583496093750e+01
8.997117614746093750e+01
4.177746200561523438e+01
7.234735107421875000e+01
4.659881973266601562e+01
4.882877349853515625e+01
1.580556488037109375e+02
3.632550048828125000e+01
4.015815734863281250e+01
1.051199417114257812e+02
1.685095977783203125e+02
1.921727294921875000e+02
5.360927963256835938e+01
8.564231872558593750e+01
3.377717208862304688e+01
9.552728271484375000e+01
6.433120727539062500e+01
3.603191375732421875e+01
1.435096435546875000e+02
5.731822586059570312e+01
6.214957427978515625e+01
1.491647644042968750e+02
4.412888336181640625e+01
6.173330307006835938e+01
8.220292663574218750e+01
3.566906356811523438e+01
6.732131195068359375e+01
1.001712341308593750e+02
3.000000000000000000e+01
5.657041168212890625e+01
6.108050537109375000e+01
4.141632080078125000e+01
1.094596862792968750e+02
1.369589538574218750e+02
4.046256637573242188e+01
1.342486114501953125e+02
8.980042266845703125e+01
4.968322372436523438e+01
7.475982666015625000e+01
8.934104156494140625e+01
3.000000000000000000e+01
4.270703125000000000e+01
3.000000000000000000e+01
4.159877014160156250e+01
6.094496917724609375e+01
1.279231872558593750e+02
5.294927978515625000e+01
4.591397857666015625e+01
4.099697494506835938e+01
2.777714233398437500e+02
3.214927673339843750e+01
3.899097442626953125e+01
3.000000000000000000e+01
4.448805236816406250e+01
4.212784194946289062e+01
6.055218887329101562e+01
8.056171417236328125e+01
1.054618530273437500e+02
7.044741058349609375e+01
4.690794372558593750e+01
5.528266525268554688e+01
4.264161682128906250e+01
1.380888671875000000e+02
4.069119644165039062e+01
3.547223281860351562e+01
4.546215438842773438e+01
4.096402740478515625e+01
6.381490707397460938e+01
6.378339004516601562e+01
1.324544982910156250e+02
6.954804992675781250e+01
9.618437194824218750e+01
5.312326812744140625e+01
4.648703765869140625e+01
7.383726501464843750e+01
3.000000000000000000e+01
6.946360778808593750e+01
6.324351501464843750e+01
3.675465393066406250e+01
3.861187362670898438e+01
9.773776245117187500e+01
3.000000000000000000e+01
4.193884277343750000e+01
1.444074096679687500e+02
5.140613937377929688e+01
5.136044311523437500e+01
7.170321655273437500e+01
4.176929092407226562e+01
6.001954269409179688e+01
8.964898681640625000e+01
4.759775543212890625e+01
7.976706695556640625e+01
2.066556396484375000e+02
5.328954315185546875e+01
1.308910980224609375e+02
4.510844421386718750e+01
4.905937194824218750e+01
9.430996704101562500e+01
6.800708007812500000e+01
5.716069412231445312e+01
7.169076538085937500e+01
3.000000000000000000e+01
6.571573638916015625e+01
5.252848052978515625e+01
7.260483551025390625e+01
4.451978683471679688e+01
4.420753479003906250e+01
6.833728027343750000e+01
1.329938659667968750e+02
9.768080902099609375e+01
4.496432495117187500e+01
5.439142990112304688e+01
4.626893234252929688e+01
6.046953582763671875e+01
7.679965209960937500e+01
5.638291168212890625e+01
1.073977661132812500e+02
9.054998779296875000e+01
3.000000000000000000e+01
1.213674545288085938e+02
8.252162933349609375e+01
5.263664627075195312e+01
4.469058609008789062e+01
4.808663940429687500e+01
4.384732055664062500e+01
1.752488250732421875e+02
3.006013107299804688e+01
5.085156250000000000e+01
5.194724655151367188e+01
4.350762557983398438e+01
9.500196838378906250e+01
3.606015014648437500e+01
4.649680328369140625e+01
1.533714141845703125e+02
7.328865814208984375e+01
9.144615936279296875e+01
5.769032287597656250e+01
3.482774734497070312e+01
5.444599533081054688e+01
9.604991149902343750e+01
8.596526336669921875e+01
6.662477111816406250e+01
6.496996307373046875e+01
3.000000000000000000e+01
4.575024414062500000e+01
7.250045776367187500e+01
4.388306045532226562e+01
3.913963699340820312e+01
7.620936584472656250e+01
8.510730743408203125e+01
6.502233886718750000e+01
5.989833450317382812e+01
5.650304412841796875e+01
3.000000000000000000e+01
4.029036712646484375e+01
3.000000000000000000e+01
3.552422332763671875e+01
3.000000000000000000e+01
3.319651412963867188e+01
5.121176910400390625e+01
4.934364700317382812e+01
4.308925628662109375e+01
8.450134277343750000e+01
6.049937820434570312e+01
4.789757537841796875e+01
4.052322769165039062e+01
4.879932785034179688e+01
6.017627334594726562e+01
3.447608947753906250e+01
3.638849258422851562e+01
8.828543853759765625e+01
3.935597229003906250e+01
5.592227935791015625e+01
3.000000000000000000e+01
5.248269653320312500e+01
3.000000000000000000e+01
5.152352523803710938e+01
1.016745910644531250e+02
5.835763931274414062e+01
3.000000000000000000e+01
6.031861495971679688e+01
3.547223281860351562e+01
7.830281829833984375e+01
4.227083587646484375e+01
3.859811401367187500e+01
1.347921142578125000e+02
4.217987823486328125e+01
9.837303161621093750e+01
9.663313293457031250e+01
3.733779525756835938e+01
4.864828491210937500e+01
8.690940856933593750e+01
3.742999267578125000e+01
5.425189208984375000e+01
4.927468872070312500e+01
1.323243865966796875e+02
4.833153533935546875e+01
5.630764007568359375e+01
5.682815933227539062e+01
3.739029693603515625e+01
4.527020263671875000e+01
1.065305252075195312e+02
3.583749771118164062e+01
6.380458450317382812e+01
7.409265136718750000e+01
3.975524902343750000e+01
3.000000000000000000e+01
4.514806747436523438e+01
4.576341247558593750e+01
4.308731460571289062e+01
3.562493896484375000e+01
3.635512542724609375e+01
4.175667190551757812e+01
4.648226165771484375e+01
5.381729507446289062e+01
4.382800674438476562e+01
5.923685836791992188e+01
5.726102066040039062e+01
6.947573089599609375e+01
1.104141998291015625e+02
5.451751708984375000e+01
1.035185394287109375e+02
8.460279846191406250e+01
1.213962478637695312e+02
3.548425674438476562e+01
4.852980804443359375e+01
3.000000000000000000e+01
5.118122482299804688e+01
6.665235900878906250e+01
7.827353668212890625e+01
7.856191253662109375e+01
9.885330200195312500e+01
4.010009765625000000e+01
4.120718383789062500e+01
6.710773468017578125e+01
9.162038421630859375e+01
3.000000000000000000e+01
4.811244964599609375e+01
4.182692718505859375e+01
3.721683120727539062e+01
9.693772888183593750e+01
4.194518661499023438e+01
4.636673736572265625e+01
4.388633346557617188e+01
4.686692428588867188e+01
5.860501861572265625e+01
8.796817016601562500e+01
4.706470108032226562e+01
3.000000000000000000e+01
3.176178932189941406e+01
1.054618530273437500e+02
5.587427520751953125e+01
3.988888931274414062e+01
4.332859039306640625e+01
6.614559173583984375e+01
4.383708190917968750e+01
4.997275543212890625e+01
5.978518295288085938e+01
6.780371093750000000e+01
4.097869491577148438e+01
7.169493103027343750e+01
6.748834228515625000e+01
8.188498687744140625e+01
8.252447509765625000e+01
4.275392150878906250e+01
3.119158172607421875e+01
6.935398864746093750e+01
7.512322235107421875e+01
4.458240890502929688e+01
6.121925354003906250e+01
5.357290649414062500e+01
3.807253646850585938e+01
5.235286712646484375e+01
5.687699890136718750e+01
3.431086730957031250e+01
4.760140991210937500e+01
7.202359008789062500e+01
6.833728027343750000e+01
4.628291320800781250e+01
5.950690078735351562e+01
3.796049118041992188e+01
7.537611389160156250e+01
1.125077972412109375e+02
6.645452880859375000e+01
4.222290802001953125e+01
1.213962478637695312e+02
5.360927581787109375e+01
6.794404602050781250e+01
8.510730743408203125e+01
3.724687957763671875e+01
3.479996109008789062e+01
7.602740478515625000e+01
5.233718490600585938e+01
4.156326675415039062e+01
2.344592895507812500e+02
3.000000000000000000e+01
3.064798736572265625e+01
4.096358489990234375e+01
1.255324401855468750e+02
5.750151062011718750e+01
5.679961395263671875e+01
9.661343383789062500e+01
4.661454772949218750e+01
1.326844024658203125e+02
8.420982360839843750e+01
8.541862487792968750e+01
3.000000000000000000e+01
3.107848548889160156e+01
6.622113800048828125e+01
6.019104766845703125e+01
7.277300262451171875e+01
4.857904815673828125e+01
4.619635009765625000e+01
3.000000000000000000e+01
4.759808349609375000e+01
6.212509918212890625e+01
6.676488494873046875e+01
3.894940185546875000e+01
7.935708618164062500e+01
8.284494018554687500e+01
4.381221008300781250e+01
3.253074645996093750e+01
5.155900955200195312e+01
3.000000000000000000e+01
5.046548843383789062e+01
1.020377197265625000e+02
4.791915893554687500e+01
7.247515869140625000e+01
5.335652160644531250e+01
5.439254760742187500e+01
3.769740295410156250e+01
9.293576049804687500e+01
6.322509765625000000e+01
8.196085357666015625e+01
1.043613433837890625e+02
5.516783142089843750e+01
4.304941558837890625e+01
4.020329666137695312e+01
4.797841644287109375e+01
6.579441833496093750e+01
6.637538909912109375e+01
1.752488250732421875e+02
5.307682800292968750e+01
5.026093292236328125e+01
5.263056945800781250e+01
4.631684112548828125e+01
4.316148376464843750e+01
5.233416366577148438e+01
5.262046813964843750e+01
6.507833862304687500e+01
6.638740539550781250e+01
3.000000000000000000e+01
3.000000000000000000e+01
5.563867187500000000e+01
1.007281723022460938e+02
5.944794082641601562e+01
9.837303161621093750e+01
3.137669754028320312e+01
3.878723526000976562e+01
4.056144714355468750e+01
7.058771514892578125e+01
1.624457855224609375e+02
5.836932373046875000e+01
5.587871551513671875e+01
5.624214935302734375e+01
3.000000000000000000e+01
3.773102569580078125e+01
8.263516235351562500e+01
3.248114776611328125e+01
3.577697372436523438e+01
4.878661346435546875e+01
6.893754577636718750e+01
3.328009033203125000e+01
1.003896789550781250e+02
3.881986999511718750e+01
4.638973236083984375e+01
6.391033935546875000e+01
6.359402847290039062e+01
5.742875671386718750e+01
4.449622726440429688e+01
4.808735275268554688e+01
3.000000000000000000e+01
4.016726684570312500e+01
4.069120025634765625e+01
4.056849670410156250e+01
6.453138732910156250e+01
5.140613937377929688e+01
4.274501800537109375e+01
3.000000000000000000e+01
3.579207992553710938e+01
3.899097442626953125e+01
3.453960800170898438e+01
1.297652740478515625e+02
3.356318664550781250e+01
6.084136962890625000e+01
1.031256713867187500e+02
5.113401031494140625e+01
3.000000000000000000e+01
5.165733718872070312e+01
6.874449920654296875e+01
7.097015380859375000e+01
5.252614212036132812e+01
5.972528839111328125e+01
6.125818252563476562e+01
7.788432312011718750e+01
6.174548339843750000e+01
4.199604034423828125e+01
6.519220733642578125e+01
3.332315444946289062e+01
5.444599151611328125e+01
6.256599807739257812e+01
3.258457946777343750e+01
3.593271636962890625e+01
5.425878143310546875e+01
4.868179321289062500e+01
4.141300964355468750e+01
5.150841140747070312e+01
5.215651321411132812e+01
4.798101806640625000e+01
7.012385559082031250e+01
8.173360443115234375e+01
5.912361145019531250e+01
9.086226654052734375e+01
4.494828033447265625e+01
3.728453826904296875e+01
4.863085556030273438e+01
6.545395660400390625e+01
7.063835144042968750e+01
5.893281555175781250e+01
6.714266204833984375e+01
3.408776092529296875e+01
8.565760803222656250e+01
4.743278121948242188e+01
5.239126968383789062e+01
8.992106628417968750e+01
1.435899963378906250e+02
1.240890808105468750e+02
3.851985168457031250e+01
4.231313705444335938e+01
5.126375198364257812e+01
6.204524993896484375e+01
9.768080902099609375e+01
8.394251251220703125e+01
6.801568603515625000e+01
1.030854415893554688e+02
5.155901336669921875e+01
4.782566070556640625e+01
3.267567443847656250e+01
6.130858230590820312e+01
6.005651855468750000e+01
3.557922363281250000e+01
4.874111557006835938e+01
9.279106903076171875e+01
6.241105270385742188e+01
4.438957214355468750e+01
9.303385162353515625e+01
4.051970672607421875e+01
5.134308242797851562e+01
5.400439453125000000e+01
5.447547149658203125e+01
5.927270507812500000e+01
4.449622344970703125e+01
2.143130035400390625e+02
5.547980499267578125e+01
4.694119262695312500e+01
3.999698257446289062e+01
4.505243301391601562e+01
1.369188995361328125e+02
4.341706848144531250e+01
4.261536026000976562e+01
5.733688735961914062e+01
3.894940185546875000e+01
8.013833618164062500e+01
3.876963424682617188e+01
5.913189697265625000e+01
5.032443237304687500e+01
4.757883071899414062e+01
3.669234085083007812e+01
4.397797775268554688e+01
5.649032974243164062e+01
5.767134094238281250e+01
2.032404174804687500e+02
3.091968345642089844e+01
5.103685760498046875e+01
6.848587036132812500e+01
5.544696807861328125e+01
4.453511047363281250e+01
4.505250930786132812e+01
3.865473937988281250e+01
5.095990753173828125e+01
3.531548309326171875e+01
4.606915283203125000e+01
4.729512405395507812e+01
3.564892196655273438e+01
4.325058746337890625e+01
3.610176467895507812e+01
3.733779525756835938e+01
4.961550903320312500e+01
3.080373001098632812e+01
6.128746032714843750e+01
7.434528350830078125e+01
3.000000000000000000e+01
4.546265029907226562e+01
5.403974914550781250e+01
7.491067504882812500e+01
4.890571212768554688e+01
9.191751098632812500e+01
3.000000000000000000e+01
6.662477111816406250e+01
8.183119201660156250e+01
4.670405578613281250e+01
8.992106628417968750e+01
3.578199005126953125e+01
3.981413650512695312e+01
3.998261260986328125e+01
4.324996566772460938e+01
1.164729614257812500e+02
5.011281585693359375e+01
5.597152709960937500e+01
7.233138275146484375e+01
3.278763961791992188e+01
8.721417236328125000e+01
8.127579498291015625e+01
4.500497436523437500e+01
5.292128372192382812e+01
8.658932495117187500e+01
8.023339843750000000e+01
7.435011291503906250e+01
6.730307769775390625e+01
3.376343536376953125e+01
4.110197448730468750e+01
6.307369232177734375e+01
6.582864379882812500e+01
1.185922698974609375e+02
7.654131317138671875e+01
1.107188720703125000e+02
6.358314132690429688e+01
3.869347381591796875e+01
5.169830322265625000e+01
3.648608398437500000e+01
4.432479095458984375e+01
3.000000000000000000e+01
3.000000000000000000e+01
9.028927612304687500e+01
9.997233581542968750e+01
4.972552108764648438e+01
3.394303894042968750e+01
4.489860916137695312e+01
6.536393737792968750e+01
4.373522186279296875e+01
4.839011383056640625e+01
6.637538909912109375e+01
4.037485885620117188e+01
7.745039367675781250e+01
3.773102569580078125e+01
5.463410186767578125e+01
5.820119094848632812e+01
3.848543548583984375e+01
3.579209899902343750e+01
5.836541748046875000e+01
3.000000000000000000e+01
6.374843597412109375e+01
7.301167297363281250e+01
5.203324890136718750e+01
9.444251251220703125e+01
6.894910430908203125e+01
3.320110702514648438e+01
4.429706573486328125e+01
3.712448883056640625e+01
4.846514892578125000e+01
4.027388000488281250e+01
3.480384826660156250e+01
3.837197113037109375e+01
9.353426361083984375e+01
4.690794754028320312e+01
4.159106445312500000e+01
1.329938659667968750e+02
7.751979064941406250e+01
4.383924102783203125e+01
6.176445770263671875e+01
7.804689788818359375e+01
4.308925628662109375e+01
5.010698318481445312e+01
1.157469024658203125e+02
4.668106842041015625e+01
8.514653015136718750e+01
4.343130874633789062e+01
3.000000000000000000e+01
6.005114746093750000e+01
4.603446960449218750e+01
4.260529327392578125e+01
5.770371246337890625e+01
4.310071182250976562e+01
5.073693466186523438e+01
4.581369018554687500e+01
5.731822586059570312e+01
3.835220336914062500e+01
4.044786834716796875e+01
6.976518249511718750e+01
9.891757202148437500e+01
5.087784194946289062e+01
9.594107055664062500e+01
4.642130279541015625e+01
3.274296569824218750e+01
9.265466308593750000e+01
8.753433227539062500e+01
4.404459381103515625e+01
5.245520782470703125e+01
4.289869689941406250e+01
5.033119201660156250e+01
3.000000000000000000e+01
8.763218688964843750e+01
5.032120513916015625e+01
4.340407562255859375e+01
5.769032287597656250e+01
5.269033432006835938e+01
5.675435638427734375e+01
3.355944061279296875e+01
4.517464447021484375e+01
6.661546325683593750e+01
5.849795150756835938e+01
7.671589660644531250e+01
6.306034851074218750e+01
3.629524230957031250e+01
4.733816146850585938e+01
3.000000000000000000e+01
6.113780212402343750e+01
6.564192199707031250e+01
8.506170654296875000e+01
5.913189315795898438e+01
5.414657592773437500e+01
6.725733947753906250e+01
4.517464828491210938e+01
4.421033477783203125e+01
4.541324615478515625e+01
5.247475814819335938e+01
4.399193191528320312e+01
6.052047348022460938e+01
5.698339080810546875e+01
3.000000000000000000e+01
7.067692565917968750e+01
4.624411773681640625e+01
6.481763458251953125e+01
4.083879470825195312e+01
6.136251068115234375e+01
3.513654327392578125e+01
4.421437454223632812e+01
6.815689849853515625e+01
4.190724945068359375e+01
5.177155303955078125e+01
3.906198120117187500e+01
7.979603576660156250e+01
5.710576629638671875e+01
4.170726394653320312e+01
4.825077819824218750e+01
4.115798187255859375e+01
5.770600128173828125e+01
7.193621063232421875e+01
3.000000000000000000e+01
4.171452713012695312e+01
5.762356567382812500e+01
5.120835494995117188e+01
5.997332000732421875e+01
4.481929779052734375e+01
6.545770263671875000e+01
4.245117187500000000e+01
3.000000000000000000e+01
4.459203720092773438e+01
4.708947753906250000e+01
6.904753875732421875e+01
3.657472991943359375e+01
9.430996704101562500e+01
4.846433639526367188e+01
4.486924743652343750e+01
4.353718566894531250e+01
4.435778045654296875e+01
3.854101562500000000e+01
5.576992034912109375e+01
4.231313705444335938e+01
4.172881698608398438e+01
3.520830154418945312e+01
4.998313140869140625e+01
5.789635467529296875e+01
6.061928558349609375e+01
6.438838195800781250e+01
5.215354156494140625e+01
5.639636993408203125e+01
4.536568069458007812e+01
3.000000000000000000e+01
3.000000000000000000e+01
4.435778045654296875e+01
6.714266204833984375e+01
5.568843841552734375e+01
5.140784454345703125e+01
3.000000000000000000e+01
7.490530395507812500e+01
5.487792587280273438e+01
8.135610961914062500e+01
3.581893920898437500e+01
3.315964508056640625e+01
6.081393432617187500e+01
3.569064331054687500e+01
5.111819076538085938e+01
3.193269729614257812e+01
4.708726501464843750e+01
3.000000000000000000e+01
3.000000000000000000e+01
4.408984756469726562e+01
3.370646667480468750e+01
7.656588745117187500e+01
4.678258895874023438e+01
8.506170654296875000e+01
5.313346099853515625e+01
3.977680206298828125e+01
3.000000000000000000e+01
3.684645462036132812e+01
4.498766708374023438e+01
4.007170104980468750e+01
5.868244171142578125e+01
8.056171417236328125e+01
3.859811401367187500e+01
3.455287933349609375e+01
3.744001007080078125e+01
8.417737579345703125e+01
6.263116836547851562e+01
3.375617218017578125e+01
3.259366226196289062e+01
3.632712173461914062e+01
3.749998855590820312e+01
3.258457946777343750e+01
5.945626449584960938e+01
3.176509284973144531e+01
5.134429550170898438e+01
3.860144042968750000e+01
3.636067199707031250e+01
3.522550964355468750e+01
5.848938751220703125e+01
3.000000000000000000e+01
6.600199890136718750e+01
5.372407913208007812e+01
7.408351135253906250e+01
5.313346099853515625e+01
6.536293029785156250e+01
3.000000000000000000e+01
3.192702674865722656e+01
5.796251678466796875e+01
3.000000000000000000e+01
4.752263641357421875e+01
7.878320312500000000e+01
3.000000000000000000e+01
4.646557998657226562e+01
5.127808761596679688e+01
4.864828491210937500e+01
4.266661071777343750e+01
7.044741058349609375e+01
3.000000000000000000e+01
3.938208389282226562e+01
7.055764770507812500e+01
4.551771926879882812e+01
8.658932495117187500e+01
7.827733612060546875e+01
3.000000000000000000e+01
6.404562377929687500e+01
3.474695968627929688e+01
5.716069412231445312e+01
5.306085205078125000e+01
4.404916763305664062e+01
7.613646697998046875e+01
6.378338623046875000e+01
3.546912765502929688e+01
7.287557983398437500e+01
7.366490173339843750e+01
3.078935432434082031e+01
7.316473388671875000e+01
3.632683563232421875e+01
3.244539260864257812e+01
3.954897689819335938e+01
5.492779922485351562e+01
3.000000000000000000e+01
6.768908691406250000e+01
5.143351745605468750e+01
5.103685760498046875e+01
3.962504577636718750e+01
4.888090515136718750e+01
3.971376037597656250e+01
4.274563980102539062e+01
7.684135437011718750e+01
3.744169235229492188e+01
3.562565612792968750e+01
6.392305755615234375e+01
6.048930358886718750e+01
5.070534515380859375e+01
4.629636383056640625e+01
4.825077819824218750e+01
3.515301513671875000e+01
3.698341369628906250e+01
3.627756881713867188e+01
4.832991790771484375e+01
3.000000000000000000e+01
3.811384582519531250e+01
5.563867187500000000e+01
3.852437973022460938e+01
4.308731460571289062e+01
4.583905029296875000e+01
7.392582702636718750e+01
4.106523895263671875e+01
7.200628662109375000e+01
9.225358581542968750e+01
5.051602554321289062e+01
5.717050552368164062e+01
4.204415130615234375e+01
4.616369247436523438e+01
3.695328521728515625e+01
4.686108779907226562e+01
5.105540847778320312e+01
1.043613433837890625e+02
4.183649063110351562e+01
3.534843063354492188e+01
4.525622558593750000e+01
5.077098083496093750e+01
4.172827529907226562e+01
4.527020263671875000e+01
5.447547149658203125e+01
6.053124237060546875e+01
3.356318664550781250e+01
5.194787597656250000e+01
3.480363082885742188e+01
5.385696029663085938e+01
5.235286712646484375e+01
3.000000000000000000e+01
4.631335067749023438e+01
5.220307922363281250e+01
3.729286193847656250e+01
4.580077362060546875e+01
4.790813064575195312e+01
4.574820709228515625e+01
5.944793701171875000e+01
4.063708496093750000e+01
3.620661163330078125e+01
4.316148376464843750e+01
4.770133972167968750e+01
4.407581329345703125e+01
4.362479019165039062e+01
4.240988922119140625e+01
6.208024215698242188e+01
3.820591354370117188e+01
5.232740783691406250e+01
5.528108215332031250e+01
4.233829498291015625e+01
4.730069351196289062e+01
4.772964859008789062e+01
3.618004608154296875e+01
5.519252395629882812e+01
5.258184051513671875e+01
3.548425674438476562e+01
4.088283538818359375e+01
5.058228302001953125e+01
4.969123840332031250e+01
4.248866271972656250e+01
5.783425140380859375e+01
3.604206466674804688e+01
5.496706771850585938e+01
3.931984710693359375e+01
1.006293640136718750e+02
8.088038635253906250e+01
4.347492980957031250e+01
5.720085525512695312e+01
3.000000000000000000e+01
8.252878570556640625e+01
3.000000000000000000e+01
3.946576690673828125e+01
7.548660278320312500e+01
5.066423416137695312e+01
4.204749298095703125e+01
5.773041915893554688e+01
9.160501861572265625e+01
3.675769424438476562e+01
4.053198623657226562e+01
3.000000000000000000e+01
5.736883544921875000e+01
4.374750518798828125e+01
3.153796195983886719e+01
5.078437423706054688e+01
7.423560333251953125e+01
5.273363494873046875e+01
4.030081558227539062e+01
3.354430389404296875e+01
6.000672149658203125e+01
4.134671020507812500e+01
4.475679779052734375e+01
5.317111206054687500e+01
9.191750335693359375e+01
6.233288192749023438e+01
6.991688537597656250e+01
7.137675476074218750e+01
7.756025695800781250e+01
5.520555114746093750e+01
3.835839843750000000e+01
3.327036285400390625e+01
5.342039871215820312e+01
4.113797760009765625e+01
4.276520538330078125e+01
3.903929519653320312e+01
3.377602005004882812e+01
3.000000000000000000e+01
3.305210113525390625e+01
4.422538375854492188e+01
4.943470764160156250e+01
6.372188186645507812e+01
4.495276641845703125e+01
3.652672576904296875e+01
4.514408874511718750e+01
3.000000000000000000e+01
4.982872772216796875e+01
4.382956695556640625e+01
7.157220458984375000e+01
5.160557556152343750e+01
4.588473129272460938e+01
3.000000000000000000e+01
4.575024032592773438e+01
4.871314239501953125e+01
3.000000000000000000e+01
5.770599746704101562e+01
3.295852279663085938e+01
8.355671691894531250e+01
4.019168853759765625e+01
6.491233825683593750e+01
5.896616363525390625e+01
4.343709945678710938e+01
3.706221771240234375e+01
3.953243255615234375e+01
5.079751205444335938e+01
4.648703765869140625e+01
4.603952789306640625e+01
3.967718505859375000e+01
3.127690124511718750e+01
4.103392791748046875e+01
8.013833618164062500e+01
6.622010040283203125e+01
7.777340698242187500e+01
3.238982009887695312e+01
4.254453277587890625e+01
6.030688476562500000e+01
3.000000000000000000e+01
6.225010681152343750e+01
5.413060379028320312e+01
6.149400329589843750e+01
4.659236907958984375e+01
4.791946792602539062e+01
3.662744140625000000e+01
3.601971817016601562e+01
3.528724288940429688e+01
6.999851989746093750e+01
3.132469177246093750e+01
3.752254104614257812e+01
3.358903503417968750e+01
4.568444061279296875e+01
5.291009902954101562e+01
3.000000000000000000e+01
4.882877349853515625e+01
4.209223175048828125e+01
3.198455810546875000e+01
5.316090393066406250e+01
7.233138275146484375e+01
3.000000000000000000e+01
6.095129013061523438e+01
4.359620285034179688e+01
3.960862350463867188e+01
4.049748992919921875e+01
4.427936172485351562e+01
3.403218841552734375e+01
3.942055511474609375e+01
3.973149108886718750e+01
4.429195404052734375e+01
3.868810272216796875e+01
3.373477172851562500e+01
4.324113845825195312e+01
3.804617309570312500e+01
3.352475738525390625e+01
3.763429260253906250e+01
3.496703338623046875e+01
5.415724945068359375e+01
4.704331207275390625e+01
9.160501861572265625e+01
4.551638412475585938e+01
3.577733230590820312e+01
3.699426651000976562e+01
8.390763092041015625e+01
3.739029693603515625e+01
4.157522583007812500e+01
6.999851989746093750e+01
5.942440032958984375e+01
4.407642364501953125e+01
3.976348876953125000e+01
5.121176910400390625e+01
1.025431060791015625e+02
5.041020965576171875e+01
5.961552810668945312e+01
7.218386840820312500e+01
3.008959388732910156e+01
3.601826477050781250e+01
6.022159576416015625e+01
4.073745346069335938e+01
5.527120971679687500e+01
5.649265289306640625e+01
3.945246887207031250e+01
3.761094665527343750e+01
7.921672058105468750e+01
3.156977081298828125e+01
4.931745910644531250e+01
5.956082916259765625e+01
4.783964920043945312e+01
3.786473846435546875e+01
4.222291183471679688e+01
3.474695587158203125e+01
3.788015747070312500e+01
3.869808578491210938e+01
7.787673187255859375e+01
3.784498596191406250e+01
3.360364151000976562e+01
7.190686035156250000e+01
5.313952636718750000e+01
4.370627212524414062e+01
3.627727127075195312e+01
4.582596969604492188e+01
4.215896987915039062e+01
3.265938949584960938e+01
4.457135009765625000e+01
4.154597473144531250e+01
7.288290405273437500e+01
5.837795639038085938e+01
4.886495208740234375e+01
3.000000000000000000e+01
3.875928115844726562e+01
3.894678497314453125e+01
3.000000000000000000e+01
4.193798065185546875e+01
4.042266082763671875e+01
4.357632064819335938e+01
3.342942810058593750e+01
3.576028442382812500e+01
4.138104248046875000e+01
3.012460708618164062e+01
6.055899810791015625e+01
4.332505035400390625e+01
4.183648681640625000e+01
5.927270507812500000e+01
4.005101776123046875e+01
3.968688964843750000e+01
4.881153869628906250e+01
3.000000000000000000e+01
7.294123840332031250e+01
4.446953964233398438e+01
4.546416091918945312e+01
4.704968643188476562e+01
7.491067504882812500e+01
4.401536560058593750e+01
3.695553588867187500e+01
3.000000000000000000e+01
3.672239303588867188e+01
4.712955474853515625e+01
3.954740142822265625e+01
3.954233932495117188e+01
3.000000000000000000e+01
3.035982894897460938e+01
3.000000000000000000e+01
3.285605621337890625e+01
4.407326507568359375e+01
3.988291549682617188e+01
5.926908874511718750e+01
4.348185348510742188e+01
6.430960083007812500e+01
4.707411575317382812e+01
4.793407058715820312e+01
5.874136352539062500e+01
3.050831222534179688e+01
5.661340713500976562e+01
3.000000000000000000e+01
3.000000000000000000e+01
4.905737304687500000e+01
4.395160675048828125e+01
3.114969444274902344e+01
4.294221115112304688e+01
3.320169067382812500e+01
4.173699188232421875e+01
3.685603332519531250e+01
4.152248382568359375e+01
