5.292244338989257812e+01
6.395317459106445312e+01
3.929751586914062500e+01
4.143336486816406250e+01
5.492536544799804688e+01
7.285630035400390625e+01
3.017182540893554688e+01
7.824239349365234375e+01
5.745927810668945312e+01
1.270414581298828125e+02
4.581653594970703125e+01
1.521369018554687500e+02
5.161943817138671875e+01
4.563469696044921875e+01
3.000000000000000000e+01
6.986096191406250000e+01
7.263800811767578125e+01
4.010987091064453125e+01
4.351552963256835938e+01
1.430600891113281250e+02
4.114840316772460938e+01
9.473399353027343750e+01
3.000000000000000000e+01
4.105757904052734375e+01
4.101629638671875000e+01
8.029636383056640625e+01
3.000000000000000000e+01
7.926782226562500000e+01
1.781361389160156250e+02
5.360984802246093750e+01
6.343336486816406250e+01
4.484120941162109375e+01
3.729230499267578125e+01
9.589067077636718750e+01
3.998777008056640625e+01
5.863287353515625000e+01
6.536415100097656250e+01
5.538024139404296875e+01
4.421342468261718750e+01
3.000000000000000000e+01
4.801544952392578125e+01
3.467319869995117188e+01
4.491200256347656250e+01
5.074920654296875000e+01
3.268596649169921875e+01
3.392727661132812500e+01
3.000000000000000000e+01
5.920442199707031250e+01
1.216485061645507812e+02
6.143962860107421875e+01
4.347864532470703125e+01
3.000000000000000000e+01
5.833668518066406250e+01
4.309543609619140625e+01
1.018064575195312500e+02
5.381037902832031250e+01
6.390639495849609375e+01
5.346721649169921875e+01
5.952154159545898438e+01
6.456402587890625000e+01
5.637976074218750000e+01
8.309410095214843750e+01
3.779528808593750000e+01
7.790670776367187500e+01
9.718830108642578125e+01
5.079521179199218750e+01
4.836254119873046875e+01
3.000000000000000000e+01
4.504679870605468750e+01
5.244631958007812500e+01
6.227268981933593750e+01
3.827840423583984375e+01
8.626333618164062500e+01
3.822325515747070312e+01
6.423297882080078125e+01
4.420753097534179688e+01
5.244658279418945312e+01
4.707667541503906250e+01
4.127071380615234375e+01
6.619072723388671875e+01
3.441214370727539062e+01
7.263800048828125000e+01
4.822411346435546875e+01
9.237211608886718750e+01
8.824804687500000000e+01
3.705447006225585938e+01
3.744452667236328125e+01
4.499122619628906250e+01
5.161943817138671875e+01
5.958007812500000000e+01
5.111716461181640625e+01
4.979453277587890625e+01
6.465554809570312500e+01
5.032041931152343750e+01
9.964635467529296875e+01
1.006938629150390625e+02
6.803739929199218750e+01
3.715653228759765625e+01
7.339299011230468750e+01
4.576452636718750000e+01
1.032515258789062500e+02
7.428073120117187500e+01
1.589134521484375000e+02
3.000000000000000000e+01
4.523489379882812500e+01
7.149011230468750000e+01
3.000000000000000000e+01
5.692612075805664062e+01
4.794764328002929688e+01
3.000000000000000000e+01
4.830877685546875000e+01
4.115859985351562500e+01
7.419010925292968750e+01
9.585829925537109375e+01
4.045608139038085938e+01
3.981222534179687500e+01
8.820466613769531250e+01
4.592499542236328125e+01
8.250347900390625000e+01
5.435105514526367188e+01
4.327846527099609375e+01
5.030912017822265625e+01
5.327713775634765625e+01
4.123545074462890625e+01
4.443826675415039062e+01
4.857145309448242188e+01
6.940620422363281250e+01
5.991705322265625000e+01
4.753424072265625000e+01
6.229963302612304688e+01
5.082003021240234375e+01
1.101347122192382812e+02
6.447473907470703125e+01
3.684059143066406250e+01
6.449345397949218750e+01
5.010016632080078125e+01
1.117619781494140625e+02
4.422036743164062500e+01
3.782923889160156250e+01
7.449784088134765625e+01
4.367434692382812500e+01
1.070740509033203125e+02
8.757986450195312500e+01
4.674364852905273438e+01
6.812629699707031250e+01
4.745384597778320312e+01
9.129785919189453125e+01
9.724268341064453125e+01
5.469255065917968750e+01
1.216855239868164062e+02
5.622145843505859375e+01
6.967070007324218750e+01
4.933410644531250000e+01
1.030202713012695312e+02
5.794612121582031250e+01
1.143140029907226562e+02
3.018581199645996094e+01
1.242104492187500000e+02
3.914631652832031250e+01
7.089016723632812500e+01
3.842657089233398438e+01
4.508999252319335938e+01
4.810877609252929688e+01
4.158165740966796875e+01
6.640342712402343750e+01
3.802299499511718750e+01
5.720997238159179688e+01
5.012697982788085938e+01
3.593807601928710938e+01
1.200345077514648438e+02
4.651003265380859375e+01
4.584885025024414062e+01
3.000000000000000000e+01
3.068883132934570312e+01
5.031547546386718750e+01
8.045286560058593750e+01
4.798348236083984375e+01
4.364473342895507812e+01
7.510720062255859375e+01
4.536038589477539062e+01
6.472341918945312500e+01
5.575521087646484375e+01
6.328006744384765625e+01
5.966352081298828125e+01
4.041015625000000000e+01
3.225508880615234375e+01
3.858664321899414062e+01
5.970632553100585938e+01
5.851178741455078125e+01
3.701113891601562500e+01
4.591292953491210938e+01
6.088894653320312500e+01
7.530880737304687500e+01
4.652834320068359375e+01
3.923960113525390625e+01
5.971685791015625000e+01
3.586279296875000000e+01
7.538170623779296875e+01
1.240292663574218750e+02
7.706446838378906250e+01
5.691117095947265625e+01
1.201023178100585938e+02
6.411849975585937500e+01
3.692070388793945312e+01
5.015849304199218750e+01
4.312905883789062500e+01
4.962253570556640625e+01
3.225666427612304688e+01
1.235774993896484375e+02
3.096022415161132812e+01
4.720490646362304688e+01
9.434043884277343750e+01
4.696018981933593750e+01
4.339204406738281250e+01
3.620468139648437500e+01
4.104513168334960938e+01
5.468933105468750000e+01
5.074492645263671875e+01
4.034883880615234375e+01
4.447622680664062500e+01
3.382178115844726562e+01
7.706024169921875000e+01
1.073813934326171875e+02
4.363353729248046875e+01
4.682862854003906250e+01
4.071351623535156250e+01
5.750803375244140625e+01
9.847001647949218750e+01
6.578526306152343750e+01
9.321499633789062500e+01
3.364629364013671875e+01
4.055776977539062500e+01
5.296376800537109375e+01
4.399014282226562500e+01
4.443918609619140625e+01
6.807261657714843750e+01
4.406641387939453125e+01
4.792720794677734375e+01
6.708634948730468750e+01
4.375033187866210938e+01
4.420892715454101562e+01
1.158099517822265625e+02
9.201416015625000000e+01
7.768670654296875000e+01
9.497274017333984375e+01
4.319732284545898438e+01
4.331637573242187500e+01
1.397862091064453125e+02
1.552018127441406250e+02
5.051705932617187500e+01
5.859228897094726562e+01
4.398560333251953125e+01
5.891532135009765625e+01
1.014820709228515625e+02
4.430071640014648438e+01
5.111058807373046875e+01
4.275603485107421875e+01
4.094673156738281250e+01
3.249769592285156250e+01
1.486425170898437500e+02
4.922837066650390625e+01
5.254322433471679688e+01
4.693058013916015625e+01
4.332088851928710938e+01
1.333439025878906250e+02
5.070111846923828125e+01
1.396244506835937500e+02
7.668019866943359375e+01
6.362166976928710938e+01
6.093993377685546875e+01
6.220317840576171875e+01
4.699826431274414062e+01
7.768670654296875000e+01
6.395575332641601562e+01
1.522641601562500000e+02
4.225686645507812500e+01
6.666436767578125000e+01
7.658054351806640625e+01
9.698712158203125000e+01
9.542953491210937500e+01
4.917710876464843750e+01
6.831368255615234375e+01
5.413996124267578125e+01
4.281735610961914062e+01
6.001628875732421875e+01
4.037086486816406250e+01
3.762110137939453125e+01
5.041277313232421875e+01
3.954182434082031250e+01
3.695176696777343750e+01
3.875946044921875000e+01
3.000000000000000000e+01
3.548298263549804688e+01
8.920272827148437500e+01
4.504735183715820312e+01
3.583096694946289062e+01
5.319211578369140625e+01
4.430885314941406250e+01
4.121485900878906250e+01
5.148246765136718750e+01
4.572379302978515625e+01
3.024166870117187500e+01
4.305454254150390625e+01
8.871821594238281250e+01
7.657948303222656250e+01
4.035493087768554688e+01
7.487138366699218750e+01
6.959851837158203125e+01
6.816709899902343750e+01
1.021265182495117188e+02
1.556277160644531250e+02
3.916875076293945312e+01
9.428976440429687500e+01
9.888391113281250000e+01
8.920851135253906250e+01
4.134797668457031250e+01
3.701881408691406250e+01
1.356968383789062500e+02
5.733871078491210938e+01
7.339299011230468750e+01
4.683055877685546875e+01
5.163704299926757812e+01
3.884144592285156250e+01
4.758140563964843750e+01
4.099884796142578125e+01
3.674514770507812500e+01
4.134057235717773438e+01
3.742749786376953125e+01
8.626333618164062500e+01
4.633338165283203125e+01
7.797562408447265625e+01
5.035028076171875000e+01
4.146204757690429688e+01
4.281871795654296875e+01
4.400262451171875000e+01
4.509059524536132812e+01
7.191820526123046875e+01
4.542861175537109375e+01
3.000000000000000000e+01
3.484692382812500000e+01
5.553664016723632812e+01
8.441666412353515625e+01
4.352633666992187500e+01
6.816709899902343750e+01
4.763485717773437500e+01
4.747010040283203125e+01
1.471140441894531250e+02
3.761331939697265625e+01
3.715808486938476562e+01
9.402751922607421875e+01
1.535668334960937500e+02
1.726974487304687500e+02
5.214283752441406250e+01
8.309410095214843750e+01
3.446923828125000000e+01
9.813136291503906250e+01
6.249786376953125000e+01
3.641009521484375000e+01
1.221693115234375000e+02
5.303324890136718750e+01
6.662772369384765625e+01
1.316417541503906250e+02
4.628075408935546875e+01
7.364584350585937500e+01
8.426695251464843750e+01
3.611429214477539062e+01
7.618381500244140625e+01
1.070653228759765625e+02
3.000000000000000000e+01
6.331221389770507812e+01
6.370206069946289062e+01
5.360963439941406250e+01
8.945825958251953125e+01
1.426223754882812500e+02
3.794695663452148438e+01
1.275058059692382812e+02
8.814759826660156250e+01
5.360984802246093750e+01
8.728233337402343750e+01
7.579458618164062500e+01
3.000000000000000000e+01
4.039357376098632812e+01
3.000000000000000000e+01
4.667173767089843750e+01
5.238618469238281250e+01
9.201416015625000000e+01
4.903932952880859375e+01
4.341192245483398438e+01
6.229529953002929688e+01
2.716179199218750000e+02
3.943930435180664062e+01
4.040127944946289062e+01
3.545765686035156250e+01
3.000000000000000000e+01
4.554872512817382812e+01
6.934960937500000000e+01
7.207272338867187500e+01
9.400230407714843750e+01
7.975221252441406250e+01
4.757846069335937500e+01
5.034589767456054688e+01
4.318830871582031250e+01
1.437937927246093750e+02
4.330468368530273438e+01
3.927256774902343750e+01
6.758866882324218750e+01
3.804119873046875000e+01
6.634461975097656250e+01
5.345241928100585938e+01
1.406023712158203125e+02
7.003654479980468750e+01
9.648176574707031250e+01
5.314662933349609375e+01
4.680176162719726562e+01
7.622647094726562500e+01
3.000000000000000000e+01
7.431151580810546875e+01
8.169404602050781250e+01
3.528549194335937500e+01
3.404993057250976562e+01
9.467614746093750000e+01
3.000000000000000000e+01
3.965837097167968750e+01
1.345857543945312500e+02
6.182369995117187500e+01
5.609632110595703125e+01
6.852169799804687500e+01
4.163971710205078125e+01
6.174455261230468750e+01
9.040262603759765625e+01
4.671907043457031250e+01
7.797562408447265625e+01
2.043790283203125000e+02
4.758140945434570312e+01
1.161007385253906250e+02
4.497214508056640625e+01
4.914156341552734375e+01
1.032334289550781250e+02
7.926782226562500000e+01
5.881822586059570312e+01
7.893875122070312500e+01
3.639611053466796875e+01
6.398442077636718750e+01
5.311277008056640625e+01
6.181743240356445312e+01
4.230084991455078125e+01
4.612094497680664062e+01
5.952709197998046875e+01
1.418437652587890625e+02
9.551034545898437500e+01
4.979013061523437500e+01
4.933410644531250000e+01
4.132292556762695312e+01
5.810389328002929688e+01
7.178176116943359375e+01
3.896642684936523438e+01
1.004826965332031250e+02
1.099532470703125000e+02
4.423413085937500000e+01
1.079158248901367188e+02
9.739210510253906250e+01
5.480760955810546875e+01
4.644449234008789062e+01
4.687631607055664062e+01
4.842259216308593750e+01
1.969866943359375000e+02
3.628796386718750000e+01
5.237981033325195312e+01
5.255179214477539062e+01
4.389890289306640625e+01
1.025067825317382812e+02
3.541158676147460938e+01
4.462261199951171875e+01
1.372242736816406250e+02
7.657948303222656250e+01
8.181042480468750000e+01
4.029819107055664062e+01
3.234565353393554688e+01
6.040297317504882812e+01
9.440323638916015625e+01
8.028596496582031250e+01
7.725194549560546875e+01
6.607649230957031250e+01
3.000000000000000000e+01
6.971546936035156250e+01
8.199491119384765625e+01
4.771018981933593750e+01
4.339204406738281250e+01
6.810211944580078125e+01
9.893335723876953125e+01
6.863293457031250000e+01
5.706507110595703125e+01
5.049274826049804688e+01
3.000000000000000000e+01
3.680275726318359375e+01
3.000000000000000000e+01
4.318614196777343750e+01
3.729739379882812500e+01
3.528709030151367188e+01
5.107924270629882812e+01
4.668632507324218750e+01
4.345025634765625000e+01
7.913630676269531250e+01
5.468342590332031250e+01
3.952069854736328125e+01
3.619847488403320312e+01
5.061758804321289062e+01
5.469312667846679688e+01
3.663137054443359375e+01
3.495252990722656250e+01
7.495839691162109375e+01
3.877504730224609375e+01
5.785203170776367188e+01
3.000000000000000000e+01
5.244534301757812500e+01
3.289629745483398438e+01
3.000000000000000000e+01
1.183267059326171875e+02
5.174885177612304688e+01
3.297370910644531250e+01
6.325383758544921875e+01
3.927257156372070312e+01
7.585847473144531250e+01
5.339333343505859375e+01
4.025174713134765625e+01
1.205381927490234375e+02
4.839996719360351562e+01
1.045100021362304688e+02
9.754127502441406250e+01
3.983967590332031250e+01
4.262559509277343750e+01
9.673260498046875000e+01
3.885256958007812500e+01
5.397713851928710938e+01
4.693058013916015625e+01
1.752896728515625000e+02
4.504574203491210938e+01
5.170158004760742188e+01
5.771316146850585938e+01
3.845751953125000000e+01
4.719087982177734375e+01
9.664350891113281250e+01
4.152352905273437500e+01
8.429496002197265625e+01
5.314024353027343750e+01
4.509770202636718750e+01
3.218878936767578125e+01
4.740785980224609375e+01
5.033136749267578125e+01
4.186709213256835938e+01
3.736254119873046875e+01
3.637968444824218750e+01
4.251659393310546875e+01
4.972159576416015625e+01
4.603935623168945312e+01
4.226035690307617188e+01
5.852769470214843750e+01
5.692612075805664062e+01
6.876886749267578125e+01
1.235774993896484375e+02
6.262099456787109375e+01
1.000031127929687500e+02
8.389115142822265625e+01
1.088975372314453125e+02
4.066520690917968750e+01
6.449349975585937500e+01
4.525850296020507812e+01
3.871024322509765625e+01
7.030178070068359375e+01
7.588206481933593750e+01
7.692243957519531250e+01
8.203183746337890625e+01
4.045608139038085938e+01
4.262061691284179688e+01
6.918991088867187500e+01
8.568750000000000000e+01
3.000000000000000000e+01
5.312752914428710938e+01
4.321757125854492188e+01
3.854599761962890625e+01
9.835180664062500000e+01
5.111716461181640625e+01
4.501374053955078125e+01
4.047040176391601562e+01
4.860406875610351562e+01
7.011126708984375000e+01
9.077389526367187500e+01
4.003097152709960938e+01
3.378696823120117188e+01
3.000000000000000000e+01
9.400230407714843750e+01
5.723781585693359375e+01
4.307420730590820312e+01
5.262656402587890625e+01
6.109284973144531250e+01
4.683088302612304688e+01
5.574748992919921875e+01
6.102000045776367188e+01
6.826844787597656250e+01
3.970735549926757812e+01
7.101249694824218750e+01
6.684973907470703125e+01
7.696040344238281250e+01
7.662623596191406250e+01
4.292862319946289062e+01
3.284692382812500000e+01
6.211872863769531250e+01
7.356499481201171875e+01
4.702284240722656250e+01
6.024719238281250000e+01
5.088916778564453125e+01
4.144133758544921875e+01
5.722309875488281250e+01
5.069108200073242188e+01
3.270413589477539062e+01
4.610689544677734375e+01
6.411038970947265625e+01
5.952709197998046875e+01
4.664279556274414062e+01
5.737814331054687500e+01
3.672781372070312500e+01
7.492969512939453125e+01
9.567153930664062500e+01
6.528591918945312500e+01
4.234009552001953125e+01
1.088975372314453125e+02
5.214283752441406250e+01
6.974934387207031250e+01
9.893336486816406250e+01
3.738619232177734375e+01
3.418670654296875000e+01
8.546258544921875000e+01
3.966542434692382812e+01
4.329492187500000000e+01
2.153925781250000000e+02
3.747801208496093750e+01
3.000000000000000000e+01
3.942932128906250000e+01
1.333315429687500000e+02
6.475167083740234375e+01
5.168969726562500000e+01
1.075379867553710938e+02
4.757046508789062500e+01
1.204937133789062500e+02
7.879014587402343750e+01
9.126576232910156250e+01
4.339013290405273438e+01
3.000000000000000000e+01
7.415045166015625000e+01
6.767895507812500000e+01
7.441906738281250000e+01
4.542861557006835938e+01
4.653214263916015625e+01
4.348874282836914062e+01
4.569659805297851562e+01
5.507690048217773438e+01
5.170081710815429688e+01
3.740588378906250000e+01
7.157538604736328125e+01
7.826954650878906250e+01
4.315100479125976562e+01
3.528376007080078125e+01
4.632244491577148438e+01
3.768224334716796875e+01
4.543973541259765625e+01
1.191006088256835938e+02
4.538919067382812500e+01
7.690443420410156250e+01
5.021427917480468750e+01
4.419805145263671875e+01
3.672636413574218750e+01
1.070740509033203125e+02
6.346944427490234375e+01
7.441515350341796875e+01
1.056482162475585938e+02
5.446876144409179688e+01
4.073183441162109375e+01
4.189429855346679688e+01
5.123632431030273438e+01
7.006040954589843750e+01
6.147757720947265625e+01
1.969866943359375000e+02
5.040211486816406250e+01
5.923025512695312500e+01
6.124524688720703125e+01
6.555204010009765625e+01
4.349338150024414062e+01
4.780611419677734375e+01
5.298920440673828125e+01
7.595641326904296875e+01
7.762791442871093750e+01
3.000000000000000000e+01
3.199808883666992188e+01
5.869371414184570312e+01
9.267271423339843750e+01
5.350310897827148438e+01
1.045100021362304688e+02
4.404402160644531250e+01
3.000000000000000000e+01
3.643117141723632812e+01
6.197944641113281250e+01
1.624786376953125000e+02
6.620898437500000000e+01
5.393994903564453125e+01
6.437854766845703125e+01
3.000000000000000000e+01
4.201329803466796875e+01
7.615405273437500000e+01
3.679681396484375000e+01
3.761264801025390625e+01
5.845346069335937500e+01
7.650592803955078125e+01
3.790725326538085938e+01
8.637900543212890625e+01
3.822191619873046875e+01
4.508703231811523438e+01
5.733870697021484375e+01
8.489540100097656250e+01
5.846888732910156250e+01
4.237378692626953125e+01
4.734133911132812500e+01
3.321837234497070312e+01
3.948427581787109375e+01
4.330468368530273438e+01
3.904756927490234375e+01
6.696370697021484375e+01
6.182369995117187500e+01
4.377414321899414062e+01
3.000000000000000000e+01
3.249338912963867188e+01
4.040128326416015625e+01
3.647908782958984375e+01
1.108678283691406250e+02
3.007106018066406250e+01
6.902147674560546875e+01
8.808412170410156250e+01
5.250950241088867188e+01
3.471422958374023438e+01
4.885713958740234375e+01
7.089016723632812500e+01
7.181483459472656250e+01
5.276549530029296875e+01
6.390867614746093750e+01
5.640904617309570312e+01
7.433568572998046875e+01
5.650020599365234375e+01
4.447983932495117188e+01
5.863898468017578125e+01
3.680111694335937500e+01
6.040297317504882812e+01
6.191678619384765625e+01
3.578739547729492188e+01
3.465328216552734375e+01
5.433978652954101562e+01
5.381975555419921875e+01
4.804826354980468750e+01
4.121485900878906250e+01
5.187820816040039062e+01
4.588800430297851562e+01
6.970816802978515625e+01
7.790175628662109375e+01
5.633379745483398438e+01
9.364036560058593750e+01
4.381693267822265625e+01
4.375033187866210938e+01
4.429915618896484375e+01
6.473007202148437500e+01
7.167451477050781250e+01
6.333696746826171875e+01
6.996027374267578125e+01
3.484576034545898438e+01
7.891446685791015625e+01
4.796872711181640625e+01
5.382950592041015625e+01
9.075656127929687500e+01
1.430600891113281250e+02
1.114356765747070312e+02
3.484558868408203125e+01
3.723951721191406250e+01
5.057784271240234375e+01
4.747603607177734375e+01
9.551034545898437500e+01
8.418595886230468750e+01
7.365382385253906250e+01
9.939247131347656250e+01
4.632244110107421875e+01
4.561267852783203125e+01
3.651010894775390625e+01
5.587283325195312500e+01
5.964715957641601562e+01
3.500687789916992188e+01
4.582975006103515625e+01
8.709154510498046875e+01
5.470515441894531250e+01
4.326505279541015625e+01
9.068117523193359375e+01
3.464647293090820312e+01
4.743073272705078125e+01
5.244631958007812500e+01
5.361150741577148438e+01
5.005554199218750000e+01
4.237378692626953125e+01
1.985800781250000000e+02
6.693723297119140625e+01
4.527151870727539062e+01
4.323419952392578125e+01
4.215119934082031250e+01
1.375770416259765625e+02
4.162145996093750000e+01
5.408483123779296875e+01
6.251372146606445312e+01
3.740588378906250000e+01
7.554026031494140625e+01
4.628264617919921875e+01
5.890637207031250000e+01
5.550017166137695312e+01
5.449089431762695312e+01
3.861398315429687500e+01
3.450250244140625000e+01
5.661761856079101562e+01
5.474098205566406250e+01
1.940881652832031250e+02
3.774643707275390625e+01
5.507726669311523438e+01
6.639433288574218750e+01
4.749924850463867188e+01
4.491654968261718750e+01
3.682022094726562500e+01
4.993360900878906250e+01
5.145242309570312500e+01
3.550542068481445312e+01
4.940084838867187500e+01
5.686638641357421875e+01
3.355160903930664062e+01
4.410612487792968750e+01
3.000000000000000000e+01
3.983967590332031250e+01
4.142016601562500000e+01
3.242520141601562500e+01
6.800617980957031250e+01
6.767380523681640625e+01
3.131761169433593750e+01
4.339027023315429688e+01
5.319211578369140625e+01
8.718283843994140625e+01
5.189258193969726562e+01
9.612618255615234375e+01
3.000000000000000000e+01
7.725194549560546875e+01
8.281204223632812500e+01
4.532501220703125000e+01
9.075656127929687500e+01
3.000000000000000000e+01
4.032677459716796875e+01
4.222999954223632812e+01
4.260443115234375000e+01
1.057359161376953125e+02
5.197002792358398438e+01
3.493254470825195312e+01
7.011213684082031250e+01
4.016236495971679688e+01
1.061039199829101562e+02
7.548374176025390625e+01
4.497370147705078125e+01
4.678701782226562500e+01
8.304122161865234375e+01
7.766430664062500000e+01
7.405844116210937500e+01
6.079673767089843750e+01
3.156313896179199219e+01
3.336932373046875000e+01
6.163654708862304688e+01
5.943725967407226562e+01
1.173866958618164062e+02
8.678874206542968750e+01
1.301620178222656250e+02
7.202444458007812500e+01
3.405620193481445312e+01
5.651902389526367188e+01
3.272370529174804688e+01
5.459757614135742188e+01
3.000000000000000000e+01
3.000000000000000000e+01
7.815670776367187500e+01
1.070373229980468750e+02
4.610793304443359375e+01
3.505830001831054688e+01
4.484652709960937500e+01
6.954429626464843750e+01
4.709373474121093750e+01
4.872002792358398438e+01
6.147757720947265625e+01
4.061809539794921875e+01
6.297542190551757812e+01
4.201329803466796875e+01
6.021585083007812500e+01
5.359656906127929688e+01
3.270438766479492188e+01
3.779875946044921875e+01
5.618582153320312500e+01
3.000000000000000000e+01
6.449208068847656250e+01
6.603117370605468750e+01
5.623492813110351562e+01
9.497274017333984375e+01
5.034616470336914062e+01
3.355768966674804688e+01
4.196562194824218750e+01
4.695484161376953125e+01
4.811777496337890625e+01
4.363537979125976562e+01
3.104898262023925781e+01
3.807044219970703125e+01
9.235197448730468750e+01
4.757846069335937500e+01
4.011985015869140625e+01
1.418437652587890625e+02
7.994416809082031250e+01
4.659286880493164062e+01
6.418122100830078125e+01
7.436943054199218750e+01
4.345025634765625000e+01
4.952040863037109375e+01
1.131844635009765625e+02
4.904557037353515625e+01
8.843743896484375000e+01
4.127071380615234375e+01
3.000000000000000000e+01
5.958007812500000000e+01
4.794241714477539062e+01
4.581210327148437500e+01
5.024403762817382812e+01
5.037156677246093750e+01
5.223779296875000000e+01
4.633658981323242188e+01
5.303324890136718750e+01
3.229005813598632812e+01
4.229922103881835938e+01
7.320973205566406250e+01
1.003079757690429688e+02
4.077255249023437500e+01
1.069718933105468750e+02
4.545354080200195312e+01
4.229119873046875000e+01
7.863726806640625000e+01
8.060220336914062500e+01
4.175516128540039062e+01
5.793750000000000000e+01
4.436087036132812500e+01
5.265901947021484375e+01
3.000000000000000000e+01
9.130307769775390625e+01
4.641184234619140625e+01
4.559259033203125000e+01
4.029819107055664062e+01
5.216773986816406250e+01
5.313337707519531250e+01
3.263840484619140625e+01
5.343706893920898438e+01
6.098727416992187500e+01
5.435105514526367188e+01
7.777540588378906250e+01
6.484819030761718750e+01
3.848196411132812500e+01
5.165991210937500000e+01
3.000000000000000000e+01
5.717319488525390625e+01
6.940620422363281250e+01
7.606534576416015625e+01
5.890637207031250000e+01
4.990723037719726562e+01
6.881379699707031250e+01
5.343706893920898438e+01
4.906400680541992188e+01
4.425437164306640625e+01
3.416790771484375000e+01
4.380950927734375000e+01
5.597908020019531250e+01
6.037114334106445312e+01
3.000000000000000000e+01
4.922837448120117188e+01
4.942635345458984375e+01
4.857156372070312500e+01
4.157589721679687500e+01
5.617131042480468750e+01
4.207994842529296875e+01
5.273262786865234375e+01
6.385287475585937500e+01
4.270021057128906250e+01
5.038935089111328125e+01
3.838549804687500000e+01
7.657436370849609375e+01
6.411642456054687500e+01
4.550487899780273438e+01
4.726681518554687500e+01
4.166616439819335938e+01
7.070712280273437500e+01
6.920813751220703125e+01
3.000000000000000000e+01
3.994361114501953125e+01
6.114379501342773438e+01
5.464544677734375000e+01
5.691117095947265625e+01
3.343075180053710938e+01
6.833367919921875000e+01
4.300984191894531250e+01
3.044350051879882812e+01
4.352336120605468750e+01
4.333475494384765625e+01
6.322531890869140625e+01
4.134721374511718750e+01
1.032334289550781250e+02
5.699131774902343750e+01
4.720490646362304688e+01
4.241551971435546875e+01
4.587654495239257812e+01
3.127366065979003906e+01
5.402333450317382812e+01
3.723951721191406250e+01
4.080883026123046875e+01
4.927443695068359375e+01
4.417603302001953125e+01
6.021818923950195312e+01
5.538024139404296875e+01
6.340467834472656250e+01
4.341625595092773438e+01
5.381368255615234375e+01
4.235403442382812500e+01
3.000000000000000000e+01
3.161679840087890625e+01
4.587654495239257812e+01
6.996027374267578125e+01
5.207130432128906250e+01
4.409997558593750000e+01
3.000000000000000000e+01
7.927140045166015625e+01
6.068817901611328125e+01
8.069741821289062500e+01
3.676725006103515625e+01
3.242493820190429688e+01
5.489480972290039062e+01
3.291509628295898438e+01
6.260509490966796875e+01
3.264455413818359375e+01
5.319121551513671875e+01
3.192861366271972656e+01
3.000000000000000000e+01
4.272393417358398438e+01
4.171508026123046875e+01
7.933959197998046875e+01
4.100595474243164062e+01
7.606534576416015625e+01
5.342790985107421875e+01
3.940398406982421875e+01
3.452379608154296875e+01
3.590934753417968750e+01
4.103121948242187500e+01
4.226259994506835938e+01
7.051689147949218750e+01
7.207272338867187500e+01
4.025174713134765625e+01
3.323804092407226562e+01
4.161633300781250000e+01
7.254425048828125000e+01
4.972921752929687500e+01
5.014237976074218750e+01
3.933944702148437500e+01
3.000000000000000000e+01
3.543815612792968750e+01
3.578739547729492188e+01
5.774737548828125000e+01
4.605353927612304688e+01
4.874905014038085938e+01
4.731859970092773438e+01
3.989079666137695312e+01
3.469553756713867188e+01
5.371724319458007812e+01
3.000000000000000000e+01
6.968377685546875000e+01
5.245611572265625000e+01
7.449784088134765625e+01
5.342790985107421875e+01
7.436108398437500000e+01
3.000000000000000000e+01
3.559379959106445312e+01
6.011653137207031250e+01
3.000000000000000000e+01
4.516742324829101562e+01
6.971990966796875000e+01
3.073013687133789062e+01
5.442165374755859375e+01
4.743113327026367188e+01
4.262559509277343750e+01
4.885703659057617188e+01
7.975221252441406250e+01
3.000000000000000000e+01
3.764557647705078125e+01
7.657122802734375000e+01
4.821393585205078125e+01
8.304122161865234375e+01
8.797742462158203125e+01
3.000000000000000000e+01
6.163789367675781250e+01
4.890283966064453125e+01
5.881822586059570312e+01
5.448712539672851562e+01
4.565510177612304688e+01
6.807261657714843750e+01
5.345241546630859375e+01
5.122267150878906250e+01
6.317420196533203125e+01
7.578629302978515625e+01
3.476801300048828125e+01
8.180958557128906250e+01
3.207689666748046875e+01
3.663977813720703125e+01
3.875514221191406250e+01
5.271390533447265625e+01
3.000000000000000000e+01
6.604376983642578125e+01
5.591958618164062500e+01
5.507726669311523438e+01
3.843625640869140625e+01
5.012845611572265625e+01
3.672406768798828125e+01
3.295663070678710938e+01
7.621475982666015625e+01
3.096042251586914062e+01
3.497756576538085938e+01
6.332683181762695312e+01
5.645593261718750000e+01
4.655763244628906250e+01
5.329063415527343750e+01
4.726681900024414062e+01
3.532962036132812500e+01
3.606497192382812500e+01
4.598989105224609375e+01
4.634026718139648438e+01
3.157354354858398438e+01
3.599934387207031250e+01
5.869371795654296875e+01
3.874452972412109375e+01
4.186709213256835938e+01
4.647564697265625000e+01
7.411450195312500000e+01
5.128490829467773438e+01
7.318202209472656250e+01
9.713558959960937500e+01
4.866258239746093750e+01
4.584885025024414062e+01
4.270965194702148438e+01
4.456152343750000000e+01
3.227909088134765625e+01
4.655321121215820312e+01
6.880918121337890625e+01
1.056482162475585938e+02
3.921942901611328125e+01
3.794353103637695312e+01
4.735739898681640625e+01
5.437259674072265625e+01
4.220433044433593750e+01
4.719087982177734375e+01
5.361150741577148438e+01
6.789059448242187500e+01
3.007106208801269531e+01
5.128429412841796875e+01
3.498822402954101562e+01
6.283843231201171875e+01
5.722309875488281250e+01
3.847259521484375000e+01
5.220721054077148438e+01
4.580753707885742188e+01
3.892218780517578125e+01
5.510010528564453125e+01
3.959159088134765625e+01
4.411800384521484375e+01
5.350310897827148438e+01
3.980523681640625000e+01
4.061680984497070312e+01
4.349338150024414062e+01
4.094773101806640625e+01
3.692070388793945312e+01
6.424827575683593750e+01
3.567495727539062500e+01
5.533278274536132812e+01
3.938573455810546875e+01
4.273368835449218750e+01
5.941339874267578125e+01
4.310485839843750000e+01
4.434835052490234375e+01
5.124402999877929688e+01
3.537528610229492188e+01
5.077507400512695312e+01
5.962601470947265625e+01
4.066520690917968750e+01
4.253156280517578125e+01
5.379225921630859375e+01
5.417058563232421875e+01
4.725418090820312500e+01
5.925649261474609375e+01
3.746803665161132812e+01
6.874352264404296875e+01
4.011488342285156250e+01
1.008013305664062500e+02
8.800947570800781250e+01
4.658702850341796875e+01
4.685671997070312500e+01
3.181141090393066406e+01
7.680805969238281250e+01
3.559432983398437500e+01
4.285303878784179688e+01
7.532273864746093750e+01
5.033444213867187500e+01
4.256200408935546875e+01
5.563570022583007812e+01
9.580744934082031250e+01
4.310108184814453125e+01
3.790111160278320312e+01
3.000000000000000000e+01
5.511694717407226562e+01
4.359897613525390625e+01
3.438129425048828125e+01
5.254290008544921875e+01
8.033772277832031250e+01
5.203890609741210938e+01
4.724972534179687500e+01
3.867583465576171875e+01
6.714727020263671875e+01
4.403085327148437500e+01
4.538493347167968750e+01
5.693377304077148438e+01
9.612618255615234375e+01
6.311208343505859375e+01
6.733721160888671875e+01
7.780648803710937500e+01
7.003797912597656250e+01
6.307319641113281250e+01
3.431349945068359375e+01
3.322573471069335938e+01
5.287855529785156250e+01
3.738333129882812500e+01
4.409393310546875000e+01
4.672476577758789062e+01
3.500233459472656250e+01
4.702223968505859375e+01
3.228758621215820312e+01
4.048722076416015625e+01
4.348028564453125000e+01
7.432696533203125000e+01
4.833485031127929688e+01
3.358413696289062500e+01
4.373535537719726562e+01
3.141230583190917969e+01
5.536856079101562500e+01
4.644390869140625000e+01
8.757986450195312500e+01
4.798152542114257812e+01
4.563469696044921875e+01
3.000000000000000000e+01
6.971546936035156250e+01
4.641310119628906250e+01
3.135455894470214844e+01
7.070712280273437500e+01
4.019583892822265625e+01
1.041794586181640625e+02
4.469680023193359375e+01
6.796789550781250000e+01
5.242993545532226562e+01
4.220790863037109375e+01
3.000000000000000000e+01
4.349826812744140625e+01
5.118969345092773438e+01
4.680176162719726562e+01
4.101852416992187500e+01
4.257429885864257812e+01
3.000000000000000000e+01
4.290033721923828125e+01
7.554026031494140625e+01
6.478184509277343750e+01
6.959851837158203125e+01
3.428526687622070312e+01
4.190534973144531250e+01
6.177518844604492188e+01
4.702223968505859375e+01
6.056250000000000000e+01
4.923410034179687500e+01
5.237149810791015625e+01
4.865790557861328125e+01
5.133643722534179688e+01
3.686168289184570312e+01
3.385873794555664062e+01
3.713743209838867188e+01
7.093804168701171875e+01
3.206906890869140625e+01
3.854837036132812500e+01
3.614338302612304688e+01
4.342795181274414062e+01
4.988750457763671875e+01
3.000000000000000000e+01
4.747010040283203125e+01
3.890003967285156250e+01
3.000000000000000000e+01
5.966352081298828125e+01
7.011213684082031250e+01
3.000000000000000000e+01
5.686660003662109375e+01
4.094334030151367188e+01
4.108485412597656250e+01
4.216804504394531250e+01
5.395751571655273438e+01
3.523916244506835938e+01
3.985948562622070312e+01
4.264918518066406250e+01
5.243734741210937500e+01
4.199944686889648438e+01
3.903885650634765625e+01
5.062582397460937500e+01
3.465998077392578125e+01
3.334799194335937500e+01
3.883268356323242188e+01
3.482948303222656250e+01
5.429790496826171875e+01
5.044968032836914062e+01
9.580745697021484375e+01
3.484321594238281250e+01
3.000000000000000000e+01
3.489229965209960938e+01
8.535340881347656250e+01
3.845751953125000000e+01
4.129321670532226562e+01
7.093804168701171875e+01
6.154241561889648438e+01
4.181311035156250000e+01
4.033315658569335938e+01
5.107924270629882812e+01
1.290844573974609375e+02
4.829898452758789062e+01
5.537337493896484375e+01
7.821453857421875000e+01
3.000000000000000000e+01
3.000000000000000000e+01
3.861846542358398438e+01
4.020351409912109375e+01
5.718938064575195312e+01
5.842496490478515625e+01
4.189346313476562500e+01
3.793120956420898438e+01
6.526423645019531250e+01
3.550180053710937500e+01
4.558267211914062500e+01
6.008743286132812500e+01
4.446645355224609375e+01
3.128177833557128906e+01
4.234009552001953125e+01
4.890284347534179688e+01
3.000000000000000000e+01
4.166382217407226562e+01
8.622429656982421875e+01
4.479870986938476562e+01
5.019781494140625000e+01
6.931037139892578125e+01
5.788631057739257812e+01
3.000000000000000000e+01
3.654383850097656250e+01
4.641664123535156250e+01
4.516884231567382812e+01
3.183971977233886719e+01
4.124909591674804688e+01
3.868173217773437500e+01
5.475500869750976562e+01
6.126643371582031250e+01
4.164891815185546875e+01
3.510906600952148438e+01
4.459564208984375000e+01
4.338557815551757812e+01
3.951565170288085938e+01
5.691170501708984375e+01
4.194860458374023438e+01
4.893328857421875000e+01
4.029902648925781250e+01
3.945111465454101562e+01
4.033535766601562500e+01
3.528911209106445312e+01
5.438834381103515625e+01
4.206433105468750000e+01
3.921942901611328125e+01
5.005554199218750000e+01
3.858249664306640625e+01
3.973295974731445312e+01
4.963597106933593750e+01
3.501712799072265625e+01
7.996954345703125000e+01
4.603962326049804688e+01
3.997548675537109375e+01
4.582397079467773438e+01
8.718283843994140625e+01
4.263494110107421875e+01
3.925569534301757812e+01
3.000000000000000000e+01
3.573896026611328125e+01
5.398201370239257812e+01
4.126786041259765625e+01
3.875786209106445312e+01
3.000000000000000000e+01
3.316846847534179688e+01
3.000000000000000000e+01
3.607042694091796875e+01
5.046717453002929688e+01
4.134505462646484375e+01
6.253950500488281250e+01
4.232859420776367188e+01
6.181157684326171875e+01
4.316528320312500000e+01
4.814260101318359375e+01
5.393758773803710938e+01
3.004688072204589844e+01
4.624907684326171875e+01
3.111454200744628906e+01
3.000000000000000000e+01
5.151007843017578125e+01
4.241031265258789062e+01
3.000000000000000000e+01
4.501898574829101562e+01
3.585791015625000000e+01
3.908461380004882812e+01
3.588499069213867188e+01
3.570174789428710938e+01
