5.434032440185546875e+01
6.080669784545898438e+01
3.592154312133789062e+01
4.026176452636718750e+01
5.945362854003906250e+01
6.662271881103515625e+01
3.712753295898437500e+01
7.264895629882812500e+01
5.444881820678710938e+01
1.163165969848632812e+02
4.280667877197265625e+01
1.206528015136718750e+02
5.970486450195312500e+01
4.474689483642578125e+01
4.075064468383789062e+01
5.261572265625000000e+01
7.042720031738281250e+01
4.363759231567382812e+01
4.225820922851562500e+01
1.442788391113281250e+02
4.107143020629882812e+01
9.913803863525390625e+01
3.000000000000000000e+01
5.101226806640625000e+01
3.704686737060546875e+01
7.061120605468750000e+01
3.000000000000000000e+01
6.701605224609375000e+01
1.948038635253906250e+02
4.449135971069335938e+01
6.000076293945312500e+01
5.085980987548828125e+01
3.917951965332031250e+01
8.819316101074218750e+01
5.330020904541015625e+01
4.867229080200195312e+01
7.472875213623046875e+01
5.753591918945312500e+01
4.651829147338867188e+01
3.318553161621093750e+01
4.871743011474609375e+01
3.373973083496093750e+01
5.009648895263671875e+01
4.632538223266601562e+01
3.703054809570312500e+01
3.607162094116210938e+01
3.730982208251953125e+01
6.999872589111328125e+01
1.304165344238281250e+02
5.258301544189453125e+01
4.375064468383789062e+01
3.230706024169921875e+01
6.264517974853515625e+01
3.945906448364257812e+01
1.193961181640625000e+02
4.913881683349609375e+01
7.437043762207031250e+01
4.905786895751953125e+01
6.275459289550781250e+01
7.055281829833984375e+01
6.661100769042968750e+01
8.704786682128906250e+01
4.095002746582031250e+01
8.746421051025390625e+01
9.921595764160156250e+01
5.373170852661132812e+01
5.157754516601562500e+01
3.000000000000000000e+01
4.648726272583007812e+01
6.051971054077148438e+01
5.601247024536132812e+01
3.804256439208984375e+01
1.112079315185546875e+02
3.853111648559570312e+01
6.678555297851562500e+01
4.594469451904296875e+01
4.410042572021484375e+01
3.881232452392578125e+01
4.510617828369140625e+01
6.308041763305664062e+01
3.545464324951171875e+01
7.042720031738281250e+01
5.544520950317382812e+01
1.051922607421875000e+02
8.992580413818359375e+01
3.941187286376953125e+01
3.642068862915039062e+01
4.613975906372070312e+01
5.970486450195312500e+01
6.076375198364257812e+01
4.289580535888671875e+01
5.229961776733398438e+01
6.943576049804687500e+01
5.823625183105468750e+01
9.720172119140625000e+01
9.512203216552734375e+01
6.879763793945312500e+01
4.352077484130859375e+01
6.892411041259765625e+01
4.034130096435546875e+01
9.529360961914062500e+01
6.113831329345703125e+01
1.567359313964843750e+02
3.000000000000000000e+01
4.467322921752929688e+01
8.429278564453125000e+01
3.000000000000000000e+01
5.389067840576171875e+01
5.145208740234375000e+01
3.000000000000000000e+01
4.765839767456054688e+01
3.747259521484375000e+01
7.211209106445312500e+01
1.118162307739257812e+02
3.885875320434570312e+01
3.799691390991210938e+01
9.935116577148437500e+01
5.017236328125000000e+01
8.066143035888671875e+01
5.659199523925781250e+01
4.769920349121093750e+01
5.988251495361328125e+01
4.437091064453125000e+01
4.116741561889648438e+01
4.825031280517578125e+01
5.447405624389648438e+01
6.170104598999023438e+01
5.497155761718750000e+01
4.381762695312500000e+01
6.984928894042968750e+01
5.332112121582031250e+01
1.033081741333007812e+02
6.161312484741210938e+01
3.000000000000000000e+01
5.563673019409179688e+01
4.355778503417968750e+01
1.126248016357421875e+02
4.615897369384765625e+01
4.204692840576171875e+01
7.428547668457031250e+01
4.997578811645507812e+01
9.636082458496093750e+01
7.656368255615234375e+01
5.681853485107421875e+01
6.224117660522460938e+01
5.080485916137695312e+01
8.654152679443359375e+01
9.657703399658203125e+01
5.160699081420898438e+01
1.276292266845703125e+02
4.884889221191406250e+01
7.579626464843750000e+01
5.422976684570312500e+01
1.025733947753906250e+02
5.095029067993164062e+01
1.233172760009765625e+02
3.419454956054687500e+01
1.425908508300781250e+02
3.928763961791992188e+01
6.215229797363281250e+01
3.617419052124023438e+01
4.371229553222656250e+01
4.801577758789062500e+01
4.200971221923828125e+01
7.536381530761718750e+01
3.469188690185546875e+01
5.240900039672851562e+01
5.409881210327148438e+01
3.460619354248046875e+01
1.313852081298828125e+02
4.218764495849609375e+01
5.371145629882812500e+01
4.065974426269531250e+01
3.268232345581054688e+01
5.913936996459960938e+01
6.984936523437500000e+01
4.727699279785156250e+01
4.872262191772460938e+01
7.333778381347656250e+01
5.238117980957031250e+01
6.134160614013671875e+01
5.875977325439453125e+01
6.704172515869140625e+01
5.182314300537109375e+01
4.031471252441406250e+01
3.411949539184570312e+01
3.135417175292968750e+01
6.971557617187500000e+01
5.868664550781250000e+01
4.015190124511718750e+01
4.997756958007812500e+01
5.356652832031250000e+01
6.788550567626953125e+01
4.275794601440429688e+01
5.538424682617187500e+01
5.960107421875000000e+01
3.224784088134765625e+01
8.390724182128906250e+01
1.445975952148437500e+02
7.111298370361328125e+01
6.062806701660156250e+01
1.126774139404296875e+02
5.089365005493164062e+01
3.358469009399414062e+01
5.825323486328125000e+01
4.559214782714843750e+01
5.053424453735351562e+01
5.349061203002929688e+01
1.254643859863281250e+02
3.272976303100585938e+01
5.149919891357421875e+01
9.605192565917968750e+01
4.865229415893554688e+01
4.121919250488281250e+01
3.878852844238281250e+01
4.571071243286132812e+01
5.087899780273437500e+01
5.498373794555664062e+01
3.955801010131835938e+01
4.623957443237304688e+01
3.460165023803710938e+01
6.808317565917968750e+01
9.930812072753906250e+01
4.262220764160156250e+01
4.441834640502929688e+01
4.365519332885742188e+01
5.999140167236328125e+01
1.093439178466796875e+02
6.893800354003906250e+01
9.295779418945312500e+01
3.899813842773437500e+01
4.582699966430664062e+01
4.801801300048828125e+01
6.480052947998046875e+01
3.773337554931640625e+01
8.080398559570312500e+01
5.130248260498046875e+01
4.813210678100585938e+01
6.247057342529296875e+01
4.854035568237304688e+01
4.627666091918945312e+01
1.321031494140625000e+02
1.084668121337890625e+02
8.143869018554687500e+01
9.113264465332031250e+01
3.891162490844726562e+01
4.977420043945312500e+01
1.434724426269531250e+02
2.047235717773437500e+02
4.464075088500976562e+01
6.182530212402343750e+01
4.424329376220703125e+01
5.226267623901367188e+01
1.049221801757812500e+02
4.905115509033203125e+01
6.116304397583007812e+01
4.706854248046875000e+01
4.672772979736328125e+01
3.047059249877929688e+01
1.526662597656250000e+02
3.845122528076171875e+01
5.633664703369140625e+01
4.484510040283203125e+01
4.535727691650390625e+01
1.220702743530273438e+02
4.049081802368164062e+01
1.532622528076171875e+02
7.146559143066406250e+01
6.844230651855468750e+01
5.403269195556640625e+01
5.651998138427734375e+01
4.862086868286132812e+01
8.143869018554687500e+01
7.224146270751953125e+01
1.723965759277343750e+02
4.881228637695312500e+01
7.088781738281250000e+01
7.528337860107421875e+01
1.114550170898437500e+02
1.048698120117187500e+02
7.719561004638671875e+01
7.523329162597656250e+01
6.357365417480468750e+01
4.260970687866210938e+01
6.297428131103515625e+01
4.117682647705078125e+01
4.101470947265625000e+01
5.590138626098632812e+01
4.398367691040039062e+01
4.591841888427734375e+01
3.906049346923828125e+01
3.000000000000000000e+01
3.000000000000000000e+01
9.629905700683593750e+01
4.077881240844726562e+01
3.046517562866210938e+01
4.519711685180664062e+01
3.593814849853515625e+01
4.555930709838867188e+01
6.170089721679687500e+01
4.215215301513671875e+01
3.785018920898437500e+01
3.817076110839843750e+01
7.021071624755859375e+01
6.362680053710937500e+01
3.768594741821289062e+01
7.579248046875000000e+01
6.471014404296875000e+01
7.869093322753906250e+01
1.094008636474609375e+02
1.428895416259765625e+02
3.000000000000000000e+01
1.018093414306640625e+02
1.104028625488281250e+02
9.891725921630859375e+01
4.095140457153320312e+01
3.927295684814453125e+01
1.218490753173828125e+02
6.167575836181640625e+01
6.892411041259765625e+01
4.434761810302734375e+01
4.822956085205078125e+01
3.070588111877441406e+01
5.004137420654296875e+01
3.690461349487304688e+01
4.434947586059570312e+01
4.236099624633789062e+01
3.967953491210937500e+01
1.112079315185546875e+02
4.811201858520507812e+01
7.793426513671875000e+01
4.854972457885742188e+01
4.936036300659179688e+01
4.535832214355468750e+01
3.824657440185546875e+01
5.216280746459960938e+01
6.094849777221679688e+01
5.479437637329101562e+01
3.192822456359863281e+01
3.841833114624023438e+01
5.832590103149414062e+01
8.886669921875000000e+01
4.806893920898437500e+01
7.869093322753906250e+01
4.968597793579101562e+01
4.802098846435546875e+01
1.571616210937500000e+02
3.772304153442382812e+01
3.181221771240234375e+01
1.163595275878906250e+02
1.704109802246093750e+02
1.957183532714843750e+02
5.846865844726562500e+01
8.704786682128906250e+01
3.999467468261718750e+01
9.708900451660156250e+01
6.186948394775390625e+01
3.312497711181640625e+01
1.356246032714843750e+02
5.945033645629882812e+01
6.638687133789062500e+01
1.560216674804687500e+02
5.005682373046875000e+01
7.151632690429687500e+01
8.833341217041015625e+01
3.165390968322753906e+01
8.563044738769531250e+01
1.240810241699218750e+02
3.000000000000000000e+01
5.914842605590820312e+01
6.143596267700195312e+01
5.032150268554687500e+01
1.007711639404296875e+02
1.312281188964843750e+02
4.803234863281250000e+01
1.257125549316406250e+02
8.506909179687500000e+01
4.449135589599609375e+01
8.501811218261718750e+01
8.450637817382812500e+01
3.000000000000000000e+01
3.000000000000000000e+01
3.000000000000000000e+01
3.953398513793945312e+01
6.177886962890625000e+01
1.084668121337890625e+02
4.810575103759765625e+01
4.722832489013671875e+01
4.262211227416992188e+01
2.735780639648437500e+02
3.824858474731445312e+01
3.995201110839843750e+01
3.304780578613281250e+01
3.655898284912109375e+01
4.356449508666992188e+01
6.739611053466796875e+01
7.823088073730468750e+01
1.050757141113281250e+02
7.727053070068359375e+01
4.568449401855468750e+01
5.227456665039062500e+01
4.182317352294921875e+01
1.583180084228515625e+02
3.989207458496093750e+01
4.085313415527343750e+01
5.001530456542968750e+01
4.130968856811523438e+01
6.889148712158203125e+01
7.122138977050781250e+01
1.351395263671875000e+02
8.484913635253906250e+01
9.315361022949218750e+01
5.443699645996093750e+01
3.952276611328125000e+01
6.640539550781250000e+01
3.000000000000000000e+01
5.878935241699218750e+01
7.862137603759765625e+01
3.360031509399414062e+01
3.844041061401367188e+01
9.430180358886718750e+01
3.000000000000000000e+01
4.316611099243164062e+01
1.478171997070312500e+02
6.035441589355468750e+01
4.716837310791015625e+01
6.850796508789062500e+01
4.657749557495117188e+01
5.948539352416992188e+01
8.567163848876953125e+01
4.479643249511718750e+01
7.793426513671875000e+01
2.413433685302734375e+02
5.004137420654296875e+01
1.327234649658203125e+02
4.372883605957031250e+01
4.353814315795898438e+01
8.910905456542968750e+01
6.701605224609375000e+01
5.558968734741210938e+01
7.651286315917968750e+01
3.186705970764160156e+01
6.398941040039062500e+01
5.387954330444335938e+01
6.770809936523437500e+01
4.184598159790039062e+01
4.490344238281250000e+01
6.066726684570312500e+01
1.611288909912109375e+02
1.072448806762695312e+02
4.457679367065429688e+01
5.422976684570312500e+01
4.869221878051757812e+01
5.913695907592773438e+01
8.354901885986328125e+01
5.527751159667968750e+01
1.137124557495117188e+02
9.555143737792968750e+01
3.000000000000000000e+01
1.085700073242187500e+02
8.666656494140625000e+01
5.861964416503906250e+01
5.255829238891601562e+01
5.216830444335937500e+01
4.143054580688476562e+01
1.883210601806640625e+02
3.592876434326171875e+01
5.339293289184570312e+01
5.097480773925781250e+01
4.548500061035156250e+01
9.820611572265625000e+01
3.821283721923828125e+01
4.563703155517578125e+01
1.522802124023437500e+02
6.362680053710937500e+01
8.873780822753906250e+01
6.876582336425781250e+01
4.812372589111328125e+01
6.297247695922851562e+01
9.716517639160156250e+01
9.098427581787109375e+01
6.766177368164062500e+01
7.337887573242187500e+01
3.000000000000000000e+01
5.898469543457031250e+01
7.869384765625000000e+01
4.108258438110351562e+01
4.121919250488281250e+01
7.667144775390625000e+01
9.408181762695312500e+01
6.451998901367187500e+01
5.698941040039062500e+01
5.049999237060546875e+01
3.000000000000000000e+01
4.393180847167968750e+01
3.000000000000000000e+01
3.642979812622070312e+01
3.218133544921875000e+01
3.677182006835937500e+01
4.711800384521484375e+01
4.622300720214843750e+01
4.221408843994140625e+01
8.651829528808593750e+01
5.279112625122070312e+01
4.148195648193359375e+01
4.088388824462890625e+01
5.582623291015625000e+01
6.179777908325195312e+01
4.020653915405273438e+01
3.597222137451171875e+01
7.802667999267578125e+01
4.025270462036132812e+01
6.400028991699218750e+01
3.219969940185546875e+01
5.478026199340820312e+01
3.284752273559570312e+01
4.075064468383789062e+01
1.173117980957031250e+02
5.608061981201171875e+01
3.000000000000000000e+01
7.173125457763671875e+01
4.085313415527343750e+01
7.874798583984375000e+01
4.442770385742187500e+01
4.267221832275390625e+01
1.364244384765625000e+02
4.692885589599609375e+01
1.330800476074218750e+02
1.029750518798828125e+02
4.419099426269531250e+01
4.514066314697265625e+01
8.795040893554687500e+01
3.532064819335937500e+01
5.487005615234375000e+01
4.484510040283203125e+01
1.817185668945312500e+02
4.329945755004882812e+01
4.842603683471679688e+01
5.294235229492187500e+01
3.000000000000000000e+01
5.143672943115234375e+01
1.109306640625000000e+02
3.601613998413085938e+01
7.471269989013671875e+01
3.765671920776367188e+01
4.428134918212890625e+01
3.341709899902343750e+01
4.404020690917968750e+01
4.128487396240234375e+01
4.654554748535156250e+01
3.854380416870117188e+01
3.688113403320312500e+01
4.313153839111328125e+01
4.578525543212890625e+01
4.077133178710937500e+01
3.884165954589843750e+01
6.503875732421875000e+01
5.389067840576171875e+01
6.958444213867187500e+01
1.254643783569335938e+02
6.059014129638671875e+01
1.095088195800781250e+02
8.375811767578125000e+01
1.142792739868164062e+02
3.891073608398437500e+01
4.899589538574218750e+01
5.252166366577148438e+01
4.635027313232421875e+01
6.975710296630859375e+01
8.139893341064453125e+01
7.839758300781250000e+01
8.885633087158203125e+01
3.885875320434570312e+01
4.573133087158203125e+01
7.197760772705078125e+01
8.875059509277343750e+01
3.072358703613281250e+01
5.491118240356445312e+01
4.352967834472656250e+01
3.857557296752929688e+01
1.022854766845703125e+02
4.289580535888671875e+01
4.578013229370117188e+01
4.138581085205078125e+01
5.077367401123046875e+01
5.908075332641601562e+01
9.927674865722656250e+01
4.290151977539062500e+01
3.570567321777343750e+01
3.000000000000000000e+01
1.050757217407226562e+02
5.423789215087890625e+01
5.313526916503906250e+01
5.941946029663085938e+01
6.426988983154296875e+01
4.507915496826171875e+01
5.273032379150390625e+01
6.553206634521484375e+01
6.850711822509765625e+01
3.871630859375000000e+01
6.942979431152343750e+01
6.460983276367187500e+01
8.393428802490234375e+01
8.396282958984375000e+01
4.223936462402343750e+01
3.000000000000000000e+01
6.535861968994140625e+01
7.288598632812500000e+01
4.667753601074218750e+01
5.513998031616210938e+01
5.753610229492187500e+01
4.070882797241210938e+01
4.308950042724609375e+01
4.641219711303710938e+01
3.316216659545898438e+01
4.770082855224609375e+01
7.613133239746093750e+01
6.066726684570312500e+01
5.351269531250000000e+01
5.832540893554687500e+01
3.731416702270507812e+01
7.544644927978515625e+01
1.132433319091796875e+02
6.510748291015625000e+01
4.109249877929687500e+01
1.142792739868164062e+02
5.846865844726562500e+01
6.600831604003906250e+01
9.408181762695312500e+01
4.011355209350585938e+01
3.974813079833984375e+01
7.511596679687500000e+01
4.592824554443359375e+01
4.085653686523437500e+01
2.296576232910156250e+02
5.022123718261718750e+01
3.287303924560546875e+01
4.052753448486328125e+01
1.356381530761718750e+02
5.722761535644531250e+01
5.370012664794921875e+01
1.087581329345703125e+02
4.522010421752929688e+01
1.295513763427734375e+02
8.234791564941406250e+01
1.035898590087890625e+02
3.052755928039550781e+01
3.839193725585937500e+01
6.554862976074218750e+01
7.135353851318359375e+01
7.922056579589843750e+01
5.479437637329101562e+01
5.058617401123046875e+01
4.259647369384765625e+01
5.305770492553710938e+01
6.500255584716796875e+01
5.501760482788085938e+01
3.476073074340820312e+01
7.930242919921875000e+01
7.856069946289062500e+01
3.597702789306640625e+01
3.269123077392578125e+01
5.334462738037109375e+01
3.000000000000000000e+01
5.457807159423828125e+01
1.015809326171875000e+02
4.510120773315429688e+01
7.683979034423828125e+01
5.707431411743164062e+01
5.253663253784179688e+01
3.564484405517578125e+01
9.636082458496093750e+01
6.844388580322265625e+01
7.635578918457031250e+01
1.089430007934570312e+02
5.641537857055664062e+01
4.126324462890625000e+01
3.451399230957031250e+01
5.593528747558593750e+01
6.730909729003906250e+01
6.720240020751953125e+01
1.883210601806640625e+02
5.700156021118164062e+01
5.774328613281250000e+01
7.007012939453125000e+01
5.480352783203125000e+01
4.212235260009765625e+01
4.901645278930664062e+01
5.482543563842773438e+01
6.502882385253906250e+01
7.495154571533203125e+01
3.000000000000000000e+01
3.017853927612304688e+01
5.928587341308593750e+01
9.628854370117187500e+01
5.937710952758789062e+01
1.330800476074218750e+02
4.048294067382812500e+01
4.784046554565429688e+01
4.102827453613281250e+01
5.636416625976562500e+01
1.680255889892578125e+02
7.242928314208984375e+01
5.170579528808593750e+01
5.510910797119140625e+01
3.812450790405273438e+01
5.619918823242187500e+01
8.345829772949218750e+01
3.534080123901367188e+01
3.861126708984375000e+01
4.970198822021484375e+01
8.233532714843750000e+01
4.135615539550781250e+01
9.679002380371093750e+01
3.998669433593750000e+01
5.222491073608398438e+01
6.167575836181640625e+01
7.990800476074218750e+01
5.888821411132812500e+01
4.746131515502929688e+01
4.696343994140625000e+01
3.000000000000000000e+01
3.514416503906250000e+01
3.989207458496093750e+01
3.863439941406250000e+01
6.460245513916015625e+01
6.035441970825195312e+01
4.368054962158203125e+01
3.000000000000000000e+01
3.000000000000000000e+01
3.995201110839843750e+01
3.310887908935546875e+01
1.242464294433593750e+02
3.000000000000000000e+01
6.603712463378906250e+01
9.182040405273437500e+01
4.408454132080078125e+01
3.000000000000000000e+01
5.557585144042968750e+01
6.215229797363281250e+01
7.054724121093750000e+01
5.113030242919921875e+01
6.199970626831054688e+01
6.009228515625000000e+01
6.911918640136718750e+01
6.003858566284179688e+01
4.784519195556640625e+01
6.476976013183593750e+01
3.000000000000000000e+01
6.297247695922851562e+01
5.744623947143554688e+01
3.311268234252929688e+01
3.833880615234375000e+01
5.247458648681640625e+01
5.547345733642578125e+01
5.164282608032226562e+01
4.555930709838867188e+01
5.719446182250976562e+01
4.880391311645507812e+01
6.338166809082031250e+01
7.998126983642578125e+01
5.816669464111328125e+01
8.402357482910156250e+01
4.894261169433593750e+01
4.854035949707031250e+01
4.300006103515625000e+01
6.059424209594726562e+01
6.807380676269531250e+01
6.166650772094726562e+01
8.205603790283203125e+01
3.838691329956054688e+01
8.858229827880859375e+01
5.070824050903320312e+01
5.248988342285156250e+01
9.320631408691406250e+01
1.442788391113281250e+02
1.281196441650390625e+02
3.038552665710449219e+01
4.192341613769531250e+01
4.820166015625000000e+01
5.441528320312500000e+01
1.072448806762695312e+02
7.302581787109375000e+01
6.671695709228515625e+01
1.064243469238281250e+02
5.334462738037109375e+01
5.370143890380859375e+01
3.470027160644531250e+01
6.097422027587890625e+01
6.533381652832031250e+01
3.735354614257812500e+01
4.640837097167968750e+01
8.162257385253906250e+01
5.485236358642578125e+01
4.535742950439453125e+01
8.755241394042968750e+01
3.568789672851562500e+01
3.860071182250976562e+01
6.051971054077148438e+01
4.589928817749023438e+01
3.359469985961914062e+01
4.746131515502929688e+01
2.540248260498046875e+02
7.039857482910156250e+01
4.875597763061523438e+01
4.449700927734375000e+01
4.663162994384765625e+01
1.205250244140625000e+02
4.090112304687500000e+01
4.632156372070312500e+01
5.670711135864257812e+01
3.476073074340820312e+01
7.793227386474609375e+01
4.012927246093750000e+01
6.110630035400390625e+01
5.470259475708007812e+01
5.885642623901367188e+01
4.512620544433593750e+01
4.706729888916015625e+01
5.474152755737304688e+01
6.154738616943359375e+01
2.156073608398437500e+02
3.000000000000000000e+01
5.153522491455078125e+01
6.261140060424804688e+01
4.669834899902343750e+01
4.866513061523437500e+01
4.181884765625000000e+01
4.396839904785156250e+01
5.829592895507812500e+01
3.648287582397460938e+01
4.589626312255859375e+01
5.580874633789062500e+01
3.606806182861328125e+01
5.023304748535156250e+01
3.999143981933593750e+01
4.419099426269531250e+01
4.948545837402343750e+01
3.269767761230468750e+01
5.721150207519531250e+01
7.548687744140625000e+01
3.113094520568847656e+01
3.883601379394531250e+01
4.519711685180664062e+01
7.790069580078125000e+01
5.519906616210937500e+01
1.055826416015625000e+02
3.000000000000000000e+01
6.766178131103515625e+01
8.096665191650390625e+01
4.811378479003906250e+01
9.320631408691406250e+01
3.000000000000000000e+01
4.262172698974609375e+01
3.906591033935546875e+01
4.139947509765625000e+01
1.275180664062500000e+02
5.024289321899414062e+01
5.337303924560546875e+01
7.767996215820312500e+01
3.767795562744140625e+01
1.071814117431640625e+02
7.459944152832031250e+01
4.398251342773437500e+01
4.970131683349609375e+01
8.223971557617187500e+01
8.676193237304687500e+01
7.510530090332031250e+01
6.739267730712890625e+01
3.380015945434570312e+01
3.816139221191406250e+01
6.110561370849609375e+01
7.302410888671875000e+01
1.176962509155273438e+02
1.001706848144531250e+02
1.305897827148437500e+02
5.478709411621093750e+01
3.844169998168945312e+01
5.344925689697265625e+01
3.636687469482421875e+01
4.947351837158203125e+01
3.000000000000000000e+01
3.000000000000000000e+01
8.435450744628906250e+01
1.158175659179687500e+02
5.626373672485351562e+01
3.000000000000000000e+01
4.117959213256835938e+01
7.053897094726562500e+01
3.997919845581054688e+01
5.180769729614257812e+01
6.720240020751953125e+01
3.885919952392578125e+01
7.084468078613281250e+01
5.619918823242187500e+01
6.521020507812500000e+01
5.965130615234375000e+01
3.345266342163085938e+01
3.527924346923828125e+01
5.701231384277343750e+01
3.000000000000000000e+01
6.119451904296875000e+01
7.651242828369140625e+01
5.260118103027343750e+01
9.113264465332031250e+01
6.505805969238281250e+01
3.357942962646484375e+01
3.647735595703125000e+01
4.253496551513671875e+01
3.300013351440429688e+01
4.056804656982421875e+01
3.289691162109375000e+01
4.203207778930664062e+01
1.076887969970703125e+02
4.568449401855468750e+01
4.076244354248046875e+01
1.611289062500000000e+02
8.098802185058593750e+01
4.543289184570312500e+01
6.631988525390625000e+01
8.018888854980468750e+01
4.221408843994140625e+01
5.672022247314453125e+01
1.134438934326171875e+02
4.100691986083984375e+01
8.070687103271484375e+01
4.510617828369140625e+01
3.218148040771484375e+01
6.076375198364257812e+01
3.957165527343750000e+01
3.544128036499023438e+01
5.552313232421875000e+01
4.289325332641601562e+01
5.627679443359375000e+01
4.619394683837890625e+01
5.945033645629882812e+01
3.276943969726562500e+01
4.162340545654296875e+01
7.867475891113281250e+01
9.084114074707031250e+01
3.177916526794433594e+01
9.101767730712890625e+01
4.855398178100585938e+01
3.767487335205078125e+01
8.739619445800781250e+01
9.503010559082031250e+01
4.860440826416015625e+01
5.792816543579101562e+01
4.666809082031250000e+01
4.908227539062500000e+01
3.000000000000000000e+01
6.675086975097656250e+01
5.752962112426757812e+01
4.084623336791992188e+01
6.876582336425781250e+01
5.385086059570312500e+01
6.091126632690429688e+01
3.287211990356445312e+01
6.068700790405273438e+01
6.024481964111328125e+01
5.659199905395507812e+01
7.617732238769531250e+01
6.572793579101562500e+01
3.785501098632812500e+01
5.094891357421875000e+01
3.258281326293945312e+01
6.879375457763671875e+01
6.170104598999023438e+01
8.706053161621093750e+01
6.110630035400390625e+01
6.156091308593750000e+01
6.610765838623046875e+01
6.068700790405273438e+01
4.361133575439453125e+01
4.934926605224609375e+01
3.885952758789062500e+01
4.626452636718750000e+01
6.469328308105468750e+01
5.360192871093750000e+01
3.000000000000000000e+01
3.845122528076171875e+01
4.795575332641601562e+01
5.116765213012695312e+01
4.213294601440429688e+01
6.399209594726562500e+01
4.128188323974609375e+01
5.218506240844726562e+01
7.347745513916015625e+01
4.256622314453125000e+01
5.118978500366210938e+01
4.228880691528320312e+01
8.106715393066406250e+01
6.428853607177734375e+01
4.695503997802734375e+01
5.552918624877929688e+01
4.033593750000000000e+01
6.366166305541992188e+01
7.090776062011718750e+01
3.000000000000000000e+01
4.415285873413085938e+01
6.368087768554687500e+01
5.298573684692382812e+01
6.062806701660156250e+01
5.161841583251953125e+01
7.315679931640625000e+01
3.849519348144531250e+01
3.018594551086425781e+01
4.348184967041015625e+01
3.975025558471679688e+01
6.229057312011718750e+01
4.842137908935546875e+01
8.910904693603515625e+01
4.786392974853515625e+01
5.149919891357421875e+01
4.370733642578125000e+01
4.825617980957031250e+01
3.000000000000000000e+01
5.041413497924804688e+01
4.192341613769531250e+01
4.762555694580078125e+01
4.281405639648437500e+01
3.987860488891601562e+01
5.450932312011718750e+01
5.753591537475585938e+01
6.355023956298828125e+01
4.838882446289062500e+01
5.399075317382812500e+01
4.398516082763671875e+01
3.000000000000000000e+01
3.000000000000000000e+01
4.825617980957031250e+01
8.205603790283203125e+01
4.984129333496093750e+01
4.564946746826171875e+01
3.000000000000000000e+01
7.066815185546875000e+01
5.860062408447265625e+01
7.539861297607421875e+01
4.570297622680664062e+01
3.290079116821289062e+01
5.279441452026367188e+01
3.088971328735351562e+01
4.824640274047851562e+01
3.210376358032226562e+01
4.910862731933593750e+01
3.000000000000000000e+01
3.000000000000000000e+01
4.314999771118164062e+01
3.812803649902343750e+01
8.073983764648437500e+01
5.021590805053710938e+01
8.706053161621093750e+01
5.985711288452148438e+01
4.163644409179687500e+01
3.154366683959960938e+01
3.977909851074218750e+01
4.423324584960937500e+01
4.392596817016601562e+01
5.772607040405273438e+01
7.823088073730468750e+01
4.267221832275390625e+01
3.756578826904296875e+01
3.937029266357421875e+01
8.226899719238281250e+01
5.640789413452148438e+01
4.578911972045898438e+01
3.674491119384765625e+01
3.000000000000000000e+01
3.680950927734375000e+01
3.311268234252929688e+01
5.966294097900390625e+01
3.690932846069335938e+01
5.369504547119140625e+01
4.161885452270507812e+01
3.665932464599609375e+01
3.523306274414062500e+01
5.814560699462890625e+01
3.271261215209960938e+01
9.251435852050781250e+01
4.206241226196289062e+01
7.428547668457031250e+01
5.985710906982421875e+01
6.907997894287109375e+01
3.000000000000000000e+01
3.227561950683593750e+01
4.888659667968750000e+01
3.000000000000000000e+01
4.067899703979492188e+01
7.326468658447265625e+01
3.000000000000000000e+01
6.295772171020507812e+01
4.935269165039062500e+01
4.514066696166992188e+01
4.525653076171875000e+01
7.727052307128906250e+01
3.130695915222167969e+01
3.683597946166992188e+01
7.386317443847656250e+01
4.455054855346679688e+01
8.223971557617187500e+01
8.131509399414062500e+01
3.000000000000000000e+01
7.167238616943359375e+01
5.495572662353515625e+01
5.558968734741210938e+01
5.010228729248046875e+01
4.252300262451171875e+01
8.080398559570312500e+01
7.122139739990234375e+01
4.728408050537109375e+01
5.350032043457031250e+01
7.988580322265625000e+01
3.797106933593750000e+01
9.196522521972656250e+01
3.000000000000000000e+01
3.654460525512695312e+01
3.858086395263671875e+01
5.183883666992187500e+01
3.727571868896484375e+01
7.446586608886718750e+01
4.736320495605468750e+01
5.153522491455078125e+01
4.272695159912109375e+01
4.404334259033203125e+01
3.028385543823242188e+01
3.233568572998046875e+01
7.958425140380859375e+01
3.574062728881835938e+01
3.740142059326171875e+01
6.032270431518554688e+01
5.263802337646484375e+01
5.004356384277343750e+01
4.491470336914062500e+01
5.552918624877929688e+01
3.011872673034667969e+01
3.797039413452148438e+01
4.080319595336914062e+01
4.228729248046875000e+01
3.131888580322265625e+01
4.020046615600585938e+01
5.928587341308593750e+01
3.571577835083007812e+01
4.654554748535156250e+01
4.407935333251953125e+01
7.697201538085937500e+01
4.159546661376953125e+01
6.830532836914062500e+01
1.046979675292968750e+02
5.129413604736328125e+01
5.371145629882812500e+01
4.722245025634765625e+01
4.474432754516601562e+01
4.053290557861328125e+01
4.619748687744140625e+01
6.029763793945312500e+01
1.089429931640625000e+02
3.099429893493652344e+01
3.758993530273437500e+01
4.654695129394531250e+01
4.672643661499023438e+01
3.992729187011718750e+01
5.143672943115234375e+01
4.589928817749023438e+01
6.107080078125000000e+01
3.000000000000000000e+01
4.940919494628906250e+01
3.607173919677734375e+01
5.259087371826171875e+01
4.308950042724609375e+01
3.000000000000000000e+01
5.309890747070312500e+01
5.039683532714843750e+01
3.954338836669921875e+01
4.713966751098632812e+01
4.388333892822265625e+01
4.429915618896484375e+01
5.937710571289062500e+01
4.157798004150390625e+01
3.573286437988281250e+01
4.212235260009765625e+01
4.530846405029296875e+01
3.358469390869140625e+01
5.515834045410156250e+01
4.578883361816406250e+01
5.426067733764648438e+01
3.908095550537109375e+01
5.295351409912109375e+01
5.055277252197265625e+01
3.605141448974609375e+01
4.671512222290039062e+01
4.313972091674804688e+01
4.948717880249023438e+01
6.067134475708007812e+01
4.711879730224609375e+01
3.891073608398437500e+01
4.239872741699218750e+01
5.499805831909179688e+01
5.751258087158203125e+01
4.250617980957031250e+01
5.541389846801757812e+01
3.897297286987304688e+01
6.126873779296875000e+01
4.143931579589843750e+01
1.038784637451171875e+02
8.277646636962890625e+01
4.994497299194335938e+01
4.945820617675781250e+01
3.000000000000000000e+01
8.075403594970703125e+01
3.000000000000000000e+01
4.385406494140625000e+01
8.532272338867187500e+01
4.746442794799804688e+01
4.422000885009765625e+01
6.180133056640625000e+01
8.434743499755859375e+01
3.512997055053710938e+01
3.690303802490234375e+01
3.000000000000000000e+01
5.462186813354492188e+01
4.064706420898437500e+01
3.171358871459960938e+01
5.587840270996093750e+01
8.427507019042968750e+01
5.041252136230468750e+01
3.822483444213867188e+01
3.290837097167968750e+01
5.697171020507812500e+01
4.576679611206054688e+01
5.184130096435546875e+01
5.719844436645507812e+01
1.055826416015625000e+02
5.907680511474609375e+01
7.754263305664062500e+01
6.293274688720703125e+01
7.543372344970703125e+01
5.821918869018554688e+01
3.450523757934570312e+01
3.518667602539062500e+01
5.777352905273437500e+01
4.353078842163085938e+01
4.376391601562500000e+01
3.079860305786132812e+01
3.278357315063476562e+01
6.563742828369140625e+01
3.266357803344726562e+01
4.503670883178710938e+01
4.947878646850585938e+01
7.129821014404296875e+01
4.727951812744140625e+01
3.961487579345703125e+01
4.512487792968750000e+01
3.000000000000000000e+01
5.051420974731445312e+01
4.416304779052734375e+01
7.656368255615234375e+01
4.869504928588867188e+01
4.474689102172851562e+01
3.000000000000000000e+01
5.898469543457031250e+01
5.548015594482421875e+01
3.000000000000000000e+01
6.366165924072265625e+01
4.236093139648437500e+01
1.004637145996093750e+02
4.788288116455078125e+01
6.740235900878906250e+01
5.477633666992187500e+01
4.516923522949218750e+01
3.451177215576171875e+01
3.675551605224609375e+01
5.756571960449218750e+01
3.952276611328125000e+01
5.283214569091796875e+01
4.251753997802734375e+01
3.894256591796875000e+01
4.506736373901367188e+01
7.793227386474609375e+01
6.713978576660156250e+01
6.471014404296875000e+01
3.066012191772460938e+01
4.236347198486328125e+01
5.830437469482421875e+01
6.563742828369140625e+01
5.978922653198242188e+01
4.670861053466796875e+01
6.159993743896484375e+01
4.721030044555664062e+01
5.081581878662109375e+01
3.561821746826171875e+01
3.717215347290039062e+01
3.053751754760742188e+01
7.119264221191406250e+01
3.410257720947265625e+01
4.311005401611328125e+01
3.383265304565429688e+01
4.188844299316406250e+01
5.746288681030273438e+01
3.000000000000000000e+01
4.802098846435546875e+01
4.895179367065429688e+01
3.236476516723632812e+01
5.182314682006835938e+01
7.767996215820312500e+01
3.173562622070312500e+01
5.573757934570312500e+01
4.784152984619140625e+01
4.262754058837890625e+01
4.373942947387695312e+01
4.751774597167968750e+01
3.414173126220703125e+01
4.113535308837890625e+01
4.368315887451171875e+01
4.654837036132812500e+01
3.780275726318359375e+01
3.667753219604492188e+01
4.773767089843750000e+01
3.737236022949218750e+01
3.691738510131835938e+01
4.064375686645507812e+01
3.519300079345703125e+01
5.489538574218750000e+01
4.978470611572265625e+01
8.434743499755859375e+01
3.487524414062500000e+01
3.913579559326171875e+01
3.205965805053710938e+01
8.847747039794921875e+01
3.000000000000000000e+01
4.071400451660156250e+01
7.119264221191406250e+01
5.741209030151367188e+01
4.381760406494140625e+01
4.112430191040039062e+01
4.711800384521484375e+01
1.182439880371093750e+02
5.279382324218750000e+01
6.210753250122070312e+01
7.960433197021484375e+01
3.000000000000000000e+01
3.289386749267578125e+01
4.956379318237304688e+01
3.443584060668945312e+01
5.499168395996093750e+01
6.084339523315429688e+01
4.098832321166992188e+01
3.699742507934570312e+01
6.670745849609375000e+01
3.305901336669921875e+01
5.644969940185546875e+01
4.935453796386718750e+01
5.283675765991210938e+01
4.195856475830078125e+01
4.109249877929687500e+01
5.495572662353515625e+01
4.408688354492187500e+01
3.935468292236328125e+01
7.957835388183593750e+01
4.164121246337890625e+01
4.027221679687500000e+01
7.171154785156250000e+01
6.001266860961914062e+01
3.000000000000000000e+01
3.394107055664062500e+01
5.145267486572265625e+01
4.451129913330078125e+01
3.473511886596679688e+01
3.584357070922851562e+01
5.499058532714843750e+01
5.952330780029296875e+01
5.589388656616210938e+01
4.615934753417968750e+01
3.109755897521972656e+01
4.160338592529296875e+01
4.334867858886718750e+01
5.190379333496093750e+01
5.687914276123046875e+01
3.776153945922851562e+01
4.421198272705078125e+01
3.948783111572265625e+01
3.075386428833007812e+01
4.168704223632812500e+01
3.000000000000000000e+01
5.985995864868164062e+01
4.130623626708984375e+01
3.099429702758789062e+01
3.359469985961914062e+01
4.423421478271484375e+01
4.606886291503906250e+01
4.751715087890625000e+01
3.000000000000000000e+01
7.315794372558593750e+01
4.032148361206054688e+01
4.295715713500976562e+01
4.338997650146484375e+01
7.790069580078125000e+01
4.789608764648437500e+01
3.964488220214843750e+01
3.000000000000000000e+01
3.395684432983398438e+01
5.371220016479492188e+01
4.158588790893554688e+01
3.861727142333984375e+01
3.000000000000000000e+01
4.039021301269531250e+01
3.000000000000000000e+01
3.435347366333007812e+01
4.729986190795898438e+01
4.342009735107421875e+01
5.612813568115234375e+01
3.280905532836914062e+01
6.835004425048828125e+01
4.805345153808593750e+01
4.663087081909179688e+01
6.677453613281250000e+01
3.481880187988281250e+01
5.470970916748046875e+01
3.000000000000000000e+01
3.000000000000000000e+01
5.215389251708984375e+01
4.522307968139648438e+01
3.303736877441406250e+01
3.991866302490234375e+01
3.714189147949218750e+01
3.877569961547851562e+01
3.848760223388671875e+01
4.221647262573242188e+01
