4.682173156738281250e+01
5.769015121459960938e+01
3.969872665405273438e+01
3.941294860839843750e+01
5.946121215820312500e+01
7.711743164062500000e+01
3.557944869995117188e+01
1.067276611328125000e+02
5.257489013671875000e+01
1.109563064575195312e+02
4.694170379638671875e+01
1.556433715820312500e+02
4.711541748046875000e+01
4.337959289550781250e+01
3.521924591064453125e+01
7.346459960937500000e+01
5.949562835693359375e+01
4.087486267089843750e+01
4.398510360717773438e+01
1.207448883056640625e+02
3.850108718872070312e+01
8.426100158691406250e+01
3.000000000000000000e+01
4.974484252929687500e+01
5.965336608886718750e+01
7.047190093994140625e+01
3.646281814575195312e+01
6.256535720825195312e+01
1.929931030273437500e+02
7.154702758789062500e+01
5.919072723388671875e+01
4.840448379516601562e+01
4.381726837158203125e+01
1.247773742675781250e+02
8.150051879882812500e+01
5.443605041503906250e+01
6.048941421508789062e+01
5.050050354003906250e+01
4.294475555419921875e+01
4.999853897094726562e+01
3.632621002197265625e+01
3.333195877075195312e+01
5.202367401123046875e+01
4.873240280151367188e+01
3.000000000000000000e+01
3.337770080566406250e+01
4.460949707031250000e+01
5.729380035400390625e+01
1.379482116699218750e+02
5.890334701538085938e+01
4.388860321044921875e+01
3.000000000000000000e+01
6.495281982421875000e+01
4.427944946289062500e+01
9.618531799316406250e+01
5.013769912719726562e+01
8.687039184570312500e+01
5.668401718139648438e+01
6.107687377929687500e+01
5.986722564697265625e+01
5.216651916503906250e+01
7.325934600830078125e+01
3.816090393066406250e+01
7.190534973144531250e+01
8.065090942382812500e+01
4.726467895507812500e+01
5.014401245117187500e+01
3.000000000000000000e+01
4.421184158325195312e+01
7.245160675048828125e+01
6.104061508178710938e+01
4.042478179931640625e+01
1.434562377929687500e+02
4.444734954833984375e+01
6.754096984863281250e+01
5.937413406372070312e+01
4.758557891845703125e+01
5.138478851318359375e+01
4.060946655273437500e+01
6.884902954101562500e+01
3.451737594604492188e+01
5.949562835693359375e+01
4.796986389160156250e+01
8.400942230224609375e+01
8.027456665039062500e+01
5.554839324951171875e+01
3.926506423950195312e+01
4.204882812500000000e+01
4.711541366577148438e+01
5.447294998168945312e+01
4.887669754028320312e+01
4.537470245361328125e+01
7.367580413818359375e+01
5.583925247192382812e+01
9.503238677978515625e+01
9.714254760742187500e+01
5.887233734130859375e+01
3.941457748413085938e+01
9.318017578125000000e+01
4.688022232055664062e+01
8.511773681640625000e+01
6.929968261718750000e+01
1.350807647705078125e+02
3.768571472167968750e+01
4.568056106567382812e+01
6.884233093261718750e+01
3.000000000000000000e+01
6.174829101562500000e+01
4.618479156494140625e+01
3.000000000000000000e+01
4.238220214843750000e+01
3.546162033081054688e+01
6.579737091064453125e+01
8.456437683105468750e+01
4.011503982543945312e+01
3.947106933593750000e+01
9.872619628906250000e+01
4.673899459838867188e+01
7.278279113769531250e+01
4.858773040771484375e+01
4.574584197998046875e+01
5.148271179199218750e+01
5.216231536865234375e+01
4.119175720214843750e+01
3.925246429443359375e+01
4.522368240356445312e+01
7.655759429931640625e+01
5.211658477783203125e+01
4.381670761108398438e+01
7.273051452636718750e+01
5.297136306762695312e+01
9.509888458251953125e+01
7.257980346679687500e+01
5.932328796386718750e+01
6.460008239746093750e+01
5.155864715576171875e+01
9.320915985107421875e+01
4.217446136474609375e+01
3.665531921386718750e+01
6.955268859863281250e+01
4.403660964965820312e+01
9.604382324218750000e+01
8.394287872314453125e+01
4.631140899658203125e+01
6.813055419921875000e+01
4.482193374633789062e+01
8.641467285156250000e+01
9.889566040039062500e+01
5.780356597900390625e+01
1.383633728027343750e+02
5.426643371582031250e+01
7.110479736328125000e+01
4.715232086181640625e+01
9.243141174316406250e+01
4.514154052734375000e+01
1.173811492919921875e+02
4.133816909790039062e+01
1.160944061279296875e+02
4.707993316650390625e+01
6.503019714355468750e+01
4.334802627563476562e+01
5.882545089721679688e+01
4.793621063232421875e+01
4.146937942504882812e+01
6.515611267089843750e+01
4.551490020751953125e+01
6.209994506835937500e+01
5.168567657470703125e+01
3.929467391967773438e+01
1.379496154785156250e+02
4.668622589111328125e+01
4.278297805786132812e+01
4.401622009277343750e+01
3.000000000000000000e+01
4.760504913330078125e+01
8.807448577880859375e+01
5.402323532104492188e+01
4.303441238403320312e+01
6.650578308105468750e+01
4.825092697143554688e+01
5.899428558349609375e+01
6.402299499511718750e+01
7.231699371337890625e+01
5.584167861938476562e+01
4.089287567138671875e+01
4.431372070312500000e+01
3.000000000000000000e+01
8.309474182128906250e+01
5.726742553710937500e+01
4.087843322753906250e+01
5.402019500732421875e+01
6.349533462524414062e+01
5.366902923583984375e+01
4.452297973632812500e+01
6.081141281127929688e+01
5.314447021484375000e+01
5.015986633300781250e+01
8.574571990966796875e+01
1.095168304443359375e+02
8.092153930664062500e+01
6.751404571533203125e+01
9.297780609130859375e+01
6.022692489624023438e+01
4.286426544189453125e+01
5.191099548339843750e+01
4.644421386718750000e+01
5.722452163696289062e+01
6.209414672851562500e+01
1.433761901855468750e+02
3.224872207641601562e+01
5.117316818237304688e+01
8.019715118408203125e+01
4.656669235229492188e+01
4.593778991699218750e+01
3.641745376586914062e+01
3.780424880981445312e+01
5.552025604248046875e+01
5.006701278686523438e+01
4.637537384033203125e+01
4.119087219238281250e+01
3.647121429443359375e+01
7.479263305664062500e+01
1.033878784179687500e+02
4.263930511474609375e+01
4.486494064331054688e+01
4.012105941772460938e+01
5.264355468750000000e+01
1.046249542236328125e+02
5.978816223144531250e+01
1.075785064697265625e+02
3.729175567626953125e+01
4.567242431640625000e+01
5.231931686401367188e+01
4.252601242065429688e+01
4.868242263793945312e+01
6.527569580078125000e+01
4.408993148803710938e+01
4.993518066406250000e+01
6.309091949462890625e+01
5.297610092163085938e+01
4.351975631713867188e+01
1.263258132934570312e+02
7.664107513427734375e+01
7.307701110839843750e+01
8.582106018066406250e+01
4.684259414672851562e+01
4.944705581665039062e+01
1.237776031494140625e+02
1.981778106689453125e+02
4.743508529663085938e+01
5.209403228759765625e+01
3.773165893554687500e+01
5.941018295288085938e+01
1.006718139648437500e+02
3.470595169067382812e+01
6.056745529174804688e+01
5.001615142822265625e+01
4.548492431640625000e+01
3.966630172729492188e+01
1.623186950683593750e+02
3.233473968505859375e+01
5.892935180664062500e+01
5.574331283569335938e+01
3.598163604736328125e+01
1.351113891601562500e+02
5.752639770507812500e+01
1.395401306152343750e+02
7.473551177978515625e+01
5.341904449462890625e+01
8.246633911132812500e+01
5.849926757812500000e+01
4.951040267944335938e+01
7.307701110839843750e+01
6.019706726074218750e+01
1.171011047363281250e+02
3.000000000000000000e+01
6.069898223876953125e+01
7.972454833984375000e+01
1.020973663330078125e+02
9.234812164306640625e+01
6.558366394042968750e+01
6.338138961791992188e+01
5.793895721435546875e+01
4.182154083251953125e+01
6.492362976074218750e+01
3.527003860473632812e+01
5.078910827636718750e+01
5.468525314331054688e+01
3.447692871093750000e+01
4.093931961059570312e+01
4.177038574218750000e+01
4.332479095458984375e+01
3.620886993408203125e+01
8.592136383056640625e+01
3.713368606567382812e+01
3.388742446899414062e+01
6.088959121704101562e+01
4.478311920166015625e+01
3.963965225219726562e+01
6.728108215332031250e+01
6.114949417114257812e+01
3.475216674804687500e+01
3.688877868652343750e+01
7.530906677246093750e+01
6.861484527587890625e+01
3.960575103759765625e+01
7.276768493652343750e+01
7.669300079345703125e+01
7.872216033935546875e+01
9.399099731445312500e+01
1.368520202636718750e+02
3.423386001586914062e+01
8.376086425781250000e+01
8.520736694335937500e+01
1.033113555908203125e+02
3.988792419433593750e+01
3.858660888671875000e+01
1.194420394897460938e+02
5.390171051025390625e+01
9.318018341064453125e+01
4.646928405761718750e+01
5.246936798095703125e+01
4.714879226684570312e+01
4.694626235961914062e+01
3.853946304321289062e+01
3.591105651855468750e+01
3.751221847534179688e+01
3.952252960205078125e+01
1.434562377929687500e+02
3.217512893676757812e+01
8.361665344238281250e+01
5.239786529541015625e+01
6.194355010986328125e+01
4.334000396728515625e+01
4.733460235595703125e+01
4.884002685546875000e+01
7.337359619140625000e+01
4.492665100097656250e+01
3.256811141967773438e+01
3.482471084594726562e+01
5.526945495605468750e+01
8.904667663574218750e+01
4.244041442871093750e+01
7.872216033935546875e+01
4.953222274780273438e+01
5.416852569580078125e+01
1.239499511718750000e+02
3.944207382202148438e+01
3.300171661376953125e+01
9.331844329833984375e+01
1.456678771972656250e+02
1.616846618652343750e+02
5.824070739746093750e+01
7.325934600830078125e+01
3.778405761718750000e+01
7.887475585937500000e+01
5.866916656494140625e+01
3.411380004882812500e+01
1.065685806274414062e+02
5.123847198486328125e+01
7.840677642822265625e+01
1.307572631835937500e+02
7.089386749267578125e+01
7.330764770507812500e+01
9.080277252197265625e+01
3.175325775146484375e+01
7.477459716796875000e+01
1.168704605102539062e+02
3.109883117675781250e+01
5.573569488525390625e+01
6.101686477661132812e+01
4.578060531616210938e+01
9.338085937500000000e+01
1.250615768432617188e+02
6.085861587524414062e+01
1.118975830078125000e+02
7.360466003417968750e+01
7.154702758789062500e+01
8.220002746582031250e+01
6.482939147949218750e+01
3.476011657714843750e+01
3.766396331787109375e+01
3.013672828674316406e+01
5.653694152832031250e+01
5.257107925415039062e+01
7.664107513427734375e+01
5.320211029052734375e+01
4.821420288085937500e+01
4.022858047485351562e+01
2.632059326171875000e+02
3.512944793701171875e+01
4.707182693481445312e+01
3.690339279174804688e+01
3.000000000000000000e+01
4.371786499023437500e+01
6.626387023925781250e+01
7.272315216064453125e+01
8.767237091064453125e+01
6.696660614013671875e+01
4.132666015625000000e+01
5.128071594238281250e+01
4.151336288452148438e+01
1.506189270019531250e+02
3.347390747070312500e+01
4.131897735595703125e+01
6.817164611816406250e+01
3.856489562988281250e+01
5.920132446289062500e+01
6.462313842773437500e+01
1.301944274902343750e+02
7.080509948730468750e+01
8.570043945312500000e+01
5.553379058837890625e+01
4.856922531127929688e+01
7.945748901367187500e+01
4.141412734985351562e+01
7.969593811035156250e+01
9.598394012451171875e+01
4.162620544433593750e+01
3.609246444702148438e+01
9.037036132812500000e+01
3.000000000000000000e+01
3.932645797729492188e+01
1.250420074462890625e+02
6.910166168212890625e+01
6.098700714111328125e+01
6.697434997558593750e+01
4.313960266113281250e+01
6.747940826416015625e+01
8.583300018310546875e+01
4.701484298706054688e+01
8.361665344238281250e+01
2.187754516601562500e+02
4.694626235961914062e+01
1.191101913452148438e+02
4.702759933471679688e+01
5.926461791992187500e+01
8.142158508300781250e+01
6.256535720825195312e+01
5.056053924560546875e+01
7.793528747558593750e+01
3.600997924804687500e+01
5.831104278564453125e+01
5.214353942871093750e+01
5.298482513427734375e+01
4.377975463867187500e+01
5.576862335205078125e+01
5.722304534912109375e+01
2.100453491210937500e+02
9.233967590332031250e+01
4.715111541748046875e+01
4.715232086181640625e+01
4.602536010742187500e+01
5.454605865478515625e+01
7.908973693847656250e+01
3.643042755126953125e+01
8.179406738281250000e+01
8.757830810546875000e+01
4.327311325073242188e+01
1.056859436035156250e+02
8.855867767333984375e+01
5.783705520629882812e+01
5.183584594726562500e+01
5.028640365600585938e+01
4.492729949951171875e+01
1.908735351562500000e+02
3.607569503784179688e+01
5.151785659790039062e+01
4.955351257324218750e+01
4.214211273193359375e+01
1.064693679809570312e+02
3.852542877197265625e+01
4.357773590087890625e+01
1.444526062011718750e+02
6.861484527587890625e+01
7.368244934082031250e+01
6.847387695312500000e+01
5.555287170410156250e+01
6.253847122192382812e+01
7.655797576904296875e+01
7.243737792968750000e+01
7.098600769042968750e+01
6.936884307861328125e+01
3.021040344238281250e+01
6.768491363525390625e+01
8.472580718994140625e+01
4.482829284667968750e+01
4.593778991699218750e+01
6.685522460937500000e+01
1.014726943969726562e+02
7.219725036621093750e+01
5.067463684082031250e+01
4.255923461914062500e+01
3.404795074462890625e+01
4.241846084594726562e+01
3.000000000000000000e+01
3.877410125732421875e+01
3.442051315307617188e+01
5.775347900390625000e+01
5.414942550659179688e+01
4.989638900756835938e+01
4.212041473388671875e+01
8.101834106445312500e+01
5.746844100952148438e+01
4.660864257812500000e+01
3.692573928833007812e+01
5.415415954589843750e+01
5.485485839843750000e+01
3.634629821777343750e+01
3.540126037597656250e+01
8.726396179199218750e+01
3.474050521850585938e+01
5.212127685546875000e+01
3.000000000000000000e+01
5.311438751220703125e+01
3.910667419433593750e+01
3.521924591064453125e+01
1.137822113037109375e+02
5.545294189453125000e+01
4.543703460693359375e+01
8.580596160888671875e+01
4.131897735595703125e+01
6.649775695800781250e+01
5.226224517822265625e+01
4.259321594238281250e+01
1.098934097290039062e+02
4.416088104248046875e+01
1.421283111572265625e+02
1.002058715820312500e+02
3.947794342041015625e+01
4.481267166137695312e+01
8.360731506347656250e+01
4.347752380371093750e+01
6.076521301269531250e+01
5.574331283569335938e+01
2.146961975097656250e+02
4.056173706054687500e+01
5.152719497680664062e+01
4.941722488403320312e+01
4.720246124267578125e+01
4.682873535156250000e+01
8.682710266113281250e+01
3.799160003662109375e+01
8.182788085937500000e+01
3.970953750610351562e+01
3.484915924072265625e+01
3.864746856689453125e+01
4.305629730224609375e+01
4.777334594726562500e+01
3.989994430541992188e+01
3.579870605468750000e+01
3.575207519531250000e+01
3.867823028564453125e+01
5.178035736083984375e+01
4.735208892822265625e+01
4.238017272949218750e+01
5.447081756591796875e+01
6.174829101562500000e+01
7.091950988769531250e+01
1.433761901855468750e+02
6.523037719726562500e+01
9.555037689208984375e+01
7.390594482421875000e+01
1.135103302001953125e+02
3.765137863159179688e+01
4.809194946289062500e+01
8.927465820312500000e+01
5.946986770629882812e+01
6.101374435424804688e+01
8.120354461669921875e+01
7.156923675537109375e+01
6.212257385253906250e+01
4.011503982543945312e+01
4.161305999755859375e+01
5.595200347900390625e+01
8.972468566894531250e+01
3.580034637451171875e+01
5.793079376220703125e+01
4.350254058837890625e+01
3.813958740234375000e+01
8.764225769042968750e+01
4.887669754028320312e+01
4.058817672729492188e+01
4.250430679321289062e+01
4.881499099731445312e+01
7.532598876953125000e+01
9.455817413330078125e+01
3.948513031005859375e+01
3.808774948120117188e+01
3.336007690429687500e+01
8.767237091064453125e+01
5.675425338745117188e+01
5.664231872558593750e+01
5.616465759277343750e+01
6.429138183593750000e+01
4.947360610961914062e+01
5.999005889892578125e+01
4.554766845703125000e+01
7.261303710937500000e+01
4.207838439941406250e+01
8.165320587158203125e+01
5.790604400634765625e+01
7.898087310791015625e+01
6.947776794433593750e+01
4.467909240722656250e+01
3.266818237304687500e+01
6.136164093017578125e+01
7.294049835205078125e+01
5.064413070678710938e+01
6.596990966796875000e+01
5.161056518554687500e+01
4.218615722656250000e+01
6.092759323120117188e+01
5.827340698242187500e+01
3.229106140136718750e+01
4.778189086914062500e+01
5.475489807128906250e+01
5.722304534912109375e+01
5.035206222534179688e+01
5.918732833862304688e+01
3.648310852050781250e+01
7.240153503417968750e+01
1.200439910888671875e+02
6.059794616699218750e+01
4.359603881835937500e+01
1.135103302001953125e+02
5.824070739746093750e+01
6.442401123046875000e+01
1.014726943969726562e+02
3.946226501464843750e+01
3.000000000000000000e+01
8.347553253173828125e+01
3.000000000000000000e+01
4.003854751586914062e+01
1.780048217773437500e+02
5.041955566406250000e+01
4.240246582031250000e+01
4.464582443237304688e+01
1.246018295288085938e+02
7.357932281494140625e+01
5.051911544799804688e+01
1.181910552978515625e+02
4.453718185424804688e+01
1.155532989501953125e+02
7.670092773437500000e+01
1.192972183227539062e+02
5.724134826660156250e+01
3.000000000000000000e+01
9.229653930664062500e+01
7.124489593505859375e+01
7.496260070800781250e+01
4.492665100097656250e+01
4.726313781738281250e+01
3.530060577392578125e+01
4.599349212646484375e+01
5.311734008789062500e+01
5.287732315063476562e+01
3.882277679443359375e+01
7.484092712402343750e+01
7.323590850830078125e+01
4.782865142822265625e+01
3.133942794799804688e+01
4.638993453979492188e+01
3.686398696899414062e+01
4.632968902587890625e+01
1.210406951904296875e+02
5.218962478637695312e+01
7.704389953613281250e+01
5.352744293212890625e+01
5.752488327026367188e+01
3.551734161376953125e+01
9.604382324218750000e+01
5.909346389770507812e+01
7.440391540527343750e+01
7.491652679443359375e+01
5.882694244384765625e+01
3.860163879394531250e+01
4.506675720214843750e+01
4.819330215454101562e+01
6.057546234130859375e+01
5.194317626953125000e+01
1.908735504150390625e+02
4.957430648803710938e+01
6.574772644042968750e+01
8.715618896484375000e+01
7.703364562988281250e+01
3.942161560058593750e+01
5.035206222534179688e+01
4.799224853515625000e+01
6.388787078857421875e+01
9.460832977294921875e+01
3.075190734863281250e+01
4.613333892822265625e+01
6.269235229492187500e+01
9.108595275878906250e+01
6.155153656005859375e+01
1.421283111572265625e+02
6.785148620605468750e+01
3.000000000000000000e+01
5.720558929443359375e+01
5.786720275878906250e+01
1.770658569335937500e+02
9.479257965087890625e+01
5.722427368164062500e+01
7.098015594482421875e+01
3.000000000000000000e+01
5.438031005859375000e+01
9.768247985839843750e+01
3.123199272155761719e+01
3.862200164794921875e+01
7.257183074951171875e+01
9.760819244384765625e+01
4.086227798461914062e+01
9.897999572753906250e+01
4.264660644531250000e+01
4.327431488037109375e+01
5.390171051025390625e+01
8.622170257568359375e+01
5.830355834960937500e+01
4.199842453002929688e+01
4.486167144775390625e+01
3.546882629394531250e+01
3.808541107177734375e+01
3.347390747070312500e+01
4.219196319580078125e+01
6.474487304687500000e+01
6.910166168212890625e+01
3.000000000000000000e+01
3.792686462402343750e+01
4.237342834472656250e+01
4.707182693481445312e+01
3.983639907836914062e+01
9.426712036132812500e+01
3.321447372436523438e+01
6.246908569335937500e+01
8.176277923583984375e+01
5.263911437988281250e+01
3.651404190063476562e+01
4.251782226562500000e+01
6.503019714355468750e+01
7.294696807861328125e+01
4.946405792236328125e+01
6.808354187011718750e+01
5.888114929199218750e+01
8.717220306396484375e+01
5.600408172607421875e+01
4.297095108032226562e+01
5.336505126953125000e+01
6.541075897216796875e+01
6.253847503662109375e+01
5.850214385986328125e+01
3.864231109619140625e+01
4.465019226074218750e+01
4.995738220214843750e+01
5.369908142089843750e+01
5.012940216064453125e+01
3.963965225219726562e+01
5.307992172241210938e+01
4.577743148803710938e+01
6.458378601074218750e+01
6.764389801025390625e+01
5.326135253906250000e+01
7.649266815185546875e+01
4.290348434448242188e+01
5.297610092163085938e+01
4.718637084960937500e+01
6.460313415527343750e+01
6.714908599853515625e+01
5.998572540283203125e+01
7.639884948730468750e+01
3.895187377929687500e+01
7.627194213867187500e+01
5.830467224121093750e+01
4.640276336669921875e+01
8.067604064941406250e+01
1.207448883056640625e+02
1.400461730957031250e+02
3.193471527099609375e+01
3.400251007080078125e+01
4.376195526123046875e+01
5.916771697998046875e+01
9.233967590332031250e+01
7.684318542480468750e+01
6.062442779541015625e+01
9.704922485351562500e+01
4.638993453979492188e+01
4.715665817260742188e+01
3.436520767211914062e+01
5.362476730346679688e+01
6.053232955932617188e+01
3.326373672485351562e+01
4.734739685058593750e+01
8.080136871337890625e+01
3.968167877197265625e+01
4.794027328491210938e+01
8.142578125000000000e+01
4.667251586914062500e+01
4.842505645751953125e+01
7.245160675048828125e+01
6.288804626464843750e+01
4.919122314453125000e+01
4.199842453002929688e+01
2.247416076660156250e+02
8.789011383056640625e+01
4.227129364013671875e+01
4.767093276977539062e+01
5.169796371459960938e+01
1.246742706298828125e+02
4.098514556884765625e+01
5.526535415649414062e+01
6.099298095703125000e+01
3.882277679443359375e+01
6.490760803222656250e+01
4.604943084716796875e+01
5.667788314819335938e+01
5.395851898193359375e+01
6.217471694946289062e+01
4.187565612792968750e+01
3.701264953613281250e+01
7.126809692382812500e+01
5.847075653076171875e+01
1.816468811035156250e+02
4.747983551025390625e+01
4.947649765014648438e+01
5.456507110595703125e+01
5.233535766601562500e+01
4.665040588378906250e+01
6.085845947265625000e+01
6.065213394165039062e+01
5.616708374023437500e+01
4.742160034179687500e+01
6.558262634277343750e+01
5.966936492919921875e+01
3.736154937744140625e+01
4.612265014648437500e+01
5.423036193847656250e+01
3.947794342041015625e+01
4.701460266113281250e+01
3.000000000000000000e+01
5.515155029296875000e+01
6.325576019287109375e+01
3.088117980957031250e+01
4.610004806518554688e+01
6.088959121704101562e+01
7.511788940429687500e+01
6.488661193847656250e+01
1.041673126220703125e+02
3.219505310058593750e+01
7.098600769042968750e+01
7.689006805419921875e+01
4.445903778076171875e+01
8.067604064941406250e+01
3.602704620361328125e+01
4.826866912841796875e+01
3.818290710449218750e+01
4.128320693969726562e+01
1.300040130615234375e+02
5.244395446777343750e+01
3.909886169433593750e+01
6.421199035644531250e+01
3.838451385498046875e+01
1.156447982788085938e+02
6.676541137695312500e+01
4.427138137817382812e+01
4.536532592773437500e+01
8.499753570556640625e+01
7.404825592041015625e+01
6.946159362792968750e+01
4.904303741455078125e+01
3.672039413452148438e+01
4.977746582031250000e+01
6.426246643066406250e+01
5.448736572265625000e+01
1.289759674072265625e+02
9.614891052246093750e+01
1.362862396240234375e+02
5.782687377929687500e+01
3.722241973876953125e+01
5.452712249755859375e+01
3.517919921875000000e+01
5.430429840087890625e+01
3.080891036987304688e+01
3.192092514038085938e+01
5.727839279174804688e+01
1.319951477050781250e+02
5.096539306640625000e+01
3.000000000000000000e+01
5.187807846069335938e+01
6.421867370605468750e+01
4.404742813110351562e+01
4.867489624023437500e+01
5.194317626953125000e+01
4.067526626586914062e+01
7.177559661865234375e+01
5.438031005859375000e+01
5.699241256713867188e+01
5.337258911132812500e+01
3.527091598510742188e+01
4.006224441528320312e+01
5.146484375000000000e+01
3.910620498657226562e+01
6.812036132812500000e+01
7.625056457519531250e+01
5.108474731445312500e+01
8.582106018066406250e+01
4.543296051025390625e+01
3.000000000000000000e+01
5.595795822143554688e+01
4.514323425292968750e+01
3.975330734252929688e+01
4.387817382812500000e+01
4.368486404418945312e+01
4.038405609130859375e+01
8.515010070800781250e+01
4.132666015625000000e+01
4.101090621948242188e+01
2.100453491210937500e+02
8.154374694824218750e+01
4.228422546386718750e+01
5.704359436035156250e+01
7.618285369873046875e+01
4.212041473388671875e+01
5.189523315429687500e+01
1.084442443847656250e+02
3.967926788330078125e+01
7.448774719238281250e+01
4.060946655273437500e+01
3.000000000000000000e+01
5.447294998168945312e+01
5.273462677001953125e+01
4.800839233398437500e+01
4.939689254760742188e+01
5.832192230224609375e+01
5.591177368164062500e+01
4.409306335449218750e+01
5.123847579956054688e+01
4.203298187255859375e+01
4.079870605468750000e+01
7.350966644287109375e+01
7.923672485351562500e+01
3.545638275146484375e+01
9.725782012939453125e+01
4.322061920166015625e+01
4.178309631347656250e+01
7.360476684570312500e+01
7.062324523925781250e+01
4.595070648193359375e+01
5.514286041259765625e+01
4.160595703125000000e+01
4.991210174560546875e+01
3.000000000000000000e+01
9.751648712158203125e+01
4.365760803222656250e+01
4.482786941528320312e+01
6.847386932373046875e+01
5.583955001831054688e+01
5.446350479125976562e+01
3.254960250854492188e+01
5.710521697998046875e+01
5.766139602661132812e+01
4.858773040771484375e+01
7.312608337402343750e+01
6.657166290283203125e+01
3.967642974853515625e+01
5.348941040039062500e+01
3.003662490844726562e+01
6.015522384643554688e+01
7.655758666992187500e+01
7.497499847412109375e+01
5.667788314819335938e+01
5.277270889282226562e+01
6.382651138305664062e+01
5.710522079467773438e+01
3.482223129272460938e+01
4.959135055541992188e+01
3.000000000000000000e+01
3.964661407470703125e+01
5.731402587890625000e+01
6.425775909423828125e+01
3.092376708984375000e+01
3.233473968505859375e+01
5.504605102539062500e+01
6.748981475830078125e+01
3.448147201538085938e+01
5.283470535278320312e+01
3.919351196289062500e+01
4.665884399414062500e+01
6.186656951904296875e+01
4.306177139282226562e+01
5.909282302856445312e+01
3.253897094726562500e+01
7.975422668457031250e+01
5.909814071655273438e+01
4.964312744140625000e+01
4.558452224731445312e+01
3.975379180908203125e+01
5.988162231445312500e+01
6.682633209228515625e+01
3.481327819824218750e+01
3.999864196777343750e+01
6.081747055053710938e+01
6.102885437011718750e+01
6.751405334472656250e+01
4.401099395751953125e+01
8.334474182128906250e+01
4.105547714233398438e+01
4.488466262817382812e+01
3.620426177978515625e+01
3.783562469482421875e+01
5.521575927734375000e+01
4.749446487426757812e+01
8.142158508300781250e+01
6.388188171386718750e+01
5.117316818237304688e+01
3.837117767333984375e+01
4.905926895141601562e+01
4.734227752685546875e+01
5.269828033447265625e+01
3.400251007080078125e+01
3.946911621093750000e+01
3.880572891235351562e+01
3.883267211914062500e+01
7.178738403320312500e+01
5.050050354003906250e+01
6.838283538818359375e+01
6.913931274414062500e+01
4.974581146240234375e+01
4.049722290039062500e+01
3.334622955322265625e+01
5.020197296142578125e+01
4.905926895141601562e+01
7.639885711669921875e+01
4.225423812866210938e+01
4.828311157226562500e+01
4.137282562255859375e+01
8.427578735351562500e+01
5.991339111328125000e+01
7.783795928955078125e+01
4.268997192382812500e+01
3.201522827148437500e+01
7.182637023925781250e+01
3.237809753417968750e+01
7.090881347656250000e+01
3.270332717895507812e+01
4.851846694946289062e+01
3.214042663574218750e+01
3.000000000000000000e+01
4.050412750244140625e+01
4.654016876220703125e+01
6.775173950195312500e+01
4.432492828369140625e+01
7.497499847412109375e+01
5.217273712158203125e+01
4.222537612915039062e+01
3.611641311645507812e+01
4.181652069091796875e+01
4.015886688232421875e+01
4.199350357055664062e+01
6.702513885498046875e+01
7.272315216064453125e+01
4.259321594238281250e+01
4.223839569091796875e+01
3.776776504516601562e+01
6.902253723144531250e+01
6.058912658691406250e+01
3.561628723144531250e+01
4.660975646972656250e+01
3.178450393676757812e+01
3.822426605224609375e+01
3.864231109619140625e+01
4.920246887207031250e+01
4.769620132446289062e+01
3.959828186035156250e+01
4.906494903564453125e+01
3.532776260375976562e+01
3.378253936767578125e+01
4.853286743164062500e+01
3.130655670166015625e+01
7.527375793457031250e+01
5.227706527709960938e+01
6.955268859863281250e+01
5.217273712158203125e+01
6.876007843017578125e+01
3.000000000000000000e+01
3.563557434082031250e+01
6.054005432128906250e+01
3.000000000000000000e+01
4.492528152465820312e+01
6.880190277099609375e+01
3.293571472167968750e+01
6.301273727416992188e+01
4.880805969238281250e+01
4.481267547607421875e+01
4.414244842529296875e+01
6.696660614013671875e+01
3.000000000000000000e+01
3.571879196166992188e+01
6.810520935058593750e+01
4.729211807250976562e+01
8.499752807617187500e+01
7.596966552734375000e+01
3.000000000000000000e+01
8.305465698242187500e+01
5.425088500976562500e+01
5.056053924560546875e+01
3.944070053100585938e+01
5.329674148559570312e+01
6.527569580078125000e+01
6.462313842773437500e+01
5.154746246337890625e+01
5.884386444091796875e+01
8.466317749023437500e+01
3.904195404052734375e+01
9.237974548339843750e+01
5.877245330810546875e+01
3.902015686035156250e+01
3.645792388916015625e+01
5.159593200683593750e+01
3.119873809814453125e+01
6.927604675292968750e+01
5.133110046386718750e+01
4.947649765014648438e+01
3.809262084960937500e+01
5.209292602539062500e+01
4.061256027221679688e+01
4.388817977905273438e+01
7.232587432861328125e+01
3.833133316040039062e+01
3.186783981323242188e+01
6.197821044921875000e+01
5.151219940185546875e+01
4.109087371826171875e+01
5.201487731933593750e+01
4.558452224731445312e+01
3.477476882934570312e+01
3.656393814086914062e+01
4.484645843505859375e+01
3.784602737426757812e+01
3.000000000000000000e+01
4.247343826293945312e+01
6.269235229492187500e+01
3.665044403076171875e+01
3.989994812011718750e+01
4.733640289306640625e+01
7.302466583251953125e+01
5.290435791015625000e+01
7.127457427978515625e+01
1.115599212646484375e+02
4.927947998046875000e+01
4.278297805786132812e+01
5.056080627441406250e+01
4.892923355102539062e+01
3.288994216918945312e+01
4.796434020996093750e+01
6.596889495849609375e+01
7.491652679443359375e+01
5.271954345703125000e+01
3.817661285400390625e+01
4.707665634155273438e+01
5.502574157714843750e+01
3.544407653808593750e+01
4.682873535156250000e+01
6.288804626464843750e+01
6.107631683349609375e+01
3.321446990966796875e+01
6.690348815917968750e+01
3.421697235107421875e+01
6.052228546142578125e+01
6.092759323120117188e+01
4.127577209472656250e+01
5.226006317138671875e+01
5.000592422485351562e+01
3.779542160034179688e+01
5.162242889404296875e+01
4.488678741455078125e+01
4.150129699707031250e+01
6.155153656005859375e+01
3.932598495483398438e+01
4.245206069946289062e+01
3.942161560058593750e+01
4.637371826171875000e+01
4.286426544189453125e+01
7.354592132568359375e+01
4.373458099365234375e+01
5.370277786254882812e+01
4.040797424316406250e+01
4.147261810302734375e+01
6.601339721679687500e+01
5.593392562866210938e+01
4.705912780761718750e+01
5.582428359985351562e+01
4.390966033935546875e+01
4.935369873046875000e+01
4.602253723144531250e+01
3.765138244628906250e+01
4.460268402099609375e+01
5.303805160522460938e+01
5.602941131591796875e+01
4.659644317626953125e+01
5.434571456909179688e+01
4.369483947753906250e+01
6.707827758789062500e+01
4.264565277099609375e+01
1.003146820068359375e+02
8.010020446777343750e+01
5.025000000000000000e+01
3.980199813842773438e+01
3.000000000000000000e+01
7.106974792480468750e+01
6.443042755126953125e+01
4.135247421264648438e+01
6.776536560058593750e+01
4.724558258056640625e+01
3.758848953247070312e+01
5.764662933349609375e+01
8.029386901855468750e+01
4.887409210205078125e+01
5.797910308837890625e+01
3.000000000000000000e+01
6.159263229370117188e+01
4.259953308105468750e+01
3.728457260131835938e+01
5.154370498657226562e+01
1.113024368286132812e+02
5.145959091186523438e+01
3.843608093261718750e+01
3.373483657836914062e+01
6.325460815429687500e+01
4.018445968627929688e+01
4.859072113037109375e+01
5.279289245605468750e+01
1.041673126220703125e+02
5.714575958251953125e+01
5.320448303222656250e+01
7.526982116699218750e+01
6.299247360229492188e+01
6.276023864746093750e+01
3.000000000000000000e+01
3.554706954956054688e+01
5.361367797851562500e+01
3.864896011352539062e+01
4.312144470214843750e+01
3.226668930053710938e+01
3.482295989990234375e+01
4.080418395996093750e+01
3.221492767333984375e+01
3.801040267944335938e+01
4.655957031250000000e+01
7.024177551269531250e+01
4.671184539794921875e+01
3.543701171875000000e+01
4.534232330322265625e+01
3.570979309082031250e+01
4.685646820068359375e+01
5.476379776000976562e+01
8.394287872314453125e+01
4.512319183349609375e+01
4.337959289550781250e+01
3.000000000000000000e+01
6.768491363525390625e+01
5.608143234252929688e+01
3.000000000000000000e+01
5.988161849975585938e+01
4.864909362792968750e+01
8.282706451416015625e+01
4.597963333129882812e+01
6.346980285644531250e+01
5.572860336303710938e+01
4.246433258056640625e+01
3.658172988891601562e+01
4.150774002075195312e+01
4.342473602294921875e+01
4.856922531127929688e+01
4.386152267456054688e+01
4.036596679687500000e+01
3.972011566162109375e+01
4.424766540527343750e+01
6.490760803222656250e+01
6.756983947753906250e+01
7.669300079345703125e+01
4.497197723388671875e+01
5.275750732421875000e+01
5.119455718994140625e+01
4.080418395996093750e+01
4.638795089721679688e+01
4.886783599853515625e+01
4.949097061157226562e+01
5.921846771240234375e+01
4.920903015136718750e+01
3.955870819091796875e+01
3.707890701293945312e+01
3.831336975097656250e+01
7.696519470214843750e+01
3.638651275634765625e+01
4.293897247314453125e+01
4.388218688964843750e+01
4.246931076049804688e+01
4.911420059204101562e+01
3.000000000000000000e+01
5.416852569580078125e+01
4.600241851806640625e+01
3.078670120239257812e+01
5.584167861938476562e+01
6.421199798583984375e+01
3.046324729919433594e+01
5.085684967041015625e+01
3.727087402343750000e+01
4.228199386596679688e+01
4.115864181518554688e+01
5.730683517456054688e+01
4.222161483764648438e+01
4.037462615966796875e+01
3.961740875244140625e+01
5.573442459106445312e+01
4.560952377319335938e+01
4.273067855834960938e+01
5.478636550903320312e+01
3.270968627929687500e+01
3.772256088256835938e+01
3.694316864013671875e+01
3.446794891357421875e+01
5.139270782470703125e+01
4.985263824462890625e+01
8.029387664794921875e+01
5.611832427978515625e+01
3.156537818908691406e+01
3.459442520141601562e+01
9.597262573242187500e+01
4.720246124267578125e+01
4.442480087280273438e+01
7.696519470214843750e+01
5.358985519409179688e+01
4.031362152099609375e+01
3.781916427612304688e+01
5.414942550659179688e+01
1.076145629882812500e+02
9.401575469970703125e+01
5.125655364990234375e+01
8.501228332519531250e+01
3.768571472167968750e+01
3.000000000000000000e+01
6.473670959472656250e+01
3.537627792358398438e+01
5.702513885498046875e+01
5.859846496582031250e+01
3.828516006469726562e+01
3.087582969665527344e+01
5.991091918945312500e+01
3.559486007690429688e+01
4.680075073242187500e+01
6.467919921875000000e+01
4.462548446655273438e+01
3.048002624511718750e+01
4.359603881835937500e+01
5.425088882446289062e+01
4.455575942993164062e+01
4.088909912109375000e+01
7.762680816650390625e+01
4.185419464111328125e+01
5.056904602050781250e+01
7.360244750976562500e+01
5.355719757080078125e+01
4.261718368530273438e+01
3.559775543212890625e+01
4.849428176879882812e+01
4.988315200805664062e+01
3.273776626586914062e+01
3.771657562255859375e+01
3.280999374389648438e+01
5.469404220581054688e+01
5.252024841308593750e+01
3.591382217407226562e+01
3.518836212158203125e+01
4.877748489379882812e+01
5.080294799804687500e+01
3.717068481445312500e+01
6.414151000976562500e+01
5.330475616455078125e+01
5.218597412109375000e+01
4.338541030883789062e+01
3.316393661499023438e+01
4.978023910522460938e+01
3.000000000000000000e+01
5.261814117431640625e+01
4.253682708740234375e+01
5.271954345703125000e+01
4.919122314453125000e+01
3.654515457153320312e+01
4.048855590820312500e+01
5.181381988525390625e+01
4.750984191894531250e+01
6.755990600585937500e+01
5.487663269042968750e+01
4.451383590698242188e+01
4.611155319213867188e+01
7.511788940429687500e+01
4.602550125122070312e+01
3.403871154785156250e+01
3.000000000000000000e+01
4.952542495727539062e+01
6.554206085205078125e+01
4.140006256103515625e+01
4.082068634033203125e+01
4.019068527221679688e+01
3.168796157836914062e+01
4.255413055419921875e+01
3.578962707519531250e+01
4.810545730590820312e+01
4.168480300903320312e+01
6.255358886718750000e+01
4.410396957397460938e+01
6.037562179565429688e+01
4.706087875366210938e+01
4.594028472900390625e+01
5.648440551757812500e+01
3.063390731811523438e+01
4.840473937988281250e+01
3.000000000000000000e+01
3.000000000000000000e+01
4.636048126220703125e+01
4.700283813476562500e+01
3.288913345336914062e+01
4.537919616699218750e+01
3.000000000000000000e+01
4.086942291259765625e+01
3.624450302124023438e+01
3.572130966186523438e+01
