5.427921676635742188e+01
6.254693603515625000e+01
3.961435699462890625e+01
3.977338027954101562e+01
5.753924560546875000e+01
7.764326477050781250e+01
3.184107589721679688e+01
7.472189331054687500e+01
5.583189392089843750e+01
1.309044952392578125e+02
4.660934829711914062e+01
1.291232299804687500e+02
5.249543762207031250e+01
4.297495269775390625e+01
4.787695312500000000e+01
5.250211715698242188e+01
6.610363006591796875e+01
4.183578491210937500e+01
4.278471374511718750e+01
1.354362792968750000e+02
3.873959732055664062e+01
1.006870727539062500e+02
3.000000000000000000e+01
4.261204910278320312e+01
4.316385269165039062e+01
7.302104187011718750e+01
3.000000000000000000e+01
7.181803894042968750e+01
2.011343383789062500e+02
4.188466262817382812e+01
5.905675888061523438e+01
4.944982147216796875e+01
4.337171936035156250e+01
1.032349319458007812e+02
6.179886245727539062e+01
6.165287780761718750e+01
6.959329223632812500e+01
5.947086715698242188e+01
4.552882766723632812e+01
3.878075027465820312e+01
4.722610092163085938e+01
3.678755187988281250e+01
4.745100021362304688e+01
4.859963607788085938e+01
3.400708770751953125e+01
4.628696441650390625e+01
3.197209548950195312e+01
6.389638900756835938e+01
1.378748779296875000e+02
5.411589813232421875e+01
4.636135101318359375e+01
3.000000000000000000e+01
6.708349609375000000e+01
4.259821319580078125e+01
1.042385711669921875e+02
5.493068695068359375e+01
6.916299438476562500e+01
5.693045043945312500e+01
6.361222839355468750e+01
6.508537292480468750e+01
6.109631729125976562e+01
8.507746887207031250e+01
3.838561630249023438e+01
8.167287445068359375e+01
9.103668975830078125e+01
5.201297378540039062e+01
5.084416198730468750e+01
3.000000000000000000e+01
4.480311584472656250e+01
5.989152908325195312e+01
6.321893692016601562e+01
3.705125808715820312e+01
9.021253204345703125e+01
4.060404205322265625e+01
6.007155990600585938e+01
4.493219757080078125e+01
4.715698242187500000e+01
4.521126174926757812e+01
4.219021987915039062e+01
6.033370971679687500e+01
3.500368499755859375e+01
6.610363006591796875e+01
5.208468627929687500e+01
9.652890014648437500e+01
9.318622589111328125e+01
4.714693832397460938e+01
4.078432846069335938e+01
4.570740127563476562e+01
5.249543762207031250e+01
5.866995239257812500e+01
4.739070892333984375e+01
4.863092041015625000e+01
6.394424057006835938e+01
5.466958236694335938e+01
8.844050598144531250e+01
9.375835418701171875e+01
6.548530578613281250e+01
4.118179702758789062e+01
7.742753601074218750e+01
3.856299209594726562e+01
1.036659088134765625e+02
7.249755096435546875e+01
1.543860778808593750e+02
3.026609802246093750e+01
4.555879211425781250e+01
8.113470458984375000e+01
3.000000000000000000e+01
5.610906219482421875e+01
5.025838470458984375e+01
3.000000000000000000e+01
4.516927337646484375e+01
3.888830184936523438e+01
7.156733703613281250e+01
1.045599365234375000e+02
3.905645751953125000e+01
3.899404907226562500e+01
9.633199310302734375e+01
4.690848541259765625e+01
7.759496307373046875e+01
5.335288238525390625e+01
4.510354614257812500e+01
5.553339767456054688e+01
4.837498092651367188e+01
4.075427627563476562e+01
4.394990539550781250e+01
4.919681167602539062e+01
6.227999877929687500e+01
5.492649841308593750e+01
4.312124633789062500e+01
6.835447692871093750e+01
5.044021606445312500e+01
1.017243423461914062e+02
6.215420913696289062e+01
3.531527709960937500e+01
6.104063796997070312e+01
4.589194107055664062e+01
1.136975860595703125e+02
4.455095672607421875e+01
3.967932510375976562e+01
7.603617858886718750e+01
4.462592315673828125e+01
1.001726837158203125e+02
8.101995849609375000e+01
5.024215698242187500e+01
6.604872894287109375e+01
4.633696746826171875e+01
9.144126129150390625e+01
1.031478118896484375e+02
5.908909606933593750e+01
1.083585281372070312e+02
5.309130096435546875e+01
7.275921630859375000e+01
5.160917663574218750e+01
1.027028503417968750e+02
6.042311096191406250e+01
1.311673278808593750e+02
3.509643936157226562e+01
1.250401992797851562e+02
4.077738571166992188e+01
7.541372680664062500e+01
3.804338073730468750e+01
5.204721069335937500e+01
4.596045684814453125e+01
4.121306991577148438e+01
6.643637084960937500e+01
3.742350769042968750e+01
5.740283584594726562e+01
5.120970916748046875e+01
3.429917526245117188e+01
1.200166015625000000e+02
4.522242736816406250e+01
4.805339813232421875e+01
3.860517501831054688e+01
3.000000000000000000e+01
5.455890274047851562e+01
6.937770080566406250e+01
4.912290954589843750e+01
4.632104873657226562e+01
6.970155334472656250e+01
4.626848220825195312e+01
6.409727478027343750e+01
5.082697296142578125e+01
6.380656433105468750e+01
5.644107818603515625e+01
3.856790161132812500e+01
3.000000000000000000e+01
3.954098892211914062e+01
8.782417297363281250e+01
6.000611114501953125e+01
3.966703033447265625e+01
4.760489654541015625e+01
5.988184356689453125e+01
7.341688537597656250e+01
4.127393722534179688e+01
5.251907348632812500e+01
6.012509155273437500e+01
3.000000000000000000e+01
8.181526947021484375e+01
1.315741577148437500e+02
6.789087677001953125e+01
5.100573348999023438e+01
1.218450927734375000e+02
5.831346893310546875e+01
3.578993225097656250e+01
5.716572570800781250e+01
4.579444885253906250e+01
6.258590316772460938e+01
4.339861297607421875e+01
1.047958984375000000e+02
3.231521987915039062e+01
5.032730102539062500e+01
9.850704193115234375e+01
5.002711105346679688e+01
4.142886734008789062e+01
3.745207595825195312e+01
4.261828231811523438e+01
5.543305969238281250e+01
5.366782760620117188e+01
4.078773880004882812e+01
4.220103836059570312e+01
3.394388961791992188e+01
7.516774749755859375e+01
1.035722045898437500e+02
4.274947357177734375e+01
4.222165679931640625e+01
4.117472076416015625e+01
5.716911315917968750e+01
1.125910186767578125e+02
6.507612609863281250e+01
9.401271057128906250e+01
3.285448074340820312e+01
4.291104125976562500e+01
5.229857635498046875e+01
4.938819122314453125e+01
4.399912261962890625e+01
7.446794128417968750e+01
4.733612060546875000e+01
4.775609588623046875e+01
6.325937652587890625e+01
5.441073608398437500e+01
4.581438446044921875e+01
1.251106872558593750e+02
9.870256805419921875e+01
7.999142456054687500e+01
9.206462097167968750e+01
3.263965988159179688e+01
4.249603652954101562e+01
1.343659057617187500e+02
1.908323669433593750e+02
4.533412551879882812e+01
6.003929138183593750e+01
4.222500610351562500e+01
5.713033294677734375e+01
9.396138000488281250e+01
4.904878616333007812e+01
4.153684234619140625e+01
4.210771179199218750e+01
4.193121337890625000e+01
3.000000000000000000e+01
1.409854431152343750e+02
4.956755065917968750e+01
5.401298141479492188e+01
4.868246459960937500e+01
4.609947204589843750e+01
1.132060546875000000e+02
4.487110900878906250e+01
1.357312469482421875e+02
7.278722381591796875e+01
5.694070816040039062e+01
6.179308319091796875e+01
5.482976150512695312e+01
4.719223022460937500e+01
7.999142456054687500e+01
6.791010284423828125e+01
1.670435638427734375e+02
4.182165527343750000e+01
7.029550170898437500e+01
8.114083862304687500e+01
1.092604446411132812e+02
9.497092437744140625e+01
5.533932876586914062e+01
6.883786010742187500e+01
5.864519882202148438e+01
4.323213195800781250e+01
5.899740600585937500e+01
4.034483337402343750e+01
3.546199798583984375e+01
5.397420883178710938e+01
3.917139434814453125e+01
4.098823928833007812e+01
3.632683563232421875e+01
3.003554153442382812e+01
3.616432571411132812e+01
9.523762512207031250e+01
4.376136779785156250e+01
3.469913482666015625e+01
5.044482803344726562e+01
3.739743423461914062e+01
3.761424636840820312e+01
5.248828887939453125e+01
3.603254699707031250e+01
3.178853034973144531e+01
3.919914627075195312e+01
8.316685485839843750e+01
6.890853118896484375e+01
4.187353515625000000e+01
7.553935241699218750e+01
6.983554840087890625e+01
8.039273834228515625e+01
1.125404205322265625e+02
1.581466064453125000e+02
3.880451202392578125e+01
9.890476989746093750e+01
1.040834121704101562e+02
9.696107482910156250e+01
4.185995101928710938e+01
3.811050415039062500e+01
1.369581298828125000e+02
6.172261810302734375e+01
7.742754364013671875e+01
4.531346130371093750e+01
5.123878479003906250e+01
3.830602264404296875e+01
4.647132873535156250e+01
3.882821273803710938e+01
3.800568389892578125e+01
4.190875244140625000e+01
3.605094528198242188e+01
9.021253204345703125e+01
4.793828201293945312e+01
7.539109039306640625e+01
4.603978347778320312e+01
4.212348175048828125e+01
4.399094009399414062e+01
4.331576156616210938e+01
4.639558792114257812e+01
7.231721496582031250e+01
4.935409927368164062e+01
3.000000000000000000e+01
3.681559753417968750e+01
5.984521484375000000e+01
7.328308105468750000e+01
4.518639373779296875e+01
8.039273834228515625e+01
4.791260147094726562e+01
4.315409469604492188e+01
1.521981811523437500e+02
3.826388549804687500e+01
3.000000000000000000e+01
1.036205596923828125e+02
1.493898010253906250e+02
1.731107177734375000e+02
5.002880096435546875e+01
8.507746887207031250e+01
3.078595733642578125e+01
9.321794128417968750e+01
6.290642547607421875e+01
3.453213882446289062e+01
1.464934387207031250e+02
5.582556152343750000e+01
6.405699920654296875e+01
1.244286804199218750e+02
5.670976638793945312e+01
6.858692932128906250e+01
9.733097839355468750e+01
3.000000000000000000e+01
8.046664428710937500e+01
8.997434997558593750e+01
3.000000000000000000e+01
5.576089477539062500e+01
6.566836547851562500e+01
5.138303756713867188e+01
1.046033020019531250e+02
1.358933410644531250e+02
4.544716644287109375e+01
1.227784118652343750e+02
8.526020812988281250e+01
4.188465881347656250e+01
8.292828369140625000e+01
7.624322509765625000e+01
3.000000000000000000e+01
3.000000000000000000e+01
3.000000000000000000e+01
3.724269866943359375e+01
5.590476989746093750e+01
9.870256805419921875e+01
4.908110046386718750e+01
4.542737197875976562e+01
4.404413604736328125e+01
2.863571166992187500e+02
3.782575607299804688e+01
4.350893020629882812e+01
3.532660293579101562e+01
3.000000000000000000e+01
4.372150802612304688e+01
6.827562713623046875e+01
7.657089233398437500e+01
9.417211914062500000e+01
8.134397888183593750e+01
4.709085083007812500e+01
4.943719482421875000e+01
4.241873168945312500e+01
1.362198028564453125e+02
4.381564331054687500e+01
3.783716964721679688e+01
5.079919052124023438e+01
3.627669525146484375e+01
6.482079315185546875e+01
5.549635314941406250e+01
1.386172485351562500e+02
7.417100524902343750e+01
8.950948333740234375e+01
5.231465911865234375e+01
4.406446838378906250e+01
6.334054565429687500e+01
3.000000000000000000e+01
7.553273010253906250e+01
8.168200683593750000e+01
3.849723815917968750e+01
3.822207641601562500e+01
9.067538452148437500e+01
3.000000000000000000e+01
4.046292877197265625e+01
1.361759338378906250e+02
6.328327941894531250e+01
5.007460784912109375e+01
6.708567810058593750e+01
4.492490386962890625e+01
6.185471725463867188e+01
8.911544799804687500e+01
4.748746109008789062e+01
7.539109039306640625e+01
2.133875427246093750e+02
4.647132873535156250e+01
1.146867980957031250e+02
4.284952163696289062e+01
4.749965667724609375e+01
9.579606628417968750e+01
7.181803894042968750e+01
5.647694778442382812e+01
8.479492950439453125e+01
4.007341003417968750e+01
6.753352355957031250e+01
5.244675445556640625e+01
6.415386962890625000e+01
4.213242340087890625e+01
4.497650146484375000e+01
6.246512222290039062e+01
1.285226287841796875e+02
1.106541900634765625e+02
4.785300827026367188e+01
5.160917663574218750e+01
4.417167663574218750e+01
5.586225509643554688e+01
7.613098144531250000e+01
5.781871032714843750e+01
1.067448501586914062e+02
1.022096862792968750e+02
3.718040084838867188e+01
1.066637344360351562e+02
9.289920806884765625e+01
5.723707580566406250e+01
4.782574081420898438e+01
5.082184982299804688e+01
4.444417572021484375e+01
1.994441833496093750e+02
3.882506179809570312e+01
5.088704681396484375e+01
4.978904724121093750e+01
4.347727584838867188e+01
8.426464843750000000e+01
3.450551986694335938e+01
4.644855499267578125e+01
1.328425750732421875e+02
6.890853118896484375e+01
8.166307830810546875e+01
3.983930206298828125e+01
3.759474945068359375e+01
6.116383361816406250e+01
9.209896087646484375e+01
8.373985290527343750e+01
7.233380126953125000e+01
6.469882202148437500e+01
3.000000000000000000e+01
7.034379577636718750e+01
8.325255584716796875e+01
4.616271972656250000e+01
4.142886734008789062e+01
7.316085815429687500e+01
9.588367462158203125e+01
7.114220428466796875e+01
5.640804290771484375e+01
5.188807678222656250e+01
3.000000000000000000e+01
3.843087005615234375e+01
3.000000000000000000e+01
3.799567031860351562e+01
3.609799575805664062e+01
4.095114898681640625e+01
5.170280075073242188e+01
4.688145446777343750e+01
4.206824111938476562e+01
7.202976989746093750e+01
5.348436737060546875e+01
3.974787521362304688e+01
3.581795501708984375e+01
5.164325714111328125e+01
5.693552780151367188e+01
3.000000000000000000e+01
3.595043182373046875e+01
6.836323547363281250e+01
3.678780364990234375e+01
6.123196792602539062e+01
3.000000000000000000e+01
4.955617523193359375e+01
3.218499755859375000e+01
4.787695693969726562e+01
1.246922607421875000e+02
5.278857040405273438e+01
3.000000000000000000e+01
7.756413269042968750e+01
3.783716964721679688e+01
7.817781066894531250e+01
5.027996826171875000e+01
4.421668624877929688e+01
1.278234024047851562e+02
4.354917144775390625e+01
1.288310852050781250e+02
1.117820663452148438e+02
3.968025970458984375e+01
4.262727355957031250e+01
8.468159484863281250e+01
3.764987182617187500e+01
5.829060363769531250e+01
4.868246841430664062e+01
1.554816589355468750e+02
4.352377319335937500e+01
4.697803115844726562e+01
5.022954940795898438e+01
3.469886779785156250e+01
4.985319137573242188e+01
1.025305175781250000e+02
4.192784881591796875e+01
7.743869781494140625e+01
5.421151351928710938e+01
4.284129333496093750e+01
3.037261390686035156e+01
4.553470611572265625e+01
4.492858123779296875e+01
4.200515365600585938e+01
3.584067535400390625e+01
3.752486419677734375e+01
4.089830017089843750e+01
5.253933715820312500e+01
4.859968566894531250e+01
3.913103103637695312e+01
6.245672225952148438e+01
5.610906219482421875e+01
6.673655700683593750e+01
1.047958984375000000e+02
6.076440811157226562e+01
1.071977767944335938e+02
8.496786499023437500e+01
1.071118011474609375e+02
4.111736297607421875e+01
4.957192230224609375e+01
3.364580154418945312e+01
4.608185958862304688e+01
7.339671325683593750e+01
7.181523895263671875e+01
7.978315734863281250e+01
8.171728515625000000e+01
3.905645751953125000e+01
4.514619827270507812e+01
6.496031951904296875e+01
8.425320434570312500e+01
3.410210037231445312e+01
5.485731506347656250e+01
4.178232192993164062e+01
3.773538589477539062e+01
9.469036102294921875e+01
4.739070892333984375e+01
4.691834640502929688e+01
3.807948303222656250e+01
4.772836685180664062e+01
6.295280075073242188e+01
9.842614746093750000e+01
4.726893997192382812e+01
3.421899414062500000e+01
3.000000000000000000e+01
9.417211914062500000e+01
5.713865661621093750e+01
4.550239944458007812e+01
5.336635208129882812e+01
5.599809265136718750e+01
4.530574798583984375e+01
5.041442871093750000e+01
6.108844375610351562e+01
7.396127319335937500e+01
3.948989868164062500e+01
6.588960266113281250e+01
6.625270080566406250e+01
8.393432617187500000e+01
8.146987152099609375e+01
4.415804290771484375e+01
3.132820510864257812e+01
7.038623046875000000e+01
7.698535919189453125e+01
4.647636795043945312e+01
5.596762084960937500e+01
5.385068893432617188e+01
3.783955001831054688e+01
4.551628112792968750e+01
4.926678848266601562e+01
3.642839813232421875e+01
4.698260879516601562e+01
6.635267639160156250e+01
6.246512603759765625e+01
4.997581863403320312e+01
5.571504974365234375e+01
3.771590423583984375e+01
7.920477294921875000e+01
9.844038391113281250e+01
6.540138244628906250e+01
4.061140823364257812e+01
1.071118011474609375e+02
5.002880096435546875e+01
7.226499938964843750e+01
9.588367462158203125e+01
3.843070983886718750e+01
3.730425262451171875e+01
8.427979278564453125e+01
3.851583862304687500e+01
3.887605285644531250e+01
2.445987854003906250e+02
4.209897613525390625e+01
3.000000000000000000e+01
4.062610244750976562e+01
1.276246719360351562e+02
6.794059753417968750e+01
5.736874008178710938e+01
1.147614898681640625e+02
4.475574874877929688e+01
1.182593536376953125e+02
8.088507843017578125e+01
1.109872665405273438e+02
3.416154098510742188e+01
3.358730697631835938e+01
5.835660552978515625e+01
7.128858947753906250e+01
7.785258483886718750e+01
4.935409545898437500e+01
4.827057647705078125e+01
3.453553390502929688e+01
4.915148162841796875e+01
6.065068817138671875e+01
5.346600723266601562e+01
3.557069778442382812e+01
7.175653839111328125e+01
8.379881286621093750e+01
3.747433090209960938e+01
3.262749862670898438e+01
4.925980758666992188e+01
3.060742759704589844e+01
4.642302703857421875e+01
9.880781555175781250e+01
4.761805725097656250e+01
7.817091369628906250e+01
5.421455001831054688e+01
5.196916961669921875e+01
3.570882034301757812e+01
1.001726760864257812e+02
6.213605499267578125e+01
8.205371093750000000e+01
1.110077285766601562e+02
5.488883590698242188e+01
4.274893188476562500e+01
4.073049545288085938e+01
4.977278900146484375e+01
6.577818298339843750e+01
6.364255905151367188e+01
1.994441833496093750e+02
5.275109481811523438e+01
5.997996520996093750e+01
6.189380645751953125e+01
5.754682540893554688e+01
4.956283569335937500e+01
5.081740951538085938e+01
5.465867614746093750e+01
7.084356689453125000e+01
9.601600646972656250e+01
3.000000000000000000e+01
3.016893577575683594e+01
6.015647888183593750e+01
9.911730957031250000e+01
6.438912963867187500e+01
1.288310852050781250e+02
4.678604125976562500e+01
4.104652786254882812e+01
4.091824722290039062e+01
6.189136505126953125e+01
1.839789276123046875e+02
6.692971038818359375e+01
4.714336395263671875e+01
6.581678771972656250e+01
3.049101829528808594e+01
5.087216186523437500e+01
7.854119110107421875e+01
3.057908439636230469e+01
3.719464874267578125e+01
5.709555053710937500e+01
8.471899414062500000e+01
3.810315704345703125e+01
8.355139160156250000e+01
4.035864257812500000e+01
5.188529968261718750e+01
6.172261428833007812e+01
8.428293609619140625e+01
6.101370239257812500e+01
4.433394622802734375e+01
4.584575271606445312e+01
3.033961868286132812e+01
3.920847320556640625e+01
4.381564331054687500e+01
3.830426788330078125e+01
6.121755218505859375e+01
6.328327941894531250e+01
3.471169281005859375e+01
3.000000000000000000e+01
3.000000000000000000e+01
4.350893020629882812e+01
3.426601409912109375e+01
1.190232696533203125e+02
3.000000000000000000e+01
6.666490173339843750e+01
9.153357696533203125e+01
4.720330429077148438e+01
3.834070587158203125e+01
5.322863769531250000e+01
7.541372680664062500e+01
6.953711700439453125e+01
5.157099914550781250e+01
5.747017288208007812e+01
5.899989318847656250e+01
7.300364685058593750e+01
6.309485244750976562e+01
4.444208526611328125e+01
6.259459686279296875e+01
4.910200500488281250e+01
6.116383743286132812e+01
6.288385009765625000e+01
3.494271087646484375e+01
3.468432235717773438e+01
5.510929870605468750e+01
5.585242843627929688e+01
4.861570739746093750e+01
3.761424636840820312e+01
5.416181564331054688e+01
4.698536300659179688e+01
6.746040344238281250e+01
8.018460083007812500e+01
5.783265686035156250e+01
9.373764038085937500e+01
4.594915771484375000e+01
5.441073608398437500e+01
4.163571929931640625e+01
6.747273254394531250e+01
7.103195190429687500e+01
6.407567596435546875e+01
7.343785858154296875e+01
3.517201995849609375e+01
8.387303161621093750e+01
4.953361892700195312e+01
5.117295837402343750e+01
9.140631103515625000e+01
1.354362792968750000e+02
1.084834060668945312e+02
3.559428024291992188e+01
3.964592361450195312e+01
4.769067001342773438e+01
5.382823562622070312e+01
1.106541900634765625e+02
7.759571838378906250e+01
7.288650512695312500e+01
9.406851959228515625e+01
4.925980758666992188e+01
5.014425659179687500e+01
3.154251861572265625e+01
5.410467147827148438e+01
6.420170593261718750e+01
3.350223159790039062e+01
4.269951629638671875e+01
7.789863586425781250e+01
5.654425811767578125e+01
4.090059661865234375e+01
7.420737457275390625e+01
3.997503662109375000e+01
3.872935867309570312e+01
5.989152526855468750e+01
4.910811996459960938e+01
4.802989578247070312e+01
4.433394622802734375e+01
2.015887145996093750e+02
7.552621459960937500e+01
4.623485946655273438e+01
4.436922073364257812e+01
4.434085083007812500e+01
1.408884887695312500e+02
4.061749267578125000e+01
4.723861694335937500e+01
6.192266082763671875e+01
3.557069778442382812e+01
7.908274841308593750e+01
3.490415954589843750e+01
5.998228073120117188e+01
5.310612106323242188e+01
5.488131713867187500e+01
3.832595443725585938e+01
4.214855957031250000e+01
5.919286346435546875e+01
5.534591674804687500e+01
2.129365692138671875e+02
3.980772399902343750e+01
5.322222900390625000e+01
6.783132171630859375e+01
4.743318176269531250e+01
4.577153778076171875e+01
3.959883880615234375e+01
4.812656402587890625e+01
5.354761505126953125e+01
3.710186767578125000e+01
3.883420562744140625e+01
5.193670654296875000e+01
3.488642883300781250e+01
4.853716278076171875e+01
3.000000000000000000e+01
3.968025970458984375e+01
5.012245178222656250e+01
3.230072784423828125e+01
5.707854843139648438e+01
7.170392608642578125e+01
3.092189407348632812e+01
3.758735656738281250e+01
5.044482803344726562e+01
7.804174804687500000e+01
5.163242721557617188e+01
1.095454788208007812e+02
3.000000000000000000e+01
7.233380126953125000e+01
8.005754089355468750e+01
5.205836486816406250e+01
9.140631103515625000e+01
3.000000000000000000e+01
3.582102203369140625e+01
3.995583343505859375e+01
4.168257904052734375e+01
1.073485565185546875e+02
5.124013900756835938e+01
4.370657348632812500e+01
7.468902587890625000e+01
3.862350463867187500e+01
9.471991729736328125e+01
6.923495483398437500e+01
4.522737121582031250e+01
5.121630477905273438e+01
8.857254791259765625e+01
8.243605804443359375e+01
7.261135864257812500e+01
6.493774414062500000e+01
3.254248809814453125e+01
3.836279296875000000e+01
6.090308380126953125e+01
6.461166381835937500e+01
1.109938583374023438e+02
8.869493103027343750e+01
1.376353454589843750e+02
6.729452514648437500e+01
3.411117935180664062e+01
5.648619842529296875e+01
3.701529693603515625e+01
5.019714736938476562e+01
3.000000000000000000e+01
3.000000000000000000e+01
7.688819122314453125e+01
1.198118591308593750e+02
4.813161087036132812e+01
3.000000000000000000e+01
4.688438796997070312e+01
6.749391174316406250e+01
4.627647018432617188e+01
4.820227432250976562e+01
6.364256286621093750e+01
3.976448059082031250e+01
7.798924255371093750e+01
5.087216186523437500e+01
6.355890655517578125e+01
5.883275985717773438e+01
3.217715835571289062e+01
3.982476043701171875e+01
5.176727294921875000e+01
3.156253814697265625e+01
6.262961578369140625e+01
6.194561767578125000e+01
5.589906311035156250e+01
9.206462097167968750e+01
5.451171493530273438e+01
3.546118164062500000e+01
4.982612609863281250e+01
4.274908828735351562e+01
4.508028411865234375e+01
4.233434295654296875e+01
3.660295486450195312e+01
4.036075592041015625e+01
9.623445129394531250e+01
4.709085083007812500e+01
4.181320953369140625e+01
1.285226287841796875e+02
7.906758880615234375e+01
4.494715118408203125e+01
6.294120788574218750e+01
7.986575317382812500e+01
4.206824111938476562e+01
4.747603607177734375e+01
1.203846893310546875e+02
3.933803176879882812e+01
8.517749023437500000e+01
4.219021987915039062e+01
3.000000000000000000e+01
5.866995239257812500e+01
4.650204849243164062e+01
4.154867935180664062e+01
5.215472412109375000e+01
4.806528091430664062e+01
5.539779281616210938e+01
4.373284530639648438e+01
5.582556152343750000e+01
3.546789550781250000e+01
3.966424179077148438e+01
7.377835845947265625e+01
1.011613922119140625e+02
3.842505645751953125e+01
9.728265380859375000e+01
4.638985443115234375e+01
4.060095977783203125e+01
7.797337341308593750e+01
8.638879394531250000e+01
4.391134643554687500e+01
6.067011642456054688e+01
4.368164062500000000e+01
5.234976959228515625e+01
3.000000000000000000e+01
8.577576446533203125e+01
4.880094146728515625e+01
4.068757247924804688e+01
3.983930206298828125e+01
5.406052398681640625e+01
5.578446197509765625e+01
3.212631607055664062e+01
5.356308364868164062e+01
5.925492858886718750e+01
5.335288238525390625e+01
7.781805419921875000e+01
6.514762878417968750e+01
3.467901611328125000e+01
5.470894622802734375e+01
3.000000000000000000e+01
6.245591735839843750e+01
6.227999877929687500e+01
7.330191802978515625e+01
5.998228073120117188e+01
5.469799041748046875e+01
6.602346038818359375e+01
5.356307983398437500e+01
4.882628631591796875e+01
4.522384643554687500e+01
3.000000000000000000e+01
4.567358016967773438e+01
5.950037765502929688e+01
5.064952850341796875e+01
3.000000000000000000e+01
4.956755065917968750e+01
4.803506469726562500e+01
6.036869049072265625e+01
3.704816818237304688e+01
5.467106628417968750e+01
3.981732177734375000e+01
5.451420211791992188e+01
7.174672698974609375e+01
4.403054046630859375e+01
4.964968109130859375e+01
3.875946044921875000e+01
8.587622070312500000e+01
6.061203002929687500e+01
3.960569000244140625e+01
4.525547409057617188e+01
4.428423690795898438e+01
8.069360351562500000e+01
7.186958312988281250e+01
3.000000000000000000e+01
4.188705062866210938e+01
6.038010406494140625e+01
4.964878845214843750e+01
5.100573348999023438e+01
4.820786666870117188e+01
6.120710754394531250e+01
3.869872283935546875e+01
3.088861656188964844e+01
3.919730758666992188e+01
4.115067291259765625e+01
6.402847290039062500e+01
3.971987533569335938e+01
9.579606628417968750e+01
5.521817398071289062e+01
5.032730102539062500e+01
4.214562225341796875e+01
4.569956588745117188e+01
3.000000000000000000e+01
5.229081344604492188e+01
3.964592361450195312e+01
4.150022888183593750e+01
3.535384368896484375e+01
3.971849060058593750e+01
5.108382797241210938e+01
5.947086715698242188e+01
6.774252319335937500e+01
5.379427337646484375e+01
5.473939514160156250e+01
4.189689636230468750e+01
3.000000000000000000e+01
3.000000000000000000e+01
4.569956588745117188e+01
7.343785858154296875e+01
4.530511474609375000e+01
4.513212203979492188e+01
3.000000000000000000e+01
7.164693450927734375e+01
6.255591964721679688e+01
6.994490814208984375e+01
4.050532531738281250e+01
3.203093338012695312e+01
5.868074417114257812e+01
3.329175567626953125e+01
4.962330245971679688e+01
3.262060165405273438e+01
4.837254333496093750e+01
3.078786849975585938e+01
3.000000000000000000e+01
4.172743988037109375e+01
4.158565521240234375e+01
7.937716674804687500e+01
4.687026596069335938e+01
7.330191802978515625e+01
5.690082931518554688e+01
4.045654296875000000e+01
3.113262367248535156e+01
3.692015457153320312e+01
4.067782211303710938e+01
4.319651412963867188e+01
5.774626541137695312e+01
7.657089233398437500e+01
4.421668624877929688e+01
3.543613815307617188e+01
3.966159820556640625e+01
7.366600799560546875e+01
5.656576919555664062e+01
4.548203659057617188e+01
3.281256103515625000e+01
3.000000000000000000e+01
3.907251739501953125e+01
3.494271087646484375e+01
5.822505187988281250e+01
4.551756668090820312e+01
5.299380493164062500e+01
4.437008666992187500e+01
3.674929809570312500e+01
3.353430175781250000e+01
4.987398529052734375e+01
3.033922195434570312e+01
6.961364746093750000e+01
5.164949417114257812e+01
7.603617858886718750e+01
5.690082931518554688e+01
7.077241516113281250e+01
3.000000000000000000e+01
3.270707702636718750e+01
5.801985931396484375e+01
3.000000000000000000e+01
4.153573608398437500e+01
7.640113067626953125e+01
3.175081062316894531e+01
5.773455810546875000e+01
4.996849060058593750e+01
4.262727355957031250e+01
4.755752563476562500e+01
8.134397888183593750e+01
3.000000000000000000e+01
4.038806915283203125e+01
7.456611633300781250e+01
4.641239929199218750e+01
8.857254791259765625e+01
7.750920104980468750e+01
3.000000000000000000e+01
7.006010437011718750e+01
4.458592224121093750e+01
5.647694778442382812e+01
4.979090499877929688e+01
4.443050384521484375e+01
7.446794128417968750e+01
5.549635696411132812e+01
4.897518539428710938e+01
5.272897338867187500e+01
7.404427337646484375e+01
3.645573043823242188e+01
7.809026336669921875e+01
4.505907821655273438e+01
3.369801330566406250e+01
3.828232574462890625e+01
5.059667587280273438e+01
3.725696563720703125e+01
6.760953521728515625e+01
5.179512023925781250e+01
5.322222900390625000e+01
3.940649032592773438e+01
4.732308197021484375e+01
3.929684448242187500e+01
3.000000000000000000e+01
7.330006408691406250e+01
4.127237701416015625e+01
3.113254547119140625e+01
6.499296569824218750e+01
6.067581558227539062e+01
4.828738784790039062e+01
5.413650512695312500e+01
4.525547027587890625e+01
3.000000000000000000e+01
3.686243438720703125e+01
4.225512695312500000e+01
3.999211883544921875e+01
3.274261093139648438e+01
3.999811935424804688e+01
6.015647888183593750e+01
3.404843139648437500e+01
4.200515365600585938e+01
4.590045166015625000e+01
7.089498138427734375e+01
4.877938079833984375e+01
8.125263977050781250e+01
1.109547424316406250e+02
4.624110794067382812e+01
4.805339813232421875e+01
4.559210205078125000e+01
4.370501708984375000e+01
3.550085830688476562e+01
4.191148376464843750e+01
6.671662902832031250e+01
1.110077362060546875e+02
3.519715881347656250e+01
3.658025360107421875e+01
4.792821502685546875e+01
5.207972717285156250e+01
4.405495452880859375e+01
4.985319137573242188e+01
4.910811996459960938e+01
5.939505767822265625e+01
3.000000000000000000e+01
4.830395889282226562e+01
3.302071380615234375e+01
6.076704788208007812e+01
4.551628112792968750e+01
5.347966766357421875e+01
5.784628295898437500e+01
4.826001739501953125e+01
3.637210845947265625e+01
6.218479919433593750e+01
4.617636871337890625e+01
4.341614532470703125e+01
6.438912963867187500e+01
4.084326934814453125e+01
3.577125167846679688e+01
4.956283569335937500e+01
4.170713806152343750e+01
3.578993225097656250e+01
6.026026916503906250e+01
3.725829315185546875e+01
5.541962051391601562e+01
3.657625579833984375e+01
4.499629211425781250e+01
5.095816802978515625e+01
4.596623229980468750e+01
4.535159683227539062e+01
3.885267257690429688e+01
3.267704010009765625e+01
5.339141082763671875e+01
5.630662536621093750e+01
4.111736297607421875e+01
4.420456695556640625e+01
5.569647216796875000e+01
5.630373382568359375e+01
4.536523437500000000e+01
5.741445541381835938e+01
3.661914825439453125e+01
6.916445159912109375e+01
4.159983444213867188e+01
1.129830932617187500e+02
7.527362823486328125e+01
4.889338684082031250e+01
5.006936645507812500e+01
3.000000000000000000e+01
7.633095550537109375e+01
3.195540237426757812e+01
4.544637298583984375e+01
8.124059295654296875e+01
4.830172348022460938e+01
4.560428237915039062e+01
5.892808151245117188e+01
1.020373535156250000e+02
4.170216751098632812e+01
3.945812225341796875e+01
3.036966133117675781e+01
5.366420745849609375e+01
4.322357940673828125e+01
3.419173431396484375e+01
5.315003967285156250e+01
8.733672332763671875e+01
5.233594894409179688e+01
4.409324645996093750e+01
4.282257080078125000e+01
5.674352264404296875e+01
4.494493484497070312e+01
4.615074157714843750e+01
5.280911254882812500e+01
1.095454788208007812e+02
5.962368774414062500e+01
7.155714416503906250e+01
7.136222839355468750e+01
7.277268981933593750e+01
5.626077651977539062e+01
3.225568389892578125e+01
3.291259002685546875e+01
5.587878799438476562e+01
3.643767547607421875e+01
4.422222137451171875e+01
4.000177383422851562e+01
3.529249572753906250e+01
3.237492370605468750e+01
3.095663070678710938e+01
4.031446075439453125e+01
4.388884735107421875e+01
6.781095886230468750e+01
4.364351272583007812e+01
3.557460403442382812e+01
4.438406753540039062e+01
3.000000000000000000e+01
4.915308380126953125e+01
5.226726150512695312e+01
8.101995849609375000e+01
4.564417266845703125e+01
4.297495269775390625e+01
3.000000000000000000e+01
7.034379577636718750e+01
4.865421676635742188e+01
3.000000000000000000e+01
8.069360351562500000e+01
4.195162963867187500e+01
9.983444976806640625e+01
4.519228363037109375e+01
6.671664428710937500e+01
5.667724609375000000e+01
4.111509323120117188e+01
3.626366424560546875e+01
3.959504699707031250e+01
5.081140899658203125e+01
4.406446838378906250e+01
4.840686035156250000e+01
4.226968383789062500e+01
4.589643859863281250e+01
4.444210815429687500e+01
7.908274841308593750e+01
6.776345062255859375e+01
6.983554840087890625e+01
3.727315521240234375e+01
4.338193893432617188e+01
5.691914367675781250e+01
3.237491989135742188e+01
6.319707489013671875e+01
4.784246444702148438e+01
5.731255340576171875e+01
4.648997116088867188e+01
4.594976806640625000e+01
3.672649765014648438e+01
3.612804031372070312e+01
3.452731323242187500e+01
7.123313903808593750e+01
3.549296569824218750e+01
4.191361999511718750e+01
3.634853744506835938e+01
4.443041610717773438e+01
5.268087005615234375e+01
3.000000000000000000e+01
4.315409469604492188e+01
3.877912902832031250e+01
3.119369125366210938e+01
5.644107818603515625e+01
7.468902587890625000e+01
3.000000000000000000e+01
5.408884429931640625e+01
4.349590301513671875e+01
4.010085296630859375e+01
4.245593261718750000e+01
4.923590469360351562e+01
3.852286529541015625e+01
4.162989044189453125e+01
4.289221191406250000e+01
4.791754913330078125e+01
3.537358093261718750e+01
4.128333282470703125e+01
4.607515335083007812e+01
3.345357131958007812e+01
3.559730529785156250e+01
3.694102859497070312e+01
3.317858886718750000e+01
5.354795837402343750e+01
4.778179550170898438e+01
1.020373535156250000e+02
3.810451507568359375e+01
3.231570816040039062e+01
3.327424240112304688e+01
9.477987670898437500e+01
3.469886779785156250e+01
4.047515869140625000e+01
7.123313903808593750e+01
6.202961730957031250e+01
4.205192184448242188e+01
4.090393066406250000e+01
5.170280075073242188e+01
1.227117385864257812e+02
6.776535034179687500e+01
5.911690521240234375e+01
7.958975219726562500e+01
3.026609802246093750e+01
3.000000000000000000e+01
5.987531661987304688e+01
3.889434814453125000e+01
5.903062438964843750e+01
5.806716918945312500e+01
4.049581909179687500e+01
3.363554382324218750e+01
7.691870880126953125e+01
3.353261566162109375e+01
5.160190200805664062e+01
5.214477539062500000e+01
4.782205963134765625e+01
3.506027221679687500e+01
4.061140823364257812e+01
4.458592224121093750e+01
3.743791198730468750e+01
4.220295715332031250e+01
6.898796844482421875e+01
4.631849670410156250e+01
5.560005187988281250e+01
7.324675750732421875e+01
5.958728790283203125e+01
3.042579650878906250e+01
3.526588058471679688e+01
4.994899749755859375e+01
4.557363128662109375e+01
3.234938049316406250e+01
3.626569366455078125e+01
4.259970855712890625e+01
5.264112091064453125e+01
5.354143905639648438e+01
4.275242233276367188e+01
3.899085998535156250e+01
4.210301971435546875e+01
4.883849334716796875e+01
4.249449920654296875e+01
5.515830230712890625e+01
4.358190917968750000e+01
4.797663116455078125e+01
3.706371307373046875e+01
3.000000000000000000e+01
4.730333709716796875e+01
3.351204299926757812e+01
5.637993621826171875e+01
4.153191375732421875e+01
3.519715881347656250e+01
4.802989578247070312e+01
4.173359680175781250e+01
4.228691864013671875e+01
5.211079406738281250e+01
3.294610214233398438e+01
6.533184814453125000e+01
4.184444046020507812e+01
3.862995529174804688e+01
4.688536834716796875e+01
7.804174804687500000e+01
4.437198257446289062e+01
3.861827850341796875e+01
3.000000000000000000e+01
3.825763702392578125e+01
5.513244628906250000e+01
3.770690155029296875e+01
3.769234085083007812e+01
3.000000000000000000e+01
3.077173042297363281e+01
3.000000000000000000e+01
3.539863204956054688e+01
4.576076126098632812e+01
4.272132873535156250e+01
6.027710723876953125e+01
3.200392150878906250e+01
6.665483093261718750e+01
4.342493438720703125e+01
4.185103988647460938e+01
5.155306243896484375e+01
3.000000000000000000e+01
5.005092620849609375e+01
3.000000000000000000e+01
3.000000000000000000e+01
4.697333908081054688e+01
4.180024337768554688e+01
3.000000000000000000e+01
4.491506576538085938e+01
3.532954025268554688e+01
3.703576660156250000e+01
3.909024429321289062e+01
3.897233963012695312e+01
