35.333
34.952
34.501
34.089
33.724
33.355
32.957
32.531
32.089
31.639
31.190
30.749
30.327
29.931
29.566
29.234
28.936
28.670
28.434
28.225
28.041
27.877
27.732
27.602
27.484
27.378
27.281
27.192
27.110
27.034
26.963
26.896
26.834
26.775
26.719
26.666
26.616
26.569
26.523
26.480
26.439
26.399
26.362
26.325
26.290
26.257
26.224
26.193
26.163
26.134
26.106
26.079
26.053
26.028
26.004
25.981
25.959
25.938
25.917
25.897
25.879
25.861
25.843
25.827
25.811
25.796
25.781
25.768
25.754
25.742
25.729
25.718
25.707
25.696
25.686
25.676
25.666
25.657
25.648
25.640
25.632
25.624
25.617
25.610
25.603
25.596
25.590
25.584
25.578
25.573
25.567
25.562
25.557
25.552
25.547
25.543
25.538
25.534
25.530
25.526
25.522
25.518
25.515
25.511
25.508
25.504
25.501
25.498
25.495
25.492
25.490
25.487
25.484
25.482
25.479
25.477
25.474
25.472
25.470
25.468
25.466
25.464
25.462
25.460
25.458
25.456
25.454
25.453
25.451
25.449
25.448
25.446
25.445
25.443
25.442
25.440
25.439
25.438
25.436
25.435
25.434
25.433
25.432
25.430
25.429
25.428
25.427
25.426
25.425
25.424
25.423
25.422
25.421
25.420
25.419
25.418
25.418
25.417
25.416
25.415
25.414
25.414
25.413
25.412
25.411
25.411
25.410
25.409
25.409
25.408
25.407
25.407
25.406
25.406
25.405
25.405
25.404
25.404
25.403
25.402
25.402
25.402
25.401
25.401
25.400
25.400
25.399
25.399
25.398
25.398
25.397
25.397
25.397
25.396
25.396
25.395
25.395
25.395
25.394
25.394
