35.320
34.918
34.497
34.083
33.695
33.311
32.903
32.465
32.009
31.547
31.090
30.652
30.242
29.862
29.513
29.197
28.911
28.657
28.431
28.232
28.057
27.902
27.764
27.640
27.529
27.428
27.335
27.249
27.170
27.095
27.026
26.960
26.898
26.840
26.784
26.731
26.680
26.631
26.585
26.540
26.498
26.457
26.418
26.380
26.345
26.310
26.277
26.245
26.214
26.184
26.156
26.128
26.101
26.076
26.051
26.027
26.004
25.981
25.959
25.938
25.918
25.899
25.880
25.862
25.844
25.828
25.811
25.796
25.781
25.767
25.753
25.740
25.727
25.715
25.704
25.693
25.683
25.673
25.663
25.654
25.645
25.637
25.629
25.622
25.615
25.608
25.601
25.595
25.589
25.583
25.578
25.573
25.568
25.563
25.558
25.554
25.550
25.546
25.542
25.538
25.535
25.531
25.528
25.525
25.521
25.518
25.515
25.513
25.510
25.507
25.505
25.502
25.500
25.497
25.495
25.493
25.491
25.489
25.487
25.485
25.483
25.481
25.479
25.477
25.475
25.473
25.472
25.470
25.468
25.467
25.465
25.464
25.462
25.461
25.459
25.458
25.457
25.455
25.454
25.453
25.451
25.450
25.449
25.448
25.447
25.445
25.444
25.443
25.442
25.441
25.440
25.439
25.438
25.437
25.436
25.435
25.434
25.433
25.432
25.431
25.430
25.429
25.428
25.427
25.426
25.426
25.425
25.424
25.423
25.422
25.421
25.421
25.420
25.419
25.418
25.418
25.417
25.416
25.415
25.415
25.414
25.413
25.412
25.412
25.411
25.410
25.410
25.409
25.408
25.408
25.407
25.406
25.405
25.405
25.404
25.403
25.403
25.402
25.401
25.401
