5.361787414550781250e+01
5.961661148071289062e+01
3.477795791625976562e+01
4.062256622314453125e+01
5.940544509887695312e+01
6.590036010742187500e+01
3.592711257934570312e+01
6.537581634521484375e+01
5.924275970458984375e+01
1.308943939208984375e+02
5.219650268554687500e+01
1.330321350097656250e+02
5.026248168945312500e+01
4.895381164550781250e+01
3.000000000000000000e+01
6.911424255371093750e+01
7.107244873046875000e+01
4.324666595458984375e+01
4.116297531127929688e+01
1.433986511230468750e+02
3.618421936035156250e+01
9.822364044189453125e+01
3.284167098999023438e+01
4.534791183471679688e+01
5.453813552856445312e+01
7.606866455078125000e+01
3.000000000000000000e+01
6.933489227294921875e+01
1.960923461914062500e+02
5.212902832031250000e+01
6.549828338623046875e+01
4.825030517578125000e+01
3.821852874755859375e+01
1.075617599487304688e+02
6.545527648925781250e+01
6.910556793212890625e+01
6.867454528808593750e+01
5.738551712036132812e+01
4.607616424560546875e+01
3.000000000000000000e+01
3.058407211303710938e+01
4.645854949951171875e+01
5.856378173828125000e+01
4.783470916748046875e+01
3.491016006469726562e+01
3.814378356933593750e+01
3.884268188476562500e+01
6.689546966552734375e+01
1.211035003662109375e+02
5.739144134521484375e+01
4.352383422851562500e+01
3.314454650878906250e+01
7.726850891113281250e+01
3.919498062133789062e+01
1.047783660888671875e+02
5.330561065673828125e+01
6.410917663574218750e+01
5.791440200805664062e+01
6.627743530273437500e+01
7.350541687011718750e+01
5.293206024169921875e+01
7.991717529296875000e+01
4.464774322509765625e+01
8.887169647216796875e+01
1.041802520751953125e+02
5.316038513183593750e+01
5.350855255126953125e+01
3.000000000000000000e+01
5.458371734619140625e+01
5.323856735229492188e+01
6.362905502319335938e+01
3.418329238891601562e+01
8.955134582519531250e+01
3.755198669433593750e+01
6.339136886596679688e+01
4.863710403442382812e+01
5.162131881713867188e+01
4.662351989746093750e+01
3.862279891967773438e+01
6.281288909912109375e+01
3.793388366699218750e+01
7.107244873046875000e+01
4.817821121215820312e+01
1.071206054687500000e+02
9.756584167480468750e+01
3.444170761108398438e+01
3.674317550659179688e+01
4.791070175170898438e+01
5.026248550415039062e+01
5.466315078735351562e+01
4.406816864013671875e+01
5.470168304443359375e+01
6.771804046630859375e+01
5.296341705322265625e+01
1.137899398803710938e+02
1.076322250366210938e+02
6.556944274902343750e+01
3.966403198242187500e+01
8.129690551757812500e+01
3.717660140991210938e+01
1.026472702026367188e+02
6.596513366699218750e+01
1.690273437500000000e+02
3.227977752685546875e+01
4.742082214355468750e+01
9.224542999267578125e+01
3.192845535278320312e+01
5.784879684448242188e+01
4.757282257080078125e+01
3.609432601928710938e+01
3.929739379882812500e+01
3.000000000000000000e+01
7.236266326904296875e+01
1.159418563842773438e+02
4.077700805664062500e+01
3.804285812377929688e+01
8.750082397460937500e+01
4.420411682128906250e+01
7.466728210449218750e+01
4.791720581054687500e+01
4.837590789794921875e+01
5.449014282226562500e+01
4.460352706909179688e+01
4.278888320922851562e+01
3.996656799316406250e+01
4.437152099609375000e+01
7.678586578369140625e+01
6.679447937011718750e+01
4.579032897949218750e+01
5.791683959960937500e+01
4.363474273681640625e+01
1.012580413818359375e+02
5.551824951171875000e+01
3.257889175415039062e+01
5.476350402832031250e+01
4.316838836669921875e+01
1.206202468872070312e+02
4.699112319946289062e+01
3.764987564086914062e+01
6.983879089355468750e+01
4.764439010620117188e+01
1.074430847167968750e+02
7.826275634765625000e+01
5.704797363281250000e+01
7.239492797851562500e+01
4.653542327880859375e+01
9.045262145996093750e+01
1.003871688842773438e+02
5.007593536376953125e+01
1.211034088134765625e+02
5.783707427978515625e+01
7.735929107666015625e+01
5.526937484741210938e+01
7.785725402832031250e+01
4.768970489501953125e+01
1.263845214843750000e+02
3.853683471679687500e+01
1.290297851562500000e+02
4.089389801025390625e+01
6.053750228881835938e+01
3.647350692749023438e+01
4.557183074951171875e+01
4.805211639404296875e+01
4.432950592041015625e+01
7.400717926025390625e+01
3.617167663574218750e+01
6.144676971435546875e+01
4.772364807128906250e+01
3.456901931762695312e+01
1.272014389038085938e+02
4.656304168701171875e+01
4.262955856323242188e+01
4.486185455322265625e+01
3.000000000000000000e+01
5.109550476074218750e+01
5.635758209228515625e+01
4.111566162109375000e+01
4.450432586669921875e+01
7.017977142333984375e+01
5.131995773315429688e+01
6.656931304931640625e+01
5.387831115722656250e+01
7.115896606445312500e+01
5.802270507812500000e+01
4.109881591796875000e+01
4.452516937255859375e+01
4.137799453735351562e+01
7.337548828125000000e+01
5.506791305541992188e+01
4.807117462158203125e+01
4.252119827270507812e+01
5.092023468017578125e+01
5.591975021362304688e+01
4.767943954467773438e+01
4.975537490844726562e+01
5.877316284179687500e+01
4.216464233398437500e+01
7.830620574951171875e+01
1.382544555664062500e+02
6.644660949707031250e+01
5.048997879028320312e+01
1.195286254882812500e+02
6.227315521240234375e+01
3.000000000000000000e+01
5.070286178588867188e+01
3.972112655639648438e+01
5.420446777343750000e+01
5.545695877075195312e+01
1.130495147705078125e+02
3.860919952392578125e+01
4.297554779052734375e+01
9.917594909667968750e+01
4.497117233276367188e+01
4.361322402954101562e+01
3.811544036865234375e+01
4.086776351928710938e+01
4.899402618408203125e+01
5.379798889160156250e+01
4.311360931396484375e+01
4.550481796264648438e+01
3.635680770874023438e+01
6.977307128906250000e+01
8.600215911865234375e+01
3.825512695312500000e+01
5.005813598632812500e+01
4.402422332763671875e+01
6.222903442382812500e+01
1.072685394287109375e+02
6.458262634277343750e+01
1.079764404296875000e+02
3.624198150634765625e+01
4.357490921020507812e+01
5.494403076171875000e+01
5.004533767700195312e+01
4.014414978027343750e+01
5.504090499877929688e+01
3.897955703735351562e+01
4.572843933105468750e+01
7.158615112304687500e+01
5.836891174316406250e+01
4.140599060058593750e+01
1.151290206909179688e+02
1.006280670166015625e+02
6.226089859008789062e+01
9.392526245117187500e+01
3.232731628417968750e+01
4.928880691528320312e+01
1.363594512939453125e+02
1.859423370361328125e+02
4.979356384277343750e+01
5.924525451660156250e+01
3.927775192260742188e+01
5.387767028808593750e+01
9.903147888183593750e+01
5.795673370361328125e+01
5.213977432250976562e+01
4.171327972412109375e+01
4.452928161621093750e+01
4.290811920166015625e+01
1.486805114746093750e+02
5.980241012573242188e+01
5.308183288574218750e+01
6.756803894042968750e+01
5.490996932983398438e+01
1.195318832397460938e+02
4.204323577880859375e+01
1.331301879882812500e+02
6.235352706909179688e+01
6.367638015747070312e+01
6.455065917968750000e+01
5.979077911376953125e+01
5.198757171630859375e+01
6.226090240478515625e+01
7.787715148925781250e+01
1.437340087890625000e+02
3.546650314331054688e+01
6.525527954101562500e+01
8.004037475585937500e+01
1.023022842407226562e+02
9.022392272949218750e+01
6.949232482910156250e+01
7.515463256835937500e+01
6.576957702636718750e+01
4.249544525146484375e+01
6.074833679199218750e+01
3.721131515502929688e+01
3.486875534057617188e+01
5.173859405517578125e+01
3.828651809692382812e+01
3.401168823242187500e+01
3.696023178100585938e+01
4.306065368652343750e+01
3.013562202453613281e+01
1.041581954956054688e+02
3.588451385498046875e+01
4.113287353515625000e+01
4.749890136718750000e+01
5.134613418579101562e+01
3.000000000000000000e+01
5.473584747314453125e+01
5.123126983642578125e+01
3.000000000000000000e+01
3.655327987670898438e+01
7.008904266357421875e+01
7.237652587890625000e+01
4.202401351928710938e+01
7.374032592773437500e+01
7.052014160156250000e+01
7.714015960693359375e+01
1.325009765625000000e+02
1.526046752929687500e+02
3.525914001464843750e+01
1.002442169189453125e+02
9.678689575195312500e+01
9.486868286132812500e+01
3.959764862060546875e+01
3.843636322021484375e+01
1.382424468994140625e+02
6.945359039306640625e+01
8.129690551757812500e+01
4.277817535400390625e+01
5.159687423706054688e+01
4.513000106811523438e+01
4.493383026123046875e+01
3.430899429321289062e+01
4.443815994262695312e+01
3.775870132446289062e+01
3.538975906372070312e+01
8.955133819580078125e+01
3.815164566040039062e+01
7.870435333251953125e+01
5.399971008300781250e+01
4.695394515991210938e+01
4.400109100341796875e+01
4.237168121337890625e+01
4.615930175781250000e+01
7.362515258789062500e+01
4.642856597900390625e+01
4.307116699218750000e+01
3.790467834472656250e+01
6.128824996948242188e+01
7.538175964355468750e+01
4.050557708740234375e+01
7.714015197753906250e+01
4.900249099731445312e+01
4.280450439453125000e+01
1.687059631347656250e+02
3.711604309082031250e+01
4.062753677368164062e+01
9.056233978271484375e+01
1.525709838867187500e+02
1.809495239257812500e+02
5.429380416870117188e+01
7.991717529296875000e+01
3.245818328857421875e+01
9.439552307128906250e+01
5.707143402099609375e+01
3.309853363037109375e+01
1.391487426757812500e+02
5.196587753295898438e+01
6.858257293701171875e+01
1.298341064453125000e+02
6.413970947265625000e+01
5.975465393066406250e+01
8.454506683349609375e+01
3.653194427490234375e+01
7.577799987792968750e+01
1.162200317382812500e+02
3.000000000000000000e+01
6.110397338867187500e+01
6.164663696289062500e+01
4.945142364501953125e+01
9.982089996337890625e+01
1.303362884521484375e+02
7.473463439941406250e+01
1.259385528564453125e+02
8.752728271484375000e+01
5.212902832031250000e+01
8.177472686767578125e+01
8.547906494140625000e+01
3.000000000000000000e+01
3.000000000000000000e+01
3.000000000000000000e+01
3.969953536987304688e+01
5.653801345825195312e+01
1.006280670166015625e+02
4.668294525146484375e+01
4.224589538574218750e+01
3.960813903808593750e+01
2.784057312011718750e+02
4.117522430419921875e+01
3.903153228759765625e+01
3.803279876708984375e+01
3.000000000000000000e+01
4.179332351684570312e+01
7.678020477294921875e+01
8.016592407226562500e+01
9.403359985351562500e+01
7.085351562500000000e+01
5.464179229736328125e+01
5.064428329467773438e+01
4.595829010009765625e+01
1.448162841796875000e+02
4.615364837646484375e+01
3.971352386474609375e+01
4.009753417968750000e+01
3.315904617309570312e+01
6.221566772460937500e+01
7.455278015136718750e+01
1.364266815185546875e+02
7.334801483154296875e+01
8.956980133056640625e+01
6.464688110351562500e+01
4.436155319213867188e+01
7.357733154296875000e+01
3.084084701538085938e+01
5.785787963867187500e+01
8.292102813720703125e+01
3.007940292358398438e+01
3.250422668457031250e+01
9.756509399414062500e+01
3.000000000000000000e+01
4.425101089477539062e+01
1.325090942382812500e+02
6.259894561767578125e+01
4.516598892211914062e+01
6.696472167968750000e+01
4.189603042602539062e+01
5.786561965942382812e+01
9.246220397949218750e+01
5.474650573730468750e+01
7.870435333251953125e+01
2.111978149414062500e+02
4.493383026123046875e+01
1.127884826660156250e+02
5.049850463867187500e+01
5.281184005737304688e+01
9.481201171875000000e+01
6.933489227294921875e+01
5.335610961914062500e+01
7.324293518066406250e+01
3.000000000000000000e+01
6.482662963867187500e+01
4.781749725341796875e+01
6.606385803222656250e+01
3.793799591064453125e+01
4.541146469116210938e+01
6.614141082763671875e+01
1.242686920166015625e+02
1.008387832641601562e+02
5.271922683715820312e+01
5.526937484741210938e+01
4.684815979003906250e+01
5.699546051025390625e+01
7.024996948242187500e+01
3.461627197265625000e+01
1.042045211791992188e+02
9.653963470458984375e+01
3.501785659790039062e+01
9.891547393798828125e+01
9.736165618896484375e+01
5.305041122436523438e+01
5.001111602783203125e+01
4.413895416259765625e+01
4.235881042480468750e+01
1.997943725585937500e+02
3.508733367919921875e+01
4.970581054687500000e+01
4.876401519775390625e+01
4.128650665283203125e+01
1.000809020996093750e+02
4.212849807739257812e+01
5.091572189331054688e+01
1.294340362548828125e+02
7.237652587890625000e+01
8.977527618408203125e+01
6.852997589111328125e+01
4.450793457031250000e+01
5.577514648437500000e+01
9.122115325927734375e+01
8.811190795898437500e+01
6.908113098144531250e+01
6.699773406982421875e+01
3.868978881835937500e+01
6.693225860595703125e+01
8.159623718261718750e+01
5.203878784179687500e+01
4.361322402954101562e+01
6.714516448974609375e+01
1.131741867065429688e+02
7.014991760253906250e+01
5.967099761962890625e+01
5.292766571044921875e+01
3.000000000000000000e+01
4.277914810180664062e+01
3.000000000000000000e+01
5.084991836547851562e+01
3.880897521972656250e+01
3.645556259155273438e+01
5.261017990112304688e+01
5.182934570312500000e+01
4.253456497192382812e+01
6.854267120361328125e+01
5.252799224853515625e+01
4.280696868896484375e+01
3.997649383544921875e+01
5.205593872070312500e+01
6.032752609252929688e+01
3.000000000000000000e+01
3.467911529541015625e+01
6.565237426757812500e+01
3.433181381225585938e+01
5.548491668701171875e+01
3.000000000000000000e+01
5.551345062255859375e+01
3.290459823608398438e+01
3.000000000000000000e+01
1.239580917358398438e+02
5.298474121093750000e+01
3.000000000000000000e+01
6.424844360351562500e+01
3.971352386474609375e+01
7.820365142822265625e+01
4.526618957519531250e+01
3.999202346801757812e+01
1.425198669433593750e+02
3.905833053588867188e+01
1.194041137695312500e+02
1.124900512695312500e+02
3.811586380004882812e+01
4.695215225219726562e+01
8.827370452880859375e+01
4.279513931274414062e+01
6.181397247314453125e+01
6.756803894042968750e+01
1.566628723144531250e+02
5.178723144531250000e+01
6.477095031738281250e+01
5.331396102905273438e+01
4.396260833740234375e+01
4.483825302124023438e+01
1.103518066406250000e+02
5.495959091186523438e+01
6.954222106933593750e+01
6.180387115478515625e+01
4.874331665039062500e+01
3.287765121459960938e+01
4.529371643066406250e+01
4.156461334228515625e+01
4.176000976562500000e+01
3.800365447998046875e+01
3.562290954589843750e+01
4.111840820312500000e+01
5.053164672851562500e+01
4.350480651855468750e+01
4.233566665649414062e+01
5.710533142089843750e+01
5.784879684448242188e+01
6.766597747802734375e+01
1.130495147705078125e+02
6.540024566650390625e+01
1.038871459960937500e+02
7.116990661621093750e+01
1.133397369384765625e+02
4.080744934082031250e+01
5.522957992553710938e+01
3.000000000000000000e+01
4.649666595458984375e+01
6.661769866943359375e+01
7.151112365722656250e+01
8.312346649169921875e+01
7.855915832519531250e+01
4.077700805664062500e+01
4.049514770507812500e+01
6.710781860351562500e+01
8.192698669433593750e+01
4.849325180053710938e+01
5.163620758056640625e+01
4.069872283935546875e+01
3.609204483032226562e+01
9.459106445312500000e+01
4.406816482543945312e+01
4.751619338989257812e+01
4.179453277587890625e+01
4.505063629150390625e+01
5.860326004028320312e+01
9.564844512939453125e+01
4.390359497070312500e+01
3.739688110351562500e+01
3.000000000000000000e+01
9.403359985351562500e+01
5.422650146484375000e+01
4.049258804321289062e+01
5.733969116210937500e+01
5.625038909912109375e+01
4.604544830322265625e+01
6.398119354248046875e+01
5.781610488891601562e+01
6.799166107177734375e+01
3.747145462036132812e+01
5.455832290649414062e+01
6.572789764404296875e+01
9.631681823730468750e+01
7.187612152099609375e+01
4.796150970458984375e+01
3.189544868469238281e+01
7.059452819824218750e+01
7.685006713867187500e+01
4.859992980957031250e+01
5.818550872802734375e+01
5.317980575561523438e+01
4.139497375488281250e+01
5.972246551513671875e+01
3.936772537231445312e+01
3.000000000000000000e+01
5.550673294067382812e+01
6.893505859375000000e+01
6.614141082763671875e+01
5.224109649658203125e+01
4.940612792968750000e+01
3.511591720581054688e+01
7.539214324951171875e+01
1.026624145507812500e+02
6.531336975097656250e+01
3.224613189697265625e+01
1.133397369384765625e+02
5.429380416870117188e+01
6.454596710205078125e+01
1.131741867065429688e+02
3.610505676269531250e+01
3.464694976806640625e+01
6.506259155273437500e+01
3.000000000000000000e+01
4.054343414306640625e+01
2.248772583007812500e+02
4.532644271850585938e+01
3.000000000000000000e+01
4.121247482299804688e+01
1.440458831787109375e+02
7.042207336425781250e+01
5.424593353271484375e+01
1.064087066650390625e+02
4.226986694335937500e+01
1.209541778564453125e+02
7.995887756347656250e+01
9.648235321044921875e+01
3.157967567443847656e+01
3.000000000000000000e+01
7.071634674072265625e+01
7.517208862304687500e+01
7.146371459960937500e+01
4.642856597900390625e+01
4.787919616699218750e+01
3.164027786254882812e+01
4.704781341552734375e+01
6.146237945556640625e+01
5.330096817016601562e+01
4.384080505371093750e+01
6.961532592773437500e+01
7.599404907226562500e+01
5.300595855712890625e+01
3.701095962524414062e+01
4.858636474609375000e+01
3.000000000000000000e+01
4.698323440551757812e+01
1.082946014404296875e+02
4.919224548339843750e+01
8.626823425292968750e+01
5.143352890014648438e+01
4.722040557861328125e+01
3.575342178344726562e+01
1.074430847167968750e+02
6.047793579101562500e+01
7.752439880371093750e+01
1.035172805786132812e+02
6.044620895385742188e+01
4.464255523681640625e+01
3.714548110961914062e+01
4.857995986938476562e+01
6.233536529541015625e+01
8.227595520019531250e+01
1.997943572998046875e+02
4.863848114013671875e+01
5.715151596069335938e+01
5.894818115234375000e+01
5.797244262695312500e+01
4.987672424316406250e+01
4.781149291992187500e+01
5.154376602172851562e+01
7.006651306152343750e+01
1.028464889526367188e+02
3.000000000000000000e+01
5.104278564453125000e+01
6.352548980712890625e+01
1.070081787109375000e+02
6.757662963867187500e+01
1.194041137695312500e+02
4.767086029052734375e+01
4.855957794189453125e+01
5.066238021850585938e+01
6.905737304687500000e+01
1.661132507324218750e+02
6.551451110839843750e+01
4.951049804687500000e+01
7.007168579101562500e+01
3.000000000000000000e+01
5.023984146118164062e+01
6.293429946899414062e+01
4.685131072998046875e+01
3.780971145629882812e+01
5.417035675048828125e+01
8.630810546875000000e+01
4.707234191894531250e+01
9.224731445312500000e+01
4.166568756103515625e+01
6.639931488037109375e+01
6.945359039306640625e+01
9.087542724609375000e+01
6.383546447753906250e+01
4.481103134155273438e+01
4.644079589843750000e+01
3.477558517456054688e+01
3.567977905273437500e+01
4.615364837646484375e+01
3.851190948486328125e+01
6.822915649414062500e+01
6.259894943237304688e+01
3.000000000000000000e+01
3.157423973083496094e+01
3.597660446166992188e+01
3.903153228759765625e+01
3.000000000000000000e+01
1.237438583374023438e+02
3.000000000000000000e+01
6.388556671142578125e+01
9.642494201660156250e+01
4.340728759765625000e+01
3.000000000000000000e+01
3.000000000000000000e+01
6.053750228881835938e+01
7.134755706787109375e+01
5.296731185913085938e+01
5.598847198486328125e+01
6.269650268554687500e+01
8.114428710937500000e+01
6.080381011962890625e+01
4.436591720581054688e+01
6.191077804565429688e+01
3.159605026245117188e+01
5.577514648437500000e+01
5.595135498046875000e+01
3.604487609863281250e+01
3.810459136962890625e+01
5.753943252563476562e+01
5.298311233520507812e+01
4.746305847167968750e+01
3.000000000000000000e+01
5.305307006835937500e+01
5.126317596435546875e+01
6.650534057617187500e+01
8.039517211914062500e+01
5.528220367431640625e+01
9.024388122558593750e+01
4.516041183471679688e+01
5.836891174316406250e+01
5.143523406982421875e+01
6.083303451538085938e+01
7.129592895507812500e+01
5.981019592285156250e+01
7.507192993164062500e+01
4.054955291748046875e+01
9.344154357910156250e+01
5.090329742431640625e+01
5.011252593994140625e+01
8.557714080810546875e+01
1.433986358642578125e+02
1.055098571777343750e+02
4.924488067626953125e+01
3.672020339965820312e+01
4.493637084960937500e+01
5.724085235595703125e+01
1.008387832641601562e+02
8.943022155761718750e+01
7.035190582275390625e+01
1.040991134643554688e+02
4.858636474609375000e+01
4.647436523437500000e+01
3.836891937255859375e+01
5.346332168579101562e+01
5.716621398925781250e+01
3.072911643981933594e+01
3.761598587036132812e+01
7.757565307617187500e+01
5.677199554443359375e+01
4.468090820312500000e+01
8.066291809082031250e+01
4.272333526611328125e+01
4.348083877563476562e+01
5.323856735229492188e+01
5.256739425659179688e+01
5.313606643676757812e+01
4.481103134155273438e+01
1.933748474121093750e+02
6.861411285400390625e+01
4.795193099975585938e+01
3.833670806884765625e+01
4.922552490234375000e+01
1.455749664306640625e+02
3.946163177490234375e+01
4.533393859863281250e+01
5.800994873046875000e+01
4.384080505371093750e+01
8.010234069824218750e+01
4.282311630249023438e+01
5.538907241821289062e+01
5.111601638793945312e+01
5.675376892089843750e+01
3.881299209594726562e+01
4.635566329956054688e+01
5.859901046752929688e+01
6.335339736938476562e+01
2.000547180175781250e+02
3.738421249389648438e+01
5.121089172363281250e+01
6.840851593017578125e+01
5.456804656982421875e+01
4.038888549804687500e+01
3.309732437133789062e+01
4.267984771728515625e+01
5.605422210693359375e+01
3.000000000000000000e+01
4.856463623046875000e+01
5.441551971435546875e+01
3.885042953491210938e+01
4.765645599365234375e+01
3.730955886840820312e+01
3.811586380004882812e+01
4.687647628784179688e+01
3.468059158325195312e+01
5.505388259887695312e+01
7.036882781982421875e+01
3.000000000000000000e+01
4.669225311279296875e+01
4.749890136718750000e+01
7.047550964355468750e+01
4.492687225341796875e+01
9.778432464599609375e+01
4.256557464599609375e+01
6.908113098144531250e+01
8.048236846923828125e+01
4.812148284912109375e+01
8.557714080810546875e+01
3.000000000000000000e+01
3.792701721191406250e+01
3.940180206298828125e+01
4.334580230712890625e+01
1.215902709960937500e+02
5.165640258789062500e+01
3.000000000000000000e+01
7.168855285644531250e+01
4.970904922485351562e+01
1.060615539550781250e+02
6.122910308837890625e+01
4.208315277099609375e+01
5.041301727294921875e+01
6.541313934326171875e+01
8.268901824951171875e+01
7.532594299316406250e+01
6.712515258789062500e+01
3.371888732910156250e+01
4.480605697631835938e+01
7.501779937744140625e+01
7.195990753173828125e+01
1.159329986572265625e+02
8.437784576416015625e+01
1.311349182128906250e+02
5.530834197998046875e+01
4.038749313354492188e+01
6.444143676757812500e+01
3.000000000000000000e+01
4.861595153808593750e+01
3.000000000000000000e+01
3.000000000000000000e+01
7.281184387207031250e+01
1.262087860107421875e+02
4.884570693969726562e+01
3.235655212402343750e+01
6.191421508789062500e+01
6.846481323242187500e+01
4.306349182128906250e+01
5.024028778076171875e+01
8.227596282958984375e+01
4.858990478515625000e+01
6.106122970581054688e+01
5.023984146118164062e+01
6.194281005859375000e+01
6.250159835815429688e+01
3.319283676147460938e+01
3.276824188232421875e+01
5.570745086669921875e+01
4.042204284667968750e+01
6.008580017089843750e+01
5.558281326293945312e+01
5.435981750488281250e+01
9.392526245117187500e+01
5.146449661254882812e+01
3.164272117614746094e+01
4.238182067871093750e+01
3.628684616088867188e+01
3.320911026000976562e+01
3.766091537475585938e+01
3.000000000000000000e+01
3.917235183715820312e+01
9.999256896972656250e+01
5.464179611206054688e+01
3.830224609375000000e+01
1.242686996459960938e+02
8.051037597656250000e+01
3.840969848632812500e+01
6.420853424072265625e+01
7.728977203369140625e+01
4.253456497192382812e+01
5.071527099609375000e+01
1.173319473266601562e+02
4.511635589599609375e+01
8.274721527099609375e+01
3.862279891967773438e+01
3.511965942382812500e+01
5.466315078735351562e+01
5.627354049682617188e+01
4.060243988037109375e+01
4.342493057250976562e+01
4.113217544555664062e+01
4.723671722412109375e+01
4.485706710815429688e+01
5.196587753295898438e+01
3.277319335937500000e+01
3.944688415527343750e+01
7.286642456054687500e+01
9.283209228515625000e+01
3.899826812744140625e+01
9.528890228271484375e+01
5.051023483276367188e+01
3.000000000000000000e+01
8.354674530029296875e+01
9.077563476562500000e+01
4.125190734863281250e+01
6.043505477905273438e+01
4.655659484863281250e+01
5.147749710083007812e+01
3.583342361450195312e+01
9.901258850097656250e+01
5.107916641235351562e+01
3.755152893066406250e+01
6.852997589111328125e+01
5.397481155395507812e+01
5.761827468872070312e+01
3.167986679077148438e+01
5.377088546752929688e+01
6.161603927612304688e+01
4.791720581054687500e+01
7.212196350097656250e+01
6.280813980102539062e+01
3.356597518920898438e+01
4.219968032836914062e+01
3.607500076293945312e+01
5.533113098144531250e+01
7.678586578369140625e+01
7.828334045410156250e+01
5.538907241821289062e+01
5.230332565307617188e+01
6.527248382568359375e+01
5.377088928222656250e+01
5.271641159057617188e+01
4.838670349121093750e+01
3.000000000000000000e+01
4.572568511962890625e+01
5.988445281982421875e+01
4.955657196044921875e+01
4.128074645996093750e+01
5.980240631103515625e+01
4.947905731201171875e+01
6.454319763183593750e+01
3.951283264160156250e+01
5.141577148437500000e+01
4.133614730834960938e+01
5.049280929565429688e+01
8.439118194580078125e+01
3.848618316650390625e+01
6.022271347045898438e+01
3.642565917968750000e+01
8.002943420410156250e+01
6.182246398925781250e+01
4.925168609619140625e+01
4.075379562377929688e+01
4.432873535156250000e+01
8.016365051269531250e+01
6.876998901367187500e+01
3.870838165283203125e+01
4.015503692626953125e+01
5.779481506347656250e+01
4.799374389648437500e+01
5.048997879028320312e+01
4.430744171142578125e+01
6.898973083496093750e+01
4.131931304931640625e+01
3.000000000000000000e+01
4.029898834228515625e+01
4.423195648193359375e+01
7.097201538085937500e+01
4.246169662475585938e+01
9.481201171875000000e+01
5.493826293945312500e+01
4.297554779052734375e+01
3.599936676025390625e+01
5.213569259643554688e+01
3.000000000000000000e+01
5.771856689453125000e+01
3.672020339965820312e+01
3.850804519653320312e+01
3.001277923583984375e+01
3.820372772216796875e+01
5.659536743164062500e+01
5.738551712036132812e+01
6.553990173339843750e+01
4.598358154296875000e+01
5.664370727539062500e+01
4.447171020507812500e+01
3.000000000000000000e+01
3.000000000000000000e+01
5.213569259643554688e+01
7.507192993164062500e+01
4.736420440673828125e+01
4.308692932128906250e+01
3.384024810791015625e+01
7.644903564453125000e+01
5.955802154541015625e+01
7.609032440185546875e+01
3.690460968017578125e+01
3.215750503540039062e+01
7.059218597412109375e+01
3.000000000000000000e+01
4.783488845825195312e+01
3.000000000000000000e+01
4.797637557983398438e+01
3.401427841186523438e+01
3.809921264648437500e+01
5.311423492431640625e+01
3.810886383056640625e+01
9.291998291015625000e+01
4.455292129516601562e+01
7.828334045410156250e+01
5.560438919067382812e+01
3.929169464111328125e+01
3.386664962768554688e+01
4.063631057739257812e+01
3.306645202636718750e+01
4.806571960449218750e+01
6.387870788574218750e+01
8.016592407226562500e+01
3.999202728271484375e+01
4.472611999511718750e+01
4.060763168334960938e+01
8.147351074218750000e+01
5.140567016601562500e+01
4.955303192138671875e+01
3.000000000000000000e+01
3.000000000000000000e+01
4.392509460449218750e+01
3.604487609863281250e+01
5.851527023315429688e+01
4.408856964111328125e+01
4.169722747802734375e+01
5.506434631347656250e+01
3.237687301635742188e+01
3.624290847778320312e+01
4.994628906250000000e+01
3.742269515991210938e+01
6.159244155883789062e+01
4.189862060546875000e+01
6.983878326416015625e+01
5.560438919067382812e+01
6.869508361816406250e+01
3.000000000000000000e+01
3.000000000000000000e+01
4.540789031982421875e+01
3.000000000000000000e+01
4.305426788330078125e+01
7.433442687988281250e+01
3.300494003295898438e+01
4.885223770141601562e+01
4.310979461669921875e+01
4.695215225219726562e+01
4.842732238769531250e+01
7.085351562500000000e+01
3.043560600280761719e+01
4.686735916137695312e+01
8.339949035644531250e+01
4.436918640136718750e+01
6.541313934326171875e+01
8.852313995361328125e+01
3.000000000000000000e+01
7.615818786621093750e+01
4.040410614013671875e+01
5.335610961914062500e+01
5.389109802246093750e+01
5.708964538574218750e+01
5.504090499877929688e+01
7.455278015136718750e+01
5.590985870361328125e+01
6.037508773803710938e+01
7.459735107421875000e+01
3.334040451049804688e+01
6.043643188476562500e+01
3.254463195800781250e+01
3.082470321655273438e+01
3.472499084472656250e+01
5.365217590332031250e+01
3.000000000000000000e+01
6.515124511718750000e+01
4.960537338256835938e+01
5.121089172363281250e+01
4.275804519653320312e+01
5.554425048828125000e+01
3.719021987915039062e+01
3.294303894042968750e+01
7.046596527099609375e+01
3.420974731445312500e+01
3.683772659301757812e+01
6.512895202636718750e+01
4.034138107299804688e+01
4.836837387084960938e+01
5.069480895996093750e+01
4.075379562377929688e+01
3.000000000000000000e+01
3.839443206787109375e+01
3.683838653564453125e+01
4.298979187011718750e+01
3.000000000000000000e+01
4.144508743286132812e+01
6.352549362182617188e+01
3.435908508300781250e+01
4.176000976562500000e+01
4.543088531494140625e+01
7.338075256347656250e+01
5.290744781494140625e+01
7.313259887695312500e+01
1.194562149047851562e+02
4.948909759521484375e+01
4.262955856323242188e+01
4.196220016479492188e+01
4.970650100708007812e+01
3.682501220703125000e+01
4.332953643798828125e+01
6.724201202392578125e+01
1.035172805786132812e+02
3.994655609130859375e+01
3.637387847900390625e+01
5.018578338623046875e+01
5.881859970092773438e+01
4.054040908813476562e+01
4.483825302124023438e+01
5.256739425659179688e+01
6.760070037841796875e+01
3.000000000000000000e+01
4.526211929321289062e+01
3.348426437377929688e+01
6.537289428710937500e+01
5.972246551513671875e+01
3.772117614746093750e+01
5.477000045776367188e+01
4.570355987548828125e+01
3.132443618774414062e+01
5.561092758178710938e+01
4.015427017211914062e+01
4.061522293090820312e+01
6.757662963867187500e+01
4.240635681152343750e+01
3.233154296875000000e+01
4.987672424316406250e+01
5.594415664672851562e+01
3.000000000000000000e+01
6.117335891723632812e+01
3.411940002441406250e+01
4.507608032226562500e+01
3.866709518432617188e+01
5.080180740356445312e+01
5.550630569458007812e+01
4.745499038696289062e+01
4.777219390869140625e+01
4.379882049560546875e+01
3.000000000000000000e+01
4.695540618896484375e+01
6.295123672485351562e+01
4.080744934082031250e+01
3.960729980468750000e+01
5.712400054931640625e+01
5.288488006591796875e+01
5.057538986206054688e+01
6.015184020996093750e+01
4.087946319580078125e+01
6.750387573242187500e+01
4.278981781005859375e+01
1.007892150878906250e+02
8.243998718261718750e+01
4.690703582763671875e+01
5.998752212524414062e+01
3.547196197509765625e+01
6.782586669921875000e+01
3.200565338134765625e+01
4.373361968994140625e+01
7.972681427001953125e+01
5.385673904418945312e+01
4.666236495971679688e+01
5.304616546630859375e+01
1.117057647705078125e+02
3.915051651000976562e+01
4.014270782470703125e+01
3.181733131408691406e+01
5.490071105957031250e+01
4.124235153198242188e+01
3.368832778930664062e+01
4.867453765869140625e+01
8.317950439453125000e+01
5.181468200683593750e+01
4.243452453613281250e+01
3.000000000000000000e+01
5.930490493774414062e+01
4.583642578125000000e+01
4.260159301757812500e+01
5.470444488525390625e+01
9.778432464599609375e+01
5.290107727050781250e+01
6.877311706542968750e+01
7.656975555419921875e+01
8.195587158203125000e+01
5.948352813720703125e+01
3.000000000000000000e+01
3.969741439819335938e+01
5.500618743896484375e+01
3.939475631713867188e+01
4.207125091552734375e+01
4.016016387939453125e+01
4.063045120239257812e+01
4.104230880737304688e+01
3.035491752624511719e+01
3.942036819458007812e+01
4.481204986572265625e+01
7.413072204589843750e+01
5.291141128540039062e+01
3.326171493530273438e+01
4.418746185302734375e+01
3.372249603271484375e+01
4.179158782958984375e+01
5.245782470703125000e+01
7.826275634765625000e+01
4.891138839721679688e+01
4.895381164550781250e+01
3.000000000000000000e+01
6.693225860595703125e+01
5.272834777832031250e+01
3.000000000000000000e+01
8.016365051269531250e+01
3.752975845336914062e+01
9.904460144042968750e+01
4.153791809082031250e+01
5.036140441894531250e+01
6.224539184570312500e+01
4.156298065185546875e+01
3.000000000000000000e+01
4.451491165161132812e+01
4.784689331054687500e+01
4.436155319213867188e+01
4.850819015502929688e+01
4.539405059814453125e+01
3.598664855957031250e+01
4.126462554931640625e+01
8.010234069824218750e+01
6.522056579589843750e+01
7.052014160156250000e+01
3.536085510253906250e+01
3.740090560913085938e+01
6.251377105712890625e+01
4.104230499267578125e+01
6.429031372070312500e+01
5.897623443603515625e+01
6.918691253662109375e+01
3.967007827758789062e+01
5.227716064453125000e+01
4.148753356933593750e+01
3.566893005371093750e+01
3.355445861816406250e+01
7.732991027832031250e+01
3.900186920166015625e+01
4.024991607666015625e+01
3.168040466308593750e+01
4.196405029296875000e+01
4.754255676269531250e+01
3.000000000000000000e+01
4.280450439453125000e+01
3.575672149658203125e+01
3.305268096923828125e+01
5.802270507812500000e+01
7.168855285644531250e+01
3.000000000000000000e+01
5.819668197631835938e+01
4.038115310668945312e+01
4.179958343505859375e+01
4.236260604858398438e+01
6.073390579223632812e+01
3.965368270874023438e+01
3.908868408203125000e+01
3.890472412109375000e+01
5.497585296630859375e+01
3.000000000000000000e+01
3.881711196899414062e+01
4.134682464599609375e+01
3.214783477783203125e+01
3.780270004272460938e+01
3.603392028808593750e+01
3.324011611938476562e+01
5.279190444946289062e+01
4.764330291748046875e+01
1.117057647705078125e+02
6.036617279052734375e+01
3.840631484985351562e+01
3.729700469970703125e+01
8.394396972656250000e+01
4.396260833740234375e+01
3.748550033569335938e+01
7.732991027832031250e+01
5.984973907470703125e+01
4.809560775756835938e+01
3.884075164794921875e+01
5.261017990112304688e+01
1.051820449829101562e+02
7.924741363525390625e+01
6.359267425537109375e+01
7.561195373535156250e+01
3.227977752685546875e+01
3.000000000000000000e+01
4.524125671386718750e+01
3.656906509399414062e+01
5.699692916870117188e+01
5.967831420898437500e+01
3.353211593627929688e+01
4.220623779296875000e+01
5.055459594726562500e+01
3.000000000000000000e+01
4.662070465087890625e+01
4.733250427246093750e+01
4.296226501464843750e+01
3.440903472900390625e+01
3.224613189697265625e+01
4.040410232543945312e+01
4.669749450683593750e+01
4.174675750732421875e+01
7.959060668945312500e+01
4.175582122802734375e+01
3.000000000000000000e+01
6.343678283691406250e+01
4.959508514404296875e+01
3.000000000000000000e+01
3.456714630126953125e+01
4.568658447265625000e+01
5.081971740722656250e+01
4.070222473144531250e+01
3.000000000000000000e+01
4.520031356811523438e+01
5.129710388183593750e+01
6.065962982177734375e+01
5.868488311767578125e+01
3.886693572998046875e+01
3.927847290039062500e+01
4.700965499877929688e+01
3.000000000000000000e+01
6.754408264160156250e+01
4.790504074096679688e+01
4.234077835083007812e+01
3.473791503906250000e+01
3.000000000000000000e+01
3.274159240722656250e+01
4.358900451660156250e+01
5.228217315673828125e+01
4.126210403442382812e+01
3.994655609130859375e+01
5.313606643676757812e+01
4.087829589843750000e+01
3.878204345703125000e+01
5.083847427368164062e+01
3.246303558349609375e+01
6.855004119873046875e+01
4.184889984130859375e+01
3.658738708496093750e+01
4.287346267700195312e+01
7.047550964355468750e+01
4.348345184326171875e+01
3.969699096679687500e+01
4.109818649291992188e+01
3.653594207763671875e+01
5.368374252319335938e+01
4.258952331542968750e+01
4.288266372680664062e+01
3.593073654174804688e+01
3.579175567626953125e+01
3.155748176574707031e+01
3.728719711303710938e+01
4.712406921386718750e+01
3.776360702514648438e+01
5.226005554199218750e+01
3.859778976440429688e+01
6.986184692382812500e+01
4.357155990600585938e+01
5.214586257934570312e+01
6.020285797119140625e+01
3.206317520141601562e+01
4.230709075927734375e+01
3.523877716064453125e+01
3.774720001220703125e+01
5.193006515502929688e+01
4.502322387695312500e+01
3.194232749938964844e+01
3.756999969482421875e+01
3.703247833251953125e+01
3.948115158081054688e+01
3.800043106079101562e+01
3.694601821899414062e+01
