4.991796112060546875e+01
5.702813339233398438e+01
3.871438217163085938e+01
4.022101211547851562e+01
6.289476776123046875e+01
5.740959167480468750e+01
3.453010940551757812e+01
6.383108901977539062e+01
5.780068969726562500e+01
1.245898132324218750e+02
4.936213684082031250e+01
1.171777648925781250e+02
4.925495529174804688e+01
4.963428115844726562e+01
4.124660110473632812e+01
6.911538696289062500e+01
7.418435668945312500e+01
4.469157028198242188e+01
4.201996231079101562e+01
1.381194152832031250e+02
3.659578704833984375e+01
8.412068176269531250e+01
3.826213073730468750e+01
3.000000000000000000e+01
3.974280166625976562e+01
7.367469024658203125e+01
3.000000000000000000e+01
6.103591156005859375e+01
1.702068328857421875e+02
6.342266845703125000e+01
6.030994415283203125e+01
4.963321685791015625e+01
3.427756881713867188e+01
9.110905456542968750e+01
4.368117141723632812e+01
7.233517456054687500e+01
6.550019073486328125e+01
5.253775787353515625e+01
4.581943511962890625e+01
3.221238708496093750e+01
3.000000000000000000e+01
3.745528030395507812e+01
4.690725708007812500e+01
4.683026504516601562e+01
3.000000000000000000e+01
3.747400665283203125e+01
3.175049781799316406e+01
6.605172729492187500e+01
1.222627868652343750e+02
5.527513885498046875e+01
4.353356933593750000e+01
3.917430114746093750e+01
7.648680114746093750e+01
3.810518646240234375e+01
1.069221725463867188e+02
4.087470245361328125e+01
6.363280105590820312e+01
4.949333190917968750e+01
6.825421142578125000e+01
7.629788970947265625e+01
5.354389953613281250e+01
7.900080871582031250e+01
4.418049621582031250e+01
9.384839630126953125e+01
1.012959823608398438e+02
5.176657485961914062e+01
4.560136795043945312e+01
3.000000000000000000e+01
4.741128158569335938e+01
5.925472259521484375e+01
6.147562026977539062e+01
3.329127883911132812e+01
6.661711120605468750e+01
3.000000000000000000e+01
6.140856552124023438e+01
4.169210052490234375e+01
4.490685272216796875e+01
4.335601043701171875e+01
3.689944839477539062e+01
6.000068283081054688e+01
3.888424301147460938e+01
7.418436431884765625e+01
5.302190399169921875e+01
1.197223510742187500e+02
9.959442138671875000e+01
4.932297897338867188e+01
3.775612258911132812e+01
4.609136581420898438e+01
4.925495529174804688e+01
5.415220642089843750e+01
4.036888122558593750e+01
5.344618988037109375e+01
6.601622009277343750e+01
5.227333831787109375e+01
9.560385131835937500e+01
8.885846710205078125e+01
6.845257568359375000e+01
3.985457611083984375e+01
6.247980499267578125e+01
3.954064559936523438e+01
1.019933319091796875e+02
5.956572723388671875e+01
1.509464416503906250e+02
3.000000000000000000e+01
4.669209289550781250e+01
8.525984954833984375e+01
3.000000000000000000e+01
5.767678070068359375e+01
4.982954788208007812e+01
4.620325469970703125e+01
3.898666763305664062e+01
3.000000000000000000e+01
6.766732788085937500e+01
1.236578369140625000e+02
4.112664413452148438e+01
3.955883026123046875e+01
9.208200073242187500e+01
4.409098815917968750e+01
7.315664672851562500e+01
5.257288360595703125e+01
4.850922393798828125e+01
5.922988891601562500e+01
3.922595596313476562e+01
3.885268402099609375e+01
4.212925720214843750e+01
4.637084197998046875e+01
7.852996826171875000e+01
5.768959045410156250e+01
4.340421676635742188e+01
4.953672027587890625e+01
4.578874969482421875e+01
1.114301071166992188e+02
4.670692443847656250e+01
3.000000000000000000e+01
6.644487762451171875e+01
4.112758636474609375e+01
1.193516998291015625e+02
4.510612106323242188e+01
4.045543670654296875e+01
7.419287109375000000e+01
4.558783721923828125e+01
8.970772552490234375e+01
6.316076660156250000e+01
5.533521270751953125e+01
6.822895050048828125e+01
4.509566497802734375e+01
9.061846923828125000e+01
8.573364257812500000e+01
4.913560485839843750e+01
1.094144134521484375e+02
5.020874023437500000e+01
7.338566589355468750e+01
5.567848205566406250e+01
6.703227996826171875e+01
3.871994781494140625e+01
1.222083129882812500e+02
3.388522720336914062e+01
1.363134155273437500e+02
3.891503906250000000e+01
6.244242095947265625e+01
3.078369140625000000e+01
4.479453277587890625e+01
4.273074722290039062e+01
3.930764389038085938e+01
7.315084838867187500e+01
3.427370452880859375e+01
5.884790420532226562e+01
4.705109405517578125e+01
3.194664192199707031e+01
1.284293060302734375e+02
5.113906097412109375e+01
4.361498260498046875e+01
4.653438186645507812e+01
3.000000000000000000e+01
5.517578125000000000e+01
6.525207519531250000e+01
4.084849548339843750e+01
4.432278442382812500e+01
6.538043212890625000e+01
5.241255187988281250e+01
6.449387359619140625e+01
5.934022521972656250e+01
7.131218719482421875e+01
5.675168228149414062e+01
4.099715423583984375e+01
3.301706695556640625e+01
4.496115112304687500e+01
5.860439300537109375e+01
5.335727691650390625e+01
5.106877136230468750e+01
4.260377120971679688e+01
6.352894592285156250e+01
5.198713302612304688e+01
4.006181716918945312e+01
4.925626754760742188e+01
3.964699554443359375e+01
4.303876876831054688e+01
7.735961914062500000e+01
1.458088684082031250e+02
6.427124023437500000e+01
4.696994781494140625e+01
1.174965515136718750e+02
7.111045837402343750e+01
4.028704452514648438e+01
4.250267791748046875e+01
4.066656494140625000e+01
5.550804901123046875e+01
4.198777008056640625e+01
1.132648620605468750e+02
3.745142745971679688e+01
4.409774017333984375e+01
9.834936523437500000e+01
4.192864227294921875e+01
3.962401580810546875e+01
3.916184997558593750e+01
4.603007507324218750e+01
4.114022064208984375e+01
5.504248428344726562e+01
3.957422637939453125e+01
4.347162246704101562e+01
3.854632949829101562e+01
7.239143371582031250e+01
8.289695739746093750e+01
4.041059112548828125e+01
4.158045959472656250e+01
4.462000274658203125e+01
5.902889251708984375e+01
1.175478057861328125e+02
6.254781341552734375e+01
1.222565536499023438e+02
3.444734191894531250e+01
4.329814147949218750e+01
5.337582778930664062e+01
4.336345672607421875e+01
3.884513092041015625e+01
5.712026596069335938e+01
4.088488006591796875e+01
4.121820068359375000e+01
7.868106842041015625e+01
5.755924987792968750e+01
4.226826858520507812e+01
1.133003234863281250e+02
1.146203384399414062e+02
6.205012512207031250e+01
8.571131896972656250e+01
3.599649810791015625e+01
5.410845947265625000e+01
1.311861419677734375e+02
1.873310699462890625e+02
4.735964584350585938e+01
6.066456222534179688e+01
3.762871551513671875e+01
4.963077163696289062e+01
1.007833023071289062e+02
5.064883422851562500e+01
5.163506317138671875e+01
3.992128372192382812e+01
4.219861984252929688e+01
4.291009521484375000e+01
1.464309997558593750e+02
5.232397079467773438e+01
5.159005737304687500e+01
6.165272521972656250e+01
4.639351654052734375e+01
9.745545959472656250e+01
4.276544570922851562e+01
1.379363708496093750e+02
6.558531951904296875e+01
7.459930419921875000e+01
4.904045486450195312e+01
5.300151824951171875e+01
4.406854629516601562e+01
6.205012512207031250e+01
6.827483367919921875e+01
1.625164642333984375e+02
3.758151626586914062e+01
6.491168212890625000e+01
7.455281066894531250e+01
9.430036926269531250e+01
9.456620788574218750e+01
5.341515731811523438e+01
7.266436767578125000e+01
6.096384429931640625e+01
4.313263320922851562e+01
5.966775131225585938e+01
3.835275650024414062e+01
3.000000000000000000e+01
5.054180145263671875e+01
3.620841979980468750e+01
3.652563476562500000e+01
3.554734039306640625e+01
3.000000000000000000e+01
3.000000000000000000e+01
1.040403900146484375e+02
3.000000000000000000e+01
3.645031738281250000e+01
4.657294464111328125e+01
4.550256347656250000e+01
3.000000000000000000e+01
4.921134185791015625e+01
5.709291076660156250e+01
3.000000000000000000e+01
3.862352752685546875e+01
6.451248168945312500e+01
6.716905975341796875e+01
4.065653991699218750e+01
6.842275238037109375e+01
7.279018402099609375e+01
7.569879150390625000e+01
1.376814880371093750e+02
1.440453491210937500e+02
3.000000000000000000e+01
9.106106567382812500e+01
1.053274383544921875e+02
8.853977966308593750e+01
4.147846221923828125e+01
4.145509719848632812e+01
1.355263824462890625e+02
6.732151031494140625e+01
6.247980117797851562e+01
4.463147735595703125e+01
4.797113418579101562e+01
4.870102310180664062e+01
4.729490661621093750e+01
3.562377929687500000e+01
3.991680908203125000e+01
3.657085800170898438e+01
3.659387969970703125e+01
6.661710357666015625e+01
3.645452117919921875e+01
7.694648742675781250e+01
4.825053787231445312e+01
5.242847442626953125e+01
4.530025482177734375e+01
3.926198577880859375e+01
4.734960174560546875e+01
7.031489562988281250e+01
4.796367263793945312e+01
3.734416961669921875e+01
3.703509902954101562e+01
5.388168334960937500e+01
6.758869934082031250e+01
4.008646392822265625e+01
7.569879150390625000e+01
5.047787857055664062e+01
4.512369537353515625e+01
1.689822387695312500e+02
3.611138534545898438e+01
3.989312744140625000e+01
9.657202911376953125e+01
1.523702392578125000e+02
1.927465057373046875e+02
5.434014892578125000e+01
7.900080871582031250e+01
3.102352142333984375e+01
9.466447448730468750e+01
5.712546920776367188e+01
3.148508262634277344e+01
1.453338623046875000e+02
5.416103363037109375e+01
6.494723510742187500e+01
1.283136596679687500e+02
6.467974090576171875e+01
7.006607818603515625e+01
8.483033752441406250e+01
3.149471473693847656e+01
6.909858703613281250e+01
1.146601638793945312e+02
3.000000000000000000e+01
5.251882934570312500e+01
5.943189620971679688e+01
4.885062408447265625e+01
9.047837066650390625e+01
1.311022949218750000e+02
6.574024963378906250e+01
1.277900390625000000e+02
8.164236450195312500e+01
6.342266845703125000e+01
8.151426696777343750e+01
7.916647338867187500e+01
3.000000000000000000e+01
3.192654991149902344e+01
3.000000000000000000e+01
4.280250549316406250e+01
5.773553085327148438e+01
1.146203384399414062e+02
4.782489395141601562e+01
4.680463409423828125e+01
3.814411544799804688e+01
2.605221557617187500e+02
4.628514099121093750e+01
3.422556686401367188e+01
3.288715362548828125e+01
3.000000000000000000e+01
3.977600860595703125e+01
6.528548431396484375e+01
6.759980773925781250e+01
9.711225891113281250e+01
7.110983276367187500e+01
4.360135269165039062e+01
5.060724639892578125e+01
4.337718200683593750e+01
1.399155883789062500e+02
4.290629196166992188e+01
3.572815704345703125e+01
4.981103897094726562e+01
3.655537414550781250e+01
6.263978576660156250e+01
6.876538848876953125e+01
1.272583923339843750e+02
7.183636474609375000e+01
9.583348846435546875e+01
5.363394546508789062e+01
4.348508453369140625e+01
7.369872283935546875e+01
3.000000000000000000e+01
5.285556793212890625e+01
6.390723800659179688e+01
3.000000000000000000e+01
3.735085296630859375e+01
1.046967773437500000e+02
3.000000000000000000e+01
4.541967010498046875e+01
1.369913635253906250e+02
6.294685745239257812e+01
5.129990768432617188e+01
6.711485290527343750e+01
4.680414199829101562e+01
5.806127929687500000e+01
9.171206665039062500e+01
5.045339202880859375e+01
7.694647979736328125e+01
2.105949249267578125e+02
4.729490661621093750e+01
1.169626159667968750e+02
4.298199081420898438e+01
5.234256744384765625e+01
9.009838104248046875e+01
6.103591156005859375e+01
5.339081573486328125e+01
7.129885864257812500e+01
4.093194580078125000e+01
6.621861267089843750e+01
4.771939849853515625e+01
6.798004150390625000e+01
3.805559539794921875e+01
4.667369461059570312e+01
6.522169494628906250e+01
1.113634490966796875e+02
9.889901733398437500e+01
4.864338302612304688e+01
5.567848205566406250e+01
4.618146514892578125e+01
5.332911300659179688e+01
6.621556091308593750e+01
4.002398681640625000e+01
1.122603378295898438e+02
9.316680908203125000e+01
3.304356765747070312e+01
9.292913055419921875e+01
8.219639587402343750e+01
5.027433776855468750e+01
5.069039154052734375e+01
4.405397796630859375e+01
4.047183990478515625e+01
1.738601989746093750e+02
3.000000000000000000e+01
4.831581115722656250e+01
4.965379714965820312e+01
4.228694152832031250e+01
9.799647521972656250e+01
4.186026382446289062e+01
3.847689056396484375e+01
1.401129760742187500e+02
6.716905975341796875e+01
9.087390136718750000e+01
5.822541809082031250e+01
3.794481658935546875e+01
5.297079086303710938e+01
9.187913513183593750e+01
9.267446899414062500e+01
6.423992919921875000e+01
7.294480895996093750e+01
4.124488449096679688e+01
4.141802215576171875e+01
7.737847137451171875e+01
5.063431167602539062e+01
3.962401580810546875e+01
7.271125793457031250e+01
9.109238433837890625e+01
6.288974380493164062e+01
5.358813476562500000e+01
5.353033828735351562e+01
3.000000000000000000e+01
4.201651000976562500e+01
3.000000000000000000e+01
3.885642242431640625e+01
3.194818496704101562e+01
3.000000000000000000e+01
4.951320648193359375e+01
4.741149139404296875e+01
4.090038681030273438e+01
8.568218994140625000e+01
5.692288589477539062e+01
4.364668273925781250e+01
4.006137084960937500e+01
4.956794738769531250e+01
5.781211090087890625e+01
3.000000000000000000e+01
3.355593109130859375e+01
7.168084716796875000e+01
3.605759048461914062e+01
5.319212722778320312e+01
3.108302307128906250e+01
5.549776077270507812e+01
3.000000000000000000e+01
4.124660110473632812e+01
1.061649932861328125e+02
4.192436218261718750e+01
3.641120910644531250e+01
6.368288803100585938e+01
3.572815704345703125e+01
7.193410491943359375e+01
3.457152557373046875e+01
3.839124679565429688e+01
1.209406280517578125e+02
3.931464767456054688e+01
1.064005203247070312e+02
1.080475311279296875e+02
3.914118194580078125e+01
3.599499130249023438e+01
8.585327148437500000e+01
4.848195648193359375e+01
5.799600601196289062e+01
6.165272140502929688e+01
1.432070617675781250e+02
4.135704421997070312e+01
5.437294006347656250e+01
5.402254867553710938e+01
3.200080490112304688e+01
4.542956161499023438e+01
1.113836364746093750e+02
3.762827301025390625e+01
6.003435134887695312e+01
5.697871780395507812e+01
4.543259429931640625e+01
3.162961387634277344e+01
4.231945800781250000e+01
4.667695999145507812e+01
4.551612091064453125e+01
3.598680496215820312e+01
3.903788375854492188e+01
3.919514846801757812e+01
4.756213378906250000e+01
3.623546600341796875e+01
4.416552352905273438e+01
6.069302368164062500e+01
5.767678070068359375e+01
6.385711669921875000e+01
1.132648544311523438e+02
5.113454437255859375e+01
9.389671325683593750e+01
7.332231903076171875e+01
1.183216705322265625e+02
3.859912109375000000e+01
5.586897277832031250e+01
3.000000000000000000e+01
5.676994323730468750e+01
5.992560958862304688e+01
6.978910827636718750e+01
7.506013488769531250e+01
7.983379364013671875e+01
4.112664413452148438e+01
4.112178039550781250e+01
6.273671340942382812e+01
8.767687225341796875e+01
4.973895263671875000e+01
5.207414627075195312e+01
4.357793045043945312e+01
3.909684753417968750e+01
9.160961914062500000e+01
4.036888122558593750e+01
4.679492950439453125e+01
4.185520935058593750e+01
4.655671691894531250e+01
5.947526550292968750e+01
8.760015869140625000e+01
4.138738250732421875e+01
3.371208953857421875e+01
3.277468109130859375e+01
9.711225891113281250e+01
5.654370880126953125e+01
3.940846252441406250e+01
5.102643585205078125e+01
5.647392654418945312e+01
4.345821380615234375e+01
6.151022338867187500e+01
4.817687225341796875e+01
6.813627624511718750e+01
3.746378326416015625e+01
4.615165710449218750e+01
6.161702728271484375e+01
8.086482238769531250e+01
7.487525939941406250e+01
4.899855041503906250e+01
3.000000000000000000e+01
6.685174560546875000e+01
6.372719573974609375e+01
4.529537200927734375e+01
5.507047653198242188e+01
5.280361557006835938e+01
3.656936645507812500e+01
6.227213668823242188e+01
4.347808456420898438e+01
3.261803817749023438e+01
5.230407714843750000e+01
6.623299407958984375e+01
6.522170257568359375e+01
5.461611938476562500e+01
5.107423400878906250e+01
3.458693695068359375e+01
7.189176940917968750e+01
1.021970672607421875e+02
6.589751434326171875e+01
3.000000000000000000e+01
1.183216705322265625e+02
5.434014892578125000e+01
5.761427307128906250e+01
9.109238433837890625e+01
3.709888458251953125e+01
3.598779678344726562e+01
5.122095108032226562e+01
3.000000000000000000e+01
4.059826660156250000e+01
2.298952636718750000e+02
4.093862915039062500e+01
3.569213867187500000e+01
3.940410232543945312e+01
1.221696853637695312e+02
4.842913818359375000e+01
5.041611480712890625e+01
9.466053771972656250e+01
3.994957351684570312e+01
1.260449218750000000e+02
7.036807250976562500e+01
9.363980102539062500e+01
3.000000000000000000e+01
3.000000000000000000e+01
6.025186157226562500e+01
7.729838562011718750e+01
6.734780883789062500e+01
4.796367263793945312e+01
4.696862030029296875e+01
3.964395904541015625e+01
4.765736389160156250e+01
6.335439300537109375e+01
5.711000823974609375e+01
3.816323089599609375e+01
7.374317932128906250e+01
6.680180358886718750e+01
5.198025512695312500e+01
3.100791931152343750e+01
5.097039794921875000e+01
3.000000000000000000e+01
4.700658416748046875e+01
1.174832229614257812e+02
4.741595840454101562e+01
7.650325775146484375e+01
5.161568832397460938e+01
5.583754348754882812e+01
3.455605316162109375e+01
8.970772552490234375e+01
6.241329193115234375e+01
7.087910461425781250e+01
1.005015411376953125e+02
5.824607849121093750e+01
4.422551345825195312e+01
4.009917449951171875e+01
3.913600158691406250e+01
4.894966506958007812e+01
6.856291198730468750e+01
1.738601989746093750e+02
5.054232788085937500e+01
5.322254562377929688e+01
4.414937591552734375e+01
4.711333465576171875e+01
4.517475891113281250e+01
5.261581420898437500e+01
4.981929397583007812e+01
6.105463409423828125e+01
9.246677398681640625e+01
3.000000000000000000e+01
3.918533325195312500e+01
5.567887115478515625e+01
1.114773178100585938e+02
6.443572998046875000e+01
1.064005203247070312e+02
3.703256225585937500e+01
3.211204528808593750e+01
4.897918701171875000e+01
8.053802490234375000e+01
1.696271667480468750e+02
6.504383087158203125e+01
5.257437515258789062e+01
5.749882507324218750e+01
3.000000000000000000e+01
4.194206619262695312e+01
6.966867065429687500e+01
3.691125869750976562e+01
3.682969284057617188e+01
4.894857788085937500e+01
8.022977447509765625e+01
4.377451324462890625e+01
1.005915298461914062e+02
4.098329925537109375e+01
5.152336883544921875e+01
6.732151031494140625e+01
9.205564880371093750e+01
5.853557586669921875e+01
4.598072052001953125e+01
4.835429000854492188e+01
3.000000000000000000e+01
3.260704803466796875e+01
4.290629196166992188e+01
3.390851593017578125e+01
6.592012023925781250e+01
6.294685363769531250e+01
3.908294677734375000e+01
3.000000000000000000e+01
4.320124435424804688e+01
3.422556686401367188e+01
3.071031761169433594e+01
1.304377136230468750e+02
3.000000000000000000e+01
5.369326400756835938e+01
1.109452056884765625e+02
4.391123962402343750e+01
3.000000000000000000e+01
3.046732330322265625e+01
6.244242095947265625e+01
7.110717010498046875e+01
5.167549133300781250e+01
5.514048004150390625e+01
5.698727416992187500e+01
5.837274932861328125e+01
5.609906387329101562e+01
4.202919006347656250e+01
6.815834808349609375e+01
4.382228851318359375e+01
5.297079086303710938e+01
5.191456604003906250e+01
3.537364959716796875e+01
3.583892440795898438e+01
5.508561706542968750e+01
4.962541580200195312e+01
4.827961730957031250e+01
3.000000000000000000e+01
5.434427261352539062e+01
4.915017700195312500e+01
6.658017730712890625e+01
7.912998962402343750e+01
5.145800399780273438e+01
8.860284423828125000e+01
4.448349380493164062e+01
5.755924987792968750e+01
3.491502380371093750e+01
5.734728240966796875e+01
6.935433959960937500e+01
5.742804718017578125e+01
7.124330902099609375e+01
4.258509826660156250e+01
9.042033386230468750e+01
4.422817993164062500e+01
4.699515533447265625e+01
8.038184356689453125e+01
1.381194000244140625e+02
1.328936157226562500e+02
5.436265563964843750e+01
3.603896331787109375e+01
4.306132125854492188e+01
5.218457031250000000e+01
9.889901733398437500e+01
8.825623321533203125e+01
5.877329254150390625e+01
1.026894531250000000e+02
5.097039794921875000e+01
4.707449340820312500e+01
3.386069107055664062e+01
5.394387817382812500e+01
6.348924636840820312e+01
3.000000000000000000e+01
4.043448638916015625e+01
8.773043823242187500e+01
5.652490997314453125e+01
4.805662536621093750e+01
7.234236907958984375e+01
3.926179504394531250e+01
4.300614929199218750e+01
5.925472640991210938e+01
5.196194076538085938e+01
5.106188583374023438e+01
4.598072052001953125e+01
1.910689239501953125e+02
5.925267791748046875e+01
4.995448303222656250e+01
3.701148986816406250e+01
4.749225234985351562e+01
1.167309494018554688e+02
4.116838073730468750e+01
4.113957214355468750e+01
5.291307067871093750e+01
3.816323089599609375e+01
8.037295532226562500e+01
4.376924514770507812e+01
5.726752853393554688e+01
4.431094741821289062e+01
4.674414443969726562e+01
3.000000000000000000e+01
4.107297134399414062e+01
5.557860565185546875e+01
5.927651977539062500e+01
2.053216247558593750e+02
3.853772354125976562e+01
4.816521835327148438e+01
6.729093170166015625e+01
5.605188751220703125e+01
4.099654388427734375e+01
3.000000000000000000e+01
3.000244331359863281e+01
5.871457672119140625e+01
3.000000000000000000e+01
5.699885559082031250e+01
5.674609375000000000e+01
3.991828918457031250e+01
4.925533294677734375e+01
3.825610733032226562e+01
3.914118194580078125e+01
4.160015487670898438e+01
3.174498176574707031e+01
5.348583221435546875e+01
7.324594879150390625e+01
3.126159667968750000e+01
4.452550506591796875e+01
4.657294464111328125e+01
6.651221466064453125e+01
5.251967620849609375e+01
9.613141632080078125e+01
3.877870178222656250e+01
6.423992919921875000e+01
7.735284423828125000e+01
4.382575607299804688e+01
8.038185119628906250e+01
3.000000000000000000e+01
4.058560180664062500e+01
4.045172882080078125e+01
4.114297485351562500e+01
1.278863677978515625e+02
4.855400085449218750e+01
3.000000000000000000e+01
7.751956176757812500e+01
4.265740966796875000e+01
1.076157073974609375e+02
5.979467391967773438e+01
3.375723266601562500e+01
5.088132476806640625e+01
7.012895202636718750e+01
8.015396118164062500e+01
7.106541442871093750e+01
7.123138427734375000e+01
3.458625793457031250e+01
5.104832077026367188e+01
5.692330169677734375e+01
7.076723480224609375e+01
1.132847213745117188e+02
8.652514648437500000e+01
1.142522201538085938e+02
4.897518920898437500e+01
4.093212890625000000e+01
5.306093597412109375e+01
3.000000000000000000e+01
4.466701507568359375e+01
3.000000000000000000e+01
3.226988220214843750e+01
7.177517700195312500e+01
1.210978546142578125e+02
5.233226013183593750e+01
3.961498641967773438e+01
5.161712646484375000e+01
6.688571166992187500e+01
4.051971817016601562e+01
4.636392211914062500e+01
6.856291198730468750e+01
4.514528656005859375e+01
5.881319808959960938e+01
4.194207000732421875e+01
6.176104736328125000e+01
6.127213668823242188e+01
3.437403488159179688e+01
3.000000000000000000e+01
5.557744216918945312e+01
3.570751190185546875e+01
6.393516540527343750e+01
6.613655090332031250e+01
4.762780380249023438e+01
8.571131896972656250e+01
4.485383605957031250e+01
3.500216293334960938e+01
4.591976928710937500e+01
3.182802772521972656e+01
3.106701469421386719e+01
3.940390777587890625e+01
3.488319778442382812e+01
4.310595321655273438e+01
9.731626892089843750e+01
4.360135650634765625e+01
3.593003845214843750e+01
1.113634490966796875e+02
7.549363708496093750e+01
4.039859771728515625e+01
6.572120666503906250e+01
7.457344055175781250e+01
4.090038681030273438e+01
5.242314529418945312e+01
1.143934936523437500e+02
4.555880737304687500e+01
8.638748931884765625e+01
3.689944839477539062e+01
3.544171905517578125e+01
5.415220642089843750e+01
5.369480895996093750e+01
4.704304504394531250e+01
4.351285552978515625e+01
3.788520431518554688e+01
4.664750671386718750e+01
4.497439575195312500e+01
5.416103363037109375e+01
3.329507446289062500e+01
3.874356460571289062e+01
6.657752990722656250e+01
8.434645843505859375e+01
3.586986541748046875e+01
1.006815109252929688e+02
5.059957885742187500e+01
3.000000000000000000e+01
8.980593872070312500e+01
9.408219146728515625e+01
4.053265380859375000e+01
6.109981155395507812e+01
4.377026748657226562e+01
4.440703201293945312e+01
3.761469268798828125e+01
8.977954864501953125e+01
4.917465972900390625e+01
4.648941802978515625e+01
5.822541427612304688e+01
5.536864471435546875e+01
5.750920104980468750e+01
3.338685989379882812e+01
4.853622817993164062e+01
6.343075180053710938e+01
5.257288360595703125e+01
6.250703048706054688e+01
5.877593231201171875e+01
3.511320114135742188e+01
4.395648956298828125e+01
3.579440307617187500e+01
5.847093582153320312e+01
7.852996826171875000e+01
7.402610778808593750e+01
5.726752853393554688e+01
5.413825607299804688e+01
5.810918426513671875e+01
4.853622817993164062e+01
3.822634506225585938e+01
4.942665863037109375e+01
3.000000000000000000e+01
4.427174377441406250e+01
6.397799682617187500e+01
5.172098541259765625e+01
3.603800201416015625e+01
5.232397079467773438e+01
4.370065307617187500e+01
4.920300674438476562e+01
3.000000000000000000e+01
4.618201446533203125e+01
3.293163299560546875e+01
4.511398696899414062e+01
7.190370178222656250e+01
3.240547561645507812e+01
5.796904754638671875e+01
3.743986511230468750e+01
8.180364990234375000e+01
6.535361480712890625e+01
5.620162582397460938e+01
3.884052658081054688e+01
4.119633483886718750e+01
5.870940399169921875e+01
6.547962951660156250e+01
3.518619155883789062e+01
3.993015289306640625e+01
4.944306945800781250e+01
5.026769256591796875e+01
4.696994781494140625e+01
5.150334930419921875e+01
7.033860015869140625e+01
4.242845153808593750e+01
3.000000000000000000e+01
4.214133834838867188e+01
4.200534820556640625e+01
7.013648986816406250e+01
3.750111007690429688e+01
9.009838104248046875e+01
4.827156448364257812e+01
4.409774017333984375e+01
3.621649169921875000e+01
4.825479507446289062e+01
3.127275848388671875e+01
5.289881896972656250e+01
3.603896331787109375e+01
3.901441955566406250e+01
3.220964813232421875e+01
3.930223083496093750e+01
5.829709625244140625e+01
5.253775787353515625e+01
6.567433929443359375e+01
4.281029129028320312e+01
5.419786834716796875e+01
4.317988967895507812e+01
3.000000000000000000e+01
3.000000000000000000e+01
4.825479507446289062e+01
7.124331665039062500e+01
4.722104644775390625e+01
3.271981811523437500e+01
3.865639877319335938e+01
6.990902709960937500e+01
4.607926940917968750e+01
7.931694030761718750e+01
3.662404251098632812e+01
3.341635131835937500e+01
5.836882781982421875e+01
3.096965408325195312e+01
5.247812271118164062e+01
3.248966979980468750e+01
4.078471374511718750e+01
3.261051559448242188e+01
3.689750671386718750e+01
4.699075698852539062e+01
3.910467910766601562e+01
7.271395111083984375e+01
4.650864028930664062e+01
7.402610778808593750e+01
5.858311462402343750e+01
4.352013778686523438e+01
3.819412231445312500e+01
4.349047851562500000e+01
3.595205688476562500e+01
4.809273147583007812e+01
6.720155334472656250e+01
6.759980773925781250e+01
3.839124679565429688e+01
4.497557830810546875e+01
3.978033447265625000e+01
8.285839843750000000e+01
6.053070068359375000e+01
3.587937545776367188e+01
3.000000000000000000e+01
3.000000000000000000e+01
4.441013336181640625e+01
3.537364959716796875e+01
6.005026245117187500e+01
4.209983825683593750e+01
4.587362670898437500e+01
4.603193664550781250e+01
3.257290649414062500e+01
3.721316146850585938e+01
4.653859710693359375e+01
3.800827026367187500e+01
5.395293426513671875e+01
3.286808776855468750e+01
7.419287109375000000e+01
5.858311462402343750e+01
6.356815719604492188e+01
3.000000000000000000e+01
3.104804992675781250e+01
3.280883789062500000e+01
3.000000000000000000e+01
4.798606491088867188e+01
6.899699401855468750e+01
3.050260162353515625e+01
4.687153244018554688e+01
4.465838623046875000e+01
3.599499130249023438e+01
4.372497558593750000e+01
7.110983276367187500e+01
3.527349853515625000e+01
4.081517028808593750e+01
7.689493560791015625e+01
4.596069717407226562e+01
7.012895202636718750e+01
8.248493194580078125e+01
3.000000000000000000e+01
7.082159423828125000e+01
4.548869705200195312e+01
5.339081573486328125e+01
4.997743225097656250e+01
5.360041046142578125e+01
5.712026596069335938e+01
6.876538848876953125e+01
4.140709686279296875e+01
5.773751068115234375e+01
7.880352783203125000e+01
3.514801788330078125e+01
7.221835327148437500e+01
4.774493789672851562e+01
3.513179779052734375e+01
3.674332046508789062e+01
4.432807540893554688e+01
3.000000000000000000e+01
6.424358367919921875e+01
4.550174331665039062e+01
4.816521453857421875e+01
4.338063049316406250e+01
4.970608901977539062e+01
3.970676422119140625e+01
3.290185546875000000e+01
7.249652099609375000e+01
3.727252960205078125e+01
4.251303100585937500e+01
5.797625732421875000e+01
4.465778350830078125e+01
4.832129669189453125e+01
4.121191406250000000e+01
3.884053039550781250e+01
3.000000000000000000e+01
3.701353073120117188e+01
3.239946746826171875e+01
4.559903335571289062e+01
3.000000000000000000e+01
4.467352294921875000e+01
5.567887115478515625e+01
3.287155914306640625e+01
4.551612091064453125e+01
4.751152038574218750e+01
7.234477233886718750e+01
5.009095764160156250e+01
7.318258666992187500e+01
1.108802261352539062e+02
5.082346725463867188e+01
4.361498260498046875e+01
4.412128829956054688e+01
4.665756988525390625e+01
4.066816711425781250e+01
3.959490966796875000e+01
5.173989868164062500e+01
1.005015411376953125e+02
4.349898529052734375e+01
3.535969543457031250e+01
4.581733703613281250e+01
5.011342620849609375e+01
3.574721527099609375e+01
4.542956161499023438e+01
5.196194076538085938e+01
6.518913269042968750e+01
3.000000000000000000e+01
6.245080184936523438e+01
3.380737304687500000e+01
5.956237792968750000e+01
6.227213668823242188e+01
5.495066833496093750e+01
5.310932159423828125e+01
4.538718414306640625e+01
3.155796051025390625e+01
6.605947875976562500e+01
4.576924133300781250e+01
4.235972595214843750e+01
6.443572998046875000e+01
4.252642822265625000e+01
3.816740417480468750e+01
4.517475891113281250e+01
5.800358963012695312e+01
4.028704833984375000e+01
6.102542495727539062e+01
3.974121856689453125e+01
4.927035522460937500e+01
3.973806762695312500e+01
4.828741073608398438e+01
5.838105773925781250e+01
4.819396209716796875e+01
5.136152267456054688e+01
3.734350585937500000e+01
3.000000000000000000e+01
5.087591552734375000e+01
5.338298034667968750e+01
3.859912109375000000e+01
4.102252197265625000e+01
5.065896606445312500e+01
4.802780151367187500e+01
4.347934722900390625e+01
5.776492691040039062e+01
4.011959457397460938e+01
5.954277801513671875e+01
4.317822265625000000e+01
1.027182922363281250e+02
8.382830810546875000e+01
4.419776535034179688e+01
5.034896850585937500e+01
3.406285095214843750e+01
7.597758483886718750e+01
3.000000000000000000e+01
3.926263427734375000e+01
8.116761779785156250e+01
4.899488830566406250e+01
4.314715957641601562e+01
5.236634445190429688e+01
1.008044738769531250e+02
3.423809432983398438e+01
5.520476531982421875e+01
3.636580657958984375e+01
4.726599884033203125e+01
4.249600219726562500e+01
3.168634223937988281e+01
5.421686172485351562e+01
8.152591705322265625e+01
4.947122192382812500e+01
3.435104751586914062e+01
3.585385131835937500e+01
5.065418624877929688e+01
3.977075958251953125e+01
4.184366607666015625e+01
5.851750183105468750e+01
9.613141632080078125e+01
5.376881408691406250e+01
7.359406280517578125e+01
6.348720932006835938e+01
7.348652648925781250e+01
5.344056701660156250e+01
3.122762298583984375e+01
3.711534881591796875e+01
5.434185791015625000e+01
4.034687042236328125e+01
4.239723968505859375e+01
3.697061920166015625e+01
3.410618972778320312e+01
3.363508605957031250e+01
3.148726081848144531e+01
3.007806396484375000e+01
4.423918151855468750e+01
6.639983367919921875e+01
5.495582580566406250e+01
3.187266731262207031e+01
4.569791793823242188e+01
3.000000000000000000e+01
3.000000000000000000e+01
4.928910064697265625e+01
6.316076660156250000e+01
5.072113037109375000e+01
4.963427734375000000e+01
3.000000000000000000e+01
4.141802215576171875e+01
4.648886108398437500e+01
3.000000000000000000e+01
5.870940399169921875e+01
3.555818939208984375e+01
8.573497009277343750e+01
3.790333557128906250e+01
4.767016220092773438e+01
5.887881469726562500e+01
4.126295471191406250e+01
3.000000000000000000e+01
4.199218368530273438e+01
5.043366241455078125e+01
4.348508453369140625e+01
4.371966934204101562e+01
4.008096313476562500e+01
3.000000000000000000e+01
4.056233215332031250e+01
8.037295532226562500e+01
5.631537246704101562e+01
7.279017639160156250e+01
3.693785095214843750e+01
3.286239242553710938e+01
5.792807769775390625e+01
3.363508605957031250e+01
5.888226699829101562e+01
5.334493255615234375e+01
6.036980056762695312e+01
4.447789764404296875e+01
4.576840209960937500e+01
3.861907196044921875e+01
3.852584838867187500e+01
3.000000000000000000e+01
7.320085906982421875e+01
3.401283645629882812e+01
4.171849441528320312e+01
3.676094055175781250e+01
4.097518920898437500e+01
4.644704818725585938e+01
3.000000000000000000e+01
4.512369537353515625e+01
3.844255828857421875e+01
3.000000000000000000e+01
5.675168228149414062e+01
7.751956176757812500e+01
3.000000000000000000e+01
5.177586364746093750e+01
4.620134353637695312e+01
4.256086730957031250e+01
4.066667938232421875e+01
5.429722595214843750e+01
3.422816085815429688e+01
4.058657455444335938e+01
3.941170883178710938e+01
4.798610687255859375e+01
3.130474853515625000e+01
3.637469863891601562e+01
3.771067428588867188e+01
3.206724166870117188e+01
3.896554565429687500e+01
3.000000000000000000e+01
3.305519866943359375e+01
5.293213653564453125e+01
4.647876358032226562e+01
1.008044738769531250e+02
5.998766708374023438e+01
3.872320556640625000e+01
3.256983184814453125e+01
8.892433929443359375e+01
3.200080490112304688e+01
3.820396041870117188e+01
7.320085906982421875e+01
5.073126983642578125e+01
4.248005676269531250e+01
4.063226699829101562e+01
4.951320648193359375e+01
1.031418304443359375e+02
6.720521545410156250e+01
6.219420242309570312e+01
6.520837402343750000e+01
3.000000000000000000e+01
3.732572937011718750e+01
4.062347412109375000e+01
3.159650421142578125e+01
4.907469177246093750e+01
6.479541778564453125e+01
3.519422912597656250e+01
3.423840332031250000e+01
6.257858657836914062e+01
3.493325042724609375e+01
5.055284500122070312e+01
6.083807373046875000e+01
4.612673950195312500e+01
3.245465087890625000e+01
3.000000000000000000e+01
4.548869323730468750e+01
4.622777557373046875e+01
3.974860382080078125e+01
7.566384887695312500e+01
3.656291580200195312e+01
3.000000000000000000e+01
6.770532226562500000e+01
5.159723663330078125e+01
3.753556823730468750e+01
3.728673934936523438e+01
4.331594848632812500e+01
4.558283996582031250e+01
4.406142044067382812e+01
3.127337265014648438e+01
4.343306350708007812e+01
5.426000976562500000e+01
6.417822265625000000e+01
5.986032867431640625e+01
3.499337005615234375e+01
3.762529373168945312e+01
3.619782638549804688e+01
3.000000000000000000e+01
6.732750701904296875e+01
3.957651901245117188e+01
4.433992004394531250e+01
3.076152992248535156e+01
3.021089363098144531e+01
3.876564025878906250e+01
4.283247375488281250e+01
5.608009719848632812e+01
4.028115081787109375e+01
4.349898529052734375e+01
5.106188583374023438e+01
4.591476440429687500e+01
3.589022064208984375e+01
4.482029724121093750e+01
3.150772666931152344e+01
7.365412902832031250e+01
4.566677474975585938e+01
3.512583923339843750e+01
4.357066345214843750e+01
6.651221466064453125e+01
4.568154144287109375e+01
4.025331878662109375e+01
3.739263534545898438e+01
3.424849700927734375e+01
5.106983566284179688e+01
4.213204193115234375e+01
4.145504760742187500e+01
3.866532897949218750e+01
3.386254882812500000e+01
3.000000000000000000e+01
3.775812911987304688e+01
4.993231201171875000e+01
3.873339843750000000e+01
5.025292587280273438e+01
4.271496963500976562e+01
5.719133758544921875e+01
4.470330810546875000e+01
4.346326446533203125e+01
5.147109222412109375e+01
3.008779144287109375e+01
4.862739181518554688e+01
3.000000000000000000e+01
3.000000000000000000e+01
4.616323852539062500e+01
4.513033294677734375e+01
3.253273773193359375e+01
3.304149627685546875e+01
3.285337829589843750e+01
3.578549957275390625e+01
4.239655685424804688e+01
3.641627120971679688e+01
