5.008824157714843750e+01
6.107128906250000000e+01
3.486489868164062500e+01
3.929126739501953125e+01
6.732473754882812500e+01
5.929941558837890625e+01
4.199312591552734375e+01
6.670992279052734375e+01
6.397010040283203125e+01
1.242623443603515625e+02
4.930574035644531250e+01
1.159147644042968750e+02
5.022785186767578125e+01
4.580885696411132812e+01
3.625465393066406250e+01
5.984294891357421875e+01
6.573651123046875000e+01
4.446600723266601562e+01
4.003043746948242188e+01
1.549583435058593750e+02
3.944551849365234375e+01
8.047181701660156250e+01
3.000000000000000000e+01
3.175747489929199219e+01
3.958395385742187500e+01
7.826908111572265625e+01
3.000000000000000000e+01
5.718717193603515625e+01
1.767290802001953125e+02
6.041563415527343750e+01
5.951577377319335938e+01
4.268892288208007812e+01
3.792942810058593750e+01
7.448720550537109375e+01
4.788622665405273438e+01
6.641801452636718750e+01
6.964399719238281250e+01
4.343789291381835938e+01
4.576965332031250000e+01
3.598374557495117188e+01
3.000000000000000000e+01
4.334290695190429688e+01
5.305548858642578125e+01
4.977988815307617188e+01
3.902589797973632812e+01
4.069818878173828125e+01
3.000000000000000000e+01
6.998851776123046875e+01
1.118068161010742188e+02
4.125277709960937500e+01
4.162696075439453125e+01
3.524757385253906250e+01
7.204446411132812500e+01
3.839682769775390625e+01
1.099808197021484375e+02
3.529054260253906250e+01
5.783423233032226562e+01
4.267904663085937500e+01
6.294056701660156250e+01
7.951303863525390625e+01
5.512473297119140625e+01
7.551290893554687500e+01
4.227856445312500000e+01
9.729856109619140625e+01
1.077876052856445312e+02
5.312517929077148438e+01
5.004402160644531250e+01
3.000000000000000000e+01
4.716220092773437500e+01
4.968719863891601562e+01
6.045748519897460938e+01
3.616038894653320312e+01
8.396041870117187500e+01
3.321890640258789062e+01
5.745755767822265625e+01
3.176710128784179688e+01
4.112920761108398438e+01
4.096714019775390625e+01
3.736864089965820312e+01
5.840518951416015625e+01
3.944946289062500000e+01
6.573651123046875000e+01
5.828819656372070312e+01
1.347630462646484375e+02
1.020543746948242188e+02
3.374777603149414062e+01
3.811965179443359375e+01
4.562987518310546875e+01
5.022785186767578125e+01
5.808472442626953125e+01
4.547338867187500000e+01
5.129946136474609375e+01
5.419570541381835938e+01
5.925781250000000000e+01
1.087737121582031250e+02
9.425498199462890625e+01
6.433361816406250000e+01
4.163686752319335938e+01
4.959205245971679688e+01
3.444507980346679688e+01
9.754957580566406250e+01
5.248349380493164062e+01
1.537375183105468750e+02
3.000000000000000000e+01
4.662476348876953125e+01
8.588024902343750000e+01
3.000000000000000000e+01
6.034397506713867188e+01
5.344122695922851562e+01
3.000000000000000000e+01
3.738783264160156250e+01
3.000000000000000000e+01
6.867678070068359375e+01
1.392630310058593750e+02
4.131660079956054688e+01
4.239550781250000000e+01
8.708045196533203125e+01
4.616252136230468750e+01
8.224272155761718750e+01
5.293628692626953125e+01
4.906726837158203125e+01
6.611269378662109375e+01
5.703809356689453125e+01
3.920964813232421875e+01
4.292923736572265625e+01
4.710092163085937500e+01
7.712538146972656250e+01
5.291690063476562500e+01
3.905656051635742188e+01
4.691611480712890625e+01
4.233034515380859375e+01
1.121169433593750000e+02
4.596992492675781250e+01
3.000000000000000000e+01
6.081301879882812500e+01
3.950804519653320312e+01
1.263877029418945312e+02
4.444562530517578125e+01
4.220095062255859375e+01
7.577089691162109375e+01
4.466418457031250000e+01
9.145680236816406250e+01
5.448367691040039062e+01
5.785336303710937500e+01
6.155805969238281250e+01
4.549237823486328125e+01
9.413329315185546875e+01
8.220886230468750000e+01
4.720200347900390625e+01
1.191438751220703125e+02
3.667463302612304688e+01
7.552262878417968750e+01
5.646417236328125000e+01
6.086928176879882812e+01
5.648681259155273438e+01
1.181070632934570312e+02
3.546756744384765625e+01
1.346844177246093750e+02
3.997619628906250000e+01
5.010954284667968750e+01
3.000000000000000000e+01
4.461731719970703125e+01
4.597132110595703125e+01
3.850816726684570312e+01
7.081614685058593750e+01
3.563919448852539062e+01
5.969223022460937500e+01
5.051963424682617188e+01
3.071535491943359375e+01
1.016924896240234375e+02
4.659630584716796875e+01
4.155727386474609375e+01
5.000678253173828125e+01
3.000000000000000000e+01
5.914080047607421875e+01
5.988159561157226562e+01
4.500232696533203125e+01
4.882711410522460938e+01
7.128524780273437500e+01
5.420112228393554688e+01
6.838015747070312500e+01
5.018483734130859375e+01
6.297705841064453125e+01
6.444042205810546875e+01
4.356594085693359375e+01
3.000000000000000000e+01
3.830136108398437500e+01
5.576866149902343750e+01
5.446034240722656250e+01
4.927867889404296875e+01
5.122870635986328125e+01
5.370424270629882812e+01
4.870633697509765625e+01
4.584442901611328125e+01
5.394995880126953125e+01
3.663570404052734375e+01
3.220382308959960938e+01
7.721955871582031250e+01
1.556189880371093750e+02
5.727366256713867188e+01
4.886100006103515625e+01
1.173424148559570312e+02
5.068019104003906250e+01
3.000000000000000000e+01
4.919573974609375000e+01
4.173307037353515625e+01
4.825003051757812500e+01
4.252934265136718750e+01
1.152100830078125000e+02
3.467846679687500000e+01
4.314576339721679688e+01
9.648473358154296875e+01
4.658244323730468750e+01
4.351069641113281250e+01
3.809341049194335938e+01
4.396924591064453125e+01
4.359589385986328125e+01
5.742184829711914062e+01
4.124030303955078125e+01
4.494072341918945312e+01
3.820090484619140625e+01
6.233129501342773438e+01
1.032324829101562500e+02
3.788502883911132812e+01
4.852553558349609375e+01
4.804129028320312500e+01
6.316607666015625000e+01
1.174709777832031250e+02
6.479916381835937500e+01
1.132449493408203125e+02
3.387231445312500000e+01
4.222194290161132812e+01
4.167144775390625000e+01
4.719490814208984375e+01
3.498762893676757812e+01
5.693306732177734375e+01
4.301721572875976562e+01
4.060552978515625000e+01
8.292675018310546875e+01
5.765303802490234375e+01
4.463273620605468750e+01
1.198513641357421875e+02
1.294036865234375000e+02
6.078350830078125000e+01
7.846630859375000000e+01
3.000000000000000000e+01
5.331737899780273438e+01
1.327890777587890625e+02
1.676283264160156250e+02
4.428493881225585938e+01
5.983317184448242188e+01
3.906853485107421875e+01
4.957337188720703125e+01
9.101469421386718750e+01
4.987000656127929688e+01
5.035338973999023438e+01
4.185729980468750000e+01
4.556761932373046875e+01
3.153032684326171875e+01
1.255992431640625000e+02
5.916290283203125000e+01
5.414381408691406250e+01
6.891529083251953125e+01
5.015821075439453125e+01
1.110442962646484375e+02
3.672523498535156250e+01
1.482883148193359375e+02
4.827257537841796875e+01
4.820493316650390625e+01
4.927938842773437500e+01
5.007789230346679688e+01
5.258305358886718750e+01
6.078350830078125000e+01
7.153285217285156250e+01
1.834014892578125000e+02
3.879859542846679688e+01
6.095434570312500000e+01
7.774260711669921875e+01
9.768753814697265625e+01
9.781549072265625000e+01
5.763233947753906250e+01
7.633207702636718750e+01
5.933816528320312500e+01
4.533311080932617188e+01
6.161664962768554688e+01
3.664136123657226562e+01
3.366282653808593750e+01
5.293074035644531250e+01
3.445424652099609375e+01
4.215827941894531250e+01
3.644853591918945312e+01
3.000000000000000000e+01
3.000000000000000000e+01
1.058188781738281250e+02
3.346417236328125000e+01
3.678522872924804688e+01
4.182738494873046875e+01
5.437805938720703125e+01
3.126928901672363281e+01
5.109073638916015625e+01
6.029357147216796875e+01
3.465787887573242188e+01
3.701086807250976562e+01
5.384792709350585938e+01
6.917040252685546875e+01
4.207122421264648438e+01
7.298239135742187500e+01
8.005820465087890625e+01
7.110119628906250000e+01
1.328308410644531250e+02
1.372837524414062500e+02
3.000000000000000000e+01
9.390113830566406250e+01
1.111296920776367188e+02
8.889624023437500000e+01
4.204628372192382812e+01
4.003441619873046875e+01
1.387989196777343750e+02
5.970519638061523438e+01
4.959205245971679688e+01
5.108740997314453125e+01
5.000521469116210938e+01
5.183755111694335938e+01
4.799243164062500000e+01
3.500824356079101562e+01
3.678272628784179688e+01
3.938997268676757812e+01
3.586000823974609375e+01
8.396041107177734375e+01
4.036132049560546875e+01
8.420304870605468750e+01
4.487626266479492188e+01
4.826945877075195312e+01
4.745682525634765625e+01
3.389440917968750000e+01
4.916727447509765625e+01
5.966014862060546875e+01
4.725137710571289062e+01
3.640881347656250000e+01
3.670744323730468750e+01
5.827907562255859375e+01
8.109260559082031250e+01
4.185474014282226562e+01
7.110119628906250000e+01
5.102486801147460938e+01
3.854898071289062500e+01
1.655130920410156250e+02
4.486120986938476562e+01
3.612647628784179688e+01
1.013322906494140625e+02
1.520046081542968750e+02
1.968533020019531250e+02
5.248989105224609375e+01
7.551290893554687500e+01
3.371553039550781250e+01
9.387116241455078125e+01
6.145743179321289062e+01
3.558274459838867188e+01
1.506071472167968750e+02
5.707302856445312500e+01
5.436626434326171875e+01
1.320259399414062500e+02
5.063675308227539062e+01
5.635860443115234375e+01
8.008865356445312500e+01
3.000000000000000000e+01
5.952335739135742188e+01
1.002306976318359375e+02
3.043637466430664062e+01
5.303911590576171875e+01
6.033416748046875000e+01
4.766361999511718750e+01
8.966406250000000000e+01
1.455215301513671875e+02
6.382305908203125000e+01
1.346446380615234375e+02
8.374335479736328125e+01
6.041563415527343750e+01
7.852475738525390625e+01
8.123046875000000000e+01
3.000000000000000000e+01
3.000000000000000000e+01
3.000000000000000000e+01
3.345709609985351562e+01
6.531347656250000000e+01
1.294037017822265625e+02
5.031591033935546875e+01
4.468994903564453125e+01
4.410670852661132812e+01
2.745541381835937500e+02
3.748970794677734375e+01
3.048195648193359375e+01
3.165764617919921875e+01
3.000000000000000000e+01
4.163202667236328125e+01
6.356842803955078125e+01
6.421572113037109375e+01
1.022417907714843750e+02
6.405693054199218750e+01
4.543042755126953125e+01
5.098569869995117188e+01
4.420778656005859375e+01
1.524290924072265625e+02
4.172805404663085938e+01
3.546934509277343750e+01
5.550605773925781250e+01
4.384755706787109375e+01
5.951230621337890625e+01
6.429007720947265625e+01
1.284565429687500000e+02
7.105178833007812500e+01
8.506890106201171875e+01
4.928677368164062500e+01
3.881306457519531250e+01
6.049708175659179688e+01
3.000000000000000000e+01
7.808759307861328125e+01
7.164509582519531250e+01
3.000000000000000000e+01
3.111107063293457031e+01
9.791612243652343750e+01
3.000000000000000000e+01
4.387177658081054688e+01
1.298483886718750000e+02
6.303903198242187500e+01
4.111658096313476562e+01
7.691745758056640625e+01
4.961467742919921875e+01
5.596718978881835938e+01
8.702006530761718750e+01
4.926171875000000000e+01
8.420304870605468750e+01
2.017188568115234375e+02
4.799243164062500000e+01
1.204245605468750000e+02
4.319918441772460938e+01
5.533674240112304688e+01
8.654529571533203125e+01
5.718717575073242188e+01
5.940052795410156250e+01
6.186957168579101562e+01
3.307797622680664062e+01
6.986384582519531250e+01
4.920535278320312500e+01
7.032711791992187500e+01
4.018138504028320312e+01
5.025090026855468750e+01
7.174217224121093750e+01
8.961273956298828125e+01
1.004233245849609375e+02
4.097065734863281250e+01
5.646417236328125000e+01
5.150654602050781250e+01
5.337742614746093750e+01
6.303622436523437500e+01
3.836746215820312500e+01
1.163013534545898438e+02
9.991307067871093750e+01
3.000000000000000000e+01
7.900176239013671875e+01
7.877586364746093750e+01
4.894306945800781250e+01
5.280311965942382812e+01
4.676393508911132812e+01
4.616607284545898438e+01
1.586134643554687500e+02
3.590481948852539062e+01
5.168592453002929688e+01
5.141308212280273438e+01
4.266573333740234375e+01
9.922556304931640625e+01
3.822042846679687500e+01
3.653834915161132812e+01
1.385548706054687500e+02
6.917040252685546875e+01
9.414547729492187500e+01
4.954921722412109375e+01
4.020703125000000000e+01
5.290100479125976562e+01
8.740672302246093750e+01
9.464516448974609375e+01
6.410877990722656250e+01
7.410810852050781250e+01
4.030397415161132812e+01
5.306941986083984375e+01
8.226071166992187500e+01
4.632729339599609375e+01
4.351069641113281250e+01
7.403886413574218750e+01
8.209982299804687500e+01
6.057220458984375000e+01
5.115772247314453125e+01
4.501986312866210938e+01
3.000000000000000000e+01
4.395584106445312500e+01
3.000000000000000000e+01
3.128475379943847656e+01
3.397683334350585938e+01
3.121442031860351562e+01
4.518776702880859375e+01
5.233914947509765625e+01
4.204180526733398438e+01
8.102732849121093750e+01
6.095738601684570312e+01
4.494567871093750000e+01
3.823247528076171875e+01
4.809001159667968750e+01
6.240009689331054688e+01
3.000000000000000000e+01
3.402225494384765625e+01
8.427537536621093750e+01
4.028778076171875000e+01
5.326969909667968750e+01
3.247183990478515625e+01
5.561945343017578125e+01
3.199980354309082031e+01
3.625465393066406250e+01
1.047047042846679688e+02
5.009131240844726562e+01
3.000000000000000000e+01
5.840366744995117188e+01
3.546934509277343750e+01
7.238473510742187500e+01
3.244306945800781250e+01
3.646048736572265625e+01
1.266260986328125000e+02
3.653193664550781250e+01
9.151421356201171875e+01
1.058890838623046875e+02
4.052642059326171875e+01
3.522255706787109375e+01
8.030889892578125000e+01
4.088599014282226562e+01
6.020785522460937500e+01
6.891529083251953125e+01
9.539704895019531250e+01
4.636620330810546875e+01
6.048719024658203125e+01
4.780599594116210938e+01
3.270014953613281250e+01
4.691987609863281250e+01
1.104781646728515625e+02
3.921034240722656250e+01
5.285760116577148438e+01
5.993294525146484375e+01
4.345832061767578125e+01
3.000000000000000000e+01
4.357582092285156250e+01
3.936152648925781250e+01
4.623677444458007812e+01
4.152452087402343750e+01
3.800550842285156250e+01
4.097065734863281250e+01
4.474738311767578125e+01
4.191659545898437500e+01
4.574215698242187500e+01
6.101287841796875000e+01
6.034397506713867188e+01
6.262649536132812500e+01
1.152100982666015625e+02
5.984665679931640625e+01
9.786433410644531250e+01
7.838870239257812500e+01
1.229177093505859375e+02
4.134143829345703125e+01
6.166320800781250000e+01
3.000000000000000000e+01
4.372429656982421875e+01
6.938214111328125000e+01
7.002743530273437500e+01
7.631488037109375000e+01
8.508172607421875000e+01
4.131660079956054688e+01
4.196381378173828125e+01
6.831763458251953125e+01
9.531781005859375000e+01
5.090836334228515625e+01
5.294411468505859375e+01
4.003844451904296875e+01
3.666040039062500000e+01
9.268743896484375000e+01
4.547339248657226562e+01
5.110731124877929688e+01
3.890496444702148438e+01
4.438407135009765625e+01
4.323165130615234375e+01
8.817079162597656250e+01
4.749402236938476562e+01
3.112699127197265625e+01
3.184027862548828125e+01
1.022417907714843750e+02
6.338959503173828125e+01
3.086061668395996094e+01
4.655596923828125000e+01
5.607809066772460938e+01
4.782378387451171875e+01
5.939779281616210938e+01
4.971373748779296875e+01
6.763603973388671875e+01
3.998893737792968750e+01
5.588708496093750000e+01
6.745416259765625000e+01
7.829484558105468750e+01
8.027142333984375000e+01
4.655257415771484375e+01
3.000000000000000000e+01
6.996212768554687500e+01
6.683272552490234375e+01
4.791003417968750000e+01
5.674100494384765625e+01
5.457322692871093750e+01
4.372631835937500000e+01
5.281811904907226562e+01
3.295047760009765625e+01
3.349784088134765625e+01
5.358122253417968750e+01
6.500321197509765625e+01
7.174217224121093750e+01
5.643540573120117188e+01
5.411211776733398438e+01
3.621318817138671875e+01
7.076142120361328125e+01
9.455982971191406250e+01
6.875202941894531250e+01
3.000000000000000000e+01
1.229177169799804688e+02
5.248989105224609375e+01
5.763932800292968750e+01
8.209982299804687500e+01
3.971159362792968750e+01
3.289464950561523438e+01
5.057032775878906250e+01
3.339305114746093750e+01
4.012220001220703125e+01
2.356382446289062500e+02
3.728638839721679688e+01
4.866175079345703125e+01
4.109469604492187500e+01
1.081049346923828125e+02
4.980883026123046875e+01
5.299932861328125000e+01
9.812734985351562500e+01
4.654965209960937500e+01
1.267397460937500000e+02
7.205316162109375000e+01
8.776786041259765625e+01
3.136314201354980469e+01
3.475506210327148438e+01
6.192852783203125000e+01
6.446623229980468750e+01
7.793426513671875000e+01
4.725137710571289062e+01
4.211123657226562500e+01
3.694445419311523438e+01
5.186124801635742188e+01
6.915136718750000000e+01
5.994137954711914062e+01
4.407670593261718750e+01
7.655372619628906250e+01
7.177837371826171875e+01
5.039921188354492188e+01
3.299914932250976562e+01
5.399644088745117188e+01
3.000000000000000000e+01
4.702092361450195312e+01
1.135464172363281250e+02
4.963436508178710938e+01
7.114786529541015625e+01
5.354025268554687500e+01
4.970503234863281250e+01
3.409098815917968750e+01
9.145680236816406250e+01
6.319186019897460938e+01
6.797714233398437500e+01
1.020344848632812500e+02
5.449826431274414062e+01
4.733008575439453125e+01
3.972159576416015625e+01
4.865969848632812500e+01
4.767449188232421875e+01
7.159918212890625000e+01
1.586134643554687500e+02
5.312614440917968750e+01
5.191445922851562500e+01
4.900416564941406250e+01
4.569791412353515625e+01
5.052265548706054688e+01
5.688645172119140625e+01
5.083261108398437500e+01
5.457109832763671875e+01
7.999731445312500000e+01
3.000000000000000000e+01
3.977662277221679688e+01
5.337397766113281250e+01
1.087497100830078125e+02
6.084401702880859375e+01
9.151421356201171875e+01
4.404480743408203125e+01
3.591410064697265625e+01
5.051122283935546875e+01
8.182194519042968750e+01
1.517653503417968750e+02
6.144411468505859375e+01
4.873759460449218750e+01
5.218627548217773438e+01
3.000000000000000000e+01
3.432350921630859375e+01
7.342789459228515625e+01
3.848369216918945312e+01
3.702917861938476562e+01
5.209801864624023438e+01
8.117987060546875000e+01
4.662238311767578125e+01
8.874541473388671875e+01
4.103842926025390625e+01
5.274088287353515625e+01
5.970519638061523438e+01
9.065930175781250000e+01
5.536916351318359375e+01
4.374739456176757812e+01
4.680166625976562500e+01
3.000000000000000000e+01
3.685705566406250000e+01
4.172805404663085938e+01
3.381991577148437500e+01
6.981414794921875000e+01
6.303903198242187500e+01
3.015123748779296875e+01
3.000000000000000000e+01
3.984511184692382812e+01
3.048195648193359375e+01
3.045190429687500000e+01
1.328047180175781250e+02
3.000000000000000000e+01
6.362223815917968750e+01
1.139539337158203125e+02
3.944895172119140625e+01
3.000000000000000000e+01
3.000000000000000000e+01
5.010954284667968750e+01
6.418280029296875000e+01
5.563798522949218750e+01
5.378989410400390625e+01
5.653381729125976562e+01
5.546729278564453125e+01
5.361485290527343750e+01
4.246612930297851562e+01
7.417379760742187500e+01
4.595077133178710938e+01
5.290100479125976562e+01
4.736271286010742188e+01
3.605084991455078125e+01
3.694458007812500000e+01
5.493065261840820312e+01
5.267561721801757812e+01
4.732817840576171875e+01
3.126928710937500000e+01
5.413577270507812500e+01
4.954476547241210938e+01
6.121048355102539062e+01
8.297434997558593750e+01
5.288932800292968750e+01
8.340296936035156250e+01
4.362063980102539062e+01
5.765303802490234375e+01
3.968043899536132812e+01
5.745705413818359375e+01
7.321475219726562500e+01
5.959282302856445312e+01
7.052442932128906250e+01
4.209001159667968750e+01
9.927523803710937500e+01
4.499789810180664062e+01
4.730081939697265625e+01
8.127810668945312500e+01
1.549583435058593750e+02
1.309603576660156250e+02
4.775089645385742188e+01
3.847121810913085938e+01
5.059826660156250000e+01
4.204842376708984375e+01
1.004233245849609375e+02
8.190054321289062500e+01
5.615046691894531250e+01
9.537307739257812500e+01
5.399644470214843750e+01
4.809537506103515625e+01
3.082973098754882812e+01
5.320349121093750000e+01
6.309655380249023438e+01
3.000000000000000000e+01
3.256026077270507812e+01
7.705298614501953125e+01
6.690097045898437500e+01
4.567910003662109375e+01
8.596986389160156250e+01
3.448862838745117188e+01
3.805171966552734375e+01
4.968720245361328125e+01
5.077495956420898438e+01
4.500811004638671875e+01
4.374739837646484375e+01
1.812490692138671875e+02
5.676476287841796875e+01
5.078059387207031250e+01
4.513341522216796875e+01
5.371295547485351562e+01
1.092813873291015625e+02
4.197837066650390625e+01
3.617206954956054688e+01
5.136592102050781250e+01
4.407670593261718750e+01
8.304957580566406250e+01
3.245182800292968750e+01
6.096787643432617188e+01
5.042137527465820312e+01
4.499879455566406250e+01
3.000000000000000000e+01
4.410170364379882812e+01
6.218314743041992188e+01
5.748023223876953125e+01
2.132561035156250000e+02
4.319602584838867188e+01
4.572428131103515625e+01
6.181009292602539062e+01
4.900363922119140625e+01
4.336608886718750000e+01
3.000000000000000000e+01
3.572064590454101562e+01
6.050909423828125000e+01
3.000000000000000000e+01
5.899496841430664062e+01
5.734465789794921875e+01
4.078773880004882812e+01
4.954743576049804688e+01
4.533401107788085938e+01
4.052642059326171875e+01
4.616262817382812500e+01
3.099469947814941406e+01
6.598570251464843750e+01
8.229054260253906250e+01
3.000000000000000000e+01
4.845004653930664062e+01
4.182738494873046875e+01
7.370046997070312500e+01
4.334919357299804688e+01
8.938340759277343750e+01
3.857747650146484375e+01
6.410877990722656250e+01
7.856057739257812500e+01
4.543433761596679688e+01
8.127810668945312500e+01
3.000000000000000000e+01
3.772655868530273438e+01
4.112086105346679688e+01
4.129503631591796875e+01
1.146730041503906250e+02
4.295949172973632812e+01
3.000000000000000000e+01
7.819551849365234375e+01
3.862074279785156250e+01
9.340441131591796875e+01
6.497159576416015625e+01
3.000000000000000000e+01
5.566075897216796875e+01
7.864078521728515625e+01
8.530593109130859375e+01
7.311497497558593750e+01
7.413955688476562500e+01
3.463193511962890625e+01
4.941268920898437500e+01
6.575531005859375000e+01
7.569928741455078125e+01
1.249654617309570312e+02
7.414159393310546875e+01
1.152609558105468750e+02
4.375941467285156250e+01
3.916602706909179688e+01
4.629761505126953125e+01
3.000000000000000000e+01
4.956611633300781250e+01
3.000000000000000000e+01
3.000000000000000000e+01
7.451517486572265625e+01
1.024797744750976562e+02
5.308210754394531250e+01
3.612271499633789062e+01
4.775940704345703125e+01
6.796723937988281250e+01
4.281338500976562500e+01
4.086182403564453125e+01
7.159918975830078125e+01
4.499742507934570312e+01
6.145973587036132812e+01
3.432350921630859375e+01
6.377660369873046875e+01
6.390552902221679688e+01
4.028830718994140625e+01
3.027525711059570312e+01
5.632530212402343750e+01
3.604193496704101562e+01
5.945354461669921875e+01
7.010731506347656250e+01
4.454516601562500000e+01
7.846630859375000000e+01
5.317201995849609375e+01
3.444162750244140625e+01
3.000000000000000000e+01
3.000000000000000000e+01
3.000000000000000000e+01
4.162653350830078125e+01
3.000000000000000000e+01
4.501317596435546875e+01
9.884684753417968750e+01
4.543042755126953125e+01
3.820401763916015625e+01
8.961273956298828125e+01
7.165132141113281250e+01
3.783834075927734375e+01
6.543403625488281250e+01
6.825848388671875000e+01
4.204180908203125000e+01
4.475343704223632812e+01
1.040016937255859375e+02
4.852926635742187500e+01
7.852658081054687500e+01
3.736864089965820312e+01
4.001981353759765625e+01
5.808472442626953125e+01
3.990135192871093750e+01
3.953752136230468750e+01
4.513791275024414062e+01
3.615448379516601562e+01
4.997904205322265625e+01
4.353620910644531250e+01
5.707302856445312500e+01
3.514289855957031250e+01
3.695798492431640625e+01
7.342385864257812500e+01
8.121597290039062500e+01
5.039265441894531250e+01
9.856802368164062500e+01
5.120029449462890625e+01
3.000000000000000000e+01
9.526544189453125000e+01
9.719335937500000000e+01
4.150835418701171875e+01
6.344596481323242188e+01
4.584655761718750000e+01
4.567048645019531250e+01
3.233802413940429688e+01
7.978439331054687500e+01
5.623299407958984375e+01
3.524613952636718750e+01
4.954921722412109375e+01
5.651587677001953125e+01
5.919683456420898438e+01
3.146862411499023438e+01
4.647229766845703125e+01
6.187583923339843750e+01
5.293628692626953125e+01
6.392200088500976562e+01
6.040631866455078125e+01
3.000000000000000000e+01
4.812176895141601562e+01
4.009718322753906250e+01
5.658652114868164062e+01
7.712538146972656250e+01
8.122821807861328125e+01
6.096787643432617188e+01
5.330299758911132812e+01
6.084696197509765625e+01
4.647229766845703125e+01
4.106586074829101562e+01
4.895115661621093750e+01
3.000000000000000000e+01
4.775587844848632812e+01
6.475816345214843750e+01
4.386371612548828125e+01
3.530754852294921875e+01
5.916290283203125000e+01
4.558111572265625000e+01
3.742910003662109375e+01
3.141592025756835938e+01
4.721134185791015625e+01
3.000000000000000000e+01
4.938337707519531250e+01
7.368674468994140625e+01
3.893931579589843750e+01
6.049427795410156250e+01
3.639218521118164062e+01
8.045072937011718750e+01
6.205650711059570312e+01
3.732582473754882812e+01
4.725984191894531250e+01
4.092875671386718750e+01
3.551835632324218750e+01
7.296400451660156250e+01
3.390935897827148438e+01
4.247883605957031250e+01
5.815439987182617188e+01
4.189124298095703125e+01
4.886100006103515625e+01
5.502550125122070312e+01
6.295257186889648438e+01
4.490413665771484375e+01
3.000000000000000000e+01
4.202925872802734375e+01
4.671010589599609375e+01
7.294602966308593750e+01
4.354025268554687500e+01
8.654529571533203125e+01
4.347593688964843750e+01
4.314576339721679688e+01
4.056982421875000000e+01
4.620432662963867188e+01
3.397010803222656250e+01
4.630118942260742188e+01
3.847122192382812500e+01
4.128384780883789062e+01
3.242319869995117188e+01
4.397331237792968750e+01
4.496226501464843750e+01
4.343788909912109375e+01
7.026356506347656250e+01
5.218111801147460938e+01
5.120369720458984375e+01
4.033160781860351562e+01
3.000000000000000000e+01
3.493041610717773438e+01
4.620432662963867188e+01
7.052442932128906250e+01
3.514591598510742188e+01
4.060817718505859375e+01
3.588020324707031250e+01
6.997645568847656250e+01
5.134426879882812500e+01
7.379307556152343750e+01
3.484086227416992188e+01
3.209049224853515625e+01
6.234561920166015625e+01
3.106603431701660156e+01
4.637366485595703125e+01
3.000000000000000000e+01
4.587536621093750000e+01
3.000000000000000000e+01
3.000000000000000000e+01
4.623132324218750000e+01
3.316666793823242188e+01
7.135794067382812500e+01
4.504227828979492188e+01
8.122821807861328125e+01
6.230110931396484375e+01
4.161216354370117188e+01
3.908177185058593750e+01
4.188321685791015625e+01
3.864509963989257812e+01
3.993926239013671875e+01
5.671914291381835938e+01
6.421572113037109375e+01
3.646048736572265625e+01
4.639004516601562500e+01
4.077566528320312500e+01
8.708752441406250000e+01
5.802760696411132812e+01
5.083760833740234375e+01
3.000000000000000000e+01
3.000000000000000000e+01
3.756404495239257812e+01
3.605084991455078125e+01
6.295263290405273438e+01
3.000000000000000000e+01
5.042586517333984375e+01
4.525866317749023438e+01
3.000000000000000000e+01
3.692261505126953125e+01
5.128654479980468750e+01
3.905165863037109375e+01
6.194143676757812500e+01
3.000000000000000000e+01
7.577089691162109375e+01
6.230110549926757812e+01
6.065268707275390625e+01
3.000000000000000000e+01
3.000000000000000000e+01
4.947808837890625000e+01
3.000000000000000000e+01
4.965430450439453125e+01
6.951246643066406250e+01
3.000000000000000000e+01
4.581600189208984375e+01
5.347188568115234375e+01
3.522255706787109375e+01
4.439004135131835938e+01
6.405693054199218750e+01
3.413775634765625000e+01
4.248702239990234375e+01
8.087242126464843750e+01
4.826172637939453125e+01
7.864078521728515625e+01
8.069162750244140625e+01
3.000000000000000000e+01
6.834988403320312500e+01
4.473804473876953125e+01
5.940052795410156250e+01
4.833121871948242188e+01
5.418435668945312500e+01
5.693306732177734375e+01
6.429007720947265625e+01
3.923968887329101562e+01
5.926603698730468750e+01
6.725114440917968750e+01
3.995066833496093750e+01
5.997359466552734375e+01
3.569865798950195312e+01
3.197443008422851562e+01
3.998916625976562500e+01
4.373158264160156250e+01
3.867396926879882812e+01
6.940674591064453125e+01
4.610903930664062500e+01
4.572428131103515625e+01
4.264648437500000000e+01
4.890908432006835938e+01
3.000000000000000000e+01
3.440293121337890625e+01
7.652290344238281250e+01
3.750894546508789062e+01
3.465175628662109375e+01
5.855572509765625000e+01
4.467116928100585938e+01
4.701047897338867188e+01
3.433552551269531250e+01
4.725984191894531250e+01
3.000000000000000000e+01
3.683493041992187500e+01
3.732081222534179688e+01
5.112593841552734375e+01
3.000000000000000000e+01
4.759424591064453125e+01
5.337397766113281250e+01
3.271885681152343750e+01
4.623677444458007812e+01
4.717308044433593750e+01
6.664881134033203125e+01
4.541511535644531250e+01
6.770947265625000000e+01
1.041790084838867188e+02
5.432413864135742188e+01
4.155727767944335938e+01
4.792375564575195312e+01
4.500023269653320312e+01
3.657437515258789062e+01
3.815220642089843750e+01
4.218363952636718750e+01
1.020344848632812500e+02
5.010029602050781250e+01
3.670784759521484375e+01
4.614202880859375000e+01
5.400632476806640625e+01
3.269431304931640625e+01
4.691987609863281250e+01
5.077495574951171875e+01
5.734709548950195312e+01
3.000000000000000000e+01
4.985784530639648438e+01
3.659215927124023438e+01
5.473302459716796875e+01
5.281811904907226562e+01
3.280557250976562500e+01
4.357757949829101562e+01
4.495634078979492188e+01
3.562245559692382812e+01
5.553868484497070312e+01
3.729063415527343750e+01
4.575916290283203125e+01
6.084401702880859375e+01
4.152232360839843750e+01
3.202944183349609375e+01
5.052265548706054688e+01
6.489011383056640625e+01
3.000000000000000000e+01
6.422215270996093750e+01
3.204644775390625000e+01
4.551936340332031250e+01
3.689005661010742188e+01
5.084486389160156250e+01
6.616632080078125000e+01
4.436697769165039062e+01
5.475955963134765625e+01
4.249066925048828125e+01
4.329634094238281250e+01
5.487103652954101562e+01
6.220595550537109375e+01
4.134143829345703125e+01
4.542271804809570312e+01
5.146184158325195312e+01
5.466262817382812500e+01
4.052217483520507812e+01
5.933741760253906250e+01
4.153865051269531250e+01
5.685908126831054688e+01
4.353663635253906250e+01
9.887848663330078125e+01
8.061044311523437500e+01
4.099919128417968750e+01
5.693619155883789062e+01
3.008742523193359375e+01
8.128779602050781250e+01
3.000000000000000000e+01
3.807580184936523438e+01
8.080273437500000000e+01
4.589238739013671875e+01
4.659992218017578125e+01
5.596043777465820312e+01
9.802803802490234375e+01
3.368030166625976562e+01
5.749275970458984375e+01
3.000000000000000000e+01
4.880417251586914062e+01
4.516971969604492188e+01
3.225239562988281250e+01
5.425994110107421875e+01
8.113327789306640625e+01
5.039939117431640625e+01
3.290824127197265625e+01
3.258820343017578125e+01
4.600205230712890625e+01
4.374378967285156250e+01
4.435520935058593750e+01
5.404976654052734375e+01
8.938340759277343750e+01
5.168455505371093750e+01
7.891667175292968750e+01
6.123086929321289062e+01
6.880809020996093750e+01
5.086580657958984375e+01
3.000000000000000000e+01
3.660144042968750000e+01
5.493319702148437500e+01
4.093775558471679688e+01
3.954551696777343750e+01
3.000000000000000000e+01
3.000000000000000000e+01
3.301429748535156250e+01
3.002569007873535156e+01
3.078215980529785156e+01
4.446099853515625000e+01
7.154815673828125000e+01
5.288484191894531250e+01
3.295682144165039062e+01
4.472315216064453125e+01
3.000000000000000000e+01
3.103316116333007812e+01
4.865481948852539062e+01
5.448367691040039062e+01
4.888743591308593750e+01
4.580886077880859375e+01
3.000000000000000000e+01
5.306941604614257812e+01
4.896895599365234375e+01
3.000000000000000000e+01
3.551835632324218750e+01
3.645670318603515625e+01
8.677749633789062500e+01
4.036481857299804688e+01
4.665636062622070312e+01
5.676325988769531250e+01
3.952221679687500000e+01
3.000000000000000000e+01
3.655451965332031250e+01
5.381926345825195312e+01
3.881306457519531250e+01
4.844298553466796875e+01
3.608112335205078125e+01
4.362919998168945312e+01
4.064561080932617188e+01
8.304957580566406250e+01
7.077515411376953125e+01
8.005821228027343750e+01
3.275366210937500000e+01
3.180582618713378906e+01
5.844396209716796875e+01
3.301429367065429688e+01
5.404185867309570312e+01
5.923091125488281250e+01
6.554527282714843750e+01
3.873005676269531250e+01
4.236404037475585938e+01
3.828521347045898438e+01
4.282182312011718750e+01
3.000000000000000000e+01
7.919104003906250000e+01
3.472194290161132812e+01
4.210415649414062500e+01
3.384262084960937500e+01
4.343538665771484375e+01
4.966811370849609375e+01
3.000000000000000000e+01
3.854898071289062500e+01
4.515698623657226562e+01
3.334036254882812500e+01
6.444042205810546875e+01
7.819551849365234375e+01
3.000000000000000000e+01
5.977270126342773438e+01
4.194599914550781250e+01
4.276811981201171875e+01
4.067050552368164062e+01
5.064263916015625000e+01
3.757337570190429688e+01
4.254492950439453125e+01
4.127292633056640625e+01
4.400202178955078125e+01
3.000000000000000000e+01
3.128804969787597656e+01
3.719097518920898438e+01
3.728098297119140625e+01
3.710818481445312500e+01
3.150841331481933594e+01
3.508869171142578125e+01
5.494892120361328125e+01
4.862094497680664062e+01
9.802803802490234375e+01
6.442033386230468750e+01
4.251713180541992188e+01
3.396595001220703125e+01
7.668550109863281250e+01
3.270014953613281250e+01
4.097832870483398438e+01
7.919103240966796875e+01
4.581571197509765625e+01
4.437664794921875000e+01
4.102780532836914062e+01
4.518776702880859375e+01
1.038284912109375000e+02
6.658898162841796875e+01
6.630174255371093750e+01
7.648394012451171875e+01
3.000000000000000000e+01
3.531462478637695312e+01
4.660018539428710938e+01
3.976725769042968750e+01
4.810285186767578125e+01
6.514495849609375000e+01
3.527275085449218750e+01
3.806497955322265625e+01
3.361277770996093750e+01
3.231570434570312500e+01
5.074706268310546875e+01
4.928462219238281250e+01
4.726349639892578125e+01
3.367089843750000000e+01
3.000000000000000000e+01
4.473804473876953125e+01
4.862385177612304688e+01
3.973553466796875000e+01
7.588495635986328125e+01
3.631337738037109375e+01
3.411616516113281250e+01
5.602745819091796875e+01
5.422784805297851562e+01
4.148500061035156250e+01
4.023445129394531250e+01
4.564170455932617188e+01
4.079396057128906250e+01
4.637635040283203125e+01
3.394168472290039062e+01
4.260153198242187500e+01
5.983805847167968750e+01
5.335515594482421875e+01
6.360313415527343750e+01
3.637674713134765625e+01
4.655344390869140625e+01
3.600299453735351562e+01
3.000000000000000000e+01
5.961653137207031250e+01
4.153800964355468750e+01
4.440592956542968750e+01
3.044230461120605469e+01
3.769301605224609375e+01
4.092248535156250000e+01
3.679956436157226562e+01
5.612802124023437500e+01
3.944452285766601562e+01
5.010029602050781250e+01
4.500811004638671875e+01
4.041927719116210938e+01
3.113654899597167969e+01
4.423358917236328125e+01
3.000000000000000000e+01
7.203373718261718750e+01
4.299567413330078125e+01
3.795019149780273438e+01
4.686223220825195312e+01
7.370046234130859375e+01
4.816314315795898438e+01
3.739231872558593750e+01
3.615545654296875000e+01
3.470867919921875000e+01
5.340078735351562500e+01
4.220317077636718750e+01
4.284325027465820312e+01
3.109410095214843750e+01
3.964303970336914062e+01
3.000000000000000000e+01
3.935496520996093750e+01
4.731200408935546875e+01
3.313090133666992188e+01
4.415877532958984375e+01
4.149556732177734375e+01
5.878062438964843750e+01
4.483275222778320312e+01
5.008513641357421875e+01
4.635477828979492188e+01
3.240644836425781250e+01
4.739069747924804688e+01
3.000000000000000000e+01
3.000000000000000000e+01
4.622027587890625000e+01
4.427520370483398438e+01
3.769801712036132812e+01
3.222414398193359375e+01
3.524172210693359375e+01
3.935959243774414062e+01
3.924138259887695312e+01
3.914535140991210938e+01
