4.960972213745117188e+01
5.514544296264648438e+01
3.712165069580078125e+01
3.969959640502929688e+01
6.642876434326171875e+01
7.570419311523437500e+01
3.621574401855468750e+01
6.402388763427734375e+01
5.705468750000000000e+01
1.423261566162109375e+02
5.156967163085937500e+01
1.332052307128906250e+02
5.005649185180664062e+01
4.839950180053710938e+01
3.000000000000000000e+01
7.955994415283203125e+01
7.251577758789062500e+01
4.289015197753906250e+01
4.257385253906250000e+01
1.551228485107421875e+02
3.657735443115234375e+01
8.466883850097656250e+01
4.134393692016601562e+01
3.778985595703125000e+01
4.344452667236328125e+01
7.411253356933593750e+01
3.000000000000000000e+01
6.501557922363281250e+01
1.836296386718750000e+02
5.535538482666015625e+01
5.473769378662109375e+01
5.045848083496093750e+01
3.000000000000000000e+01
1.128459320068359375e+02
6.764852905273437500e+01
8.196949768066406250e+01
6.991296386718750000e+01
4.970353317260742188e+01
4.472827148437500000e+01
3.000000000000000000e+01
3.617409133911132812e+01
3.766001892089843750e+01
5.348135757446289062e+01
4.815894317626953125e+01
3.627066421508789062e+01
3.281716537475585938e+01
3.566050720214843750e+01
6.815898895263671875e+01
1.228806457519531250e+02
6.407501983642578125e+01
3.971543884277343750e+01
3.431859588623046875e+01
6.860452270507812500e+01
3.748178100585937500e+01
1.117128753662109375e+02
4.972341156005859375e+01
7.293455505371093750e+01
5.252328491210937500e+01
7.854076385498046875e+01
7.512996673583984375e+01
4.956059646606445312e+01
8.183018493652343750e+01
4.362630081176757812e+01
8.924337768554687500e+01
9.466319274902343750e+01
5.162955856323242188e+01
4.046136474609375000e+01
3.000000000000000000e+01
5.027526092529296875e+01
6.401815795898437500e+01
6.220459747314453125e+01
3.309841156005859375e+01
9.512277984619140625e+01
4.068674087524414062e+01
6.670349884033203125e+01
4.908913421630859375e+01
4.869091796875000000e+01
4.255331802368164062e+01
4.317179870605468750e+01
6.018193817138671875e+01
3.708956909179687500e+01
7.251577758789062500e+01
5.308149719238281250e+01
1.058223876953125000e+02
1.025913848876953125e+02
4.260224151611328125e+01
3.537321853637695312e+01
4.471092605590820312e+01
5.005649185180664062e+01
5.605350494384765625e+01
4.805855560302734375e+01
5.479180908203125000e+01
6.064805221557617188e+01
4.914382934570312500e+01
1.000976257324218750e+02
1.020796661376953125e+02
7.415434265136718750e+01
3.836394119262695312e+01
8.629430389404296875e+01
3.942466735839843750e+01
1.008105163574218750e+02
6.557616424560546875e+01
1.586726379394531250e+02
3.025631141662597656e+01
4.787797546386718750e+01
7.809908294677734375e+01
3.527888488769531250e+01
6.193529891967773438e+01
4.887876129150390625e+01
7.297650146484375000e+01
4.600569534301757812e+01
3.000000000000000000e+01
7.244255065917968750e+01
1.106629257202148438e+02
3.912812805175781250e+01
3.933435440063476562e+01
9.591606140136718750e+01
4.310877227783203125e+01
7.479541778564453125e+01
4.873962402343750000e+01
4.959506988525390625e+01
5.797238922119140625e+01
5.040874862670898438e+01
4.884840774536132812e+01
4.320605087280273438e+01
4.721909332275390625e+01
7.557803344726562500e+01
6.708044433593750000e+01
4.774211502075195312e+01
4.593714141845703125e+01
5.221772003173828125e+01
1.057580566406250000e+02
6.791199493408203125e+01
3.000000000000000000e+01
6.248136901855468750e+01
4.756534957885742188e+01
1.151840820312500000e+02
4.549664688110351562e+01
4.252123260498046875e+01
7.201062011718750000e+01
4.326593017578125000e+01
1.068463134765625000e+02
6.806472778320312500e+01
6.061862945556640625e+01
6.977351379394531250e+01
4.337854766845703125e+01
7.955255126953125000e+01
9.760669708251953125e+01
4.767689895629882812e+01
1.074393005371093750e+02
5.500942993164062500e+01
7.852883911132812500e+01
5.291619491577148438e+01
7.519891357421875000e+01
5.349121093750000000e+01
1.218271636962890625e+02
3.509794998168945312e+01
1.348232269287109375e+02
4.297848892211914062e+01
6.321024703979492188e+01
3.527244186401367188e+01
5.445149230957031250e+01
5.064345550537109375e+01
4.147791290283203125e+01
7.866864013671875000e+01
3.688248825073242188e+01
6.465412902832031250e+01
4.913539123535156250e+01
3.900611114501953125e+01
1.304512634277343750e+02
4.657595062255859375e+01
4.371594619750976562e+01
3.779331207275390625e+01
3.000000000000000000e+01
5.413916778564453125e+01
6.851367950439453125e+01
4.481233215332031250e+01
4.860402297973632812e+01
7.252127075195312500e+01
5.317850494384765625e+01
6.600885009765625000e+01
6.076757812500000000e+01
7.170512390136718750e+01
5.882999038696289062e+01
4.369153594970703125e+01
3.000000000000000000e+01
3.682276153564453125e+01
8.002423095703125000e+01
5.589117431640625000e+01
4.829260635375976562e+01
4.295027542114257812e+01
5.600934600830078125e+01
5.909556198120117188e+01
4.020915603637695312e+01
4.352260589599609375e+01
6.353479385375976562e+01
4.457818603515625000e+01
8.031083679199218750e+01
1.441882019042968750e+02
8.206737518310546875e+01
5.844689941406250000e+01
1.154232635498046875e+02
6.747418975830078125e+01
4.124985885620117188e+01
4.058364868164062500e+01
4.380423736572265625e+01
5.161387634277343750e+01
5.578759765625000000e+01
1.218452606201171875e+02
3.847565460205078125e+01
4.003414916992187500e+01
9.115931701660156250e+01
4.522976684570312500e+01
4.265502166748046875e+01
3.776995468139648438e+01
4.239689636230468750e+01
5.457000350952148438e+01
5.683928680419921875e+01
4.275115203857421875e+01
4.730563735961914062e+01
3.692362213134765625e+01
7.963969421386718750e+01
9.174555206298828125e+01
3.975851440429687500e+01
4.112926483154296875e+01
4.105133438110351562e+01
5.944804000854492188e+01
1.014601745605468750e+02
6.479008483886718750e+01
1.049239807128906250e+02
3.357003784179687500e+01
4.910262298583984375e+01
5.943594360351562500e+01
3.000000000000000000e+01
3.774344635009765625e+01
5.427906799316406250e+01
3.954975509643554688e+01
4.158780670166015625e+01
7.272770690917968750e+01
5.519086456298828125e+01
4.283724212646484375e+01
1.234827346801757812e+02
1.004080657958984375e+02
6.411245727539062500e+01
8.536494445800781250e+01
4.423192596435546875e+01
4.549711990356445312e+01
1.275266113281250000e+02
1.645637359619140625e+02
5.229344177246093750e+01
5.297398376464843750e+01
4.169522094726562500e+01
5.404834747314453125e+01
9.579391479492187500e+01
4.843662261962890625e+01
6.132769775390625000e+01
5.049531555175781250e+01
4.294368743896484375e+01
4.683229064941406250e+01
1.656942291259765625e+02
6.683547210693359375e+01
5.158460998535156250e+01
6.890396118164062500e+01
4.452875518798828125e+01
1.375745239257812500e+02
6.110770034790039062e+01
1.468609008789062500e+02
8.031215667724609375e+01
7.363806915283203125e+01
5.495488357543945312e+01
6.133699798583984375e+01
4.338657379150390625e+01
6.411245727539062500e+01
6.172031784057617188e+01
1.278861541748046875e+02
4.219125366210937500e+01
6.172657394409179688e+01
8.274184417724609375e+01
1.001768646240234375e+02
9.931446075439453125e+01
5.925217056274414062e+01
7.755476379394531250e+01
6.941386413574218750e+01
4.437956237792968750e+01
6.448433685302734375e+01
3.873626327514648438e+01
3.000000000000000000e+01
5.328554916381835938e+01
3.801580047607421875e+01
3.000000000000000000e+01
3.709863662719726562e+01
3.505781173706054688e+01
3.104741477966308594e+01
1.055851364135742188e+02
3.000000000000000000e+01
3.925892639160156250e+01
5.287146377563476562e+01
4.755002593994140625e+01
4.502487564086914062e+01
5.816289520263671875e+01
5.665311050415039062e+01
3.101417350769042969e+01
3.891756439208984375e+01
6.361983871459960938e+01
7.567768096923828125e+01
4.050703430175781250e+01
7.373509216308593750e+01
7.925581359863281250e+01
7.272305297851562500e+01
1.218541870117187500e+02
1.621954956054687500e+02
4.102873611450195312e+01
8.716256713867187500e+01
9.362609863281250000e+01
9.904922485351562500e+01
4.200867843627929688e+01
3.950363922119140625e+01
1.527345581054687500e+02
6.150979232788085938e+01
8.629430389404296875e+01
4.376953125000000000e+01
4.990447235107421875e+01
4.345708084106445312e+01
4.467884826660156250e+01
3.373855590820312500e+01
4.498505401611328125e+01
3.712358856201171875e+01
3.609797668457031250e+01
9.512277984619140625e+01
3.936665344238281250e+01
7.967671203613281250e+01
5.533971023559570312e+01
5.030658721923828125e+01
4.312062072753906250e+01
4.048950576782226562e+01
4.997062683105468750e+01
7.652159118652343750e+01
4.394688415527343750e+01
3.783094406127929688e+01
3.628247833251953125e+01
5.612701797485351562e+01
8.380130004882812500e+01
4.287320709228515625e+01
7.272305297851562500e+01
4.629227447509765625e+01
5.256966400146484375e+01
1.424977111816406250e+02
3.278722763061523438e+01
3.806742095947265625e+01
9.984236145019531250e+01
1.656314239501953125e+02
1.718555297851562500e+02
4.809559631347656250e+01
8.183018493652343750e+01
3.244625854492187500e+01
8.308621978759765625e+01
5.981497192382812500e+01
3.524285125732421875e+01
1.386163024902343750e+02
5.562565231323242188e+01
6.620204925537109375e+01
1.347882843017578125e+02
6.412079620361328125e+01
7.175012207031250000e+01
8.572602081298828125e+01
3.582213592529296875e+01
7.871281433105468750e+01
1.245264739990234375e+02
3.106800842285156250e+01
7.373428344726562500e+01
6.245161437988281250e+01
4.463736724853515625e+01
1.107042541503906250e+02
1.430340728759765625e+02
6.812049865722656250e+01
1.222739868164062500e+02
8.680678558349609375e+01
5.535538482666015625e+01
7.130334472656250000e+01
7.311172485351562500e+01
3.000000000000000000e+01
3.000000000000000000e+01
3.000000000000000000e+01
4.797258758544921875e+01
5.748310852050781250e+01
1.004080657958984375e+02
4.649069976806640625e+01
4.289570999145507812e+01
4.779319381713867188e+01
2.593096923828125000e+02
3.803106689453125000e+01
3.692301559448242188e+01
3.402014923095703125e+01
3.000000000000000000e+01
4.083215332031250000e+01
7.006080627441406250e+01
7.109674072265625000e+01
9.458238220214843750e+01
5.570697021484375000e+01
4.826708984375000000e+01
5.658528518676757812e+01
4.375243377685546875e+01
1.277531127929687500e+02
5.247310256958007812e+01
3.638783645629882812e+01
4.640703582763671875e+01
3.836963653564453125e+01
6.836183166503906250e+01
5.508860778808593750e+01
1.370412292480468750e+02
7.809347534179687500e+01
9.654023742675781250e+01
6.206400299072265625e+01
4.335990524291992188e+01
8.142485809326171875e+01
3.000000000000000000e+01
7.138085174560546875e+01
7.329264068603515625e+01
3.000000000000000000e+01
3.867398834228515625e+01
1.024845046997070312e+02
3.000000000000000000e+01
4.316547775268554688e+01
1.304797821044921875e+02
6.016679763793945312e+01
5.469099426269531250e+01
6.842279052734375000e+01
4.018610382080078125e+01
6.695668029785156250e+01
8.806140136718750000e+01
5.807317733764648438e+01
7.967671203613281250e+01
2.149023742675781250e+02
4.467884826660156250e+01
1.218434906005859375e+02
4.546154022216796875e+01
5.341015625000000000e+01
8.996575927734375000e+01
6.501557922363281250e+01
5.151129913330078125e+01
7.107804870605468750e+01
3.319809722900390625e+01
5.959306335449218750e+01
4.889384460449218750e+01
6.339268493652343750e+01
3.749824905395507812e+01
4.525559234619140625e+01
6.861316680908203125e+01
1.424516448974609375e+02
9.121026611328125000e+01
5.781451416015625000e+01
5.291619491577148438e+01
4.711711120605468750e+01
5.578009796142578125e+01
7.177908325195312500e+01
3.000000000000000000e+01
1.054622802734375000e+02
1.056379013061523438e+02
3.302110671997070312e+01
1.121274719238281250e+02
9.825239562988281250e+01
5.350748062133789062e+01
4.484460449218750000e+01
4.162821960449218750e+01
4.593240356445312500e+01
1.885045471191406250e+02
4.152447891235351562e+01
5.192615127563476562e+01
4.947231674194335938e+01
4.436227416992187500e+01
1.072495269775390625e+02
4.371443176269531250e+01
4.115087127685546875e+01
1.460380096435546875e+02
7.567768096923828125e+01
9.556861877441406250e+01
6.354004669189453125e+01
4.675954437255859375e+01
5.841711425781250000e+01
9.416749572753906250e+01
8.679685974121093750e+01
7.246585083007812500e+01
7.210430908203125000e+01
3.617196273803710938e+01
8.482385253906250000e+01
8.275798034667968750e+01
4.872088623046875000e+01
4.265502166748046875e+01
7.287319946289062500e+01
9.741067504882812500e+01
7.733720397949218750e+01
5.447946166992187500e+01
4.714007949829101562e+01
3.000000000000000000e+01
4.294037628173828125e+01
3.192640495300292969e+01
4.419318008422851562e+01
3.432186126708984375e+01
3.009381866455078125e+01
5.018394088745117188e+01
5.625363159179687500e+01
4.276462936401367188e+01
7.404614257812500000e+01
5.425139617919921875e+01
3.914650726318359375e+01
3.883168792724609375e+01
5.455317687988281250e+01
5.794052886962890625e+01
3.000000000000000000e+01
3.411873245239257812e+01
8.009529113769531250e+01
3.547262954711914062e+01
5.950722122192382812e+01
3.000000000000000000e+01
5.985809326171875000e+01
3.225057983398437500e+01
3.000000000000000000e+01
1.099713897705078125e+02
4.138137817382812500e+01
3.090974807739257812e+01
6.297776412963867188e+01
3.638783264160156250e+01
6.953814697265625000e+01
3.963499450683593750e+01
3.911962509155273438e+01
1.257448730468750000e+02
4.759861373901367188e+01
1.019828796386718750e+02
1.103645935058593750e+02
3.823725128173828125e+01
3.695912551879882812e+01
1.011127777099609375e+02
4.843384552001953125e+01
6.113381958007812500e+01
6.890396118164062500e+01
1.750792541503906250e+02
4.599612426757812500e+01
5.139571762084960938e+01
5.772486495971679688e+01
3.962018585205078125e+01
4.274866104125976562e+01
1.113976211547851562e+02
5.364723587036132812e+01
5.794753265380859375e+01
7.035774993896484375e+01
4.108663177490234375e+01
3.119435882568359375e+01
4.732157135009765625e+01
4.568202209472656250e+01
3.983831405639648438e+01
3.993264007568359375e+01
3.710976791381835938e+01
4.366247940063476562e+01
4.629250335693359375e+01
4.909994506835937500e+01
4.261070251464843750e+01
6.187233734130859375e+01
6.193529891967773438e+01
7.898959350585937500e+01
1.218452529907226562e+02
5.497312545776367188e+01
9.488270568847656250e+01
7.037367248535156250e+01
1.230900802612304688e+02
3.939254760742187500e+01
6.420181274414062500e+01
4.063410949707031250e+01
4.087815856933593750e+01
7.006945800781250000e+01
8.020999145507812500e+01
8.570925140380859375e+01
7.541903686523437500e+01
3.912812805175781250e+01
4.555611038208007812e+01
6.735308074951171875e+01
9.199118041992187500e+01
4.774924468994140625e+01
4.980150222778320312e+01
4.247710800170898438e+01
3.799527740478515625e+01
9.502316284179687500e+01
4.805855560302734375e+01
4.145318984985351562e+01
4.232940673828125000e+01
4.800666809082031250e+01
7.492620849609375000e+01
9.197177124023437500e+01
4.733395385742187500e+01
3.841616058349609375e+01
3.000000000000000000e+01
9.458238220214843750e+01
5.060496139526367188e+01
3.662567138671875000e+01
5.988722991943359375e+01
6.188411331176757812e+01
4.536878967285156250e+01
6.112002563476562500e+01
5.155860900878906250e+01
6.494750213623046875e+01
3.818137741088867188e+01
5.256834411621093750e+01
7.458122253417968750e+01
9.001089477539062500e+01
7.135527801513671875e+01
4.598288726806640625e+01
3.000000000000000000e+01
7.017178344726562500e+01
6.625857543945312500e+01
5.301785659790039062e+01
5.076509094238281250e+01
5.714735412597656250e+01
3.570594024658203125e+01
6.533488464355468750e+01
4.442865753173828125e+01
3.012627410888671875e+01
5.125395584106445312e+01
7.170520782470703125e+01
6.861316680908203125e+01
5.566563415527343750e+01
5.119352340698242188e+01
3.483588409423828125e+01
7.813690185546875000e+01
1.051045761108398438e+02
6.831436157226562500e+01
3.466973114013671875e+01
1.230900802612304688e+02
4.809559631347656250e+01
7.034554290771484375e+01
9.741067504882812500e+01
3.996816635131835938e+01
3.679545974731445312e+01
5.462538528442382812e+01
3.000000000000000000e+01
4.167810440063476562e+01
2.319820709228515625e+02
3.759172058105468750e+01
3.452343750000000000e+01
3.566651153564453125e+01
1.325295104980468750e+02
7.532865142822265625e+01
4.981237030029296875e+01
1.081181564331054688e+02
4.406612777709960938e+01
1.275549774169921875e+02
6.793109130859375000e+01
9.203268432617187500e+01
3.055041885375976562e+01
3.079996109008789062e+01
8.014010620117187500e+01
8.220094299316406250e+01
6.841912078857421875e+01
4.394688415527343750e+01
4.918625259399414062e+01
3.000000000000000000e+01
4.719073104858398438e+01
5.691155242919921875e+01
5.708838653564453125e+01
3.681373214721679688e+01
7.747973632812500000e+01
6.973085021972656250e+01
5.880045318603515625e+01
3.793724822998046875e+01
5.468447875976562500e+01
3.000000000000000000e+01
4.613993072509765625e+01
1.146268692016601562e+02
5.149899673461914062e+01
7.520231628417968750e+01
4.650159454345703125e+01
4.170434188842773438e+01
3.424017715454101562e+01
1.068463211059570312e+02
6.636186218261718750e+01
7.129920959472656250e+01
9.760302734375000000e+01
5.494232940673828125e+01
4.290489959716796875e+01
3.483552551269531250e+01
3.777377319335937500e+01
4.757279205322265625e+01
6.814926147460937500e+01
1.885045471191406250e+02
4.986653137207031250e+01
6.273433685302734375e+01
5.810954284667968750e+01
6.262337493896484375e+01
5.149150085449218750e+01
5.204875183105468750e+01
5.203935623168945312e+01
6.817417907714843750e+01
1.132018280029296875e+02
3.075579833984375000e+01
3.860713195800781250e+01
6.153603363037109375e+01
1.008916168212890625e+02
5.770774078369140625e+01
1.019828796386718750e+02
4.287147903442382812e+01
4.745955276489257812e+01
4.337222290039062500e+01
6.874791717529296875e+01
1.670247802734375000e+02
6.902253723144531250e+01
5.807795333862304688e+01
6.111087417602539062e+01
3.000000000000000000e+01
5.519181060791015625e+01
8.489803314208984375e+01
4.024421691894531250e+01
3.774665832519531250e+01
5.718013763427734375e+01
8.349867248535156250e+01
4.882265472412109375e+01
9.352597045898437500e+01
4.131769561767578125e+01
5.135187530517578125e+01
6.150978851318359375e+01
9.869126892089843750e+01
5.702455902099609375e+01
4.167786407470703125e+01
4.680513000488281250e+01
3.000000000000000000e+01
4.120432281494140625e+01
5.247310256958007812e+01
3.574565124511718750e+01
6.820896911621093750e+01
6.016680145263671875e+01
4.425758361816406250e+01
3.548828506469726562e+01
3.641841125488281250e+01
3.692301559448242188e+01
3.009719276428222656e+01
1.111805572509765625e+02
3.000000000000000000e+01
7.407893371582031250e+01
9.302247619628906250e+01
4.540847778320312500e+01
3.000000000000000000e+01
3.768602752685546875e+01
6.321024703979492188e+01
6.598805999755859375e+01
5.896286773681640625e+01
6.561434936523437500e+01
5.509814453125000000e+01
8.391453552246093750e+01
6.589079284667968750e+01
4.370140457153320312e+01
5.746396636962890625e+01
3.266547012329101562e+01
5.841711425781250000e+01
5.605282974243164062e+01
3.478416442871093750e+01
4.015872573852539062e+01
5.549920654296875000e+01
5.631306457519531250e+01
4.997378540039062500e+01
4.502487564086914062e+01
5.495040512084960938e+01
4.911268997192382812e+01
6.628833007812500000e+01
7.348532104492187500e+01
5.140933990478515625e+01
8.955758666992187500e+01
4.307878112792968750e+01
5.519086837768554688e+01
4.241629028320312500e+01
6.531745147705078125e+01
7.037533569335937500e+01
6.173844146728515625e+01
8.129637145996093750e+01
3.993305969238281250e+01
9.088054656982421875e+01
5.261352539062500000e+01
4.740457153320312500e+01
8.184096527099609375e+01
1.551228485107421875e+02
1.258647003173828125e+02
4.724794769287109375e+01
3.791640853881835938e+01
4.352849578857421875e+01
6.280150604248046875e+01
9.121026611328125000e+01
8.531838989257812500e+01
6.840538024902343750e+01
1.131737670898437500e+02
5.468447875976562500e+01
4.138212585449218750e+01
3.881398773193359375e+01
5.767555999755859375e+01
5.653238677978515625e+01
3.508689880371093750e+01
4.552516174316406250e+01
8.277118682861328125e+01
5.610628509521484375e+01
5.004441833496093750e+01
9.423316955566406250e+01
4.087348937988281250e+01
3.891275787353515625e+01
6.401815795898437500e+01
4.864313507080078125e+01
5.324504852294921875e+01
4.167786407470703125e+01
1.966967468261718750e+02
6.744730377197265625e+01
4.620133209228515625e+01
3.708668899536132812e+01
4.427649688720703125e+01
1.532726135253906250e+02
4.011554336547851562e+01
4.612119674682617188e+01
6.304583740234375000e+01
3.681373214721679688e+01
7.355309295654296875e+01
5.357013320922851562e+01
5.481046295166015625e+01
4.693285369873046875e+01
4.073757934570312500e+01
3.208419799804687500e+01
3.157285690307617188e+01
5.726203155517578125e+01
4.959619903564453125e+01
2.009272308349609375e+02
3.000000000000000000e+01
4.692287826538085938e+01
6.500757598876953125e+01
5.576266860961914062e+01
4.054982376098632812e+01
3.740875625610351562e+01
4.170999526977539062e+01
5.073114013671875000e+01
3.307454299926757812e+01
5.665090560913085938e+01
6.071334838867187500e+01
4.023807144165039062e+01
5.197713851928710938e+01
4.063165664672851562e+01
3.823725128173828125e+01
4.589208221435546875e+01
3.541042327880859375e+01
5.822460937500000000e+01
6.746939086914062500e+01
3.000000000000000000e+01
4.540660095214843750e+01
5.287146377563476562e+01
7.325328063964843750e+01
5.200393676757812500e+01
9.919506835937500000e+01
4.441389465332031250e+01
7.246585083007812500e+01
8.546760559082031250e+01
4.213216400146484375e+01
8.184096527099609375e+01
3.000000000000000000e+01
4.702451324462890625e+01
3.830781555175781250e+01
4.310969924926757812e+01
1.158457183837890625e+02
5.177502822875976562e+01
3.000000000000000000e+01
7.249185180664062500e+01
4.687256622314453125e+01
1.203996734619140625e+02
5.726531982421875000e+01
3.380565261840820312e+01
5.573227310180664062e+01
6.785383605957031250e+01
8.140846252441406250e+01
7.643121337890625000e+01
6.177468490600585938e+01
3.158220291137695312e+01
4.074191284179687500e+01
6.395051193237304688e+01
7.185093688964843750e+01
1.295733337402343750e+02
8.748421478271484375e+01
1.237423324584960938e+02
5.119784545898437500e+01
3.878032684326171875e+01
5.307485198974609375e+01
3.056170082092285156e+01
4.737776184082031250e+01
3.000000000000000000e+01
3.351923370361328125e+01
6.812348175048828125e+01
1.228989028930664062e+02
5.938937377929687500e+01
3.000000000000000000e+01
5.922196960449218750e+01
6.825761413574218750e+01
4.150178527832031250e+01
5.032577896118164062e+01
6.814926147460937500e+01
4.706086730957031250e+01
7.038378143310546875e+01
5.519181060791015625e+01
6.680201721191406250e+01
6.060951232910156250e+01
3.139011764526367188e+01
3.434748840332031250e+01
5.359015274047851562e+01
4.487263870239257812e+01
6.437036132812500000e+01
6.531010437011718750e+01
5.189059829711914062e+01
8.536494445800781250e+01
4.585404205322265625e+01
3.389059829711914062e+01
5.582837295532226562e+01
3.331701660156250000e+01
3.047714805603027344e+01
3.938299560546875000e+01
3.681646728515625000e+01
4.281315231323242188e+01
9.308695220947265625e+01
4.826708984375000000e+01
3.811812210083007812e+01
1.424516448974609375e+02
6.986927032470703125e+01
4.708460998535156250e+01
7.178141021728515625e+01
7.813002777099609375e+01
4.276462936401367188e+01
5.665799713134765625e+01
1.134031753540039062e+02
4.698011779785156250e+01
8.788619232177734375e+01
4.317179870605468750e+01
3.268898391723632812e+01
5.605350494384765625e+01
5.431970596313476562e+01
4.554693603515625000e+01
3.768887710571289062e+01
4.747108459472656250e+01
4.551710128784179688e+01
4.678103637695312500e+01
5.562565231323242188e+01
3.085281753540039062e+01
4.031314849853515625e+01
7.326416015625000000e+01
9.181365203857421875e+01
4.284041595458984375e+01
9.356037902832031250e+01
4.799082946777343750e+01
3.000000000000000000e+01
8.991268157958984375e+01
9.194902038574218750e+01
4.316559600830078125e+01
6.228190612792968750e+01
4.356432342529296875e+01
5.377355194091796875e+01
3.239950942993164062e+01
1.137693634033203125e+02
4.997359848022460938e+01
4.441802978515625000e+01
6.354004287719726562e+01
5.892936325073242188e+01
6.007017898559570312e+01
3.312174606323242188e+01
6.151929855346679688e+01
6.127326202392578125e+01
4.873962783813476562e+01
6.474264526367187500e+01
7.052966308593750000e+01
5.007088088989257812e+01
4.842111968994140625e+01
3.458377075195312500e+01
4.915826797485351562e+01
7.557803344726562500e+01
7.579731750488281250e+01
5.481046295166015625e+01
5.213363265991210938e+01
7.015468597412109375e+01
6.151929473876953125e+01
4.015919494628906250e+01
5.083568191528320312e+01
3.000000000000000000e+01
3.969609832763671875e+01
5.738803863525390625e+01
6.164920806884765625e+01
3.679535675048828125e+01
6.683547210693359375e+01
5.076359176635742188e+01
7.888708496093750000e+01
3.628932571411132812e+01
5.484188842773437500e+01
4.374430847167968750e+01
4.595676040649414062e+01
6.719210815429687500e+01
3.653813552856445312e+01
5.890319824218750000e+01
3.552566146850585938e+01
7.483072662353515625e+01
6.684681701660156250e+01
5.268742752075195312e+01
4.290012359619140625e+01
4.246161270141601562e+01
8.283005523681640625e+01
7.141007995605468750e+01
3.114395141601562500e+01
4.427092742919921875e+01
4.959690856933593750e+01
5.798895263671875000e+01
5.844689941406250000e+01
3.536490631103515625e+01
7.134580230712890625e+01
4.134370422363281250e+01
3.000000000000000000e+01
4.403565216064453125e+01
4.191608047485351562e+01
6.565885925292968750e+01
3.669040679931640625e+01
8.996575927734375000e+01
5.180648422241210938e+01
4.003414916992187500e+01
3.178289222717285156e+01
5.586412048339843750e+01
3.000000000000000000e+01
5.718813323974609375e+01
3.791640853881835938e+01
4.135870361328125000e+01
3.000000000000000000e+01
5.035454177856445312e+01
6.773381042480468750e+01
4.970353317260742188e+01
6.926240539550781250e+01
4.996462249755859375e+01
5.793836593627929688e+01
4.099116134643554688e+01
3.000000000000000000e+01
3.000000000000000000e+01
5.586412048339843750e+01
8.129637145996093750e+01
5.331729507446289062e+01
4.002910995483398438e+01
3.501046752929687500e+01
6.525263977050781250e+01
6.354804992675781250e+01
8.287679290771484375e+01
3.361434936523437500e+01
3.357728195190429688e+01
5.751913452148437500e+01
3.107859992980957031e+01
5.721841430664062500e+01
3.000000000000000000e+01
4.570046997070312500e+01
3.000000000000000000e+01
5.373691940307617188e+01
4.284908294677734375e+01
4.322662353515625000e+01
7.890232086181640625e+01
3.936769104003906250e+01
7.579731750488281250e+01
5.891335296630859375e+01
4.077296829223632812e+01
3.579080963134765625e+01
4.219056701660156250e+01
3.544788360595703125e+01
4.713665771484375000e+01
6.835821533203125000e+01
7.109674072265625000e+01
3.911962509155273438e+01
4.270422744750976562e+01
4.011046600341796875e+01
8.649239349365234375e+01
4.561852264404296875e+01
3.668074798583984375e+01
3.302429199218750000e+01
3.175003814697265625e+01
4.417971038818359375e+01
3.478416442871093750e+01
4.805628967285156250e+01
4.932749557495117188e+01
4.612426757812500000e+01
4.925686645507812500e+01
3.499982070922851562e+01
3.695661544799804688e+01
5.202954483032226562e+01
3.307174682617187500e+01
5.547699356079101562e+01
4.144047164916992188e+01
7.201062011718750000e+01
5.891335296630859375e+01
7.257852172851562500e+01
3.000000000000000000e+01
3.052591705322265625e+01
5.149522399902343750e+01
3.000000000000000000e+01
4.439265823364257812e+01
6.989328002929687500e+01
4.374183273315429688e+01
5.235623168945312500e+01
4.416896057128906250e+01
3.695912551879882812e+01
5.200287628173828125e+01
5.570697021484375000e+01
3.000000000000000000e+01
4.103255081176757812e+01
7.844467163085937500e+01
4.531284332275390625e+01
6.785384368896484375e+01
9.383741760253906250e+01
3.000000000000000000e+01
7.199040222167968750e+01
4.145382690429687500e+01
5.151129913330078125e+01
5.350636291503906250e+01
5.442369461059570312e+01
5.427906799316406250e+01
5.508860397338867188e+01
4.938004302978515625e+01
6.239370727539062500e+01
8.670124816894531250e+01
3.346079254150390625e+01
6.754700469970703125e+01
4.001737594604492188e+01
3.491576766967773438e+01
4.070052337646484375e+01
4.773897552490234375e+01
3.461636352539062500e+01
6.710855865478515625e+01
6.357365417480468750e+01
4.692287826538085938e+01
4.291456604003906250e+01
5.214303588867187500e+01
3.169228363037109375e+01
4.209856414794921875e+01
7.497319030761718750e+01
3.723561859130859375e+01
3.757615661621093750e+01
6.783915710449218750e+01
4.610688781738281250e+01
4.881713485717773438e+01
4.667067337036132812e+01
4.290012741088867188e+01
3.000000000000000000e+01
3.684013366699218750e+01
3.894583129882812500e+01
4.477465057373046875e+01
3.216548156738281250e+01
4.702685546875000000e+01
6.153603363037109375e+01
3.971140289306640625e+01
3.983831787109375000e+01
4.588811111450195312e+01
8.181636810302734375e+01
5.064024353027343750e+01
8.197377014160156250e+01
1.202583618164062500e+02
5.197449493408203125e+01
4.371594619750976562e+01
4.468292999267578125e+01
4.120346069335937500e+01
4.208839035034179688e+01
3.996281814575195312e+01
5.587871170043945312e+01
9.760302734375000000e+01
4.357644653320312500e+01
3.437352752685546875e+01
4.903472137451171875e+01
6.081102371215820312e+01
3.763705444335937500e+01
4.274866104125976562e+01
4.864313507080078125e+01
6.440144348144531250e+01
3.000000000000000000e+01
5.983540344238281250e+01
3.330237579345703125e+01
6.114468383789062500e+01
6.533488464355468750e+01
3.151154327392578125e+01
5.469466781616210938e+01
4.289603805541992188e+01
3.410482025146484375e+01
5.433889770507812500e+01
4.619180297851562500e+01
4.547017669677734375e+01
5.770774459838867188e+01
4.124475860595703125e+01
3.508573913574218750e+01
5.149150085449218750e+01
5.748001861572265625e+01
4.124985504150390625e+01
7.327232360839843750e+01
3.249974060058593750e+01
5.268410491943359375e+01
3.928308486938476562e+01
5.533160400390625000e+01
6.856174468994140625e+01
3.863863754272460938e+01
5.124670791625976562e+01
3.099626922607421875e+01
3.359640502929687500e+01
4.953222274780273438e+01
6.609128570556640625e+01
3.939254760742187500e+01
4.041740417480468750e+01
4.990391921997070312e+01
4.752165222167968750e+01
4.216462707519531250e+01
6.177323150634765625e+01
3.738137817382812500e+01
5.856209945678710938e+01
4.261779785156250000e+01
9.688977050781250000e+01
8.721697998046875000e+01
4.748722839355468750e+01
5.565218734741210938e+01
3.569419860839843750e+01
8.004946899414062500e+01
4.126780700683593750e+01
3.793875122070312500e+01
8.341521453857421875e+01
5.096104049682617188e+01
3.938435363769531250e+01
5.001030349731445312e+01
1.070636138916015625e+02
3.705508041381835938e+01
4.596165466308593750e+01
3.404523849487304688e+01
5.241294860839843750e+01
4.086079406738281250e+01
3.944541931152343750e+01
5.383518218994140625e+01
9.044615173339843750e+01
5.628931045532226562e+01
3.894519424438476562e+01
3.035701370239257812e+01
5.017475509643554688e+01
3.943005371093750000e+01
4.782342529296875000e+01
5.817509460449218750e+01
9.919506835937500000e+01
5.203125000000000000e+01
6.944257354736328125e+01
7.422525024414062500e+01
7.325323486328125000e+01
5.971308898925781250e+01
3.000000000000000000e+01
3.606636428833007812e+01
5.711221313476562500e+01
3.738234710693359375e+01
4.325453948974609375e+01
3.399874114990234375e+01
3.924617004394531250e+01
4.623962402343750000e+01
3.223520278930664062e+01
3.410021972656250000e+01
4.512513351440429688e+01
7.584614562988281250e+01
5.279439544677734375e+01
3.575639343261718750e+01
4.707368850708007812e+01
3.284947967529296875e+01
5.222315979003906250e+01
4.554560852050781250e+01
6.806472778320312500e+01
4.763806915283203125e+01
4.839950180053710938e+01
3.000000000000000000e+01
8.482385253906250000e+01
5.236768722534179688e+01
3.000000000000000000e+01
8.283005523681640625e+01
4.116791152954101562e+01
9.359000396728515625e+01
4.051332092285156250e+01
5.422476959228515625e+01
6.534630584716796875e+01
4.720915603637695312e+01
3.000000000000000000e+01
4.295867156982421875e+01
5.363805770874023438e+01
4.335990905761718750e+01
4.809084701538085938e+01
3.828111267089843750e+01
3.732551574707031250e+01
3.777875518798828125e+01
7.355309295654296875e+01
5.662052917480468750e+01
7.925580596923828125e+01
3.930895233154296875e+01
3.891239929199218750e+01
5.813300323486328125e+01
4.623961639404296875e+01
6.266935729980468750e+01
6.083005142211914062e+01
5.354882431030273438e+01
4.991158294677734375e+01
5.133755111694335938e+01
3.945893096923828125e+01
3.854098510742187500e+01
3.000000000000000000e+01
7.768196105957031250e+01
3.350669097900390625e+01
4.505855941772460938e+01
3.537990951538085938e+01
3.998264312744140625e+01
4.778961181640625000e+01
3.000000000000000000e+01
5.256966781616210938e+01
3.933512115478515625e+01
3.330140304565429688e+01
5.882999038696289062e+01
7.249185180664062500e+01
4.184414672851562500e+01
5.291514587402343750e+01
4.392230224609375000e+01
4.169556045532226562e+01
4.113194274902343750e+01
4.971402740478515625e+01
3.688481521606445312e+01
4.231678771972656250e+01
3.538198089599609375e+01
4.370511627197265625e+01
3.609418487548828125e+01
3.775426483154296875e+01
4.239522552490234375e+01
3.508407211303710938e+01
3.884501647949218750e+01
3.250201034545898438e+01
3.309353256225585938e+01
5.463524627685546875e+01
4.993407058715820312e+01
1.070636138916015625e+02
6.317646789550781250e+01
3.955257034301757812e+01
3.837361907958984375e+01
7.995050048828125000e+01
3.962018585205078125e+01
3.765298461914062500e+01
7.768196105957031250e+01
4.891377258300781250e+01
5.257917785644531250e+01
4.021396636962890625e+01
5.018394088745117188e+01
9.444576263427734375e+01
8.033139801025390625e+01
6.113430404663085938e+01
6.744454193115234375e+01
3.025631332397460938e+01
3.178242111206054688e+01
6.881698608398437500e+01
3.857804870605468750e+01
5.607190322875976562e+01
5.861941909790039062e+01
3.319871520996093750e+01
3.704982376098632812e+01
4.577758026123046875e+01
3.094941711425781250e+01
5.222222900390625000e+01
5.867847061157226562e+01
4.533065795898437500e+01
3.050587654113769531e+01
3.466973114013671875e+01
4.145382690429687500e+01
3.937327957153320312e+01
3.949070739746093750e+01
8.598073577880859375e+01
3.036731910705566406e+01
4.226547241210937500e+01
7.611898803710937500e+01
4.998611831665039062e+01
3.206102752685546875e+01
3.582320022583007812e+01
4.579929351806640625e+01
4.847977066040039062e+01
4.021081161499023438e+01
3.146344375610351562e+01
4.976179504394531250e+01
6.292087554931640625e+01
6.590114593505859375e+01
5.046393966674804688e+01
4.281827163696289062e+01
5.949388504028320312e+01
4.351351165771484375e+01
3.000000000000000000e+01
7.620905303955078125e+01
3.928919219970703125e+01
4.451946640014648438e+01
3.557329559326171875e+01
3.000000000000000000e+01
3.074824905395507812e+01
3.602336883544921875e+01
5.263964080810546875e+01
4.125389862060546875e+01
4.357644653320312500e+01
5.324504852294921875e+01
4.321123123168945312e+01
3.946711730957031250e+01
5.036392211914062500e+01
3.570878601074218750e+01
8.291592407226562500e+01
4.476427459716796875e+01
3.623877716064453125e+01
4.232666015625000000e+01
7.325328063964843750e+01
4.520562362670898438e+01
4.145623397827148438e+01
3.548498916625976562e+01
3.874420928955078125e+01
4.863135910034179688e+01
4.286733245849609375e+01
4.094338989257812500e+01
3.349251937866210938e+01
3.623043060302734375e+01
3.000000000000000000e+01
3.810404968261718750e+01
5.184982299804687500e+01
4.060727691650390625e+01
5.508364486694335938e+01
4.356391906738281250e+01
7.155624389648437500e+01
4.367634582519531250e+01
4.562585067749023438e+01
5.635260009765625000e+01
3.166526222229003906e+01
5.443326950073242188e+01
3.000000000000000000e+01
3.758723449707031250e+01
5.283136367797851562e+01
4.688636016845703125e+01
3.000000000000000000e+01
3.556087493896484375e+01
3.866102981567382812e+01
3.641216659545898438e+01
4.058509826660156250e+01
4.011980056762695312e+01
