5.171009063720703125e+01
6.516727447509765625e+01
4.163240051269531250e+01
4.033253097534179688e+01
6.833097839355468750e+01
6.646127319335937500e+01
4.231946945190429688e+01
7.181188964843750000e+01
6.857232666015625000e+01
1.251398620605468750e+02
5.303103637695312500e+01
1.211088409423828125e+02
5.268647003173828125e+01
4.790407562255859375e+01
4.253051757812500000e+01
6.667924499511718750e+01
7.653038024902343750e+01
4.265461349487304688e+01
4.438690948486328125e+01
1.490147399902343750e+02
3.745226669311523438e+01
8.666989135742187500e+01
3.366498184204101562e+01
3.007019233703613281e+01
4.553532028198242188e+01
7.865729522705078125e+01
3.000000000000000000e+01
6.335226440429687500e+01
1.863992462158203125e+02
6.617692565917968750e+01
5.522084045410156250e+01
4.163956832885742188e+01
3.622972869873046875e+01
9.561448669433593750e+01
4.650480651855468750e+01
6.931068420410156250e+01
6.595130157470703125e+01
4.788604354858398438e+01
4.605803680419921875e+01
4.155310440063476562e+01
3.140300559997558594e+01
4.140758132934570312e+01
5.088886260986328125e+01
4.888102722167968750e+01
3.529472351074218750e+01
3.377779388427734375e+01
3.000000000000000000e+01
6.347270202636718750e+01
1.233161010742187500e+02
5.558378219604492188e+01
4.361840057373046875e+01
4.072557830810546875e+01
7.826544952392578125e+01
3.674768829345703125e+01
1.164241943359375000e+02
4.076145935058593750e+01
7.077895355224609375e+01
4.690608215332031250e+01
6.990130615234375000e+01
8.399626159667968750e+01
5.059304428100585938e+01
7.790282440185546875e+01
4.072511291503906250e+01
1.009837799072265625e+02
1.078880004882812500e+02
5.472219085693359375e+01
5.764131546020507812e+01
3.000000000000000000e+01
4.243951416015625000e+01
5.828157043457031250e+01
6.202413558959960938e+01
3.550026321411132812e+01
7.492715454101562500e+01
3.210764312744140625e+01
5.855261230468750000e+01
3.825807952880859375e+01
4.859796142578125000e+01
4.572591018676757812e+01
3.886380767822265625e+01
6.101475524902343750e+01
3.672009277343750000e+01
7.653038787841796875e+01
5.298551177978515625e+01
1.352094726562500000e+02
9.695400238037109375e+01
5.124795532226562500e+01
4.118910598754882812e+01
4.897898101806640625e+01
5.268647003173828125e+01
5.865544509887695312e+01
4.445071411132812500e+01
5.720929336547851562e+01
5.375328445434570312e+01
5.574918746948242188e+01
1.092025833129882812e+02
9.584948730468750000e+01
6.383025741577148438e+01
3.642145538330078125e+01
5.018289947509765625e+01
4.030731964111328125e+01
9.775430297851562500e+01
5.849243927001953125e+01
1.573273010253906250e+02
3.241145324707031250e+01
4.664660644531250000e+01
8.236611175537109375e+01
3.145604705810546875e+01
5.971419525146484375e+01
5.227870178222656250e+01
3.990245056152343750e+01
4.050888061523437500e+01
3.000000000000000000e+01
7.370480346679687500e+01
1.291024475097656250e+02
4.173193740844726562e+01
4.222274780273437500e+01
9.987448120117187500e+01
4.186326217651367188e+01
7.791564941406250000e+01
5.515708541870117188e+01
4.865464019775390625e+01
5.878250885009765625e+01
5.386219024658203125e+01
4.367578887939453125e+01
4.174219512939453125e+01
4.700333786010742188e+01
7.395329284667968750e+01
5.835880279541015625e+01
4.378088378906250000e+01
5.755490875244140625e+01
4.563445281982421875e+01
1.159136352539062500e+02
4.995465087890625000e+01
3.000000000000000000e+01
7.043101501464843750e+01
4.725670242309570312e+01
1.269707031250000000e+02
4.395791625976562500e+01
4.185633087158203125e+01
7.361578369140625000e+01
4.062675094604492188e+01
9.380297851562500000e+01
5.931193161010742188e+01
4.907639312744140625e+01
5.917881393432617188e+01
4.457886123657226562e+01
9.590873718261718750e+01
1.004905471801757812e+02
4.680754089355468750e+01
1.123752899169921875e+02
3.385843658447265625e+01
7.389060974121093750e+01
5.609252929687500000e+01
5.939080810546875000e+01
5.906426239013671875e+01
1.237893600463867188e+02
3.300275802612304688e+01
1.465803680419921875e+02
3.933056259155273438e+01
6.438397979736328125e+01
3.000000000000000000e+01
4.996426391601562500e+01
4.696667480468750000e+01
3.287521362304687500e+01
7.085173034667968750e+01
4.049842453002929688e+01
6.226565170288085938e+01
4.652580642700195312e+01
3.101094055175781250e+01
1.132172317504882812e+02
4.240613174438476562e+01
3.976436614990234375e+01
4.526703262329101562e+01
3.000000000000000000e+01
5.324942398071289062e+01
5.941467285156250000e+01
4.702651596069335938e+01
4.925428390502929688e+01
7.325415039062500000e+01
4.905607604980468750e+01
6.459123992919921875e+01
5.802271652221679688e+01
5.806638717651367188e+01
5.818584442138671875e+01
4.388150024414062500e+01
3.018084335327148438e+01
4.088146972656250000e+01
5.309828186035156250e+01
5.448662567138671875e+01
5.227294540405273438e+01
4.854259490966796875e+01
5.279564666748046875e+01
5.316948699951171875e+01
4.587028121948242188e+01
4.982862854003906250e+01
3.065265274047851562e+01
3.911686325073242188e+01
7.582910156250000000e+01
1.425451660156250000e+02
6.378997421264648438e+01
5.318056488037109375e+01
1.222726898193359375e+02
6.262599945068359375e+01
4.323635864257812500e+01
5.531648254394531250e+01
3.751519775390625000e+01
5.231463623046875000e+01
4.561766433715820312e+01
1.160602645874023438e+02
3.244755554199218750e+01
3.879776763916015625e+01
9.348330688476562500e+01
4.212193298339843750e+01
4.445906829833984375e+01
3.871232223510742188e+01
4.655773544311523438e+01
4.542300415039062500e+01
5.774410247802734375e+01
3.983513641357421875e+01
4.792114639282226562e+01
4.208840942382812500e+01
6.660668182373046875e+01
9.953969573974609375e+01
3.633874511718750000e+01
4.798088836669921875e+01
4.639146804809570312e+01
6.296861267089843750e+01
1.154384765625000000e+02
6.683036041259765625e+01
1.285463562011718750e+02
3.381844711303710938e+01
4.537451934814453125e+01
5.395487976074218750e+01
5.062506866455078125e+01
4.167042541503906250e+01
5.300234985351562500e+01
3.829373168945312500e+01
4.788917541503906250e+01
7.781176757812500000e+01
5.976895141601562500e+01
4.131922149658203125e+01
1.249289169311523438e+02
1.328831634521484375e+02
5.723474884033203125e+01
7.537287902832031250e+01
3.821688079833984375e+01
4.840731430053710938e+01
1.206399612426757812e+02
2.122327423095703125e+02
4.925345993041992188e+01
5.662422180175781250e+01
4.135081481933593750e+01
4.455767440795898438e+01
8.693814086914062500e+01
4.856092071533203125e+01
5.643207550048828125e+01
4.195355224609375000e+01
4.441852188110351562e+01
4.378283691406250000e+01
1.470232391357421875e+02
4.567568969726562500e+01
4.992318725585937500e+01
6.901155090332031250e+01
4.764976501464843750e+01
1.205569152832031250e+02
4.121257400512695312e+01
1.528197326660156250e+02
6.489451599121093750e+01
6.150462341308593750e+01
5.627413940429687500e+01
6.034269714355468750e+01
5.481827163696289062e+01
5.723474884033203125e+01
7.029045867919921875e+01
1.802877044677734375e+02
3.743685150146484375e+01
6.720434570312500000e+01
7.183544158935546875e+01
9.716322326660156250e+01
1.045502548217773438e+02
5.180777359008789062e+01
7.625525665283203125e+01
5.769926452636718750e+01
4.450321578979492188e+01
6.833363342285156250e+01
3.753631591796875000e+01
3.168425941467285156e+01
5.365682220458984375e+01
3.592117691040039062e+01
3.867591094970703125e+01
3.886420440673828125e+01
3.000000000000000000e+01
3.503753280639648438e+01
1.063710937500000000e+02
3.316273498535156250e+01
3.746401977539062500e+01
5.567327117919921875e+01
4.945941925048828125e+01
3.000000000000000000e+01
5.219837188720703125e+01
5.744002532958984375e+01
3.833689498901367188e+01
3.905721664428710938e+01
6.105725860595703125e+01
7.387888336181640625e+01
4.458525085449218750e+01
7.230986022949218750e+01
8.264820861816406250e+01
7.309577941894531250e+01
1.416980133056640625e+02
1.386690826416015625e+02
3.164533996582031250e+01
1.038163375854492188e+02
1.045563659667968750e+02
9.211962127685546875e+01
4.203982543945312500e+01
4.152411651611328125e+01
1.294208831787109375e+02
6.010530853271484375e+01
5.018289947509765625e+01
5.013077545166015625e+01
4.921963500976562500e+01
5.391216659545898438e+01
5.107418441772460938e+01
3.651069641113281250e+01
4.116708755493164062e+01
3.506665802001953125e+01
3.619058990478515625e+01
7.492715454101562500e+01
3.605296707153320312e+01
8.596072387695312500e+01
4.572308349609375000e+01
5.681324386596679688e+01
4.646206665039062500e+01
4.039745712280273438e+01
5.105080413818359375e+01
5.973414230346679688e+01
4.242608642578125000e+01
4.393584442138671875e+01
3.285092926025390625e+01
5.501809692382812500e+01
8.775780487060546875e+01
4.015730285644531250e+01
7.309577941894531250e+01
5.028578567504882812e+01
4.555704498291015625e+01
1.661106872558593750e+02
4.367763519287109375e+01
4.644333648681640625e+01
1.044797210693359375e+02
1.577705841064453125e+02
1.937940368652343750e+02
4.824154281616210938e+01
7.790281677246093750e+01
3.000000000000000000e+01
9.106904602050781250e+01
5.966998291015625000e+01
3.327874755859375000e+01
1.562193756103515625e+02
5.345997619628906250e+01
5.591376876831054688e+01
1.252549896240234375e+02
5.532302856445312500e+01
6.619764709472656250e+01
8.306747436523437500e+01
3.376823806762695312e+01
6.089290237426757812e+01
1.175927734375000000e+02
3.062734985351562500e+01
6.499040222167968750e+01
5.992730712890625000e+01
5.157928085327148438e+01
1.007406311035156250e+02
1.431503753662109375e+02
6.654028320312500000e+01
1.337480163574218750e+02
9.033295440673828125e+01
6.617692565917968750e+01
7.643048095703125000e+01
7.914333343505859375e+01
3.000000000000000000e+01
4.054981231689453125e+01
3.000000000000000000e+01
4.638222503662109375e+01
6.635488891601562500e+01
1.328831634521484375e+02
5.484723663330078125e+01
4.655503845214843750e+01
4.048283386230468750e+01
2.758248901367187500e+02
4.523355865478515625e+01
3.304170989990234375e+01
3.149122238159179688e+01
3.000000000000000000e+01
4.037188720703125000e+01
6.946093750000000000e+01
6.479228210449218750e+01
1.022114410400390625e+02
6.147001647949218750e+01
4.528449249267578125e+01
5.276457977294921875e+01
4.823699951171875000e+01
1.580871276855468750e+02
4.166925430297851562e+01
4.117464447021484375e+01
4.263978958129882812e+01
4.555042266845703125e+01
6.337273025512695312e+01
6.551457214355468750e+01
1.343169403076171875e+02
6.982759094238281250e+01
9.285314941406250000e+01
5.527658081054687500e+01
3.862747955322265625e+01
7.429624938964843750e+01
3.247082901000976562e+01
7.217723083496093750e+01
7.242292785644531250e+01
3.000000000000000000e+01
3.509206008911132812e+01
1.081949920654296875e+02
3.136870956420898438e+01
4.255255126953125000e+01
1.267990417480468750e+02
5.580585479736328125e+01
5.432344818115234375e+01
7.427663421630859375e+01
4.490068817138671875e+01
6.347052764892578125e+01
8.423189544677734375e+01
5.021313095092773438e+01
8.596072387695312500e+01
2.321702575683593750e+02
5.107418060302734375e+01
1.257183151245117188e+02
4.224610519409179688e+01
5.581548690795898438e+01
9.113934326171875000e+01
6.335226440429687500e+01
5.437698364257812500e+01
6.521737670898437500e+01
3.937471008300781250e+01
6.803273773193359375e+01
4.592524719238281250e+01
7.058143615722656250e+01
4.079042053222656250e+01
4.674158096313476562e+01
7.473040771484375000e+01
8.926118469238281250e+01
1.003827896118164062e+02
5.034194183349609375e+01
5.609252929687500000e+01
5.189875030517578125e+01
5.850601196289062500e+01
7.009671020507812500e+01
3.813117599487304688e+01
1.105050811767578125e+02
9.663619232177734375e+01
3.505646133422851562e+01
1.154676895141601562e+02
8.296812438964843750e+01
4.835796356201171875e+01
4.623159790039062500e+01
4.382737731933593750e+01
4.492514801025390625e+01
1.799414215087890625e+02
3.412826156616210938e+01
5.304346084594726562e+01
5.069840240478515625e+01
4.411246490478515625e+01
9.947752380371093750e+01
3.722649765014648438e+01
3.577291488647460938e+01
1.619204711914062500e+02
7.387888336181640625e+01
9.209967041015625000e+01
4.207382965087890625e+01
3.405437469482421875e+01
5.968000030517578125e+01
9.439523315429687500e+01
9.027583312988281250e+01
6.708985900878906250e+01
6.437061309814453125e+01
4.066402435302734375e+01
4.728501510620117188e+01
9.158860778808593750e+01
4.132557296752929688e+01
4.445906829833984375e+01
7.920186614990234375e+01
8.916125488281250000e+01
6.750640869140625000e+01
5.058530044555664062e+01
4.938744354248046875e+01
3.000000000000000000e+01
4.331705474853515625e+01
3.295910263061523438e+01
3.000000000000000000e+01
3.522443771362304688e+01
3.064410400390625000e+01
5.149653625488281250e+01
5.449686431884765625e+01
4.402114868164062500e+01
8.513332366943359375e+01
5.884008789062500000e+01
4.364898681640625000e+01
3.942948150634765625e+01
5.100946426391601562e+01
5.999416351318359375e+01
3.000000000000000000e+01
3.470188903808593750e+01
8.224173736572265625e+01
3.688912200927734375e+01
5.246065521240234375e+01
3.062070846557617188e+01
5.558425903320312500e+01
3.114919090270996094e+01
4.253051376342773438e+01
1.122133560180664062e+02
5.478779602050781250e+01
3.197752189636230469e+01
6.584290313720703125e+01
4.117464447021484375e+01
8.191372680664062500e+01
3.225934600830078125e+01
4.195168304443359375e+01
1.308844909667968750e+02
3.701844024658203125e+01
1.105684661865234375e+02
1.098400573730468750e+02
4.014129638671875000e+01
4.146534347534179688e+01
8.748339080810546875e+01
3.785206222534179688e+01
6.375251007080078125e+01
6.901155090332031250e+01
1.289856414794921875e+02
4.613536834716796875e+01
6.052462768554687500e+01
5.491189575195312500e+01
3.152640914916992188e+01
4.568112182617187500e+01
1.089587097167968750e+02
3.974095535278320312e+01
5.775685119628906250e+01
4.798816299438476562e+01
4.962306213378906250e+01
3.000000000000000000e+01
4.436494445800781250e+01
5.025695037841796875e+01
4.641190338134765625e+01
3.576413726806640625e+01
3.730820846557617188e+01
4.334949493408203125e+01
4.530508804321289062e+01
4.114286041259765625e+01
4.915220642089843750e+01
6.199633789062500000e+01
5.971419525146484375e+01
6.753726196289062500e+01
1.160602645874023438e+02
6.351457214355468750e+01
1.075297851562500000e+02
8.490286254882812500e+01
1.259568786621093750e+02
4.022124099731445312e+01
6.086787796020507812e+01
3.000000000000000000e+01
4.487911987304687500e+01
6.363027954101562500e+01
6.781150054931640625e+01
7.332935333251953125e+01
8.601500701904296875e+01
4.173193740844726562e+01
4.302593994140625000e+01
7.132427978515625000e+01
9.919084167480468750e+01
5.221574401855468750e+01
5.462059783935546875e+01
4.148232650756835938e+01
3.736626815795898438e+01
9.054305267333984375e+01
4.445071411132812500e+01
4.841664505004882812e+01
4.074213409423828125e+01
4.633110046386718750e+01
5.643056106567382812e+01
8.678673553466796875e+01
4.761679840087890625e+01
3.174456024169921875e+01
3.993941116333007812e+01
1.022114410400390625e+02
6.229106521606445312e+01
3.513306045532226562e+01
5.082590484619140625e+01
5.860202789306640625e+01
4.974164962768554688e+01
6.628239440917968750e+01
4.791320037841796875e+01
6.947135162353515625e+01
4.116003036499023438e+01
5.448628997802734375e+01
7.166194152832031250e+01
8.014826202392578125e+01
7.595250701904296875e+01
4.758003997802734375e+01
3.280622482299804688e+01
7.216088104248046875e+01
7.033757019042968750e+01
4.756882095336914062e+01
6.269726562500000000e+01
5.594834136962890625e+01
4.156850814819335938e+01
6.533660888671875000e+01
4.836318969726562500e+01
3.080292701721191406e+01
5.341098785400390625e+01
6.042593002319335938e+01
7.473040771484375000e+01
5.361410522460937500e+01
5.225485992431640625e+01
3.654715728759765625e+01
7.275028228759765625e+01
1.187043991088867188e+02
7.258882904052734375e+01
3.000000000000000000e+01
1.259568710327148438e+02
4.824153900146484375e+01
6.326502990722656250e+01
8.916125488281250000e+01
3.626081848144531250e+01
3.287902832031250000e+01
5.543485641479492188e+01
3.221570587158203125e+01
3.991807937622070312e+01
2.361666564941406250e+02
4.363396453857421875e+01
4.858029937744140625e+01
3.922245788574218750e+01
1.176627120971679688e+02
5.768241882324218750e+01
5.418925476074218750e+01
1.009555587768554688e+02
4.642429351806640625e+01
1.383590240478515625e+02
7.436349487304687500e+01
9.407064819335937500e+01
3.731781768798828125e+01
3.809392547607421875e+01
6.790906524658203125e+01
7.317675781250000000e+01
7.349833679199218750e+01
4.242608261108398438e+01
4.445946502685546875e+01
3.139212799072265625e+01
4.597771453857421875e+01
6.369634246826171875e+01
6.643476104736328125e+01
4.736862945556640625e+01
7.773991394042968750e+01
7.595367431640625000e+01
5.559391784667968750e+01
3.511535644531250000e+01
4.721246719360351562e+01
3.000000000000000000e+01
4.747121047973632812e+01
1.103067169189453125e+02
5.071070861816406250e+01
7.405432128906250000e+01
5.159119415283203125e+01
4.671949005126953125e+01
3.435781097412109375e+01
9.380297851562500000e+01
6.291513442993164062e+01
7.190431213378906250e+01
1.099816284179687500e+02
4.935525894165039062e+01
4.567287445068359375e+01
4.365410614013671875e+01
5.480152130126953125e+01
4.738347625732421875e+01
6.968299865722656250e+01
1.799414215087890625e+02
4.696395111083984375e+01
6.016909027099609375e+01
4.281207275390625000e+01
5.230117416381835938e+01
5.196557998657226562e+01
5.622374725341796875e+01
5.231023406982421875e+01
5.951226806640625000e+01
7.897645568847656250e+01
3.000000000000000000e+01
4.689963912963867188e+01
5.608561325073242188e+01
1.133207550048828125e+02
6.697555541992187500e+01
1.105684661865234375e+02
4.088941955566406250e+01
3.273745346069335938e+01
5.181512451171875000e+01
8.767546081542968750e+01
1.775880584716796875e+02
6.299163436889648438e+01
5.200289916992187500e+01
6.040700531005859375e+01
3.000000000000000000e+01
3.961043548583984375e+01
8.414149475097656250e+01
3.836400985717773438e+01
3.849180603027343750e+01
4.975133132934570312e+01
8.428105163574218750e+01
5.061489486694335938e+01
1.118873748779296875e+02
3.808777999877929688e+01
5.133489608764648438e+01
6.010530853271484375e+01
9.297308349609375000e+01
5.486933135986328125e+01
4.241884613037109375e+01
5.051405334472656250e+01
3.046200180053710938e+01
3.821765136718750000e+01
4.166925430297851562e+01
3.746134567260742188e+01
6.357421875000000000e+01
5.580585479736328125e+01
4.741469573974609375e+01
3.000000000000000000e+01
4.515968704223632812e+01
3.304170989990234375e+01
3.502786636352539062e+01
1.315835266113281250e+02
3.060618400573730469e+01
6.387865447998046875e+01
1.222068939208984375e+02
4.529274749755859375e+01
3.224725341796875000e+01
3.592428588867187500e+01
6.438397979736328125e+01
6.326378631591796875e+01
5.719776916503906250e+01
5.425326538085937500e+01
5.537649917602539062e+01
5.621669387817382812e+01
5.680548095703125000e+01
4.213306427001953125e+01
7.361082458496093750e+01
5.561934280395507812e+01
5.968000030517578125e+01
4.858119583129882812e+01
3.567086791992187500e+01
3.781344985961914062e+01
4.833980560302734375e+01
5.036670303344726562e+01
4.925589370727539062e+01
3.000000000000000000e+01
5.356966781616210938e+01
4.906488037109375000e+01
6.263610076904296875e+01
8.153407287597656250e+01
5.163579559326171875e+01
8.237426757812500000e+01
4.056023406982421875e+01
5.976895523071289062e+01
4.166671371459960938e+01
6.270892715454101562e+01
7.240898132324218750e+01
5.969027709960937500e+01
7.340075683593750000e+01
4.283343505859375000e+01
9.237077331542968750e+01
4.594153594970703125e+01
4.695748138427734375e+01
9.036277008056640625e+01
1.490147399902343750e+02
1.427320861816406250e+02
4.248175811767578125e+01
3.462036132812500000e+01
4.698487472534179688e+01
4.916999435424804688e+01
1.003827896118164062e+02
8.669712829589843750e+01
5.957855987548828125e+01
1.044735946655273438e+02
4.721246337890625000e+01
4.432469940185546875e+01
3.613130950927734375e+01
5.191835021972656250e+01
5.999448394775390625e+01
3.000000000000000000e+01
3.830868148803710938e+01
8.982565307617187500e+01
6.380790710449218750e+01
4.989434051513671875e+01
8.751335906982421875e+01
4.013018798828125000e+01
4.403107070922851562e+01
5.828156661987304688e+01
5.872374343872070312e+01
5.098056793212890625e+01
4.241884613037109375e+01
2.278096923828125000e+02
5.733072662353515625e+01
4.851204681396484375e+01
4.266227722167968750e+01
5.159660339355468750e+01
1.108067855834960938e+02
4.595212936401367188e+01
3.893339538574218750e+01
5.491678619384765625e+01
4.736862945556640625e+01
8.165174102783203125e+01
4.304629516601562500e+01
5.606648635864257812e+01
5.554212951660156250e+01
3.962760925292968750e+01
3.554270172119140625e+01
4.041656494140625000e+01
6.542869567871093750e+01
5.705109405517578125e+01
1.987854614257812500e+02
4.047177505493164062e+01
4.808729934692382812e+01
5.830079269409179688e+01
5.134902572631835938e+01
3.969100189208984375e+01
3.000000000000000000e+01
3.553607177734375000e+01
5.259405136108398438e+01
3.000000000000000000e+01
5.485247421264648438e+01
5.813171768188476562e+01
4.026548004150390625e+01
4.661684799194335938e+01
3.744253921508789062e+01
4.014129638671875000e+01
3.989012527465820312e+01
3.000000000000000000e+01
6.119169616699218750e+01
7.846543121337890625e+01
3.000000000000000000e+01
5.187202072143554688e+01
5.567327117919921875e+01
7.127695465087890625e+01
5.207635498046875000e+01
9.470870971679687500e+01
5.177977752685546875e+01
6.708985900878906250e+01
8.257269287109375000e+01
4.474488449096679688e+01
9.036276245117187500e+01
3.631427001953125000e+01
3.873131179809570312e+01
4.260562133789062500e+01
4.287394332885742188e+01
1.192494049072265625e+02
3.905778121948242188e+01
3.000000000000000000e+01
7.365766143798828125e+01
4.331427001953125000e+01
1.120035400390625000e+02
6.413340759277343750e+01
3.000830650329589844e+01
5.223234939575195312e+01
7.787391662597656250e+01
7.980016326904296875e+01
7.312496948242187500e+01
7.369171142578125000e+01
3.364912796020507812e+01
4.182979965209960938e+01
6.507241821289062500e+01
6.609024810791015625e+01
1.172488250732421875e+02
8.156207275390625000e+01
1.210156631469726562e+02
4.775510406494140625e+01
4.084306335449218750e+01
5.307162094116210938e+01
3.000000000000000000e+01
5.561416625976562500e+01
3.000000000000000000e+01
3.059722137451171875e+01
7.539511108398437500e+01
1.156294555664062500e+02
4.261138153076171875e+01
4.014566040039062500e+01
5.340779495239257812e+01
6.933423614501953125e+01
4.410032653808593750e+01
4.243372344970703125e+01
6.968299865722656250e+01
4.389758682250976562e+01
7.070042419433593750e+01
3.961043548583984375e+01
6.397556686401367188e+01
6.207083892822265625e+01
4.317987823486328125e+01
3.307505798339843750e+01
5.672461318969726562e+01
3.459244155883789062e+01
5.794894409179687500e+01
7.481370544433593750e+01
4.148460388183593750e+01
7.537288665771484375e+01
4.944125366210937500e+01
3.000000000000000000e+01
4.913725280761718750e+01
3.250775146484375000e+01
3.000000000000000000e+01
4.032847976684570312e+01
3.370862960815429688e+01
4.004706573486328125e+01
1.037991867065429688e+02
4.528449249267578125e+01
3.830644989013671875e+01
8.926118469238281250e+01
6.671121215820312500e+01
3.727253723144531250e+01
6.557989501953125000e+01
7.211848449707031250e+01
4.402115249633789062e+01
4.910970687866210938e+01
1.090476379394531250e+02
4.269702148437500000e+01
8.839484405517578125e+01
3.886380767822265625e+01
3.703200149536132812e+01
5.865544891357421875e+01
3.875331878662109375e+01
4.638531875610351562e+01
4.569629287719726562e+01
4.118951034545898438e+01
4.652239990234375000e+01
4.584743499755859375e+01
5.345997619628906250e+01
3.388015365600585938e+01
3.961593627929687500e+01
7.401156616210937500e+01
8.436828613281250000e+01
5.086046600341796875e+01
1.030574722290039062e+02
4.878145980834960938e+01
3.000000000000000000e+01
8.985759735107421875e+01
8.978155517578125000e+01
4.264871978759765625e+01
6.333845520019531250e+01
5.150425338745117188e+01
5.076137924194335938e+01
3.000000000000000000e+01
8.170808410644531250e+01
4.269081878662109375e+01
4.491499328613281250e+01
4.207382965087890625e+01
5.507407379150390625e+01
6.006452178955078125e+01
3.159152030944824219e+01
5.281028747558593750e+01
6.758638000488281250e+01
5.515708541870117188e+01
6.636882781982421875e+01
6.365114593505859375e+01
3.876236724853515625e+01
4.705820465087890625e+01
3.832772827148437500e+01
5.019911193847656250e+01
7.395329284667968750e+01
7.237451171875000000e+01
5.606648635864257812e+01
5.370499801635742188e+01
6.331269073486328125e+01
5.281028747558593750e+01
3.932880401611328125e+01
5.152185058593750000e+01
3.088299179077148438e+01
4.546421051025390625e+01
5.956369018554687500e+01
5.627043914794921875e+01
3.568280029296875000e+01
4.567568969726562500e+01
4.686929321289062500e+01
4.885970306396484375e+01
3.037298011779785156e+01
4.474575042724609375e+01
3.457463073730468750e+01
5.097574615478515625e+01
7.151036834716796875e+01
3.471968078613281250e+01
5.966872406005859375e+01
3.778920745849609375e+01
8.550792694091796875e+01
5.455712127685546875e+01
4.932607650756835938e+01
3.657633590698242188e+01
4.283685302734375000e+01
3.015694618225097656e+01
6.556486511230468750e+01
3.336302947998046875e+01
4.330759429931640625e+01
6.077546310424804688e+01
5.167037963867187500e+01
5.318056488037109375e+01
4.720600891113281250e+01
6.207626342773437500e+01
4.537835693359375000e+01
3.000000000000000000e+01
4.763497924804687500e+01
4.914101409912109375e+01
6.611914062500000000e+01
4.035344696044921875e+01
9.113934326171875000e+01
4.574166488647460938e+01
3.879776763916015625e+01
3.789411163330078125e+01
4.742942047119140625e+01
3.964835357666015625e+01
4.598387145996093750e+01
3.462036132812500000e+01
3.951334762573242188e+01
3.000000000000000000e+01
4.615551757812500000e+01
5.912699890136718750e+01
4.788604354858398438e+01
7.149282836914062500e+01
6.044176864624023438e+01
4.586842346191406250e+01
4.328075408935546875e+01
3.000000000000000000e+01
3.000897598266601562e+01
4.742942047119140625e+01
7.340075683593750000e+01
4.314100646972656250e+01
3.964890670776367188e+01
3.867365264892578125e+01
6.117672729492187500e+01
4.929420089721679688e+01
8.753946685791015625e+01
3.099098968505859375e+01
3.200082015991210938e+01
6.511264038085937500e+01
3.000000000000000000e+01
5.178843688964843750e+01
3.012517166137695312e+01
4.872032165527343750e+01
3.000000000000000000e+01
3.318817138671875000e+01
4.836485671997070312e+01
4.155661010742187500e+01
7.034377288818359375e+01
4.172493743896484375e+01
7.237451171875000000e+01
6.103328704833984375e+01
4.293067932128906250e+01
3.834490966796875000e+01
4.442349624633789062e+01
3.302568435668945312e+01
4.329608154296875000e+01
6.708685302734375000e+01
6.479228210449218750e+01
4.195167922973632812e+01
4.417751693725585938e+01
4.264266204833984375e+01
8.585781860351562500e+01
5.099378204345703125e+01
4.773648071289062500e+01
3.000000000000000000e+01
3.000000000000000000e+01
3.653197479248046875e+01
3.567086791992187500e+01
6.725965881347656250e+01
4.158431243896484375e+01
4.566664886474609375e+01
4.742795562744140625e+01
3.226000976562500000e+01
3.802704238891601562e+01
5.037200164794921875e+01
3.572016525268554688e+01
6.391440582275390625e+01
3.000000000000000000e+01
7.361578369140625000e+01
6.103329086303710938e+01
6.509130859375000000e+01
3.000000000000000000e+01
3.000000000000000000e+01
5.893431854248046875e+01
3.054080772399902344e+01
5.308518218994140625e+01
7.030676269531250000e+01
3.324602890014648438e+01
4.586701965332031250e+01
5.223882293701171875e+01
4.146534729003906250e+01
4.922798919677734375e+01
6.147001647949218750e+01
4.019002914428710938e+01
4.514558029174804688e+01
8.359465026855468750e+01
4.441189575195312500e+01
7.787391662597656250e+01
8.412982177734375000e+01
3.000000000000000000e+01
6.763957977294921875e+01
4.733426666259765625e+01
5.437698364257812500e+01
5.384036254882812500e+01
5.629554748535156250e+01
5.300234603881835938e+01
6.551457214355468750e+01
3.762309646606445312e+01
6.459974670410156250e+01
7.509135437011718750e+01
3.466884613037109375e+01
7.535047912597656250e+01
5.492641067504882812e+01
3.476129150390625000e+01
3.932491302490234375e+01
4.425111389160156250e+01
3.000000000000000000e+01
6.110094451904296875e+01
5.517797470092773438e+01
4.808729934692382812e+01
4.459254074096679688e+01
4.817239379882812500e+01
3.566504669189453125e+01
3.619108581542968750e+01
7.671868133544921875e+01
3.189114379882812500e+01
4.346767425537109375e+01
6.300088500976562500e+01
4.081538772583007812e+01
4.535363006591796875e+01
3.845890045166015625e+01
3.657633590698242188e+01
3.000000000000000000e+01
3.569553375244140625e+01
3.814373016357421875e+01
4.357098388671875000e+01
3.693109893798828125e+01
4.344372940063476562e+01
5.608561325073242188e+01
3.716637039184570312e+01
4.641190338134765625e+01
5.071911239624023438e+01
7.185421752929687500e+01
4.489763641357421875e+01
7.000393676757812500e+01
1.098958282470703125e+02
5.380786514282226562e+01
3.976436614990234375e+01
4.458588027954101562e+01
4.115242004394531250e+01
4.127461242675781250e+01
3.699716186523437500e+01
4.676759719848632812e+01
1.099816284179687500e+02
5.064162445068359375e+01
3.690139007568359375e+01
4.781751632690429688e+01
5.177500152587890625e+01
3.706093597412109375e+01
4.568112564086914062e+01
5.872373962402343750e+01
5.925080871582031250e+01
3.060618400573730469e+01
6.428241729736328125e+01
3.497812652587890625e+01
5.372642898559570312e+01
6.533660888671875000e+01
5.417177581787109375e+01
5.114186096191406250e+01
4.733351135253906250e+01
3.010440063476562500e+01
7.145214843750000000e+01
4.356490325927734375e+01
4.497298431396484375e+01
6.697555541992187500e+01
4.136137390136718750e+01
3.691603851318359375e+01
5.196557998657226562e+01
6.432960510253906250e+01
4.323635482788085938e+01
6.424604797363281250e+01
3.929822921752929688e+01
5.516152954101562500e+01
3.844031524658203125e+01
5.474625015258789062e+01
6.915449523925781250e+01
5.244693756103515625e+01
5.034316253662109375e+01
4.430817413330078125e+01
3.914636993408203125e+01
4.844430541992187500e+01
6.194454193115234375e+01
4.022124099731445312e+01
4.641819000244140625e+01
5.054921340942382812e+01
5.286314773559570312e+01
4.061410140991210938e+01
6.008945465087890625e+01
3.529066467285156250e+01
5.670263671875000000e+01
4.206103897094726562e+01
1.049302215576171875e+02
8.409764099121093750e+01
3.987499618530273438e+01
5.728667831420898438e+01
3.000000000000000000e+01
8.124127960205078125e+01
3.000000000000000000e+01
3.786940765380859375e+01
7.998349761962890625e+01
4.568432235717773438e+01
4.287762451171875000e+01
5.286157226562500000e+01
1.079038848876953125e+02
3.792297744750976562e+01
6.408783721923828125e+01
3.000000000000000000e+01
5.204026031494140625e+01
4.514424133300781250e+01
3.078670120239257812e+01
5.835161590576171875e+01
8.107162475585937500e+01
5.402767181396484375e+01
3.186211204528808594e+01
3.929674148559570312e+01
5.251594161987304688e+01
4.022863006591796875e+01
3.398439407348632812e+01
5.752933883666992188e+01
9.470870208740234375e+01
5.651247406005859375e+01
7.384322357177734375e+01
6.750108337402343750e+01
6.916728210449218750e+01
5.705046844482421875e+01
3.000000000000000000e+01
3.714866256713867188e+01
5.564189147949218750e+01
4.168612670898437500e+01
4.637720870971679688e+01
3.379005813598632812e+01
3.335592651367187500e+01
4.257053375244140625e+01
3.000000000000000000e+01
3.000000000000000000e+01
4.648500823974609375e+01
6.935458374023437500e+01
5.201596450805664062e+01
3.000000000000000000e+01
4.456469726562500000e+01
3.000000000000000000e+01
3.274269866943359375e+01
5.142921829223632812e+01
5.931193161010742188e+01
5.151630783081054688e+01
4.790407562255859375e+01
3.090484619140625000e+01
4.728501510620117188e+01
3.840279388427734375e+01
3.000000000000000000e+01
3.015694427490234375e+01
3.782332611083984375e+01
8.829113006591796875e+01
3.557691192626953125e+01
5.381664657592773438e+01
6.101519393920898438e+01
4.116922760009765625e+01
3.031316566467285156e+01
3.954972457885742188e+01
5.221406555175781250e+01
3.862747955322265625e+01
4.912515640258789062e+01
4.083768081665039062e+01
3.479311752319335938e+01
3.975691604614257812e+01
8.165174102783203125e+01
6.593138122558593750e+01
8.264820861816406250e+01
3.073198699951171875e+01
3.513820266723632812e+01
5.390560150146484375e+01
4.257053375244140625e+01
6.584568786621093750e+01
6.010074234008789062e+01
6.210559463500976562e+01
4.443278503417968750e+01
4.279844665527343750e+01
4.020970916748046875e+01
4.172211837768554688e+01
3.000000000000000000e+01
7.537681579589843750e+01
3.434963226318359375e+01
3.895256423950195312e+01
3.712904739379882812e+01
4.185496139526367188e+01
4.527939987182617188e+01
3.000000000000000000e+01
4.555704498291015625e+01
4.939139938354492188e+01
3.000000000000000000e+01
5.818584442138671875e+01
7.365766906738281250e+01
3.000000000000000000e+01
6.172143173217773438e+01
4.448640823364257812e+01
4.398970794677734375e+01
3.946786880493164062e+01
5.357525634765625000e+01
3.781689071655273438e+01
4.123477935791015625e+01
3.883985137939453125e+01
4.662248992919921875e+01
3.192135238647460938e+01
3.427947616577148438e+01
3.781687164306640625e+01
3.209443283081054688e+01
3.634665679931640625e+01
3.025417137145996094e+01
3.356126403808593750e+01
5.627460861206054688e+01
4.963183212280273438e+01
1.079038848876953125e+02
6.023119354248046875e+01
4.084546661376953125e+01
3.209739685058593750e+01
8.339038085937500000e+01
3.152640914916992188e+01
4.220613098144531250e+01
7.537680816650390625e+01
4.841544723510742188e+01
4.782338714599609375e+01
4.041512298583984375e+01
5.149653625488281250e+01
1.071524658203125000e+02
6.755377960205078125e+01
6.394619369506835938e+01
7.494223785400390625e+01
3.241145324707031250e+01
4.099605560302734375e+01
6.128361892700195312e+01
3.561854553222656250e+01
5.096097564697265625e+01
6.076781463623046875e+01
3.646529006958007812e+01
3.698863220214843750e+01
5.946459579467773438e+01
3.430525970458984375e+01
5.640771865844726562e+01
6.214306640625000000e+01
4.191947937011718750e+01
3.356469726562500000e+01
3.000000000000000000e+01
4.733426666259765625e+01
4.370573043823242188e+01
3.886037063598632812e+01
7.957183074951171875e+01
3.423845672607421875e+01
3.893634033203125000e+01
7.522560119628906250e+01
5.029439544677734375e+01
5.435116195678710938e+01
4.014475631713867188e+01
4.103510284423828125e+01
3.946749114990234375e+01
4.629905700683593750e+01
3.628483200073242188e+01
3.941603469848632812e+01
6.183934020996093750e+01
6.716925048828125000e+01
6.255608367919921875e+01
3.926318740844726562e+01
5.528865814208984375e+01
3.798039627075195312e+01
3.000000000000000000e+01
6.664089202880859375e+01
4.402780151367187500e+01
4.137522888183593750e+01
3.000000000000000000e+01
3.000000000000000000e+01
3.380227661132812500e+01
4.069871520996093750e+01
5.023940277099609375e+01
4.427438735961914062e+01
5.064162445068359375e+01
5.098056793212890625e+01
4.164184570312500000e+01
3.000000000000000000e+01
4.700992965698242188e+01
3.000000000000000000e+01
7.927944946289062500e+01
4.748402404785156250e+01
3.584503555297851562e+01
4.586635208129882812e+01
7.127695465087890625e+01
4.217847061157226562e+01
3.635131072998046875e+01
4.095642852783203125e+01
3.675755691528320312e+01
4.725715637207031250e+01
4.207484817504882812e+01
4.261611938476562500e+01
3.568099212646484375e+01
3.000000000000000000e+01
3.000000000000000000e+01
3.885108947753906250e+01
5.095730590820312500e+01
3.323436737060546875e+01
4.786564636230468750e+01
4.320561981201171875e+01
5.775846099853515625e+01
4.645294189453125000e+01
4.845649337768554688e+01
4.104507446289062500e+01
3.166372680664062500e+01
5.843621826171875000e+01
3.000000000000000000e+01
3.293211746215820312e+01
4.911212921142578125e+01
4.490314102172851562e+01
3.291510391235351562e+01
3.592074584960937500e+01
3.459376525878906250e+01
4.036609649658203125e+01
4.136146545410156250e+01
3.624428939819335938e+01
