5.035079956054687500e+01
6.416778564453125000e+01
4.322417449951171875e+01
3.905565643310546875e+01
5.828111267089843750e+01
7.782775878906250000e+01
3.000000000000000000e+01
1.164895629882812500e+02
6.110425567626953125e+01
1.070639190673828125e+02
4.916093444824218750e+01
1.518194732666015625e+02
5.181362152099609375e+01
4.181985473632812500e+01
3.000000000000000000e+01
7.370391845703125000e+01
6.022746276855468750e+01
4.190377426147460938e+01
4.424211883544921875e+01
1.214917907714843750e+02
3.658194732666015625e+01
8.216803741455078125e+01
3.000000000000000000e+01
4.937290191650390625e+01
6.121718978881835938e+01
7.995835113525390625e+01
4.009089279174804688e+01
6.809482574462890625e+01
2.012879028320312500e+02
6.227176666259765625e+01
7.215185546875000000e+01
6.039562225341796875e+01
5.617256927490234375e+01
1.381480712890625000e+02
1.000399017333984375e+02
6.938789367675781250e+01
6.633926391601562500e+01
5.071782684326171875e+01
4.290652465820312500e+01
8.088294219970703125e+01
3.405887603759765625e+01
3.928998565673828125e+01
5.524805450439453125e+01
4.516329956054687500e+01
3.000000000000000000e+01
4.114118957519531250e+01
5.673138046264648438e+01
6.172620391845703125e+01
1.282832336425781250e+02
5.829237365722656250e+01
4.519634628295898438e+01
3.000000000000000000e+01
5.918147277832031250e+01
4.225254058837890625e+01
8.726548767089843750e+01
5.311198043823242188e+01
7.872065734863281250e+01
4.926978302001953125e+01
6.371393966674804688e+01
6.046426391601562500e+01
5.290649414062500000e+01
8.275073242187500000e+01
4.134974288940429688e+01
6.755498504638671875e+01
8.932765960693359375e+01
5.281673431396484375e+01
6.267943572998046875e+01
3.000000000000000000e+01
4.771979522705078125e+01
6.346214294433593750e+01
6.505491638183593750e+01
4.043827438354492188e+01
1.410779571533203125e+02
4.902714538574218750e+01
7.119993591308593750e+01
6.616453552246093750e+01
4.790741348266601562e+01
4.321956634521484375e+01
4.407417297363281250e+01
7.033699035644531250e+01
3.725439453125000000e+01
6.022746276855468750e+01
4.767025375366210938e+01
8.084835815429687500e+01
7.884036254882812500e+01
4.656036376953125000e+01
3.537031936645507812e+01
4.784533691406250000e+01
5.181362152099609375e+01
5.933131790161132812e+01
5.213399124145507812e+01
4.960931015014648438e+01
6.911209106445312500e+01
5.329235839843750000e+01
1.172800216674804688e+02
1.024575424194335938e+02
5.335646438598632812e+01
4.169318389892578125e+01
1.011184997558593750e+02
4.688269424438476562e+01
8.712709045410156250e+01
7.467211914062500000e+01
1.432937316894531250e+02
4.398275756835937500e+01
4.578836822509765625e+01
7.188943481445312500e+01
3.347790908813476562e+01
5.646300888061523438e+01
4.999065399169921875e+01
3.910171508789062500e+01
4.168465423583984375e+01
4.489960098266601562e+01
6.945611572265625000e+01
8.449449157714843750e+01
4.213373565673828125e+01
4.020394515991210938e+01
9.678260040283203125e+01
4.727445602416992188e+01
6.900619506835937500e+01
5.236825942993164062e+01
4.499854278564453125e+01
5.468621063232421875e+01
5.037671661376953125e+01
3.942346572875976562e+01
4.026457595825195312e+01
4.650968933105468750e+01
7.589915466308593750e+01
6.043254470825195312e+01
4.497169494628906250e+01
5.740761566162109375e+01
5.085489273071289062e+01
9.123960113525390625e+01
7.664071655273437500e+01
5.747410964965820312e+01
6.377237701416015625e+01
5.117585372924804688e+01
9.879920196533203125e+01
4.532944488525390625e+01
4.102852630615234375e+01
7.575362396240234375e+01
5.011206817626953125e+01
1.063991622924804688e+02
7.156798553466796875e+01
5.135848617553710938e+01
7.625653076171875000e+01
5.036318969726562500e+01
1.059909286499023438e+02
1.088554382324218750e+02
7.104933166503906250e+01
1.404139556884765625e+02
6.420632934570312500e+01
7.730238342285156250e+01
4.679700469970703125e+01
8.578342437744140625e+01
5.801836013793945312e+01
1.027682113647460938e+02
4.297298431396484375e+01
1.108757629394531250e+02
4.742356491088867188e+01
6.396619415283203125e+01
3.811650466918945312e+01
6.233720016479492188e+01
5.334664535522460938e+01
4.909771347045898438e+01
6.521544647216796875e+01
4.493502807617187500e+01
6.354355621337890625e+01
4.987914276123046875e+01
3.669800567626953125e+01
1.396707305908203125e+02
5.381045150756835938e+01
4.216959381103515625e+01
3.290440750122070312e+01
3.000000000000000000e+01
4.801508331298828125e+01
7.208679199218750000e+01
4.474818420410156250e+01
4.051207351684570312e+01
6.448808288574218750e+01
5.428127288818359375e+01
5.929986190795898438e+01
5.738113784790039062e+01
6.982620239257812500e+01
5.931781387329101562e+01
4.614783477783203125e+01
5.532411193847656250e+01
3.000000000000000000e+01
7.161585998535156250e+01
5.721149826049804688e+01
4.554505920410156250e+01
5.657616043090820312e+01
6.403311920166015625e+01
6.109654235839843750e+01
5.145541381835937500e+01
5.846286773681640625e+01
5.990848159790039062e+01
4.765711593627929688e+01
6.819657135009765625e+01
1.082718734741210938e+02
7.177133178710937500e+01
5.382204437255859375e+01
8.984764099121093750e+01
6.841539001464843750e+01
3.000000000000000000e+01
6.641201019287109375e+01
4.609644699096679688e+01
6.330937576293945312e+01
8.154454803466796875e+01
1.436101226806640625e+02
4.171732330322265625e+01
4.907376480102539062e+01
8.678797912597656250e+01
4.779382324218750000e+01
4.106141281127929688e+01
3.841882324218750000e+01
3.838194656372070312e+01
5.566819763183593750e+01
5.453280639648437500e+01
4.840672683715820312e+01
4.469187164306640625e+01
3.888085937500000000e+01
7.022020721435546875e+01
9.547850799560546875e+01
4.044609832763671875e+01
5.211967468261718750e+01
3.000000000000000000e+01
5.462396240234375000e+01
9.954454040527343750e+01
5.876400756835937500e+01
8.339602661132812500e+01
3.632232284545898438e+01
4.985375213623046875e+01
5.296665954589843750e+01
5.184667968750000000e+01
4.267768478393554688e+01
6.145096588134765625e+01
4.285006713867187500e+01
5.315914154052734375e+01
6.923316955566406250e+01
5.636516571044921875e+01
4.450186920166015625e+01
1.189151458740234375e+02
7.312700653076171875e+01
6.761715698242187500e+01
8.934292602539062500e+01
4.401200103759765625e+01
5.952514266967773438e+01
1.198240509033203125e+02
1.609772338867187500e+02
6.077135467529296875e+01
5.538095855712890625e+01
3.797221755981445312e+01
5.748765182495117188e+01
9.955458831787109375e+01
4.399541854858398438e+01
6.839976501464843750e+01
4.832373809814453125e+01
3.993830108642578125e+01
3.428509521484375000e+01
1.564439697265625000e+02
3.784381866455078125e+01
6.156008529663085938e+01
5.711834716796875000e+01
4.049266815185546875e+01
1.427103881835937500e+02
5.566790771484375000e+01
1.304224548339843750e+02
7.121296691894531250e+01
5.130411911010742188e+01
7.765744781494140625e+01
5.871577835083007812e+01
6.012808990478515625e+01
6.761715698242187500e+01
6.916252136230468750e+01
1.052360153198242188e+02
3.000000000000000000e+01
5.543859100341796875e+01
7.528378295898437500e+01
9.358888244628906250e+01
8.501441955566406250e+01
5.980894088745117188e+01
5.929906463623046875e+01
6.329791259765625000e+01
4.125457763671875000e+01
6.696971130371093750e+01
3.586394882202148438e+01
4.902267456054687500e+01
5.324599838256835938e+01
3.491880035400390625e+01
4.364884948730468750e+01
4.259389114379882812e+01
5.307753753662109375e+01
3.000000000000000000e+01
9.690087127685546875e+01
6.149547576904296875e+01
3.439538574218750000e+01
5.598504638671875000e+01
5.090052032470703125e+01
3.794594192504882812e+01
5.809401321411132812e+01
5.856952667236328125e+01
3.000000000000000000e+01
3.826825332641601562e+01
6.851479339599609375e+01
7.378356170654296875e+01
4.116129302978515625e+01
7.904044342041015625e+01
7.405626678466796875e+01
7.137503051757812500e+01
9.167747497558593750e+01
1.204753036499023438e+02
4.288882064819335938e+01
1.036262054443359375e+02
7.305088043212890625e+01
9.564227294921875000e+01
4.262635803222656250e+01
3.541889572143554688e+01
1.044084472656250000e+02
6.240561294555664062e+01
1.011184997558593750e+02
4.862430572509765625e+01
4.703245162963867188e+01
4.385109710693359375e+01
4.621356964111328125e+01
3.614253616333007812e+01
4.468831634521484375e+01
3.887340164184570312e+01
4.049702453613281250e+01
1.410779571533203125e+02
3.432685089111328125e+01
8.387463378906250000e+01
4.750172805786132812e+01
5.605918884277343750e+01
4.158626556396484375e+01
4.270172882080078125e+01
5.118294525146484375e+01
8.319064331054687500e+01
5.337731552124023438e+01
3.000000000000000000e+01
3.742330169677734375e+01
5.770729446411132812e+01
8.763066101074218750e+01
3.803831481933593750e+01
7.137503051757812500e+01
4.442716217041015625e+01
4.872016906738281250e+01
1.267397308349609375e+02
4.611322784423828125e+01
3.373102188110351562e+01
8.612403869628906250e+01
1.377843627929687500e+02
1.528504028320312500e+02
6.349554824829101562e+01
8.275073242187500000e+01
4.468607330322265625e+01
8.549783325195312500e+01
6.107325744628906250e+01
3.606348800659179688e+01
1.031340103149414062e+02
5.046624755859375000e+01
7.052912902832031250e+01
1.204184875488281250e+02
8.025453186035156250e+01
6.857188415527343750e+01
7.936631774902343750e+01
3.321024322509765625e+01
7.034928131103515625e+01
1.125315551757812500e+02
3.756082153320312500e+01
4.211979675292968750e+01
6.380215835571289062e+01
5.399993133544921875e+01
1.005905303955078125e+02
1.461808471679687500e+02
7.507353210449218750e+01
1.036208572387695312e+02
7.251057434082031250e+01
6.227176666259765625e+01
8.233109283447265625e+01
7.116654205322265625e+01
3.658915328979492188e+01
3.216184616088867188e+01
4.125006866455078125e+01
5.708277893066406250e+01
5.327629852294921875e+01
7.312700653076171875e+01
4.919362258911132812e+01
5.197094726562500000e+01
6.128078079223632812e+01
2.774174804687500000e+02
4.516750717163085938e+01
5.285258865356445312e+01
3.948925781250000000e+01
3.000000000000000000e+01
4.147438430786132812e+01
6.681280517578125000e+01
6.587194824218750000e+01
8.203897094726562500e+01
7.737866210937500000e+01
4.568476104736328125e+01
4.851165771484375000e+01
5.042368698120117188e+01
1.463992309570312500e+02
4.173785018920898438e+01
4.744431304931640625e+01
7.163799285888671875e+01
3.337521743774414062e+01
5.786550140380859375e+01
7.555795288085937500e+01
1.540545043945312500e+02
6.939730072021484375e+01
8.079005432128906250e+01
6.660475158691406250e+01
5.512385940551757812e+01
7.093612670898437500e+01
4.071882247924804688e+01
7.465734100341796875e+01
1.142513427734375000e+02
5.546228790283203125e+01
4.141603088378906250e+01
8.077641296386718750e+01
3.000000000000000000e+01
4.031909179687500000e+01
1.150752563476562500e+02
7.013484191894531250e+01
6.350413513183593750e+01
6.725437164306640625e+01
4.333716583251953125e+01
6.500511169433593750e+01
8.916281127929687500e+01
4.934000015258789062e+01
8.387463378906250000e+01
1.911990509033203125e+02
4.621356964111328125e+01
1.065587310791015625e+02
5.066563034057617188e+01
5.519498443603515625e+01
8.009662628173828125e+01
6.809482574462890625e+01
5.395125579833984375e+01
6.741764831542968750e+01
3.464786911010742188e+01
5.474921417236328125e+01
5.206287384033203125e+01
5.949793243408203125e+01
4.027880096435546875e+01
6.061549758911132812e+01
5.897985458374023438e+01
1.869158630371093750e+02
9.410939025878906250e+01
4.883456802368164062e+01
4.679700469970703125e+01
4.771891784667968750e+01
5.279370498657226562e+01
7.316687011718750000e+01
3.000000000000000000e+01
7.906346130371093750e+01
1.063209533691406250e+02
5.771393585205078125e+01
1.150359344482421875e+02
9.743363952636718750e+01
6.102150344848632812e+01
5.140602111816406250e+01
4.948057556152343750e+01
4.610302734375000000e+01
2.108893432617187500e+02
3.737895202636718750e+01
5.750957489013671875e+01
4.800373077392578125e+01
4.160343170166015625e+01
9.623046875000000000e+01
4.085376358032226562e+01
3.933744430541992188e+01
1.403708801269531250e+02
7.378356170654296875e+01
7.310843658447265625e+01
5.350151824951171875e+01
4.698632812500000000e+01
6.075515747070312500e+01
7.338790130615234375e+01
7.226513671875000000e+01
7.302331542968750000e+01
7.171076202392578125e+01
3.632930755615234375e+01
5.787054443359375000e+01
1.000548400878906250e+02
5.318294525146484375e+01
4.106141281127929688e+01
6.321763610839843750e+01
1.076613159179687500e+02
6.075584030151367188e+01
5.830202865600585938e+01
4.390036010742187500e+01
3.000000000000000000e+01
3.910942840576171875e+01
3.000000000000000000e+01
4.688277435302734375e+01
5.895944213867187500e+01
5.663723754882812500e+01
4.589245605468750000e+01
5.003698730468750000e+01
4.440544128417968750e+01
7.460931396484375000e+01
5.686543273925781250e+01
4.265634918212890625e+01
4.009255218505859375e+01
5.258078002929687500e+01
4.989559555053710938e+01
3.000000000000000000e+01
3.552176666259765625e+01
8.222731781005859375e+01
3.658497619628906250e+01
5.804656600952148438e+01
3.192396545410156250e+01
5.771021270751953125e+01
4.339347076416015625e+01
3.000000000000000000e+01
1.361297760009765625e+02
6.783506011962890625e+01
4.830663299560546875e+01
7.823123931884765625e+01
4.744431304931640625e+01
7.983334350585937500e+01
5.627573394775390625e+01
5.700483322143554688e+01
1.096761627197265625e+02
4.378690338134765625e+01
1.429414978027343750e+02
9.024957275390625000e+01
3.563828659057617188e+01
5.716497039794921875e+01
8.430629730224609375e+01
5.430212783813476562e+01
6.276117706298828125e+01
5.711834716796875000e+01
1.904035034179687500e+02
4.411004638671875000e+01
6.500759887695312500e+01
4.911810302734375000e+01
4.971639251708984375e+01
5.161976623535156250e+01
9.285380554199218750e+01
4.112538146972656250e+01
8.263104248046875000e+01
4.200674438476562500e+01
4.765996932983398438e+01
5.039577865600585938e+01
4.045668029785156250e+01
4.409819412231445312e+01
4.005186462402343750e+01
3.784616851806640625e+01
3.430263137817382812e+01
4.062810516357421875e+01
4.633037185668945312e+01
3.960541534423828125e+01
4.706764221191406250e+01
5.633768081665039062e+01
5.646301269531250000e+01
6.672023010253906250e+01
1.436101379394531250e+02
8.088459777832031250e+01
1.169046173095703125e+02
8.261476135253906250e+01
1.015149841308593750e+02
3.692118453979492188e+01
6.836430358886718750e+01
5.316970825195312500e+01
4.795838928222656250e+01
5.927663040161132812e+01
7.718173217773437500e+01
7.169252777099609375e+01
5.830000305175781250e+01
4.213373565673828125e+01
4.634440612792968750e+01
6.110384368896484375e+01
9.426370239257812500e+01
4.702742004394531250e+01
5.440779876708984375e+01
4.416839599609375000e+01
3.846571731567382812e+01
9.144669342041015625e+01
5.213399124145507812e+01
4.817385101318359375e+01
4.294931793212890625e+01
5.043772506713867188e+01
7.655397033691406250e+01
9.931434631347656250e+01
3.993274688720703125e+01
3.706412506103515625e+01
3.846340179443359375e+01
8.203897094726562500e+01
7.409265899658203125e+01
4.901412200927734375e+01
4.793591690063476562e+01
6.347091674804687500e+01
4.398019027709960938e+01
5.539793395996093750e+01
5.095538330078125000e+01
6.469955444335937500e+01
3.961882781982421875e+01
9.514495849609375000e+01
5.461164093017578125e+01
7.718240356445312500e+01
7.007493591308593750e+01
4.019785308837890625e+01
3.590206909179687500e+01
5.458444595336914062e+01
7.065496826171875000e+01
4.600127410888671875e+01
6.585347747802734375e+01
5.616703796386718750e+01
4.758089447021484375e+01
5.762289428710937500e+01
4.867810440063476562e+01
3.381591796875000000e+01
5.172560119628906250e+01
6.444584655761718750e+01
5.897985458374023438e+01
5.442554473876953125e+01
5.660456848144531250e+01
3.675997161865234375e+01
7.175090026855468750e+01
1.102364654541015625e+02
6.080171966552734375e+01
4.499863433837890625e+01
1.015149765014648438e+02
6.349554443359375000e+01
6.562519073486328125e+01
1.076613159179687500e+02
4.191831588745117188e+01
3.692734146118164062e+01
7.990312957763671875e+01
3.000000000000000000e+01
4.192278289794921875e+01
1.571271972656250000e+02
4.664345550537109375e+01
3.000000000000000000e+01
4.927687072753906250e+01
1.314340820312500000e+02
8.999115753173828125e+01
4.879046630859375000e+01
1.359776916503906250e+02
4.570227813720703125e+01
1.138232421875000000e+02
7.829251861572265625e+01
1.147844543457031250e+02
6.393857955932617188e+01
3.665098571777343750e+01
8.806862640380859375e+01
7.291646575927734375e+01
7.317735290527343750e+01
5.337731552124023438e+01
5.101934814453125000e+01
3.000000000000000000e+01
4.748244857788085938e+01
5.238402938842773438e+01
4.781342697143554688e+01
4.853393554687500000e+01
6.854498291015625000e+01
8.041537475585937500e+01
4.863335800170898438e+01
3.272612380981445312e+01
4.821359252929687500e+01
3.367614746093750000e+01
4.525772476196289062e+01
1.202967300415039062e+02
6.286251449584960938e+01
8.999578857421875000e+01
5.272156143188476562e+01
4.834114456176757812e+01
3.363721847534179688e+01
1.063991622924804688e+02
5.936557006835937500e+01
7.613853454589843750e+01
9.345381927490234375e+01
6.106863021850585938e+01
4.190726470947265625e+01
3.772064208984375000e+01
5.479664993286132812e+01
5.742607116699218750e+01
6.391587448120117188e+01
2.108893432617187500e+02
4.863920593261718750e+01
7.646738433837890625e+01
7.747531890869140625e+01
7.570629882812500000e+01
3.913351821899414062e+01
5.102065277099609375e+01
5.255776977539062500e+01
6.491961669921875000e+01
7.597651672363281250e+01
3.220470046997070312e+01
4.679969787597656250e+01
6.671232604980468750e+01
9.461267852783203125e+01
5.053712081909179688e+01
1.429414978027343750e+02
6.923907470703125000e+01
3.577891159057617188e+01
4.525437545776367188e+01
6.169889068603515625e+01
1.550559234619140625e+02
9.037487792968750000e+01
4.956607437133789062e+01
8.495880126953125000e+01
3.000000000000000000e+01
4.581768417358398438e+01
9.784873199462890625e+01
3.793732452392578125e+01
4.246964263916015625e+01
7.413314819335937500e+01
8.650750732421875000e+01
4.961497497558593750e+01
1.049195709228515625e+02
3.999284744262695312e+01
5.140942382812500000e+01
6.240561294555664062e+01
8.643929290771484375e+01
7.408946228027343750e+01
4.361972808837890625e+01
4.402046203613281250e+01
4.044311523437500000e+01
3.255700683593750000e+01
4.173785018920898438e+01
4.408301162719726562e+01
7.146308135986328125e+01
7.013484954833984375e+01
3.657011413574218750e+01
5.288752746582031250e+01
4.198396682739257812e+01
5.285258865356445312e+01
5.058835983276367188e+01
9.802770996093750000e+01
3.000000000000000000e+01
6.649206542968750000e+01
8.151776885986328125e+01
5.171252059936523438e+01
3.000000000000000000e+01
4.324425506591796875e+01
6.396619415283203125e+01
7.124250030517578125e+01
5.476091003417968750e+01
6.191820526123046875e+01
5.703507232666015625e+01
7.488076782226562500e+01
5.473015594482421875e+01
4.069623565673828125e+01
5.997087478637695312e+01
6.014913940429687500e+01
6.075515747070312500e+01
6.092901229858398438e+01
4.253978347778320312e+01
6.084317016601562500e+01
5.314208221435546875e+01
6.048014450073242188e+01
5.035447692871093750e+01
3.794594192504882812e+01
4.776577758789062500e+01
4.316651535034179688e+01
6.999025726318359375e+01
7.389556884765625000e+01
5.227451324462890625e+01
7.883304595947265625e+01
4.264494323730468750e+01
5.636516571044921875e+01
6.298435211181640625e+01
5.199198150634765625e+01
6.739606475830078125e+01
6.609336853027343750e+01
6.927555084228515625e+01
4.014669036865234375e+01
7.999710845947265625e+01
5.954125213623046875e+01
4.944764709472656250e+01
9.593533325195312500e+01
1.214917907714843750e+02
1.292608947753906250e+02
4.327171325683593750e+01
3.000000000000000000e+01
4.920957183837890625e+01
6.256676864624023438e+01
9.410939025878906250e+01
8.193447113037109375e+01
6.737162017822265625e+01
1.007512588500976562e+02
4.821359252929687500e+01
5.019723510742187500e+01
3.000000000000000000e+01
5.365328598022460938e+01
5.910273742675781250e+01
3.469815826416015625e+01
4.176208496093750000e+01
7.751194763183593750e+01
4.831954574584960938e+01
4.260012435913085938e+01
8.670290374755859375e+01
4.690016174316406250e+01
5.676584625244140625e+01
6.346214294433593750e+01
6.349802780151367188e+01
4.168228530883789062e+01
4.361972808837890625e+01
1.952562866210937500e+02
8.235801696777343750e+01
4.329729080200195312e+01
5.212542343139648438e+01
5.377692794799804688e+01
1.170400238037109375e+02
4.052790069580078125e+01
4.962055206298828125e+01
6.424558258056640625e+01
4.853393554687500000e+01
7.333111572265625000e+01
5.033498001098632812e+01
5.512773513793945312e+01
6.559906005859375000e+01
6.188012313842773438e+01
4.996362686157226562e+01
4.187429809570312500e+01
5.977161407470703125e+01
5.619336700439453125e+01
1.693490295410156250e+02
5.743483352661132812e+01
4.995226287841796875e+01
6.094879913330078125e+01
5.911466598510742188e+01
4.451456451416015625e+01
7.276426696777343750e+01
5.940233612060546875e+01
5.475756835937500000e+01
5.072678756713867188e+01
6.096794128417968750e+01
5.360874557495117188e+01
3.750125885009765625e+01
4.497880554199218750e+01
5.599667358398437500e+01
3.563828659057617188e+01
4.568775558471679688e+01
3.658776855468750000e+01
7.688620758056640625e+01
5.854255676269531250e+01
3.000000000000000000e+01
5.084347534179687500e+01
5.598505020141601562e+01
9.623817443847656250e+01
7.740067291259765625e+01
9.384101867675781250e+01
4.281377410888671875e+01
7.302331542968750000e+01
8.100473785400390625e+01
4.082384490966796875e+01
9.593533325195312500e+01
3.764468765258789062e+01
4.650529861450195312e+01
3.968395233154296875e+01
4.406433868408203125e+01
1.164679260253906250e+02
5.868036651611328125e+01
3.693481445312500000e+01
6.630175781250000000e+01
4.579521560668945312e+01
1.104045639038085938e+02
6.699273681640625000e+01
4.671302032470703125e+01
5.157341003417968750e+01
9.091004943847656250e+01
8.029917907714843750e+01
7.229300689697265625e+01
5.320500183105468750e+01
3.378073883056640625e+01
5.102236175537109375e+01
5.271555328369140625e+01
6.022465515136718750e+01
1.223527526855468750e+02
8.762283325195312500e+01
1.577256622314453125e+02
5.427776718139648438e+01
4.097272491455078125e+01
5.847196197509765625e+01
3.371629333496093750e+01
6.758940124511718750e+01
3.003173065185546875e+01
3.000000000000000000e+01
5.866191864013671875e+01
1.200483551025390625e+02
5.408711242675781250e+01
3.000000000000000000e+01
6.352179718017578125e+01
6.072323608398437500e+01
4.178923797607421875e+01
4.219104766845703125e+01
6.391587448120117188e+01
4.131417846679687500e+01
7.594568634033203125e+01
4.581768035888671875e+01
5.999954605102539062e+01
5.373748016357421875e+01
4.139227294921875000e+01
4.843745422363281250e+01
4.970006942749023438e+01
4.264629364013671875e+01
6.946606445312500000e+01
7.500807189941406250e+01
5.098471832275390625e+01
8.934292602539062500e+01
5.740947341918945312e+01
3.159158706665039062e+01
5.512516021728515625e+01
4.347000122070312500e+01
3.851693344116210938e+01
4.368436431884765625e+01
4.002605438232421875e+01
3.946653366088867188e+01
7.535929107666015625e+01
4.568476104736328125e+01
3.966759490966796875e+01
1.869158630371093750e+02
7.899959564208984375e+01
4.020493316650390625e+01
5.664484405517578125e+01
7.932450103759765625e+01
4.440544128417968750e+01
5.574728012084960938e+01
1.066985626220703125e+02
4.706379318237304688e+01
7.638996887207031250e+01
4.407417297363281250e+01
3.305442047119140625e+01
5.933131790161132812e+01
6.279878997802734375e+01
5.091873168945312500e+01
5.777618789672851562e+01
4.732786560058593750e+01
5.262914657592773438e+01
4.495365142822265625e+01
5.046624374389648438e+01
4.100225067138671875e+01
4.158639144897460938e+01
6.334948730468750000e+01
7.706523132324218750e+01
4.299798583984375000e+01
8.735581207275390625e+01
4.535251235961914062e+01
3.419202804565429688e+01
6.787626647949218750e+01
6.909595489501953125e+01
4.267624282836914062e+01
4.864641571044921875e+01
3.000000000000000000e+01
4.938108825683593750e+01
3.000000000000000000e+01
8.456904602050781250e+01
4.906098937988281250e+01
4.217946624755859375e+01
5.350151824951171875e+01
5.402798461914062500e+01
5.533309173583984375e+01
3.115531921386718750e+01
5.008441162109375000e+01
5.515604400634765625e+01
5.236825561523437500e+01
7.622016906738281250e+01
7.321193695068359375e+01
3.724195098876953125e+01
5.356800079345703125e+01
3.535817718505859375e+01
5.360061264038085938e+01
7.589915466308593750e+01
7.389043426513671875e+01
5.512773513793945312e+01
5.251370239257812500e+01
5.886804199218750000e+01
5.008441543579101562e+01
4.560512924194335938e+01
5.111337661743164062e+01
3.000000000000000000e+01
4.447714996337890625e+01
5.469686126708984375e+01
6.194483947753906250e+01
4.447998046875000000e+01
3.784381866455078125e+01
5.588943862915039062e+01
7.673898315429687500e+01
3.557625198364257812e+01
5.708740615844726562e+01
3.736345672607421875e+01
7.170458984375000000e+01
6.265165710449218750e+01
4.290490722656250000e+01
6.553001403808593750e+01
3.667990875244140625e+01
6.951168823242187500e+01
6.277684783935546875e+01
5.365106201171875000e+01
4.910575103759765625e+01
4.156903076171875000e+01
8.812319946289062500e+01
6.752062988281250000e+01
5.067858886718750000e+01
4.079638290405273438e+01
7.356704711914062500e+01
6.521294403076171875e+01
5.382204437255859375e+01
3.800131225585937500e+01
8.488243865966796875e+01
4.443526458740234375e+01
4.446794509887695312e+01
4.549961471557617188e+01
4.938540267944335938e+01
6.138364028930664062e+01
3.158478164672851562e+01
8.009662628173828125e+01
6.200400543212890625e+01
4.907376480102539062e+01
4.060235595703125000e+01
5.294859313964843750e+01
5.450564575195312500e+01
6.516567993164062500e+01
3.000000000000000000e+01
3.770126342773437500e+01
3.292990875244140625e+01
4.008592224121093750e+01
7.367562866210937500e+01
5.071782684326171875e+01
6.935261535644531250e+01
7.309874725341796875e+01
5.265927505493164062e+01
4.322346878051757812e+01
3.809455490112304688e+01
3.000000000000000000e+01
5.294859313964843750e+01
6.927555084228515625e+01
4.393665313720703125e+01
5.599862670898437500e+01
3.319025802612304688e+01
7.806849670410156250e+01
6.217768096923828125e+01
7.057892608642578125e+01
5.089122009277343750e+01
3.112879371643066406e+01
7.690808868408203125e+01
3.529024505615234375e+01
6.762387084960937500e+01
3.077785110473632812e+01
6.072476577758789062e+01
4.263001251220703125e+01
3.000000000000000000e+01
4.917205429077148438e+01
5.290251922607421875e+01
8.292314910888671875e+01
4.481544494628906250e+01
7.389043426513671875e+01
5.387474822998046875e+01
4.097454833984375000e+01
3.724774551391601562e+01
4.844300079345703125e+01
4.120074844360351562e+01
4.438776779174804688e+01
6.714546203613281250e+01
6.587194824218750000e+01
5.700483322143554688e+01
4.287903594970703125e+01
4.508472061157226562e+01
6.757852935791015625e+01
5.318859100341796875e+01
6.523665618896484375e+01
4.296430969238281250e+01
3.734256744384765625e+01
4.051985931396484375e+01
4.253978347778320312e+01
5.817627716064453125e+01
4.687997436523437500e+01
4.091776657104492188e+01
5.516044616699218750e+01
3.915610885620117188e+01
3.318981933593750000e+01
4.311986541748046875e+01
3.561395645141601562e+01
5.411334228515625000e+01
5.908136749267578125e+01
7.575362396240234375e+01
5.387474822998046875e+01
6.984542846679687500e+01
3.000000000000000000e+01
4.688431167602539062e+01
5.931304931640625000e+01
3.000000000000000000e+01
4.911888122558593750e+01
7.437734222412109375e+01
3.000000000000000000e+01
7.163471984863281250e+01
5.174228668212890625e+01
5.716496658325195312e+01
4.347135925292968750e+01
7.737865447998046875e+01
3.000000000000000000e+01
3.839597702026367188e+01
7.638040161132812500e+01
4.834358596801757812e+01
9.091004943847656250e+01
7.413719177246093750e+01
3.000000000000000000e+01
7.406046295166015625e+01
6.205596160888671875e+01
5.395125579833984375e+01
4.907153320312500000e+01
5.516863632202148438e+01
6.145096588134765625e+01
7.555796051025390625e+01
6.021482849121093750e+01
5.565610122680664062e+01
7.935745239257812500e+01
4.694773101806640625e+01
8.911250305175781250e+01
3.480100631713867188e+01
3.859063339233398438e+01
3.972788238525390625e+01
5.794074249267578125e+01
3.638027954101562500e+01
6.613708496093750000e+01
5.071755981445312500e+01
4.995225906372070312e+01
4.050683593750000000e+01
5.294953918457031250e+01
3.442615127563476562e+01
4.642751312255859375e+01
7.330464172363281250e+01
4.142921447753906250e+01
3.354739379882812500e+01
5.488354873657226562e+01
4.847478485107421875e+01
4.688631439208984375e+01
5.511661529541015625e+01
4.910574722290039062e+01
3.000000000000000000e+01
3.598614501953125000e+01
4.985882186889648438e+01
5.067669296264648438e+01
3.000000000000000000e+01
4.563664245605468750e+01
6.671232604980468750e+01
3.359254074096679688e+01
4.005186462402343750e+01
4.870478439331054688e+01
6.553684234619140625e+01
5.557484436035156250e+01
7.545326232910156250e+01
1.078465194702148438e+02
5.283930969238281250e+01
4.216959381103515625e+01
4.803145980834960938e+01
5.437555694580078125e+01
3.000000000000000000e+01
4.314505004882812500e+01
6.895528411865234375e+01
9.345381927490234375e+01
5.712306213378906250e+01
3.586382675170898438e+01
4.691728973388671875e+01
5.917984771728515625e+01
4.127590942382812500e+01
5.161977005004882812e+01
6.349802780151367188e+01
5.601278686523437500e+01
3.000000000000000000e+01
6.119698333740234375e+01
3.428781509399414062e+01
5.782638931274414062e+01
5.762289428710937500e+01
4.725324249267578125e+01
5.103128051757812500e+01
4.149799346923828125e+01
3.533356857299804688e+01
6.483669281005859375e+01
5.195370864868164062e+01
4.603686523437500000e+01
5.053712463378906250e+01
3.931583023071289062e+01
4.290532684326171875e+01
3.913351821899414062e+01
4.430952453613281250e+01
3.000000000000000000e+01
7.877225494384765625e+01
4.047660064697265625e+01
5.146211242675781250e+01
4.101361083984375000e+01
3.785250473022460938e+01
7.088643646240234375e+01
7.088391113281250000e+01
5.506705856323242188e+01
3.964737319946289062e+01
3.816014862060546875e+01
4.918905639648437500e+01
5.416926956176757812e+01
3.692118453979492188e+01
4.571463394165039062e+01
5.292499160766601562e+01
6.313935470581054688e+01
5.154360961914062500e+01
5.262165832519531250e+01
4.748627471923828125e+01
8.135398864746093750e+01
4.123829650878906250e+01
8.506323242187500000e+01
8.044440460205078125e+01
5.610536193847656250e+01
4.528989410400390625e+01
4.516484451293945312e+01
7.063783264160156250e+01
6.267858886718750000e+01
4.539797210693359375e+01
6.742845153808593750e+01
4.735627746582031250e+01
4.482480239868164062e+01
5.579188537597656250e+01
7.867097473144531250e+01
4.571833801269531250e+01
5.426374435424804688e+01
3.000000000000000000e+01
6.361876296997070312e+01
3.937987899780273438e+01
4.017045593261718750e+01
4.505355072021484375e+01
1.071864776611328125e+02
4.975702285766601562e+01
5.238884353637695312e+01
3.180609130859375000e+01
6.037671661376953125e+01
4.706615447998046875e+01
4.793195724487304688e+01
4.961576080322265625e+01
9.384101867675781250e+01
5.306961441040039062e+01
5.681256103515625000e+01
7.670701599121093750e+01
6.578759765625000000e+01
6.061907196044921875e+01
3.000000000000000000e+01
4.077384185791015625e+01
5.181025695800781250e+01
3.794984436035156250e+01
3.978105545043945312e+01
3.879254913330078125e+01
4.080750656127929688e+01
3.407712173461914062e+01
3.088366699218750000e+01
3.523625183105468750e+01
4.565324020385742188e+01
6.544909667968750000e+01
4.814908218383789062e+01
3.605616760253906250e+01
4.203710937500000000e+01
3.050369644165039062e+01
3.000000000000000000e+01
4.913526916503906250e+01
7.156798553466796875e+01
4.464936828613281250e+01
4.181985473632812500e+01
3.000000000000000000e+01
5.787054443359375000e+01
5.871395111083984375e+01
3.000000000000000000e+01
8.812319946289062500e+01
4.435918426513671875e+01
9.714786529541015625e+01
4.272847747802734375e+01
5.606784057617187500e+01
6.441618347167968750e+01
3.877522277832031250e+01
3.337132263183593750e+01
4.387126922607421875e+01
4.485725021362304688e+01
5.512385940551757812e+01
4.426540756225585938e+01
4.553105545043945312e+01
5.374449539184570312e+01
4.471654510498046875e+01
7.333111572265625000e+01
8.010250091552734375e+01
7.405626678466796875e+01
5.088269424438476562e+01
5.453405761718750000e+01
5.800381851196289062e+01
3.407712554931640625e+01
6.018442535400390625e+01
5.893018722534179688e+01
5.739611053466796875e+01
5.475463867187500000e+01
4.734086990356445312e+01
5.156056594848632812e+01
4.092178344726562500e+01
4.000837707519531250e+01
7.781446838378906250e+01
3.477334594726562500e+01
4.336997222900390625e+01
3.647261047363281250e+01
3.851367187500000000e+01
4.999987792968750000e+01
3.000000000000000000e+01
4.872016906738281250e+01
3.121905708312988281e+01
3.140709495544433594e+01
5.931781387329101562e+01
6.630175781250000000e+01
3.000000000000000000e+01
6.011908340454101562e+01
4.739072799682617188e+01
4.029374694824218750e+01
4.137318801879882812e+01
5.657862472534179688e+01
5.140503311157226562e+01
4.270532226562500000e+01
4.201478195190429688e+01
5.316491317749023438e+01
4.957416534423828125e+01
5.849964904785156250e+01
4.338311767578125000e+01
3.642169570922851562e+01
4.080347061157226562e+01
4.070794677734375000e+01
3.575989913940429688e+01
5.267315292358398438e+01
5.207328414916992188e+01
7.867097473144531250e+01
6.058629608154296875e+01
3.009399795532226562e+01
3.342484283447265625e+01
8.960527038574218750e+01
4.971639251708984375e+01
4.110988235473632812e+01
7.781446838378906250e+01
5.093194198608398438e+01
4.599157714843750000e+01
3.770941925048828125e+01
4.589245986938476562e+01
1.127082672119140625e+02
8.380680847167968750e+01
5.407313156127929688e+01
1.009832534790039062e+02
4.398275756835937500e+01
3.000000000000000000e+01
6.987916564941406250e+01
4.402681350708007812e+01
5.166902160644531250e+01
6.574398803710937500e+01
3.118711662292480469e+01
3.237963485717773438e+01
5.487479782104492188e+01
3.992735290527343750e+01
4.056729888916015625e+01
6.089390945434570312e+01
4.499242019653320312e+01
3.789580917358398438e+01
4.499863433837890625e+01
6.205596160888671875e+01
3.805551147460937500e+01
3.654881668090820312e+01
8.067742919921875000e+01
5.013110733032226562e+01
3.000000000000000000e+01
6.785755920410156250e+01
5.012551116943359375e+01
3.719456863403320312e+01
3.640204620361328125e+01
4.693198013305664062e+01
4.867918395996093750e+01
3.723706436157226562e+01
3.942325973510742188e+01
4.202841949462890625e+01
6.292033386230468750e+01
5.672657775878906250e+01
4.328419494628906250e+01
3.826604843139648438e+01
3.880669403076171875e+01
4.032535552978515625e+01
3.754547500610351562e+01
6.983984375000000000e+01
4.960219573974609375e+01
4.868684768676757812e+01
3.897288894653320312e+01
3.617317581176757812e+01
3.020865631103515625e+01
3.000000000000000000e+01
5.467007446289062500e+01
4.250437164306640625e+01
5.712306213378906250e+01
4.168228530883789062e+01
4.461354064941406250e+01
5.160172653198242188e+01
4.893276977539062500e+01
5.078318786621093750e+01
7.282662963867187500e+01
4.909083938598632812e+01
4.552817153930664062e+01
4.053023147583007812e+01
9.623817443847656250e+01
4.990767669677734375e+01
3.514408874511718750e+01
3.000000000000000000e+01
5.674927520751953125e+01
6.701008605957031250e+01
4.443969726562500000e+01
4.684279632568359375e+01
3.092360305786132812e+01
3.704461288452148438e+01
4.306229019165039062e+01
4.008210754394531250e+01
4.704524230957031250e+01
4.876421737670898438e+01
6.300417709350585938e+01
4.535268783569335938e+01
5.364702606201171875e+01
4.452708435058593750e+01
5.239376831054687500e+01
6.771517944335937500e+01
3.061447334289550781e+01
4.273530197143554688e+01
3.180628967285156250e+01
3.659378433227539062e+01
4.779009628295898438e+01
4.929055023193359375e+01
3.371622467041015625e+01
4.826526260375976562e+01
3.077209472656250000e+01
4.528561019897460938e+01
4.566294097900390625e+01
3.489524841308593750e+01
