4.952692413330078125e+01
6.229259109497070312e+01
3.702231979370117188e+01
4.067960357666015625e+01
6.465229034423828125e+01
6.427552032470703125e+01
4.254123687744140625e+01
5.481000518798828125e+01
6.179207229614257812e+01
1.327937316894531250e+02
5.153663253784179688e+01
1.191710052490234375e+02
5.297974014282226562e+01
5.041320037841796875e+01
3.028904914855957031e+01
6.733538818359375000e+01
7.004417419433593750e+01
4.304379272460937500e+01
4.263599014282226562e+01
1.461262817382812500e+02
3.789439392089843750e+01
9.352116394042968750e+01
3.138297271728515625e+01
3.038677597045898438e+01
3.194993972778320312e+01
7.025752258300781250e+01
3.000000000000000000e+01
5.719212341308593750e+01
1.749736328125000000e+02
5.557011795043945312e+01
5.398176574707031250e+01
4.645566558837890625e+01
3.573253631591796875e+01
1.099961090087890625e+02
6.517692565917968750e+01
7.017900085449218750e+01
6.623028564453125000e+01
5.339305877685546875e+01
4.478298187255859375e+01
3.869543457031250000e+01
3.106061172485351562e+01
4.314611816406250000e+01
5.467316436767578125e+01
4.636667251586914062e+01
4.100315856933593750e+01
4.393360519409179688e+01
4.136655044555664062e+01
6.414454650878906250e+01
1.244289550781250000e+02
4.732157516479492188e+01
4.349348449707031250e+01
3.725974655151367188e+01
8.626835632324218750e+01
3.872917556762695312e+01
1.191614379882812500e+02
4.552753448486328125e+01
5.548327636718750000e+01
5.261969375610351562e+01
6.468598937988281250e+01
7.820915222167968750e+01
5.160413742065429688e+01
8.502593994140625000e+01
4.416461181640625000e+01
9.612171936035156250e+01
9.844241333007812500e+01
5.460391616821289062e+01
5.027797317504882812e+01
3.000000000000000000e+01
4.701941299438476562e+01
5.551707458496093750e+01
6.259269714355468750e+01
3.153736114501953125e+01
8.818965911865234375e+01
3.155890274047851562e+01
6.393531036376953125e+01
4.304003906250000000e+01
3.697454071044921875e+01
4.254963684082031250e+01
3.932838821411132812e+01
6.247287368774414062e+01
3.816708374023437500e+01
7.004417419433593750e+01
5.285815429687500000e+01
1.234645004272460938e+02
9.870175170898437500e+01
3.882276916503906250e+01
4.523375320434570312e+01
4.765261840820312500e+01
5.297974395751953125e+01
5.601353454589843750e+01
4.102333831787109375e+01
5.575153350830078125e+01
6.602716064453125000e+01
5.027465820312500000e+01
1.034670639038085938e+02
9.220128631591796875e+01
6.473764038085937500e+01
3.829034423828125000e+01
5.820743179321289062e+01
3.695914459228515625e+01
9.293959808349609375e+01
5.282795715332031250e+01
1.536833801269531250e+02
3.000000000000000000e+01
4.740145874023437500e+01
8.816317749023437500e+01
3.219879150390625000e+01
5.716471862792968750e+01
5.200601577758789062e+01
4.950542449951171875e+01
3.838193893432617188e+01
3.000000000000000000e+01
6.789448547363281250e+01
1.230259170532226562e+02
4.296976852416992188e+01
4.056329345703125000e+01
9.235726928710937500e+01
4.321975326538085938e+01
7.405532073974609375e+01
5.634383392333984375e+01
5.115986251831054688e+01
5.870910644531250000e+01
3.496221160888671875e+01
4.077643585205078125e+01
4.211385726928710938e+01
4.606281661987304688e+01
7.946606445312500000e+01
5.458086013793945312e+01
4.363596725463867188e+01
5.284604644775390625e+01
4.657386779785156250e+01
1.094013214111328125e+02
4.664923477172851562e+01
3.000000000000000000e+01
5.962868499755859375e+01
4.162525939941406250e+01
1.231848297119140625e+02
4.632616424560546875e+01
4.192307281494140625e+01
7.577291107177734375e+01
4.686383819580078125e+01
8.975952148437500000e+01
7.095721435546875000e+01
6.079244995117187500e+01
6.031315612792968750e+01
4.863482666015625000e+01
9.666092681884765625e+01
9.997998046875000000e+01
5.218257904052734375e+01
1.264049835205078125e+02
4.186230850219726562e+01
7.203557586669921875e+01
5.560324096679687500e+01
8.151908111572265625e+01
4.138412094116210938e+01
1.246214447021484375e+02
4.075902557373046875e+01
1.357634735107421875e+02
3.963786315917968750e+01
6.185023498535156250e+01
3.605232238769531250e+01
5.017958831787109375e+01
4.465792083740234375e+01
3.653691482543945312e+01
7.057871246337890625e+01
3.578028106689453125e+01
6.054708099365234375e+01
4.759591293334960938e+01
3.150769424438476562e+01
1.115937042236328125e+02
4.612873840332031250e+01
4.365323638916015625e+01
3.946894836425781250e+01
3.000000000000000000e+01
5.358020782470703125e+01
6.118350219726562500e+01
5.550971221923828125e+01
4.853852844238281250e+01
6.947201538085937500e+01
5.131892013549804688e+01
6.441284942626953125e+01
5.273238754272460938e+01
8.262525939941406250e+01
5.712412261962890625e+01
4.290452575683593750e+01
3.880989837646484375e+01
4.063145446777343750e+01
7.301976013183593750e+01
5.566819763183593750e+01
4.933152389526367188e+01
4.187244415283203125e+01
4.318971252441406250e+01
6.151648330688476562e+01
4.156598663330078125e+01
4.642762756347656250e+01
5.043265533447265625e+01
4.790303039550781250e+01
7.672151184082031250e+01
1.390545349121093750e+02
7.598478698730468750e+01
4.916997528076171875e+01
1.129614715576171875e+02
5.629896163940429688e+01
3.000000000000000000e+01
4.489464950561523438e+01
3.798307037353515625e+01
5.620110321044921875e+01
4.864587020874023438e+01
1.087308654785156250e+02
3.356973266601562500e+01
4.033721542358398438e+01
9.710543060302734375e+01
3.803316116333007812e+01
4.094863891601562500e+01
3.809803009033203125e+01
4.678504562377929688e+01
4.694749069213867188e+01
5.743803024291992188e+01
3.938318634033203125e+01
4.703306579589843750e+01
3.830358123779296875e+01
7.238163757324218750e+01
8.182151031494140625e+01
3.815966033935546875e+01
4.259942245483398438e+01
4.921752548217773438e+01
6.177257537841796875e+01
1.195642547607421875e+02
6.429806518554687500e+01
1.165158386230468750e+02
3.333254241943359375e+01
4.510792160034179688e+01
5.811005401611328125e+01
5.923863983154296875e+01
4.464758300781250000e+01
5.572647857666015625e+01
3.933922195434570312e+01
4.506703948974609375e+01
7.767843627929687500e+01
6.236968231201171875e+01
4.124081802368164062e+01
1.216404724121093750e+02
1.197606048583984375e+02
7.085121917724609375e+01
8.376380920410156250e+01
3.378072738647460938e+01
5.940919876098632812e+01
1.423907775878906250e+02
1.927047119140625000e+02
5.143670272827148438e+01
5.781354522705078125e+01
3.894266128540039062e+01
4.590003585815429688e+01
1.010525207519531250e+02
5.188463211059570312e+01
5.373194885253906250e+01
4.171511459350585938e+01
4.198995971679687500e+01
3.817243576049804688e+01
1.474453277587890625e+02
5.832369995117187500e+01
5.232280731201171875e+01
5.693879699707031250e+01
4.832037353515625000e+01
1.163939590454101562e+02
4.176732254028320312e+01
1.404131927490234375e+02
6.217860031127929688e+01
7.466082763671875000e+01
4.015485763549804688e+01
5.439848709106445312e+01
4.785533523559570312e+01
7.085121917724609375e+01
7.032519531250000000e+01
1.764441223144531250e+02
3.615483856201171875e+01
6.672875976562500000e+01
8.046781921386718750e+01
1.051417922973632812e+02
1.006520080566406250e+02
4.864604187011718750e+01
7.915323638916015625e+01
5.783792877197265625e+01
4.228371429443359375e+01
7.649799346923828125e+01
3.742327880859375000e+01
3.497820663452148438e+01
5.126712036132812500e+01
3.677323150634765625e+01
3.594605636596679688e+01
3.844441223144531250e+01
4.332780838012695312e+01
3.000000000000000000e+01
1.140593414306640625e+02
3.322771453857421875e+01
3.952365493774414062e+01
3.597474670410156250e+01
4.216799926757812500e+01
3.000000000000000000e+01
4.769608688354492188e+01
5.909412765502929688e+01
3.213513565063476562e+01
4.011567687988281250e+01
5.338751983642578125e+01
5.884658050537109375e+01
4.318367004394531250e+01
7.216481781005859375e+01
6.392485809326171875e+01
8.138810729980468750e+01
1.397809753417968750e+02
1.520944366455078125e+02
3.104134559631347656e+01
9.650027465820312500e+01
1.059778366088867188e+02
9.251492309570312500e+01
4.115016555786132812e+01
4.091019821166992188e+01
1.424901580810546875e+02
6.092952728271484375e+01
5.820743179321289062e+01
4.594191360473632812e+01
4.928317260742187500e+01
4.839999389648437500e+01
5.068071746826171875e+01
3.643198776245117188e+01
4.075414276123046875e+01
3.529488372802734375e+01
3.767490386962890625e+01
8.818965911865234375e+01
3.918137359619140625e+01
8.130300903320312500e+01
4.852502441406250000e+01
4.889542388916015625e+01
4.540026473999023438e+01
4.986384963989257812e+01
4.911317062377929688e+01
7.427610015869140625e+01
4.403639984130859375e+01
3.762755203247070312e+01
3.556014251708984375e+01
6.158634948730468750e+01
7.959476470947265625e+01
4.164355468750000000e+01
8.138810729980468750e+01
4.904278564453125000e+01
4.018402099609375000e+01
1.667754821777343750e+02
3.718777465820312500e+01
4.053169250488281250e+01
9.871116638183593750e+01
1.537661285400390625e+02
2.075126953125000000e+02
5.905760955810546875e+01
8.502593994140625000e+01
3.622620010375976562e+01
9.232177734375000000e+01
5.703385925292968750e+01
3.000000000000000000e+01
1.530467529296875000e+02
5.404925155639648438e+01
6.513757324218750000e+01
1.335157775878906250e+02
6.103082656860351562e+01
7.015873718261718750e+01
8.693428039550781250e+01
3.000000000000000000e+01
6.542781066894531250e+01
1.131511535644531250e+02
3.054538536071777344e+01
5.956198883056640625e+01
5.644087982177734375e+01
4.864426803588867188e+01
1.000396957397460938e+02
1.424645996093750000e+02
7.553027343750000000e+01
1.294983062744140625e+02
8.404280853271484375e+01
5.557011795043945312e+01
7.971866607666015625e+01
7.698125457763671875e+01
3.000000000000000000e+01
3.000000000000000000e+01
3.000000000000000000e+01
4.180630493164062500e+01
6.154493331909179688e+01
1.197606048583984375e+02
4.972360229492187500e+01
4.759164428710937500e+01
4.861420059204101562e+01
2.651600341796875000e+02
4.767008209228515625e+01
4.076414108276367188e+01
3.305062484741210938e+01
3.000000000000000000e+01
3.997509002685546875e+01
7.170573425292968750e+01
7.204508972167968750e+01
1.115393524169921875e+02
6.551232910156250000e+01
4.537177276611328125e+01
5.159914398193359375e+01
4.696450805664062500e+01
1.598849487304687500e+02
4.204359436035156250e+01
3.974733734130859375e+01
3.000000000000000000e+01
4.186975479125976562e+01
6.129589080810546875e+01
6.795243835449218750e+01
1.280535125732421875e+02
7.139499664306640625e+01
9.101966857910156250e+01
5.447720336914062500e+01
3.715808105468750000e+01
7.022653198242187500e+01
3.428571319580078125e+01
4.937540054321289062e+01
7.048472595214843750e+01
3.000000000000000000e+01
3.431667709350585938e+01
1.014859313964843750e+02
3.000000000000000000e+01
4.538346099853515625e+01
1.482421875000000000e+02
6.109244155883789062e+01
4.318421554565429688e+01
6.977754211425781250e+01
4.574396133422851562e+01
5.885612487792968750e+01
8.705639648437500000e+01
5.625902557373046875e+01
8.130300903320312500e+01
2.210243835449218750e+02
5.068071746826171875e+01
1.250439682006835938e+02
4.421029281616210938e+01
5.241133499145507812e+01
8.306048583984375000e+01
5.719212341308593750e+01
5.191577911376953125e+01
7.065251159667968750e+01
3.233645248413085938e+01
6.834384155273437500e+01
4.834257507324218750e+01
6.936973571777343750e+01
3.917426300048828125e+01
4.808046340942382812e+01
7.173645782470703125e+01
1.124342346191406250e+02
1.008434295654296875e+02
5.482185363769531250e+01
5.560324096679687500e+01
5.024236297607421875e+01
5.672801589965820312e+01
7.156551361083984375e+01
3.918527984619140625e+01
1.085246047973632812e+02
9.844454956054687500e+01
3.912569427490234375e+01
1.106680297851562500e+02
8.129350280761718750e+01
4.771127319335937500e+01
4.841130828857421875e+01
4.194467926025390625e+01
4.052183532714843750e+01
1.711334838867187500e+02
3.594640350341796875e+01
5.028664398193359375e+01
4.872332382202148438e+01
4.288024902343750000e+01
1.004375305175781250e+02
4.377579498291015625e+01
3.953820037841796875e+01
1.390418548583984375e+02
5.884658432006835938e+01
9.063421630859375000e+01
4.877179718017578125e+01
3.000000000000000000e+01
6.752033233642578125e+01
8.887834930419921875e+01
9.191909790039062500e+01
6.277956008911132812e+01
8.076101684570312500e+01
4.391122436523437500e+01
5.587333679199218750e+01
8.722888946533203125e+01
4.299928283691406250e+01
4.094863891601562500e+01
7.590562438964843750e+01
9.523282623291015625e+01
6.623545074462890625e+01
5.335486984252929688e+01
5.713790512084960938e+01
3.000000000000000000e+01
4.152201080322265625e+01
3.000000000000000000e+01
3.000000000000000000e+01
3.892086029052734375e+01
3.400137710571289062e+01
5.625847244262695312e+01
5.218007659912109375e+01
4.347703552246093750e+01
6.645732116699218750e+01
5.865440750122070312e+01
4.227447509765625000e+01
3.939196777343750000e+01
4.950961303710937500e+01
5.796977233886718750e+01
3.000000000000000000e+01
3.471709442138671875e+01
7.202828216552734375e+01
3.791414260864257812e+01
5.473289489746093750e+01
3.251031494140625000e+01
5.465022277832031250e+01
3.000000000000000000e+01
3.028904724121093750e+01
1.088302917480468750e+02
4.254775238037109375e+01
3.000000000000000000e+01
7.006425476074218750e+01
3.974733734130859375e+01
7.657642364501953125e+01
3.000000000000000000e+01
4.192232513427734375e+01
1.309257812500000000e+02
3.670172882080078125e+01
1.135005950927734375e+02
1.115293121337890625e+02
3.907180786132812500e+01
3.745608520507812500e+01
8.744734191894531250e+01
4.340598297119140625e+01
6.397150802612304688e+01
5.693879699707031250e+01
1.315632781982421875e+02
4.229940032958984375e+01
6.284323120117187500e+01
5.165507125854492188e+01
3.035802268981933594e+01
4.622214508056640625e+01
1.092258148193359375e+02
4.052930068969726562e+01
6.644787597656250000e+01
6.173817062377929688e+01
4.553190612792968750e+01
3.033219909667968750e+01
4.909884643554687500e+01
4.391844940185546875e+01
4.468614196777343750e+01
3.935580444335937500e+01
3.736545181274414062e+01
4.052162933349609375e+01
5.107447814941406250e+01
4.065408325195312500e+01
4.557846450805664062e+01
5.933868789672851562e+01
5.716471862792968750e+01
6.317346572875976562e+01
1.087308654785156250e+02
5.691061401367187500e+01
9.801161956787109375e+01
7.880670166015625000e+01
1.256984252929687500e+02
4.101064682006835938e+01
6.247150039672851562e+01
3.000000000000000000e+01
4.627503204345703125e+01
6.743619537353515625e+01
7.270455932617187500e+01
7.750909423828125000e+01
7.551872253417968750e+01
4.296976852416992188e+01
4.262095260620117188e+01
6.755654907226562500e+01
9.185909271240234375e+01
5.385289382934570312e+01
5.199926757812500000e+01
4.198572921752929688e+01
3.786767578125000000e+01
9.057994079589843750e+01
4.102333831787109375e+01
4.985441970825195312e+01
4.262043762207031250e+01
4.626512527465820312e+01
5.523371887207031250e+01
9.211044311523437500e+01
4.744259643554687500e+01
3.544121932983398438e+01
3.000000000000000000e+01
1.115393524169921875e+02
6.424214172363281250e+01
3.775369644165039062e+01
4.938103103637695312e+01
5.792185974121093750e+01
4.605823898315429688e+01
6.653307342529296875e+01
4.945727157592773438e+01
7.502711486816406250e+01
3.906645965576171875e+01
5.153887176513671875e+01
6.740000915527343750e+01
8.449521636962890625e+01
7.884307861328125000e+01
4.943569183349609375e+01
3.567254638671875000e+01
7.181507873535156250e+01
7.120983886718750000e+01
4.694000244140625000e+01
5.317918777465820312e+01
5.490447235107421875e+01
3.621080017089843750e+01
5.977089691162109375e+01
3.718431854248046875e+01
3.000000000000000000e+01
5.209364700317382812e+01
6.470210266113281250e+01
7.173645782470703125e+01
5.240248870849609375e+01
4.992153930664062500e+01
3.544718170166015625e+01
7.683892822265625000e+01
9.810885620117187500e+01
7.194311523437500000e+01
3.377770996093750000e+01
1.256984252929687500e+02
5.905760955810546875e+01
6.278689575195312500e+01
9.523283386230468750e+01
3.844925689697265625e+01
3.389278030395507812e+01
6.396096801757812500e+01
3.143148803710937500e+01
4.150739288330078125e+01
2.324297790527343750e+02
4.162314605712890625e+01
4.478415679931640625e+01
4.203361129760742188e+01
1.182585144042968750e+02
5.835180664062500000e+01
5.355000305175781250e+01
1.050365600585937500e+02
4.214537811279296875e+01
1.279883651733398438e+02
8.088325500488281250e+01
1.034420089721679688e+02
3.000000000000000000e+01
3.082637786865234375e+01
6.767814636230468750e+01
7.700041198730468750e+01
6.871867370605468750e+01
4.403639984130859375e+01
4.621671676635742188e+01
3.727779388427734375e+01
4.669418334960937500e+01
5.965354919433593750e+01
4.840956878662109375e+01
4.068590164184570312e+01
7.627115631103515625e+01
8.163772583007812500e+01
4.835400772094726562e+01
3.405332946777343750e+01
4.819136428833007812e+01
3.000000000000000000e+01
4.622183990478515625e+01
9.396482086181640625e+01
5.343225860595703125e+01
7.887635803222656250e+01
4.724763488769531250e+01
4.757322692871093750e+01
3.544289779663085938e+01
8.975952148437500000e+01
6.113292694091796875e+01
7.681561279296875000e+01
1.045204162597656250e+02
5.483734512329101562e+01
4.705834197998046875e+01
4.449411010742187500e+01
4.668972015380859375e+01
5.484220504760742188e+01
7.116699218750000000e+01
1.711334838867187500e+02
4.871908569335937500e+01
5.910830688476562500e+01
5.891011047363281250e+01
5.364374923706054688e+01
4.949492263793945312e+01
5.568761825561523438e+01
5.141235351562500000e+01
5.617922210693359375e+01
9.386759948730468750e+01
3.000000000000000000e+01
4.496656036376953125e+01
6.077039337158203125e+01
1.167319488525390625e+02
7.866486358642578125e+01
1.135005950927734375e+02
5.195326995849609375e+01
3.784605407714843750e+01
5.579065322875976562e+01
7.571667480468750000e+01
1.701361999511718750e+02
6.613131713867187500e+01
4.870725631713867188e+01
6.528465270996093750e+01
3.000000000000000000e+01
4.062978363037109375e+01
6.295207595825195312e+01
3.426033401489257812e+01
3.858396911621093750e+01
5.537163925170898438e+01
9.236375427246093750e+01
4.500711441040039062e+01
9.089765930175781250e+01
3.931949234008789062e+01
5.621510314941406250e+01
6.092952728271484375e+01
9.185031127929687500e+01
5.819831848144531250e+01
4.443223571777343750e+01
4.940633392333984375e+01
3.734920120239257812e+01
3.381285476684570312e+01
4.204359436035156250e+01
3.503746032714843750e+01
6.136875915527343750e+01
6.109244155883789062e+01
3.963643646240234375e+01
3.000000000000000000e+01
4.315922164916992188e+01
4.076414108276367188e+01
3.520822906494140625e+01
1.328556671142578125e+02
3.000000000000000000e+01
6.034492492675781250e+01
1.041984252929687500e+02
4.154222869873046875e+01
3.000000000000000000e+01
4.310157012939453125e+01
6.185023498535156250e+01
6.905529785156250000e+01
5.550056076049804688e+01
5.516769409179687500e+01
6.328871536254882812e+01
6.749833679199218750e+01
6.177754211425781250e+01
4.064510345458984375e+01
6.806075286865234375e+01
3.000000000000000000e+01
6.752033233642578125e+01
4.752912521362304688e+01
3.648280715942382812e+01
3.792516326904296875e+01
5.064514160156250000e+01
4.944132995605468750e+01
4.801393890380859375e+01
3.000000000000000000e+01
5.219896316528320312e+01
4.888652038574218750e+01
5.869039535522460938e+01
7.977929687500000000e+01
5.283854293823242188e+01
8.150441741943359375e+01
4.275912475585937500e+01
6.236968231201171875e+01
4.474489212036132812e+01
6.049547576904296875e+01
7.015948486328125000e+01
5.677598571777343750e+01
7.175683593750000000e+01
4.443038940429687500e+01
8.965284729003906250e+01
4.733263397216796875e+01
4.798387145996093750e+01
8.608114624023437500e+01
1.461262817382812500e+02
1.136820602416992188e+02
4.776609039306640625e+01
3.584770202636718750e+01
4.352098083496093750e+01
5.154232788085937500e+01
1.008434295654296875e+02
9.228598022460937500e+01
5.940814208984375000e+01
9.610691833496093750e+01
4.819136810302734375e+01
4.347224044799804688e+01
3.460211944580078125e+01
5.089604187011718750e+01
5.864757537841796875e+01
3.312728881835937500e+01
3.950339508056640625e+01
7.755267333984375000e+01
6.046326446533203125e+01
4.432057189941406250e+01
8.968249511718750000e+01
3.743799209594726562e+01
4.232748413085937500e+01
5.551707458496093750e+01
4.978273773193359375e+01
4.423943710327148438e+01
4.443223190307617188e+01
1.935032653808593750e+02
6.823203277587890625e+01
5.083188629150390625e+01
3.669699859619140625e+01
4.588536453247070312e+01
1.280530548095703125e+02
4.424374389648437500e+01
4.212260437011718750e+01
5.284685134887695312e+01
4.068590164184570312e+01
8.073779296875000000e+01
3.949104309082031250e+01
5.820007324218750000e+01
4.721352386474609375e+01
4.748500061035156250e+01
3.244379043579101562e+01
4.496839904785156250e+01
5.214314651489257812e+01
6.165552520751953125e+01
2.094329223632812500e+02
4.054795837402343750e+01
5.284731292724609375e+01
6.026121520996093750e+01
4.811011886596679688e+01
4.030750274658203125e+01
3.296111297607421875e+01
3.134481239318847656e+01
5.533834075927734375e+01
3.126908874511718750e+01
4.394342422485351562e+01
5.051591110229492188e+01
5.077683639526367188e+01
4.774547576904296875e+01
3.657012557983398438e+01
3.907180786132812500e+01
4.636748504638671875e+01
3.043338775634765625e+01
6.227991867065429688e+01
7.271271514892578125e+01
3.000000000000000000e+01
4.822865295410156250e+01
3.597474670410156250e+01
6.966505432128906250e+01
4.304451370239257812e+01
1.012654571533203125e+02
4.824186706542968750e+01
6.277956008911132812e+01
7.694181060791015625e+01
4.685469055175781250e+01
8.608115386962890625e+01
3.275151824951171875e+01
4.208322143554687500e+01
4.257315826416015625e+01
4.307358551025390625e+01
1.165334396362304688e+02
4.377244949340820312e+01
3.000000000000000000e+01
7.262109375000000000e+01
4.688898086547851562e+01
1.038765411376953125e+02
5.652281951904296875e+01
3.552746200561523438e+01
5.484567260742187500e+01
7.891828918457031250e+01
7.831675720214843750e+01
7.168943786621093750e+01
6.942600250244140625e+01
3.754722976684570312e+01
4.452603912353515625e+01
5.976388168334960938e+01
7.281160736083984375e+01
1.165110015869140625e+02
8.543988037109375000e+01
1.167289657592773438e+02
4.111771774291992188e+01
4.952911376953125000e+01
5.592730712890625000e+01
3.000000000000000000e+01
5.048368835449218750e+01
3.000000000000000000e+01
3.000000000000000000e+01
6.932935333251953125e+01
1.151496887207031250e+02
6.509400177001953125e+01
3.416863632202148438e+01
5.409548568725585938e+01
6.837873840332031250e+01
4.346380615234375000e+01
4.566522979736328125e+01
7.116699218750000000e+01
4.339398193359375000e+01
6.746231842041015625e+01
4.062978363037109375e+01
6.359690475463867188e+01
5.906106948852539062e+01
3.750042724609375000e+01
3.205953216552734375e+01
5.790168762207031250e+01
3.745125579833984375e+01
6.439628601074218750e+01
6.432530212402343750e+01
4.304579544067382812e+01
8.376380920410156250e+01
4.793233489990234375e+01
3.266640853881835938e+01
3.754370117187500000e+01
3.000000000000000000e+01
3.000000000000000000e+01
4.153683090209960938e+01
3.559432983398437500e+01
4.036351013183593750e+01
1.060802154541015625e+02
4.537177276611328125e+01
3.465258026123046875e+01
1.124342346191406250e+02
7.229125976562500000e+01
4.001274108886718750e+01
6.442210388183593750e+01
7.872072601318359375e+01
4.347703552246093750e+01
4.938746261596679688e+01
1.123975372314453125e+02
3.880105590820312500e+01
8.633898925781250000e+01
3.932838439941406250e+01
3.530728530883789062e+01
5.601353454589843750e+01
4.573136901855468750e+01
4.074406051635742188e+01
4.724199676513671875e+01
4.192392730712890625e+01
5.084812164306640625e+01
4.329780197143554688e+01
5.404925155639648438e+01
3.361233520507812500e+01
3.936471557617187500e+01
8.164761352539062500e+01
8.210729980468750000e+01
3.000000000000000000e+01
9.251271057128906250e+01
5.137020874023437500e+01
3.000000000000000000e+01
8.803253173828125000e+01
9.023333740234375000e+01
4.100791931152343750e+01
6.312690353393554688e+01
4.476189041137695312e+01
4.734873199462890625e+01
5.022653198242187500e+01
9.355812072753906250e+01
5.082712173461914062e+01
3.845364379882812500e+01
4.877179718017578125e+01
5.595744705200195312e+01
5.862261581420898438e+01
3.175298118591308594e+01
4.891673278808593750e+01
6.475408935546875000e+01
5.634383392333984375e+01
7.169033813476562500e+01
6.006302642822265625e+01
3.539562988281250000e+01
4.534694671630859375e+01
3.587038421630859375e+01
5.425830841064453125e+01
7.946605682373046875e+01
8.514595794677734375e+01
5.820007324218750000e+01
5.559528350830078125e+01
6.094669723510742188e+01
4.891673278808593750e+01
4.557409667968750000e+01
5.101393127441406250e+01
3.148914337158203125e+01
4.710139083862304688e+01
6.106201553344726562e+01
4.648521041870117188e+01
3.264921951293945312e+01
5.832369995117187500e+01
4.507386016845703125e+01
5.764365768432617188e+01
3.000000000000000000e+01
4.940754699707031250e+01
3.197240638732910156e+01
4.990377807617187500e+01
7.500479125976562500e+01
3.079860305786132812e+01
5.708954238891601562e+01
3.847381591796875000e+01
9.085748291015625000e+01
6.667258453369140625e+01
4.917603683471679688e+01
4.585223770141601562e+01
4.281995773315429688e+01
4.582170104980468750e+01
6.354482650756835938e+01
3.181384658813476562e+01
4.316442871093750000e+01
5.523736572265625000e+01
4.475532150268554688e+01
4.916997528076171875e+01
4.545858001708984375e+01
7.398686981201171875e+01
4.320821380615234375e+01
3.000000000000000000e+01
4.186187362670898438e+01
4.632593536376953125e+01
6.474494934082031250e+01
4.086167907714843750e+01
8.306048583984375000e+01
5.436980056762695312e+01
4.033721542358398438e+01
3.964431381225585938e+01
4.830759811401367188e+01
3.276312255859375000e+01
4.722567367553710938e+01
3.584770202636718750e+01
3.990392684936523438e+01
3.000000000000000000e+01
4.282053375244140625e+01
5.860587692260742188e+01
5.339305877685546875e+01
7.032832336425781250e+01
5.661563491821289062e+01
5.150173568725585938e+01
5.175863647460937500e+01
3.000000000000000000e+01
3.000000000000000000e+01
4.830759811401367188e+01
7.175683593750000000e+01
4.479268264770507812e+01
4.213258361816406250e+01
3.432431793212890625e+01
7.219570159912109375e+01
4.910008239746093750e+01
7.471822357177734375e+01
3.431848907470703125e+01
3.191086769104003906e+01
5.520434570312500000e+01
3.048609924316406250e+01
4.803456115722656250e+01
3.034444427490234375e+01
4.474713134765625000e+01
3.000000000000000000e+01
3.931650924682617188e+01
4.831680679321289062e+01
4.184764862060546875e+01
7.221711730957031250e+01
4.270363616943359375e+01
8.514595794677734375e+01
6.018978118896484375e+01
4.282606506347656250e+01
3.646564865112304688e+01
4.123424530029296875e+01
3.588693237304687500e+01
5.042922210693359375e+01
6.424592590332031250e+01
7.204508972167968750e+01
4.192232513427734375e+01
3.956607437133789062e+01
4.173872375488281250e+01
8.340962219238281250e+01
5.301136016845703125e+01
4.256060409545898438e+01
3.000000000000000000e+01
3.000000000000000000e+01
4.338019561767578125e+01
3.648280715942382812e+01
6.157452392578125000e+01
4.440958786010742188e+01
4.736146926879882812e+01
4.544345092773437500e+01
3.122414398193359375e+01
3.693162918090820312e+01
4.481889724731445312e+01
3.498360824584960938e+01
6.760091400146484375e+01
3.000000000000000000e+01
7.577291107177734375e+01
6.018978118896484375e+01
6.196625137329101562e+01
3.000000000000000000e+01
3.000000000000000000e+01
3.201524353027343750e+01
3.000000000000000000e+01
4.980743789672851562e+01
7.688711547851562500e+01
3.000000000000000000e+01
5.073559570312500000e+01
4.744020080566406250e+01
3.745608520507812500e+01
5.159859466552734375e+01
6.551232910156250000e+01
3.456558990478515625e+01
4.512965011596679688e+01
8.376763153076171875e+01
4.654179000854492188e+01
7.891828918457031250e+01
8.350648498535156250e+01
3.000000000000000000e+01
6.750177001953125000e+01
5.735037994384765625e+01
5.191577911376953125e+01
4.662143707275390625e+01
5.049784851074218750e+01
5.572648239135742188e+01
6.795243835449218750e+01
3.885707092285156250e+01
5.378348922729492188e+01
8.084447479248046875e+01
3.114656066894531250e+01
7.905013275146484375e+01
3.000000000000000000e+01
3.318519210815429688e+01
3.945238494873046875e+01
4.547410964965820312e+01
3.881289291381835938e+01
7.778098297119140625e+01
5.825642013549804688e+01
5.284731292724609375e+01
4.390555191040039062e+01
4.664222335815429688e+01
3.458424758911132812e+01
3.558626937866210938e+01
7.196892547607421875e+01
4.489457702636718750e+01
3.773357772827148438e+01
6.261187744140625000e+01
4.190810012817382812e+01
4.689163970947265625e+01
4.349299240112304688e+01
4.585223770141601562e+01
3.000000000000000000e+01
3.629032516479492188e+01
3.466036987304687500e+01
4.179366302490234375e+01
3.000000000000000000e+01
4.397505950927734375e+01
6.077039337158203125e+01
3.364442062377929688e+01
4.468614196777343750e+01
4.822500991821289062e+01
6.740652465820312500e+01
4.731675338745117188e+01
7.286239624023437500e+01
1.119130401611328125e+02
5.105109405517578125e+01
4.365323638916015625e+01
4.424994659423828125e+01
4.541797256469726562e+01
4.516549682617187500e+01
3.989531707763671875e+01
5.381096267700195312e+01
1.045204162597656250e+02
4.853425216674804688e+01
3.544630432128906250e+01
4.844458389282226562e+01
5.143194580078125000e+01
3.143691062927246094e+01
4.622214508056640625e+01
4.978273773193359375e+01
6.124465560913085938e+01
3.000000000000000000e+01
5.619621658325195312e+01
3.539269256591796875e+01
5.234702682495117188e+01
5.977089691162109375e+01
3.023707389831542969e+01
5.546220397949218750e+01
4.812348937988281250e+01
3.153947067260742188e+01
5.438670730590820312e+01
3.894562530517578125e+01
4.535416030883789062e+01
7.866486358642578125e+01
4.135731124877929688e+01
3.691205215454101562e+01
4.949492263793945312e+01
6.004357528686523438e+01
3.000000000000000000e+01
6.391522598266601562e+01
3.777707672119140625e+01
4.572886276245117188e+01
4.069837570190429688e+01
5.669680023193359375e+01
6.380244445800781250e+01
4.559730148315429688e+01
5.016505432128906250e+01
3.776261901855468750e+01
3.900474166870117188e+01
4.925460052490234375e+01
6.084512710571289062e+01
4.101064682006835938e+01
3.987692260742187500e+01
5.203989410400390625e+01
4.920503234863281250e+01
4.390089035034179688e+01
6.240810775756835938e+01
4.661258697509765625e+01
6.330821990966796875e+01
4.298177337646484375e+01
1.147537689208984375e+02
8.430197143554687500e+01
4.185890960693359375e+01
5.132783508300781250e+01
3.000000000000000000e+01
7.520769500732421875e+01
3.000000000000000000e+01
4.100775146484375000e+01
8.136086273193359375e+01
4.932041168212890625e+01
4.597837829589843750e+01
4.976378250122070312e+01
8.661164093017578125e+01
3.912500000000000000e+01
6.133969497680664062e+01
3.074504852294921875e+01
4.890448760986328125e+01
4.352980041503906250e+01
3.435264587402343750e+01
5.101404571533203125e+01
8.196741485595703125e+01
5.233304595947265625e+01
3.000000000000000000e+01
3.470956039428710938e+01
4.535308837890625000e+01
4.318402481079101562e+01
4.628573608398437500e+01
5.419662094116210938e+01
1.012654571533203125e+02
5.562959671020507812e+01
7.638253784179687500e+01
6.305995941162109375e+01
7.460552978515625000e+01
5.220993423461914062e+01
3.015032196044921875e+01
3.824146652221679688e+01
5.365982437133789062e+01
4.010422134399414062e+01
4.121599578857421875e+01
3.030668830871582031e+01
3.455770492553710938e+01
3.272107696533203125e+01
3.020746803283691406e+01
3.018765640258789062e+01
4.426113891601562500e+01
7.026533508300781250e+01
5.397833251953125000e+01
3.258565521240234375e+01
4.637135314941406250e+01
3.404431152343750000e+01
3.550970840454101562e+01
6.352708435058593750e+01
7.095721435546875000e+01
5.186128234863281250e+01
5.041320037841796875e+01
3.000000000000000000e+01
5.587334060668945312e+01
5.353635025024414062e+01
3.000000000000000000e+01
4.582170104980468750e+01
3.933333587646484375e+01
8.530999755859375000e+01
3.837731170654296875e+01
6.198083496093750000e+01
6.551319885253906250e+01
4.298956298828125000e+01
3.000000000000000000e+01
3.833802795410156250e+01
5.131748580932617188e+01
3.715808105468750000e+01
5.263327026367187500e+01
4.306172943115234375e+01
3.982693481445312500e+01
3.791945648193359375e+01
8.073779296875000000e+01
6.353794860839843750e+01
6.392485809326171875e+01
3.337767791748046875e+01
3.635408782958984375e+01
5.798923110961914062e+01
3.272107696533203125e+01
6.392583847045898438e+01
5.811241149902343750e+01
6.163496780395507812e+01
4.538004302978515625e+01
4.319237518310546875e+01
4.190827178955078125e+01
4.032696533203125000e+01
3.000000000000000000e+01
7.184089660644531250e+01
3.675539016723632812e+01
3.981094360351562500e+01
3.369719696044921875e+01
4.184841537475585938e+01
4.758887863159179688e+01
3.000000000000000000e+01
4.018402099609375000e+01
3.923624801635742188e+01
3.522215652465820312e+01
5.712412261962890625e+01
7.262109375000000000e+01
3.000000000000000000e+01
5.626387405395507812e+01
4.245577239990234375e+01
4.206696319580078125e+01
4.114997100830078125e+01
5.493115234375000000e+01
3.463391494750976562e+01
4.114982223510742188e+01
4.159243774414062500e+01
4.896441650390625000e+01
3.000000000000000000e+01
3.851707458496093750e+01
3.710445022583007812e+01
3.559594726562500000e+01
4.057849884033203125e+01
3.000000000000000000e+01
3.429514312744140625e+01
5.387315368652343750e+01
4.774091339111328125e+01
8.661164093017578125e+01
5.753200149536132812e+01
3.933140563964843750e+01
3.441589355468750000e+01
8.322042083740234375e+01
3.035802078247070312e+01
3.885307693481445312e+01
7.184089660644531250e+01
4.588872146606445312e+01
4.741522216796875000e+01
3.986730957031250000e+01
5.625847244262695312e+01
9.460894012451171875e+01
7.352272796630859375e+01
6.137718200683593750e+01
7.285807037353515625e+01
3.000000000000000000e+01
3.731761932373046875e+01
5.527968597412109375e+01
3.481340789794921875e+01
5.214759063720703125e+01
6.711508941650390625e+01
3.656509399414062500e+01
3.000000000000000000e+01
5.988169097900390625e+01
3.489376068115234375e+01
5.150654602050781250e+01
4.628637313842773438e+01
4.430691528320312500e+01
3.570940399169921875e+01
3.377770996093750000e+01
5.735037612915039062e+01
3.887530517578125000e+01
4.074445343017578125e+01
8.036132812500000000e+01
3.776437377929687500e+01
3.530052566528320312e+01
6.554447937011718750e+01
5.344616699218750000e+01
3.000000000000000000e+01
3.874895477294921875e+01
4.312346649169921875e+01
4.679032135009765625e+01
4.333139038085937500e+01
3.413758087158203125e+01
4.745987701416015625e+01
5.616596221923828125e+01
6.168949127197265625e+01
5.734122085571289062e+01
4.078214263916015625e+01
4.860078430175781250e+01
3.924784851074218750e+01
3.000000000000000000e+01
7.680497741699218750e+01
3.509780883789062500e+01
4.783934783935546875e+01
3.620956039428710938e+01
3.000000000000000000e+01
3.000000000000000000e+01
4.043817520141601562e+01
5.713165283203125000e+01
4.108862304687500000e+01
4.853425598144531250e+01
4.423943328857421875e+01
4.188549804687500000e+01
3.174809265136718750e+01
4.702163696289062500e+01
3.000000000000000000e+01
7.765675354003906250e+01
4.737126541137695312e+01
4.441619873046875000e+01
4.397985839843750000e+01
6.966505432128906250e+01
4.427636718750000000e+01
3.931528472900390625e+01
3.156258964538574219e+01
3.838727569580078125e+01
5.187046051025390625e+01
4.279204177856445312e+01
4.382372665405273438e+01
3.391645050048828125e+01
3.833037567138671875e+01
3.000000000000000000e+01
3.923323059082031250e+01
4.865018463134765625e+01
3.550428771972656250e+01
5.696281051635742188e+01
3.632212066650390625e+01
6.348886489868164062e+01
4.320874786376953125e+01
4.439952087402343750e+01
5.047047042846679688e+01
3.249658584594726562e+01
4.913972854614257812e+01
3.000000000000000000e+01
3.374212646484375000e+01
4.832951354980468750e+01
4.462885284423828125e+01
3.046894073486328125e+01
3.543537902832031250e+01
3.527097320556640625e+01
3.703778839111328125e+01
3.909588241577148438e+01
3.747926330566406250e+01
