5.226027679443359375e+01
5.694012069702148438e+01
3.607227706909179688e+01
4.053340530395507812e+01
6.574876403808593750e+01
5.745680236816406250e+01
3.831594848632812500e+01
6.820127105712890625e+01
6.462744140625000000e+01
1.233759460449218750e+02
4.789162826538085938e+01
1.220307006835937500e+02
5.068687820434570312e+01
4.993175125122070312e+01
3.000000000000000000e+01
6.797476959228515625e+01
6.808886718750000000e+01
4.460203552246093750e+01
4.292316818237304688e+01
1.467991027832031250e+02
3.775886154174804688e+01
8.871665954589843750e+01
3.000000000000000000e+01
3.000000000000000000e+01
4.499246215820312500e+01
7.626127624511718750e+01
3.000000000000000000e+01
6.059753417968750000e+01
1.847055969238281250e+02
5.987776947021484375e+01
6.128869247436523438e+01
4.863873291015625000e+01
4.661088562011718750e+01
1.018566436767578125e+02
5.681723403930664062e+01
8.043225097656250000e+01
6.610374450683593750e+01
5.191540527343750000e+01
4.357572174072265625e+01
3.048471450805664062e+01
3.282158660888671875e+01
3.954251480102539062e+01
5.168560791015625000e+01
4.689850234985351562e+01
3.629508972167968750e+01
4.008869934082031250e+01
3.000000000000000000e+01
6.732955169677734375e+01
1.085649414062500000e+02
5.914858245849609375e+01
4.039804077148437500e+01
4.153858947753906250e+01
7.699707794189453125e+01
4.107151794433593750e+01
1.057684860229492188e+02
4.185649871826171875e+01
5.739923858642578125e+01
4.809554290771484375e+01
7.414059448242187500e+01
8.076818847656250000e+01
5.418678283691406250e+01
8.283575439453125000e+01
4.458903503417968750e+01
9.830703735351562500e+01
9.720696258544921875e+01
5.404101181030273438e+01
5.514389801025390625e+01
3.000000000000000000e+01
4.954203414916992188e+01
5.771324920654296875e+01
6.303363800048828125e+01
3.289804840087890625e+01
6.594351959228515625e+01
3.612696075439453125e+01
6.276339340209960938e+01
4.454575347900390625e+01
3.925775909423828125e+01
4.647593688964843750e+01
3.915142822265625000e+01
6.126054763793945312e+01
3.918977737426757812e+01
6.808886718750000000e+01
5.552553558349609375e+01
1.261931915283203125e+02
1.018348541259765625e+02
3.387007904052734375e+01
4.137010955810546875e+01
4.862351226806640625e+01
5.068687820434570312e+01
5.766203689575195312e+01
4.572084808349609375e+01
5.701732635498046875e+01
5.435752868652343750e+01
5.234690856933593750e+01
9.584187316894531250e+01
9.554684448242187500e+01
6.797795104980468750e+01
4.084172439575195312e+01
5.786283874511718750e+01
3.655830764770507812e+01
9.815274047851562500e+01
6.060586166381835938e+01
1.509418334960937500e+02
3.000000000000000000e+01
4.559828186035156250e+01
8.458140563964843750e+01
3.000000000000000000e+01
5.814350509643554688e+01
4.985569000244140625e+01
3.218020248413085938e+01
4.205318450927734375e+01
3.000000000000000000e+01
7.382460784912109375e+01
1.279514999389648438e+02
4.111460113525390625e+01
4.064131927490234375e+01
8.350942230224609375e+01
4.566606140136718750e+01
7.792034912109375000e+01
5.420862579345703125e+01
4.965395355224609375e+01
6.391209411621093750e+01
3.795593643188476562e+01
4.378108215332031250e+01
4.354082489013671875e+01
4.433651733398437500e+01
7.758509826660156250e+01
6.177864074707031250e+01
4.326144027709960938e+01
4.963370513916015625e+01
3.929849624633789062e+01
1.029662475585937500e+02
4.209692382812500000e+01
3.000000000000000000e+01
5.981336975097656250e+01
4.157157516479492188e+01
1.251674728393554688e+02
4.592237091064453125e+01
4.175119400024414062e+01
7.468266296386718750e+01
4.719423675537109375e+01
8.880187225341796875e+01
7.216130828857421875e+01
5.539126586914062500e+01
6.158175659179687500e+01
4.903474426269531250e+01
1.007067031860351562e+02
9.681991577148437500e+01
5.114059448242187500e+01
1.124055786132812500e+02
4.074767303466796875e+01
7.632487487792968750e+01
5.227656555175781250e+01
6.736117553710937500e+01
4.186088180541992188e+01
1.168712768554687500e+02
3.686812591552734375e+01
1.382834777832031250e+02
3.855230331420898438e+01
6.062345123291015625e+01
3.165002059936523438e+01
3.795874023437500000e+01
4.638867568969726562e+01
4.114273071289062500e+01
6.835819244384765625e+01
3.713636016845703125e+01
5.809016418457031250e+01
4.900025177001953125e+01
3.518415069580078125e+01
1.166477508544921875e+02
4.428099822998046875e+01
4.178563308715820312e+01
4.386644744873046875e+01
3.000000000000000000e+01
5.646055221557617188e+01
5.391314315795898438e+01
4.637907409667968750e+01
4.823673248291015625e+01
7.024201965332031250e+01
5.599483108520507812e+01
6.887901306152343750e+01
5.501639556884765625e+01
6.435205841064453125e+01
5.996839904785156250e+01
4.429251098632812500e+01
3.000000000000000000e+01
3.981275177001953125e+01
6.331869506835937500e+01
4.762338638305664062e+01
5.264093399047851562e+01
4.424349212646484375e+01
5.312936401367187500e+01
5.736644363403320312e+01
4.993264389038085938e+01
4.744091796875000000e+01
4.793929290771484375e+01
4.209180450439453125e+01
7.297209167480468750e+01
1.478217468261718750e+02
6.392383575439453125e+01
5.621845245361328125e+01
1.208615722656250000e+02
5.619472503662109375e+01
3.000000000000000000e+01
5.365758895874023438e+01
3.999562072753906250e+01
5.106382751464843750e+01
5.943995285034179688e+01
1.160246200561523438e+02
3.517228698730468750e+01
4.311370849609375000e+01
1.001062164306640625e+02
4.080180740356445312e+01
4.195615005493164062e+01
4.010796356201171875e+01
4.495059967041015625e+01
4.719680404663085938e+01
5.727741241455078125e+01
3.773957443237304688e+01
4.671206665039062500e+01
3.901605987548828125e+01
6.407083892822265625e+01
7.842117309570312500e+01
4.041188430786132812e+01
5.065712356567382812e+01
4.938912582397460938e+01
6.212453460693359375e+01
1.091775054931640625e+02
6.441130828857421875e+01
9.705320739746093750e+01
3.471641921997070312e+01
4.537559890747070312e+01
5.797175216674804688e+01
4.761952209472656250e+01
4.234436798095703125e+01
5.791331481933593750e+01
4.173834991455078125e+01
4.945991516113281250e+01
7.864945220947265625e+01
5.579300689697265625e+01
4.200962066650390625e+01
1.104844970703125000e+02
1.231500244140625000e+02
6.339367294311523438e+01
8.194891357421875000e+01
3.525392150878906250e+01
5.221221160888671875e+01
1.353483581542968750e+02
1.676558532714843750e+02
5.730700683593750000e+01
6.091390228271484375e+01
4.151394653320312500e+01
5.209022521972656250e+01
9.249856567382812500e+01
4.777420806884765625e+01
5.892181396484375000e+01
4.528486251831054688e+01
3.978756713867187500e+01
4.332025909423828125e+01
1.486556091308593750e+02
6.583660125732421875e+01
5.329733276367187500e+01
5.669805908203125000e+01
4.524998855590820312e+01
1.304812927246093750e+02
4.873497009277343750e+01
1.506972351074218750e+02
5.906598281860351562e+01
8.233370208740234375e+01
5.399363708496093750e+01
5.674546813964843750e+01
5.129811096191406250e+01
6.339367294311523438e+01
6.847649383544921875e+01
1.728186950683593750e+02
3.402142715454101562e+01
5.167317199707031250e+01
7.704261779785156250e+01
9.433708190917968750e+01
9.703610229492187500e+01
5.473759841918945312e+01
7.040412902832031250e+01
6.527569580078125000e+01
4.504012680053710938e+01
6.896162414550781250e+01
3.700159454345703125e+01
3.000000000000000000e+01
4.898401260375976562e+01
3.927423095703125000e+01
3.798647689819335938e+01
3.726443481445312500e+01
3.434801864624023438e+01
3.000000000000000000e+01
1.099291610717773438e+02
4.242751312255859375e+01
3.370149993896484375e+01
4.210806274414062500e+01
4.391469955444335938e+01
3.161970138549804688e+01
5.040562438964843750e+01
5.075771713256835938e+01
3.462390518188476562e+01
3.536681365966796875e+01
5.891038513183593750e+01
7.384991455078125000e+01
3.995841217041015625e+01
6.837314605712890625e+01
6.522524261474609375e+01
7.364739990234375000e+01
1.397866210937500000e+02
1.564440002441406250e+02
3.000000000000000000e+01
1.013361358642578125e+02
1.098899230957031250e+02
8.671316528320312500e+01
4.066620635986328125e+01
4.221168518066406250e+01
1.445665283203125000e+02
6.436262512207031250e+01
5.786283874511718750e+01
4.771342086791992188e+01
4.933767318725585938e+01
4.709170532226562500e+01
4.956427764892578125e+01
3.569300460815429688e+01
4.183809661865234375e+01
3.988308334350585938e+01
3.588448333740234375e+01
6.594351959228515625e+01
3.791728210449218750e+01
8.294013214111328125e+01
4.895529174804687500e+01
5.791239929199218750e+01
4.424817276000976562e+01
4.285030364990234375e+01
4.967071914672851562e+01
7.873318481445312500e+01
4.757791137695312500e+01
3.869903182983398438e+01
3.767749786376953125e+01
5.265780258178710938e+01
8.366357421875000000e+01
3.959378051757812500e+01
7.364740753173828125e+01
4.747640991210937500e+01
4.384354400634765625e+01
1.701784057617187500e+02
3.906227111816406250e+01
4.217352294921875000e+01
9.828468322753906250e+01
1.639603881835937500e+02
1.870989074707031250e+02
5.153268814086914062e+01
8.283575439453125000e+01
3.443472290039062500e+01
9.519058227539062500e+01
6.001457977294921875e+01
3.425939941406250000e+01
1.435155792236328125e+02
5.600300216674804688e+01
5.540701293945312500e+01
1.418686218261718750e+02
5.734194946289062500e+01
5.661624908447265625e+01
8.301763916015625000e+01
3.000000000000000000e+01
6.234486007690429688e+01
1.217245635986328125e+02
3.222706985473632812e+01
5.894459533691406250e+01
6.106063842773437500e+01
5.085320281982421875e+01
9.197349548339843750e+01
1.458252105712890625e+02
7.249989318847656250e+01
1.274870300292968750e+02
8.857152557373046875e+01
5.987776947021484375e+01
8.092689514160156250e+01
7.661888885498046875e+01
3.000000000000000000e+01
3.047309875488281250e+01
3.000000000000000000e+01
3.841665649414062500e+01
5.834072875976562500e+01
1.231500244140625000e+02
4.992951202392578125e+01
4.546055221557617188e+01
5.229017639160156250e+01
2.780772094726562500e+02
3.616877746582031250e+01
3.784612655639648438e+01
3.057238388061523438e+01
3.000000000000000000e+01
4.056380462646484375e+01
6.801834869384765625e+01
6.531835937500000000e+01
9.657555389404296875e+01
6.924472045898437500e+01
4.383303070068359375e+01
5.592456817626953125e+01
4.464916610717773438e+01
1.360409851074218750e+02
4.664197540283203125e+01
4.189581680297851562e+01
3.664259338378906250e+01
4.021115112304687500e+01
6.524449157714843750e+01
6.304150772094726562e+01
1.381024169921875000e+02
7.035894012451171875e+01
8.892460632324218750e+01
5.946388626098632812e+01
3.771379089355468750e+01
6.805576324462890625e+01
3.000000000000000000e+01
6.276566314697265625e+01
8.435653686523437500e+01
3.000000000000000000e+01
3.869491577148437500e+01
9.715233612060546875e+01
3.000000000000000000e+01
4.610842514038085938e+01
1.308367919921875000e+02
6.454846191406250000e+01
4.412558746337890625e+01
7.338007354736328125e+01
4.773090362548828125e+01
5.026210403442382812e+01
8.614784240722656250e+01
5.435515594482421875e+01
8.294013214111328125e+01
2.065023803710937500e+02
4.956427764892578125e+01
1.186366882324218750e+02
4.723480606079101562e+01
5.318158340454101562e+01
8.381396484375000000e+01
6.059753417968750000e+01
5.696110534667968750e+01
6.595019531250000000e+01
3.370592117309570312e+01
6.690383911132812500e+01
5.011271667480468750e+01
7.053387451171875000e+01
3.954039001464843750e+01
4.760079193115234375e+01
6.477069854736328125e+01
1.069097442626953125e+02
9.332762145996093750e+01
5.480199813842773438e+01
5.227656555175781250e+01
4.668643188476562500e+01
5.711346054077148438e+01
6.490901184082031250e+01
3.585932159423828125e+01
1.138120269775390625e+02
1.039017181396484375e+02
3.596692276000976562e+01
8.624921417236328125e+01
8.057005310058593750e+01
4.932819747924804688e+01
5.114320373535156250e+01
4.284556579589843750e+01
4.490577697753906250e+01
1.808791961669921875e+02
3.868247222900390625e+01
5.199930953979492188e+01
5.116296386718750000e+01
4.382484817504882812e+01
9.831654357910156250e+01
3.830014801025390625e+01
3.982222747802734375e+01
1.355265197753906250e+02
7.384991455078125000e+01
9.697155761718750000e+01
6.558569335937500000e+01
3.604294586181640625e+01
6.096003341674804688e+01
9.577854919433593750e+01
9.640904998779296875e+01
6.958431243896484375e+01
6.975876617431640625e+01
3.723621749877929688e+01
6.767247009277343750e+01
9.178825378417968750e+01
4.651298141479492188e+01
4.195615005493164062e+01
6.903762817382812500e+01
9.398863220214843750e+01
6.065179824829101562e+01
5.730815124511718750e+01
4.916955566406250000e+01
3.000000000000000000e+01
3.989852523803710938e+01
3.000000000000000000e+01
3.632687377929687500e+01
4.864096450805664062e+01
3.089398384094238281e+01
4.995124435424804688e+01
5.476374816894531250e+01
4.532045745849609375e+01
7.508961486816406250e+01
5.862464904785156250e+01
4.360858154296875000e+01
3.966843414306640625e+01
5.048751831054687500e+01
5.488133239746093750e+01
3.000000000000000000e+01
3.403318023681640625e+01
7.924813842773437500e+01
3.764340209960937500e+01
5.929132080078125000e+01
3.153857040405273438e+01
5.877104187011718750e+01
3.137800407409667969e+01
3.000000000000000000e+01
1.188233489990234375e+02
4.998752593994140625e+01
3.026616287231445312e+01
5.952252960205078125e+01
4.189581680297851562e+01
8.026760864257812500e+01
3.614207077026367188e+01
4.669239044189453125e+01
1.272713012695312500e+02
3.621813583374023438e+01
1.064074478149414062e+02
1.037347717285156250e+02
3.988155746459960938e+01
4.151857376098632812e+01
8.944245910644531250e+01
3.715800476074218750e+01
5.511260604858398438e+01
5.669805908203125000e+01
1.303239440917968750e+02
4.114115905761718750e+01
5.521845245361328125e+01
5.215838241577148438e+01
3.273019790649414062e+01
4.626452636718750000e+01
1.146218872070312500e+02
4.137446594238281250e+01
6.308641815185546875e+01
6.654169464111328125e+01
5.033681869506835938e+01
3.000000000000000000e+01
4.788574600219726562e+01
4.157751464843750000e+01
4.597378540039062500e+01
3.675042724609375000e+01
3.833225250244140625e+01
4.185782241821289062e+01
4.727082061767578125e+01
4.543203735351562500e+01
4.686723327636718750e+01
5.972583007812500000e+01
5.814350509643554688e+01
7.105421447753906250e+01
1.160246200561523438e+02
6.844502258300781250e+01
1.074193878173828125e+02
7.832031250000000000e+01
1.271899948120117188e+02
4.063497161865234375e+01
6.775331115722656250e+01
3.183700370788574219e+01
4.270726013183593750e+01
6.910945129394531250e+01
6.796899414062500000e+01
8.256421661376953125e+01
7.701222229003906250e+01
4.111460113525390625e+01
4.315607070922851562e+01
6.701661682128906250e+01
9.270723724365234375e+01
5.234541320800781250e+01
5.220974349975585938e+01
4.247830963134765625e+01
3.848460006713867188e+01
9.439099121093750000e+01
4.572084808349609375e+01
4.810991668701171875e+01
4.085467529296875000e+01
4.647126388549804688e+01
5.024218368530273438e+01
8.567483520507812500e+01
4.307769775390625000e+01
3.408570861816406250e+01
3.000000000000000000e+01
9.657555389404296875e+01
6.043412017822265625e+01
3.000000000000000000e+01
5.117310333251953125e+01
5.622571563720703125e+01
4.726436614990234375e+01
6.186080169677734375e+01
4.721533584594726562e+01
6.515007019042968750e+01
3.958749389648437500e+01
5.154672241210937500e+01
7.025957489013671875e+01
8.107871246337890625e+01
7.812096405029296875e+01
5.021026611328125000e+01
3.412947845458984375e+01
6.289784240722656250e+01
6.394429016113281250e+01
5.188554000854492188e+01
5.065876770019531250e+01
5.458409500122070312e+01
4.637058258056640625e+01
6.249625015258789062e+01
4.728403472900390625e+01
3.000000000000000000e+01
5.268592071533203125e+01
6.586991882324218750e+01
6.477069854736328125e+01
5.545721817016601562e+01
4.766406250000000000e+01
3.482408905029296875e+01
7.665270233154296875e+01
1.018882904052734375e+02
7.501303100585937500e+01
3.246176147460937500e+01
1.271900024414062500e+02
5.153268814086914062e+01
5.484848785400390625e+01
9.398863220214843750e+01
3.964542770385742188e+01
3.556417083740234375e+01
5.947405624389648438e+01
3.000000000000000000e+01
4.111348724365234375e+01
2.261227722167968750e+02
4.058447647094726562e+01
3.000000000000000000e+01
4.087833404541015625e+01
1.190518112182617188e+02
5.443670654296875000e+01
4.718168258666992188e+01
1.122275314331054688e+02
4.646420288085937500e+01
1.247931594848632812e+02
7.398916625976562500e+01
8.454019165039062500e+01
3.000000000000000000e+01
3.440056228637695312e+01
6.875314331054687500e+01
7.125128936767578125e+01
7.236807250976562500e+01
4.757791137695312500e+01
4.554343032836914062e+01
3.498982238769531250e+01
5.038421249389648438e+01
6.156445312500000000e+01
5.454032135009765625e+01
4.405292510986328125e+01
7.096643066406250000e+01
7.499539184570312500e+01
5.742755126953125000e+01
3.666703796386718750e+01
5.158141708374023438e+01
3.000000000000000000e+01
4.734548187255859375e+01
1.089182586669921875e+02
4.644545745849609375e+01
7.821710205078125000e+01
4.846614074707031250e+01
4.410476684570312500e+01
3.432090377807617188e+01
8.880187225341796875e+01
6.243974304199218750e+01
7.332313537597656250e+01
1.105020370483398438e+02
5.530533599853515625e+01
4.591650390625000000e+01
4.279911804199218750e+01
4.664187622070312500e+01
5.106894683837890625e+01
7.060594940185546875e+01
1.808791961669921875e+02
5.152577590942382812e+01
6.768393707275390625e+01
4.679239654541015625e+01
5.576610946655273438e+01
4.232178115844726562e+01
5.442487335205078125e+01
5.328282546997070312e+01
6.035196304321289062e+01
9.301449584960937500e+01
3.000000000000000000e+01
4.187531280517578125e+01
5.083740997314453125e+01
1.039299468994140625e+02
6.462805175781250000e+01
1.064074401855468750e+02
4.200635147094726562e+01
3.902321243286132812e+01
5.115480041503906250e+01
7.520537567138671875e+01
1.456282958984375000e+02
6.033027648925781250e+01
5.331787872314453125e+01
6.202790832519531250e+01
3.000000000000000000e+01
4.044416809082031250e+01
7.889115905761718750e+01
3.450635910034179688e+01
3.899753570556640625e+01
4.978855895996093750e+01
8.073426818847656250e+01
4.882054901123046875e+01
1.011101074218750000e+02
4.013322448730468750e+01
5.194563293457031250e+01
6.436262512207031250e+01
9.498931884765625000e+01
5.992694091796875000e+01
4.384497833251953125e+01
4.995561599731445312e+01
3.500151824951171875e+01
3.476284790039062500e+01
4.664197540283203125e+01
3.598318862915039062e+01
6.359826660156250000e+01
6.454846191406250000e+01
4.003968811035156250e+01
3.000000000000000000e+01
3.820959854125976562e+01
3.784612655639648438e+01
4.413294982910156250e+01
1.331148071289062500e+02
3.000000000000000000e+01
6.107564544677734375e+01
1.042143859863281250e+02
4.089860916137695312e+01
3.000000000000000000e+01
3.576800918579101562e+01
6.062345123291015625e+01
6.564933776855468750e+01
5.860881423950195312e+01
5.971127700805664062e+01
5.359934616088867188e+01
5.968250656127929688e+01
5.618778991699218750e+01
4.197342681884765625e+01
6.947411346435546875e+01
3.000000000000000000e+01
6.096003341674804688e+01
5.002878189086914062e+01
3.637098312377929688e+01
3.804660797119140625e+01
5.523299789428710938e+01
5.002634811401367188e+01
4.950955200195312500e+01
3.161970138549804688e+01
5.450255966186523438e+01
4.689153289794921875e+01
6.136751937866210938e+01
7.877751159667968750e+01
4.975916671752929688e+01
8.392779541015625000e+01
4.446454620361328125e+01
5.579301071166992188e+01
4.066215896606445312e+01
5.889502716064453125e+01
7.544752502441406250e+01
6.047427368164062500e+01
7.294968414306640625e+01
3.876924133300781250e+01
9.182366943359375000e+01
4.282868194580078125e+01
5.094885635375976562e+01
8.710243225097656250e+01
1.467991027832031250e+02
1.201999359130859375e+02
4.430231475830078125e+01
3.816946792602539062e+01
4.834750366210937500e+01
5.238243865966796875e+01
9.332762908935546875e+01
8.089826202392578125e+01
6.227980804443359375e+01
1.048089752197265625e+02
5.158141708374023438e+01
4.401977920532226562e+01
3.822381591796875000e+01
5.439008331298828125e+01
6.243317413330078125e+01
3.047534942626953125e+01
4.014850616455078125e+01
8.102580261230468750e+01
6.530809783935546875e+01
5.154328918457031250e+01
8.834497070312500000e+01
3.349293899536132812e+01
3.666142272949218750e+01
5.771324920654296875e+01
5.052978134155273438e+01
5.906211853027343750e+01
4.384497833251953125e+01
1.909339904785156250e+02
5.933271026611328125e+01
5.180152893066406250e+01
3.870102310180664062e+01
4.789561462402343750e+01
1.207519531250000000e+02
4.390068054199218750e+01
4.124421691894531250e+01
5.768933868408203125e+01
4.405292510986328125e+01
7.999436950683593750e+01
4.613093566894531250e+01
5.874907302856445312e+01
5.601794052124023438e+01
4.214315414428710938e+01
3.870535659790039062e+01
3.736504364013671875e+01
4.918852233886718750e+01
5.270719146728515625e+01
1.999431762695312500e+02
3.793462371826171875e+01
4.917118453979492188e+01
6.672109985351562500e+01
4.991856765747070312e+01
4.167443466186523438e+01
3.541471862792968750e+01
3.429017257690429688e+01
5.928780364990234375e+01
3.000000000000000000e+01
5.189614105224609375e+01
6.026564025878906250e+01
4.067113494873046875e+01
4.908248138427734375e+01
3.717890930175781250e+01
3.988155746459960938e+01
3.901801300048828125e+01
3.205984497070312500e+01
6.529933929443359375e+01
7.165167236328125000e+01
3.000000000000000000e+01
4.961291122436523438e+01
4.210806274414062500e+01
7.855100250244140625e+01
4.841333389282226562e+01
8.907578277587890625e+01
5.006900024414062500e+01
6.958431243896484375e+01
8.473072814941406250e+01
4.179527282714843750e+01
8.710243225097656250e+01
3.000000000000000000e+01
4.741217041015625000e+01
4.076756668090820312e+01
4.404264450073242188e+01
1.211144866943359375e+02
4.554426193237304688e+01
3.000000000000000000e+01
7.649569702148437500e+01
4.413950347900390625e+01
1.100400619506835938e+02
5.645251083374023438e+01
3.549972152709960938e+01
5.207550430297851562e+01
7.132295227050781250e+01
8.310268402099609375e+01
7.653585052490234375e+01
7.208848571777343750e+01
3.013710403442382812e+01
4.206720733642578125e+01
5.469020843505859375e+01
7.267353820800781250e+01
1.300306701660156250e+02
7.347459411621093750e+01
1.305358886718750000e+02
4.650617980957031250e+01
4.464308166503906250e+01
5.399971008300781250e+01
3.000000000000000000e+01
5.554348373413085938e+01
3.000000000000000000e+01
3.000000000000000000e+01
6.894640350341796875e+01
1.118508148193359375e+02
4.425172042846679688e+01
3.140016937255859375e+01
5.086115264892578125e+01
6.829846954345703125e+01
4.197824478149414062e+01
4.179523086547851562e+01
7.060594940185546875e+01
4.481593322753906250e+01
5.803578186035156250e+01
4.044416427612304688e+01
6.172294998168945312e+01
5.710258483886718750e+01
3.618514251708984375e+01
3.384743881225585938e+01
5.667025756835937500e+01
3.440312194824218750e+01
6.626335144042968750e+01
6.794346618652343750e+01
4.677183532714843750e+01
8.194891357421875000e+01
5.265679168701171875e+01
3.854105377197265625e+01
3.482112884521484375e+01
3.342116546630859375e+01
3.000000000000000000e+01
4.196865844726562500e+01
3.250827789306640625e+01
4.284293365478515625e+01
9.886550140380859375e+01
4.383303070068359375e+01
3.740155792236328125e+01
1.069097442626953125e+02
6.933694458007812500e+01
4.049824905395507812e+01
6.961721038818359375e+01
7.744747924804687500e+01
4.532045745849609375e+01
5.868418502807617188e+01
1.036132659912109375e+02
4.438777923583984375e+01
8.195180511474609375e+01
3.915142822265625000e+01
3.762337493896484375e+01
5.766203689575195312e+01
4.306322097778320312e+01
4.045535278320312500e+01
4.515056610107421875e+01
3.259535217285156250e+01
4.429888153076171875e+01
4.860327911376953125e+01
5.600299835205078125e+01
3.000000000000000000e+01
3.889664840698242188e+01
6.807499694824218750e+01
8.557058715820312500e+01
3.000000000000000000e+01
9.553713226318359375e+01
5.188243484497070312e+01
3.000000000000000000e+01
9.334440612792968750e+01
9.613848876953125000e+01
4.289919281005859375e+01
6.349752807617187500e+01
4.019137573242187500e+01
4.690267944335937500e+01
4.570564270019531250e+01
8.877661132812500000e+01
4.938803100585937500e+01
3.531055068969726562e+01
6.558569335937500000e+01
5.483094024658203125e+01
5.930379486083984375e+01
3.238360977172851562e+01
4.805656433105468750e+01
6.610771942138671875e+01
5.420862579345703125e+01
7.054057312011718750e+01
6.258278274536132812e+01
3.671486663818359375e+01
3.711665344238281250e+01
3.798180007934570312e+01
5.762596130371093750e+01
7.758509826660156250e+01
7.835494232177734375e+01
5.874907302856445312e+01
5.773379516601562500e+01
6.441889190673828125e+01
4.805656433105468750e+01
3.675691223144531250e+01
5.014372253417968750e+01
3.000000000000000000e+01
4.437884140014648438e+01
6.359933471679687500e+01
4.983903503417968750e+01
3.415534210205078125e+01
6.583659362792968750e+01
4.574908447265625000e+01
6.324580001831054688e+01
3.000000000000000000e+01
4.696646881103515625e+01
3.393431854248046875e+01
6.148895263671875000e+01
7.251806640625000000e+01
3.214097213745117188e+01
6.084596252441406250e+01
3.645574188232421875e+01
8.144012451171875000e+01
6.421858215332031250e+01
5.281100463867187500e+01
4.181917572021484375e+01
3.969341278076171875e+01
5.917502212524414062e+01
6.985448455810546875e+01
3.233778381347656250e+01
4.333105087280273438e+01
6.332434463500976562e+01
4.592193603515625000e+01
5.621845245361328125e+01
5.109025955200195312e+01
6.056678009033203125e+01
4.771246337890625000e+01
3.000000000000000000e+01
4.262409973144531250e+01
4.693278503417968750e+01
6.962762451171875000e+01
3.534095382690429688e+01
8.381396484375000000e+01
4.281035614013671875e+01
4.311370849609375000e+01
4.016455078125000000e+01
4.795127868652343750e+01
3.416420745849609375e+01
5.030414962768554688e+01
3.816946792602539062e+01
3.986132812500000000e+01
3.000000000000000000e+01
4.387136077880859375e+01
6.646893310546875000e+01
5.191540527343750000e+01
6.572703552246093750e+01
4.886661911010742188e+01
5.450833129882812500e+01
4.736943817138671875e+01
3.000000000000000000e+01
3.000000000000000000e+01
4.795127868652343750e+01
7.294968414306640625e+01
5.326599884033203125e+01
4.127810668945312500e+01
3.443591308593750000e+01
6.907041168212890625e+01
5.494707489013671875e+01
7.567520141601562500e+01
3.732296752929687500e+01
3.247750473022460938e+01
6.384349822998046875e+01
3.000000000000000000e+01
4.766296386718750000e+01
3.071708106994628906e+01
5.229917144775390625e+01
3.071009254455566406e+01
3.609737777709960938e+01
4.579684066772460938e+01
5.084196472167968750e+01
7.335766601562500000e+01
4.605793762207031250e+01
7.835494232177734375e+01
5.793369293212890625e+01
4.358553314208984375e+01
3.895969390869140625e+01
4.659614562988281250e+01
3.752503967285156250e+01
4.327313613891601562e+01
5.912856292724609375e+01
6.531835937500000000e+01
4.669238662719726562e+01
4.124401855468750000e+01
3.990501403808593750e+01
8.879467010498046875e+01
4.996242141723632812e+01
5.496826553344726562e+01
3.012116813659667969e+01
3.000000000000000000e+01
4.163850402832031250e+01
3.637098312377929688e+01
6.226502990722656250e+01
3.402512359619140625e+01
4.144676971435546875e+01
4.598580551147460938e+01
3.197263717651367188e+01
3.852046203613281250e+01
4.745830535888671875e+01
3.763422393798828125e+01
5.426016235351562500e+01
3.336042404174804688e+01
7.468266296386718750e+01
5.793369293212890625e+01
6.661100769042968750e+01
3.000000000000000000e+01
3.000000000000000000e+01
3.069057655334472656e+01
3.000000000000000000e+01
5.053260040283203125e+01
7.172209167480468750e+01
3.565029144287109375e+01
5.530950546264648438e+01
5.106435394287109375e+01
4.151857376098632812e+01
5.229457855224609375e+01
6.924472045898437500e+01
3.235187530517578125e+01
4.389396667480468750e+01
7.729322052001953125e+01
4.695791625976562500e+01
7.132295227050781250e+01
8.535736083984375000e+01
3.000000000000000000e+01
6.637037658691406250e+01
4.970034790039062500e+01
5.696110534667968750e+01
4.564551544189453125e+01
5.134586334228515625e+01
5.791331481933593750e+01
6.304150772094726562e+01
4.050111770629882812e+01
6.011417388916015625e+01
7.518669128417968750e+01
3.432044982910156250e+01
7.943276977539062500e+01
3.086425209045410156e+01
3.488087463378906250e+01
4.120525360107421875e+01
4.826399230957031250e+01
3.748754882812500000e+01
6.273639297485351562e+01
5.115559387207031250e+01
4.917118453979492188e+01
4.420768356323242188e+01
5.153727722167968750e+01
3.390033721923828125e+01
3.627925872802734375e+01
7.503791809082031250e+01
3.000000000000000000e+01
3.596185684204101562e+01
5.730924987792968750e+01
4.789576721191406250e+01
4.608123016357421875e+01
3.919216156005859375e+01
4.181917572021484375e+01
3.000000000000000000e+01
3.468085098266601562e+01
3.834598541259765625e+01
4.455005645751953125e+01
3.000000000000000000e+01
4.660519790649414062e+01
5.083740997314453125e+01
3.410458374023437500e+01
4.597378921508789062e+01
4.888616561889648438e+01
7.395343780517578125e+01
5.049828338623046875e+01
7.865975189208984375e+01
1.009720306396484375e+02
5.528042221069335938e+01
4.178563308715820312e+01
4.358910369873046875e+01
4.738806915283203125e+01
3.995960617065429688e+01
3.988183593750000000e+01
5.298749160766601562e+01
1.105020370483398438e+02
4.535385131835937500e+01
3.612658691406250000e+01
4.429587173461914062e+01
5.433230972290039062e+01
4.226190948486328125e+01
4.626452636718750000e+01
5.052978134155273438e+01
6.295823669433593750e+01
3.000000000000000000e+01
5.097928619384765625e+01
3.571470260620117188e+01
5.947935867309570312e+01
6.249625015258789062e+01
3.000000000000000000e+01
4.960637664794921875e+01
4.933006286621093750e+01
3.162157630920410156e+01
5.483038330078125000e+01
4.747770309448242188e+01
4.698427581787109375e+01
6.462805175781250000e+01
3.968404388427734375e+01
3.000000000000000000e+01
4.232178115844726562e+01
6.126377868652343750e+01
3.000000000000000000e+01
6.797655487060546875e+01
3.829592895507812500e+01
5.594367980957031250e+01
3.934597396850585938e+01
5.010795211791992188e+01
6.636315917968750000e+01
5.004214477539062500e+01
5.160882949829101562e+01
3.113192939758300781e+01
4.370767974853515625e+01
5.297959136962890625e+01
5.708176040649414062e+01
4.063497161865234375e+01
4.235540390014648438e+01
4.808987426757812500e+01
5.126906204223632812e+01
4.645455169677734375e+01
6.381036376953125000e+01
4.065096664428710938e+01
6.270240020751953125e+01
4.290829467773437500e+01
1.002163543701171875e+02
8.011233520507812500e+01
4.347906112670898438e+01
4.799489593505859375e+01
3.000000000000000000e+01
8.078746032714843750e+01
3.000000000000000000e+01
3.761962127685546875e+01
8.455570220947265625e+01
5.082425689697265625e+01
4.231396865844726562e+01
5.089625549316406250e+01
9.419923400878906250e+01
3.867174911499023438e+01
5.134386444091796875e+01
3.000000000000000000e+01
5.116345977783203125e+01
4.325984191894531250e+01
3.535496139526367188e+01
5.054328918457031250e+01
7.970016479492187500e+01
4.972071075439453125e+01
3.534479141235351562e+01
3.625711059570312500e+01
3.934506225585937500e+01
4.000759887695312500e+01
3.822313690185546875e+01
5.883674621582031250e+01
8.907578277587890625e+01
5.463437271118164062e+01
7.126490783691406250e+01
6.718557739257812500e+01
7.007490539550781250e+01
5.840668106079101562e+01
3.000000000000000000e+01
3.695585632324218750e+01
5.653655624389648438e+01
4.080352783203125000e+01
4.161720275878906250e+01
3.066822052001953125e+01
3.195431709289550781e+01
4.941452407836914062e+01
3.114644432067871094e+01
3.119096374511718750e+01
4.455931091308593750e+01
7.355362701416015625e+01
5.542585754394531250e+01
3.617926025390625000e+01
4.614849090576171875e+01
3.000000000000000000e+01
4.379476165771484375e+01
4.990037918090820312e+01
7.216130065917968750e+01
5.093803024291992188e+01
4.993175125122070312e+01
3.000000000000000000e+01
6.767247009277343750e+01
4.655982971191406250e+01
3.000000000000000000e+01
5.917502593994140625e+01
3.616542053222656250e+01
9.356015014648437500e+01
3.803145217895507812e+01
5.567885971069335938e+01
5.857061386108398438e+01
4.153281402587890625e+01
3.000000000000000000e+01
3.882441711425781250e+01
4.667938613891601562e+01
3.771379089355468750e+01
4.957970809936523438e+01
4.397569274902343750e+01
3.254361343383789062e+01
3.977239227294921875e+01
7.999436950683593750e+01
6.933799743652343750e+01
6.522524261474609375e+01
3.549409866333007812e+01
3.333867263793945312e+01
6.008676147460937500e+01
4.941452407836914062e+01
5.947591400146484375e+01
5.598177719116210938e+01
5.854454421997070312e+01
3.980079269409179688e+01
4.386139678955078125e+01
4.020323562622070312e+01
3.994840240478515625e+01
3.000000000000000000e+01
7.612408447265625000e+01
3.532433319091796875e+01
4.110888671875000000e+01
3.727340698242187500e+01
4.151418304443359375e+01
4.904866027832031250e+01
3.000000000000000000e+01
4.384354400634765625e+01
3.945046234130859375e+01
3.000000000000000000e+01
5.996839904785156250e+01
7.649569702148437500e+01
3.723096466064453125e+01
6.287575149536132812e+01
4.493317413330078125e+01
4.246574401855468750e+01
4.145011901855468750e+01
5.650634384155273438e+01
3.326106643676757812e+01
4.056215667724609375e+01
4.224666595458984375e+01
5.140567016601562500e+01
3.141571235656738281e+01
3.918696975708007812e+01
3.459417343139648438e+01
3.285066986083984375e+01
3.922444534301757812e+01
3.000000000000000000e+01
3.385288619995117188e+01
5.520957946777343750e+01
5.149958801269531250e+01
9.419923400878906250e+01
6.195672607421875000e+01
3.745988845825195312e+01
3.505016708374023438e+01
7.853292846679687500e+01
3.273019790649414062e+01
4.015300369262695312e+01
7.612409210205078125e+01
5.114830398559570312e+01
4.851031494140625000e+01
4.111295700073242188e+01
4.995124435424804688e+01
1.066938323974609375e+02
6.378783416748046875e+01
5.875180053710937500e+01
8.340997314453125000e+01
3.000000000000000000e+01
3.341323471069335938e+01
4.216128921508789062e+01
3.791444778442382812e+01
4.714526748657226562e+01
7.177328491210937500e+01
3.740911865234375000e+01
3.141075897216796875e+01
5.634186172485351562e+01
3.533914184570312500e+01
4.737381744384765625e+01
4.765415191650390625e+01
4.693711853027343750e+01
3.716308975219726562e+01
3.246176147460937500e+01
4.970034790039062500e+01
4.415521240234375000e+01
4.144755554199218750e+01
7.546391296386718750e+01
3.743515777587890625e+01
3.101755905151367188e+01
6.141068267822265625e+01
5.285845184326171875e+01
3.000000000000000000e+01
3.865113830566406250e+01
4.431886291503906250e+01
4.320885086059570312e+01
4.485672760009765625e+01
3.387919235229492188e+01
4.636224746704101562e+01
5.988520812988281250e+01
5.878569030761718750e+01
5.560704040527343750e+01
3.826399993896484375e+01
5.222929382324218750e+01
3.382252502441406250e+01
3.000000000000000000e+01
7.209146118164062500e+01
4.340258407592773438e+01
3.933061981201171875e+01
3.577416992187500000e+01
3.000000000000000000e+01
3.222682571411132812e+01
4.166905975341796875e+01
5.796107101440429688e+01
4.180131530761718750e+01
4.535385131835937500e+01
5.906211853027343750e+01
4.446688842773437500e+01
3.466318130493164062e+01
4.294017410278320312e+01
3.000000000000000000e+01
7.693135070800781250e+01
4.023287200927734375e+01
3.737439727783203125e+01
4.406507110595703125e+01
7.855100250244140625e+01
4.734102630615234375e+01
3.939912414550781250e+01
3.000000000000000000e+01
3.500176620483398438e+01
5.243862915039062500e+01
4.402446365356445312e+01
4.125167083740234375e+01
3.000000000000000000e+01
3.611811065673828125e+01
3.000000000000000000e+01
4.086611175537109375e+01
5.337172698974609375e+01
3.943082809448242188e+01
4.913101196289062500e+01
4.282590484619140625e+01
6.053631591796875000e+01
4.429126739501953125e+01
5.701940917968750000e+01
5.389630126953125000e+01
3.226625823974609375e+01
5.116464233398437500e+01
3.000000000000000000e+01
3.056734085083007812e+01
4.950149536132812500e+01
4.394266510009765625e+01
3.373796081542968750e+01
3.513716125488281250e+01
3.740062713623046875e+01
4.003376770019531250e+01
4.446157836914062500e+01
4.119176483154296875e+01
