4.868737030029296875e+01
6.011107254028320312e+01
3.678057479858398438e+01
4.016702270507812500e+01
6.750660705566406250e+01
6.377974700927734375e+01
3.469537734985351562e+01
7.429782104492187500e+01
6.272489166259765625e+01
1.233158035278320312e+02
5.003033447265625000e+01
1.141602478027343750e+02
5.119938659667968750e+01
4.907179641723632812e+01
3.000000000000000000e+01
6.002695465087890625e+01
7.238025665283203125e+01
4.166868591308593750e+01
4.232917404174804688e+01
1.433097381591796875e+02
3.868190002441406250e+01
8.563241577148437500e+01
3.000000000000000000e+01
3.073183059692382812e+01
4.123749160766601562e+01
7.815756988525390625e+01
3.000000000000000000e+01
6.605221557617187500e+01
1.837755737304687500e+02
5.854217910766601562e+01
5.652081298828125000e+01
3.983949279785156250e+01
3.750640106201171875e+01
9.887277984619140625e+01
4.774882507324218750e+01
7.604237365722656250e+01
6.729125213623046875e+01
4.731831359863281250e+01
4.739051818847656250e+01
3.530450057983398438e+01
3.518682098388671875e+01
3.687210464477539062e+01
5.021039581298828125e+01
4.832048797607421875e+01
3.348077392578125000e+01
4.081466674804687500e+01
3.000000000000000000e+01
6.747427368164062500e+01
1.187309036254882812e+02
4.756481933593750000e+01
4.419480133056640625e+01
4.254798889160156250e+01
7.322119903564453125e+01
4.113046264648437500e+01
1.111171417236328125e+02
3.866745376586914062e+01
6.282257843017578125e+01
4.613005065917968750e+01
6.642906188964843750e+01
8.038958740234375000e+01
5.036048507690429688e+01
7.656145477294921875e+01
4.099553298950195312e+01
9.710595703125000000e+01
9.969581604003906250e+01
5.118865966796875000e+01
5.159769439697265625e+01
3.000000000000000000e+01
4.517449951171875000e+01
5.417442703247070312e+01
6.333953475952148438e+01
3.543913269042968750e+01
8.003929901123046875e+01
3.126733779907226562e+01
6.218869781494140625e+01
3.403631591796875000e+01
4.536286926269531250e+01
4.490534591674804688e+01
3.826256179809570312e+01
6.368041992187500000e+01
3.789833831787109375e+01
7.238025665283203125e+01
5.422937393188476562e+01
1.274799346923828125e+02
1.067945175170898438e+02
3.537638092041015625e+01
3.979990386962890625e+01
4.448464965820312500e+01
5.119938659667968750e+01
5.955245590209960938e+01
4.791098403930664062e+01
5.874745559692382812e+01
5.957355880737304688e+01
5.085000610351562500e+01
9.749385833740234375e+01
8.818733978271484375e+01
6.892906951904296875e+01
3.760875320434570312e+01
5.363751983642578125e+01
3.896574783325195312e+01
1.047956085205078125e+02
6.111801528930664062e+01
1.484231109619140625e+02
3.000000000000000000e+01
4.624657440185546875e+01
8.461859130859375000e+01
3.246422958374023438e+01
5.891690444946289062e+01
5.251294708251953125e+01
4.131484222412109375e+01
4.553028869628906250e+01
3.000000000000000000e+01
7.276989746093750000e+01
1.265846633911132812e+02
4.235290145874023438e+01
4.264833831787109375e+01
9.788491821289062500e+01
4.180962753295898438e+01
8.375621795654296875e+01
5.424938201904296875e+01
4.932520294189453125e+01
6.082251739501953125e+01
5.146193313598632812e+01
3.857788085937500000e+01
4.300893783569335938e+01
4.529849243164062500e+01
8.167523193359375000e+01
5.789190292358398438e+01
4.261558151245117188e+01
5.053987503051757812e+01
4.826829528808593750e+01
1.062184753417968750e+02
4.542681884765625000e+01
3.000000000000000000e+01
6.254774093627929688e+01
4.341250610351562500e+01
1.215562210083007812e+02
4.296522903442382812e+01
4.138185501098632812e+01
7.993580627441406250e+01
4.479478454589843750e+01
8.759696960449218750e+01
6.569027709960937500e+01
5.295004272460937500e+01
6.604838562011718750e+01
4.773894500732421875e+01
9.582318115234375000e+01
9.161732482910156250e+01
5.172828674316406250e+01
1.132295989990234375e+02
4.561742782592773438e+01
7.571392822265625000e+01
5.641970062255859375e+01
6.399097824096679688e+01
5.461525344848632812e+01
1.196213989257812500e+02
3.609563446044921875e+01
1.393875122070312500e+02
3.832674026489257812e+01
6.105038452148437500e+01
3.013551330566406250e+01
4.656654357910156250e+01
4.576002502441406250e+01
3.895822525024414062e+01
6.798500061035156250e+01
3.604452896118164062e+01
6.098715972900390625e+01
4.725292205810546875e+01
3.000000000000000000e+01
1.078847427368164062e+02
5.032659149169921875e+01
4.604124069213867188e+01
4.348751831054687500e+01
3.000000000000000000e+01
5.528598403930664062e+01
4.941415786743164062e+01
4.897537612915039062e+01
4.870912933349609375e+01
7.084407043457031250e+01
5.157347869873046875e+01
7.036637115478515625e+01
5.277696228027343750e+01
6.520033264160156250e+01
6.439189147949218750e+01
4.300251770019531250e+01
3.141718292236328125e+01
4.014744186401367188e+01
5.934039306640625000e+01
5.252478027343750000e+01
5.207138824462890625e+01
4.620644378662109375e+01
5.959966278076171875e+01
5.618974685668945312e+01
4.512705993652343750e+01
4.765581512451171875e+01
4.238455963134765625e+01
4.183614730834960938e+01
7.842505645751953125e+01
1.457091064453125000e+02
5.620070648193359375e+01
5.243428039550781250e+01
1.242245941162109375e+02
5.206731414794921875e+01
3.000000000000000000e+01
4.814800643920898438e+01
3.933219146728515625e+01
5.241918563842773438e+01
4.933662414550781250e+01
1.019730224609375000e+02
3.000000000000000000e+01
3.847875976562500000e+01
1.045489501953125000e+02
4.122460556030273438e+01
4.195561218261718750e+01
3.685466766357421875e+01
4.356303024291992188e+01
4.400169372558593750e+01
5.803492736816406250e+01
3.879249954223632812e+01
4.534735107421875000e+01
3.916988754272460938e+01
7.019476318359375000e+01
9.361075592041015625e+01
3.926333236694335938e+01
4.568222045898437500e+01
4.700601196289062500e+01
6.075122070312500000e+01
1.103253784179687500e+02
6.630613708496093750e+01
1.208217849731445312e+02
3.661906814575195312e+01
4.430620193481445312e+01
5.984177780151367188e+01
4.820890045166015625e+01
4.225981903076171875e+01
5.189385223388671875e+01
3.852848434448242188e+01
4.441407394409179688e+01
8.953993225097656250e+01
5.661236572265625000e+01
4.264035034179687500e+01
1.233549041748046875e+02
1.246788406372070312e+02
6.079371261596679688e+01
8.271411132812500000e+01
3.000000000000000000e+01
5.400043487548828125e+01
1.306697540283203125e+02
1.695877380371093750e+02
4.518282318115234375e+01
6.296843719482421875e+01
4.416968536376953125e+01
5.153092956542968750e+01
8.440763854980468750e+01
4.851110839843750000e+01
4.964834976196289062e+01
4.589761352539062500e+01
4.129244232177734375e+01
3.576598358154296875e+01
1.178445281982421875e+02
5.101663970947265625e+01
5.274122238159179688e+01
5.686567306518554688e+01
4.544561767578125000e+01
1.147714233398437500e+02
4.624285888671875000e+01
1.385334320068359375e+02
5.477841186523437500e+01
6.366243362426757812e+01
5.350879287719726562e+01
5.871461105346679688e+01
4.689061737060546875e+01
6.079371261596679688e+01
6.812633514404296875e+01
1.813270263671875000e+02
4.124077606201171875e+01
6.243376922607421875e+01
8.113962554931640625e+01
9.763638305664062500e+01
9.866020202636718750e+01
5.296757125854492188e+01
7.635366058349609375e+01
5.809567642211914062e+01
4.859085845947265625e+01
6.264967346191406250e+01
3.908223724365234375e+01
3.168462753295898438e+01
4.708554077148437500e+01
3.662781524658203125e+01
3.357123184204101562e+01
3.624567031860351562e+01
3.000000000000000000e+01
3.043809509277343750e+01
1.007339935302734375e+02
3.242228317260742188e+01
3.640599060058593750e+01
4.267664337158203125e+01
5.406827545166015625e+01
3.000000000000000000e+01
5.057450866699218750e+01
4.304568481445312500e+01
3.292293930053710938e+01
3.777483749389648438e+01
6.346964263916015625e+01
7.122433471679687500e+01
4.108405685424804688e+01
7.167866516113281250e+01
7.742979431152343750e+01
7.183821105957031250e+01
1.339950561523437500e+02
1.396093750000000000e+02
3.070294380187988281e+01
9.580773925781250000e+01
1.056928710937500000e+02
9.220973968505859375e+01
4.253660202026367188e+01
3.987207031250000000e+01
1.293717651367187500e+02
6.646553039550781250e+01
5.363751983642578125e+01
4.823603057861328125e+01
4.766400146484375000e+01
4.807843399047851562e+01
4.954019546508789062e+01
3.583999633789062500e+01
4.282521438598632812e+01
4.004140853881835938e+01
3.861596298217773438e+01
8.003929138183593750e+01
3.902088165283203125e+01
8.260469055175781250e+01
4.891327667236328125e+01
5.316926574707031250e+01
4.724285507202148438e+01
4.465634536743164062e+01
4.943968963623046875e+01
6.813346862792968750e+01
4.224934005737304688e+01
3.876819229125976562e+01
3.401472854614257812e+01
5.219068908691406250e+01
7.936838531494140625e+01
4.098670959472656250e+01
7.183821105957031250e+01
4.867658996582031250e+01
4.383474349975585938e+01
1.707333374023437500e+02
3.763771057128906250e+01
4.105769348144531250e+01
1.067861938476562500e+02
1.432922973632812500e+02
1.903471527099609375e+02
5.184030532836914062e+01
7.656145477294921875e+01
3.000000000000000000e+01
9.537810516357421875e+01
6.476768493652343750e+01
3.704880142211914062e+01
1.487433166503906250e+02
5.486865997314453125e+01
6.103244018554687500e+01
1.098681945800781250e+02
5.933539962768554688e+01
6.649092864990234375e+01
8.227955627441406250e+01
3.292870330810546875e+01
6.938798522949218750e+01
1.036772766113281250e+02
3.225112915039062500e+01
5.744359207153320312e+01
5.920883560180664062e+01
4.658371734619140625e+01
9.467600250244140625e+01
1.424402770996093750e+02
6.714978027343750000e+01
1.392424621582031250e+02
8.876743316650390625e+01
5.854217529296875000e+01
8.553706359863281250e+01
7.805284118652343750e+01
3.000000000000000000e+01
3.382587432861328125e+01
3.000000000000000000e+01
4.778778839111328125e+01
6.150577545166015625e+01
1.246788406372070312e+02
4.990467834472656250e+01
4.482043075561523438e+01
4.071828460693359375e+01
2.802318420410156250e+02
4.111025619506835938e+01
3.395205307006835938e+01
3.134729003906250000e+01
3.000000000000000000e+01
4.130953979492187500e+01
6.354103088378906250e+01
6.403953552246093750e+01
1.019062652587890625e+02
6.224402618408203125e+01
4.157591629028320312e+01
5.304750823974609375e+01
4.547719573974609375e+01
1.455263061523437500e+02
4.391539764404296875e+01
3.671910476684570312e+01
3.312420272827148438e+01
3.940981292724609375e+01
6.505883789062500000e+01
6.445315551757812500e+01
1.306685638427734375e+02
7.324453735351562500e+01
8.859687805175781250e+01
5.226795196533203125e+01
4.384850311279296875e+01
6.199678802490234375e+01
3.000000000000000000e+01
7.397938537597656250e+01
7.272550964355468750e+01
3.000000000000000000e+01
3.686196899414062500e+01
9.973617553710937500e+01
3.000000000000000000e+01
4.290891265869140625e+01
1.319822692871093750e+02
6.423378753662109375e+01
4.585621643066406250e+01
7.779255676269531250e+01
4.663013458251953125e+01
5.943142700195312500e+01
9.058620452880859375e+01
5.741726684570312500e+01
8.260469055175781250e+01
2.219531250000000000e+02
4.954019546508789062e+01
1.195240783691406250e+02
4.607105255126953125e+01
5.457575988769531250e+01
9.140267944335937500e+01
6.605221557617187500e+01
5.917488479614257812e+01
6.613870239257812500e+01
3.795539093017578125e+01
6.825080871582031250e+01
5.048387145996093750e+01
6.983111572265625000e+01
4.001001358032226562e+01
4.883616638183593750e+01
7.044647979736328125e+01
7.968900299072265625e+01
9.912370300292968750e+01
5.776047515869140625e+01
5.641970062255859375e+01
4.691738510131835938e+01
5.576207351684570312e+01
7.684818267822265625e+01
3.684990310668945312e+01
1.103818054199218750e+02
9.720227050781250000e+01
3.433490753173828125e+01
9.266473388671875000e+01
8.000144958496093750e+01
4.633635330200195312e+01
4.735192871093750000e+01
4.043561553955078125e+01
4.925083541870117188e+01
1.730919189453125000e+02
3.168370628356933594e+01
5.185229110717773438e+01
5.473693847656250000e+01
4.346876525878906250e+01
9.414939880371093750e+01
3.815761184692382812e+01
3.601034164428710938e+01
1.310561828613281250e+02
7.122433471679687500e+01
9.214425659179687500e+01
5.502645111083984375e+01
3.533453369140625000e+01
5.560263061523437500e+01
9.178369903564453125e+01
9.062460327148437500e+01
7.009274291992187500e+01
6.759916687011718750e+01
4.353094100952148438e+01
5.568663024902343750e+01
8.710443115234375000e+01
5.125524139404296875e+01
4.195561218261718750e+01
7.967560577392578125e+01
9.018875122070312500e+01
6.377635192871093750e+01
5.689073944091796875e+01
4.929706954956054688e+01
3.000000000000000000e+01
4.261254501342773438e+01
3.099931144714355469e+01
3.516316223144531250e+01
3.534923553466796875e+01
3.000000000000000000e+01
5.274911117553710938e+01
5.053965759277343750e+01
4.302598190307617188e+01
8.252144622802734375e+01
6.183821868896484375e+01
4.612326812744140625e+01
4.127238845825195312e+01
5.059423828125000000e+01
5.728352737426757812e+01
3.000000000000000000e+01
3.403503036499023438e+01
7.518315124511718750e+01
3.863720703125000000e+01
5.459016418457031250e+01
3.000000000000000000e+01
5.593979644775390625e+01
3.000000000000000000e+01
3.000000000000000000e+01
1.086298141479492188e+02
4.636296844482421875e+01
3.516065216064453125e+01
6.824538421630859375e+01
3.671910476684570312e+01
7.577553558349609375e+01
3.942358016967773438e+01
3.736746597290039062e+01
1.273188476562500000e+02
4.122877883911132812e+01
1.092819976806640625e+02
1.046067504882812500e+02
3.976993942260742188e+01
3.844823455810546875e+01
9.240421295166015625e+01
4.443164825439453125e+01
6.230651855468750000e+01
5.686567306518554688e+01
1.129238281250000000e+02
4.026020050048828125e+01
5.943572616577148438e+01
5.389397811889648438e+01
3.124797821044921875e+01
4.401464462280273438e+01
1.082329406738281250e+02
3.439057159423828125e+01
6.258702850341796875e+01
5.118808746337890625e+01
4.796475219726562500e+01
3.000000000000000000e+01
5.215045928955078125e+01
4.708435821533203125e+01
4.753357315063476562e+01
3.697988891601562500e+01
4.160822677612304688e+01
4.383929443359375000e+01
4.720672607421875000e+01
4.705051422119140625e+01
4.628110504150390625e+01
6.186536788940429688e+01
5.891690444946289062e+01
6.715615081787109375e+01
1.019730224609375000e+02
5.934841918945312500e+01
1.006439819335937500e+02
7.771849822998046875e+01
1.199116668701171875e+02
4.017404174804687500e+01
5.612422561645507812e+01
3.000000000000000000e+01
4.074951171875000000e+01
7.558866119384765625e+01
6.731707000732421875e+01
8.403036499023437500e+01
8.108624267578125000e+01
4.235290145874023438e+01
4.234902191162109375e+01
6.666614532470703125e+01
9.317388153076171875e+01
4.968587875366210938e+01
4.989590454101562500e+01
4.091646957397460938e+01
3.755630874633789062e+01
1.026947784423828125e+02
4.791098403930664062e+01
4.786443328857421875e+01
4.228687286376953125e+01
4.521257019042968750e+01
5.264711380004882812e+01
9.311024475097656250e+01
4.399914169311523438e+01
3.249539184570312500e+01
3.516197204589843750e+01
1.019062652587890625e+02
6.600746917724609375e+01
3.301863098144531250e+01
4.966060638427734375e+01
5.650627136230468750e+01
4.828046035766601562e+01
6.791007995605468750e+01
4.655963897705078125e+01
6.724349212646484375e+01
4.025941467285156250e+01
5.608183288574218750e+01
6.388403320312500000e+01
7.786768341064453125e+01
8.091468811035156250e+01
5.304579925537109375e+01
3.251718139648437500e+01
6.991130828857421875e+01
6.589382171630859375e+01
4.775300598144531250e+01
5.926517105102539062e+01
5.490657043457031250e+01
3.995949935913085938e+01
5.679854965209960938e+01
3.742961120605468750e+01
3.000000000000000000e+01
5.227359008789062500e+01
5.986768341064453125e+01
7.044647979736328125e+01
5.392913055419921875e+01
5.179173278808593750e+01
3.614878082275390625e+01
8.321163177490234375e+01
9.852413940429687500e+01
7.676526641845703125e+01
3.072217941284179688e+01
1.199116668701171875e+02
5.184030151367187500e+01
6.359454727172851562e+01
9.018875122070312500e+01
3.871100616455078125e+01
3.477024078369140625e+01
5.571387863159179688e+01
3.000000000000000000e+01
4.300360870361328125e+01
2.320414123535156250e+02
4.789860916137695312e+01
4.735456848144531250e+01
3.952887725830078125e+01
1.123419036865234375e+02
5.218357849121093750e+01
5.157295608520507812e+01
1.045180892944335938e+02
4.888209915161132812e+01
1.310467681884765625e+02
7.317910003662109375e+01
1.014859313964843750e+02
3.050100326538085938e+01
3.626525115966796875e+01
6.778202056884765625e+01
7.030871582031250000e+01
7.051447296142578125e+01
4.224933624267578125e+01
4.309374237060546875e+01
3.382386016845703125e+01
4.750312042236328125e+01
6.185708618164062500e+01
5.885986328125000000e+01
4.137480926513671875e+01
8.048727416992187500e+01
7.330957031250000000e+01
5.857740402221679688e+01
3.692569351196289062e+01
5.041162109375000000e+01
3.000000000000000000e+01
4.859529495239257812e+01
1.094663391113281250e+02
4.982630920410156250e+01
7.711630249023437500e+01
4.653838348388671875e+01
4.373928070068359375e+01
3.513504791259765625e+01
8.759696960449218750e+01
6.489810180664062500e+01
6.845600128173828125e+01
1.096211090087890625e+02
5.686797332763671875e+01
4.552445983886718750e+01
4.358754730224609375e+01
5.225143051147460938e+01
4.900889205932617188e+01
6.572016906738281250e+01
1.730919189453125000e+02
4.880509185791015625e+01
5.734899902343750000e+01
4.898379898071289062e+01
5.045663452148437500e+01
5.107222747802734375e+01
5.623707962036132812e+01
5.062949752807617188e+01
6.126158142089843750e+01
8.828128814697265625e+01
3.000000000000000000e+01
4.025695800781250000e+01
5.439470291137695312e+01
1.107341156005859375e+02
6.247651672363281250e+01
1.092819900512695312e+02
4.152544403076171875e+01
3.788413619995117188e+01
4.644454956054687500e+01
8.152204895019531250e+01
1.534196624755859375e+02
6.172204589843750000e+01
5.055854797363281250e+01
6.067055892944335938e+01
3.000000000000000000e+01
3.842768478393554688e+01
7.665698242187500000e+01
3.555150604248046875e+01
3.736543273925781250e+01
5.480250167846679688e+01
8.354036712646484375e+01
4.914926147460937500e+01
9.715537261962890625e+01
4.081094741821289062e+01
4.983213806152343750e+01
6.646553039550781250e+01
9.548200988769531250e+01
6.097523498535156250e+01
4.245529174804687500e+01
4.923038101196289062e+01
3.286618804931640625e+01
4.397461318969726562e+01
4.391539764404296875e+01
3.372075271606445312e+01
7.422047424316406250e+01
6.423378753662109375e+01
3.527189254760742188e+01
3.000000000000000000e+01
4.169583892822265625e+01
3.395205307006835938e+01
3.496118164062500000e+01
1.381126708984375000e+02
3.000000000000000000e+01
5.864132690429687500e+01
1.105092620849609375e+02
4.186633300781250000e+01
3.000000000000000000e+01
4.771917724609375000e+01
6.105038452148437500e+01
6.889447784423828125e+01
5.716781234741210938e+01
5.793260955810546875e+01
5.433649063110351562e+01
5.685023498535156250e+01
5.553610992431640625e+01
4.252823257446289062e+01
6.957374572753906250e+01
3.063270950317382812e+01
5.560263061523437500e+01
5.182567214965820312e+01
3.744884872436523438e+01
3.590411758422851562e+01
5.381195068359375000e+01
5.427099227905273438e+01
4.834776306152343750e+01
3.000000000000000000e+01
5.381366729736328125e+01
4.857652664184570312e+01
6.716932678222656250e+01
7.997090148925781250e+01
5.135210418701171875e+01
8.972458648681640625e+01
4.090464782714843750e+01
5.661236572265625000e+01
4.012294006347656250e+01
6.005348968505859375e+01
7.529319000244140625e+01
5.860366439819335938e+01
7.610429382324218750e+01
4.267440414428710938e+01
8.920092773437500000e+01
4.304929733276367188e+01
5.000030517578125000e+01
8.403637695312500000e+01
1.433097229003906250e+02
9.611098480224609375e+01
5.092927551269531250e+01
3.361038208007812500e+01
4.541632843017578125e+01
4.471493530273437500e+01
9.912370300292968750e+01
8.847987365722656250e+01
5.940615463256835938e+01
9.744404602050781250e+01
5.041162109375000000e+01
4.152614593505859375e+01
3.000000000000000000e+01
5.279778289794921875e+01
5.836366271972656250e+01
3.000000000000000000e+01
4.193207550048828125e+01
8.084140777587890625e+01
6.078652191162109375e+01
4.830690002441406250e+01
7.292785644531250000e+01
3.585038757324218750e+01
4.033481597900390625e+01
5.417442703247070312e+01
5.716664123535156250e+01
5.414149475097656250e+01
4.245529174804687500e+01
1.802210235595703125e+02
5.646783065795898438e+01
4.884524536132812500e+01
3.926103591918945312e+01
4.771641540527343750e+01
1.089595108032226562e+02
4.366584777832031250e+01
4.064170837402343750e+01
5.537012863159179688e+01
4.137481307983398438e+01
8.125013732910156250e+01
3.845097732543945312e+01
6.103778839111328125e+01
5.033158111572265625e+01
4.368730163574218750e+01
3.000000000000000000e+01
3.579372406005859375e+01
4.917358398437500000e+01
5.751289367675781250e+01
2.199315185546875000e+02
4.397267532348632812e+01
4.953981399536132812e+01
6.933605194091796875e+01
5.341169357299804688e+01
3.947399139404296875e+01
3.000000000000000000e+01
3.154174232482910156e+01
5.454782104492187500e+01
3.045759773254394531e+01
4.613288116455078125e+01
5.789490890502929688e+01
4.007694244384765625e+01
4.700067901611328125e+01
4.944422531127929688e+01
3.976993942260742188e+01
4.041415405273437500e+01
3.000000000000000000e+01
6.005359649658203125e+01
7.322924041748046875e+01
3.045565032958984375e+01
4.761205291748046875e+01
4.267664337158203125e+01
7.061996459960937500e+01
5.021725463867187500e+01
9.053845977783203125e+01
4.695383453369140625e+01
7.009274291992187500e+01
8.116883850097656250e+01
4.117586898803710938e+01
8.403637695312500000e+01
3.557364654541015625e+01
4.413417053222656250e+01
4.198036956787109375e+01
4.249362945556640625e+01
1.077980041503906250e+02
4.615251541137695312e+01
3.000000000000000000e+01
7.226302337646484375e+01
4.455095291137695312e+01
1.014692230224609375e+02
6.550555419921875000e+01
3.789007568359375000e+01
5.435689544677734375e+01
8.079848480224609375e+01
8.028337097167968750e+01
7.318069458007812500e+01
7.016053009033203125e+01
3.442730712890625000e+01
4.350735855102539062e+01
5.229399108886718750e+01
6.788327026367187500e+01
1.128922042846679688e+02
7.924645996093750000e+01
1.193438339233398438e+02
4.953442764282226562e+01
4.128319168090820312e+01
6.104387664794921875e+01
3.000000000000000000e+01
5.212542724609375000e+01
3.000000000000000000e+01
3.000000000000000000e+01
7.194785308837890625e+01
1.038644332885742188e+02
4.306722259521484375e+01
3.337601470947265625e+01
5.370594024658203125e+01
7.092972564697265625e+01
4.539548873901367188e+01
4.512240982055664062e+01
6.572016143798828125e+01
4.755226135253906250e+01
6.437637329101562500e+01
3.842768478393554688e+01
6.363124084472656250e+01
5.676798248291015625e+01
3.710152816772460938e+01
3.326371002197265625e+01
5.949430847167968750e+01
3.543960571289062500e+01
6.786502075195312500e+01
6.287145614624023438e+01
4.457405090332031250e+01
8.271411132812500000e+01
4.920917510986328125e+01
3.493711853027343750e+01
3.091027641296386719e+01
3.153457069396972656e+01
3.201406478881835938e+01
4.217557525634765625e+01
3.000000000000000000e+01
4.349348831176757812e+01
9.875505065917968750e+01
4.157591629028320312e+01
3.557901000976562500e+01
7.968899536132812500e+01
7.189638519287109375e+01
4.327379989624023438e+01
7.006986236572265625e+01
7.255117034912109375e+01
4.302598190307617188e+01
4.662720108032226562e+01
1.082096099853515625e+02
4.993284225463867188e+01
8.464839172363281250e+01
3.826256179809570312e+01
3.625362396240234375e+01
5.955245971679687500e+01
5.047022247314453125e+01
3.928639221191406250e+01
4.967927932739257812e+01
3.374089050292968750e+01
4.726928710937500000e+01
4.836781311035156250e+01
5.486865997314453125e+01
3.242260360717773438e+01
4.030276489257812500e+01
7.172518157958984375e+01
8.637146759033203125e+01
4.866465759277343750e+01
9.928898620605468750e+01
4.896916961669921875e+01
3.000000000000000000e+01
9.196260070800781250e+01
9.315121459960937500e+01
4.204328918457031250e+01
6.570966339111328125e+01
4.516655349731445312e+01
5.126581573486328125e+01
5.011174392700195312e+01
7.908251953125000000e+01
4.796477890014648438e+01
3.919698333740234375e+01
5.502645111083984375e+01
5.539229583740234375e+01
6.021764373779296875e+01
3.314980316162109375e+01
4.871697616577148438e+01
6.510320281982421875e+01
5.424938201904296875e+01
6.850717926025390625e+01
6.419479370117187500e+01
3.606910324096679688e+01
4.496495437622070312e+01
3.664489364624023438e+01
5.233760833740234375e+01
8.167523193359375000e+01
8.112361145019531250e+01
6.103778839111328125e+01
5.057321166992187500e+01
6.417224884033203125e+01
4.871697616577148438e+01
4.145241165161132812e+01
4.978510284423828125e+01
3.000000000000000000e+01
4.376838302612304688e+01
5.817642974853515625e+01
4.760932922363281250e+01
3.290688705444335938e+01
5.101663970947265625e+01
4.380805206298828125e+01
5.610305023193359375e+01
3.000000000000000000e+01
4.433107757568359375e+01
3.281422042846679688e+01
4.688932418823242188e+01
6.986518859863281250e+01
3.370261764526367188e+01
5.993960189819335938e+01
3.763205718994140625e+01
8.229113769531250000e+01
5.718206405639648438e+01
4.987308883666992188e+01
3.382169342041015625e+01
3.949940490722656250e+01
4.379332351684570312e+01
7.198934936523437500e+01
3.173726844787597656e+01
4.243560028076171875e+01
5.588243865966796875e+01
5.159326934814453125e+01
5.243427658081054688e+01
4.520409774780273438e+01
5.666097259521484375e+01
4.522645568847656250e+01
3.000000000000000000e+01
4.406200790405273438e+01
4.675543594360351562e+01
7.237053680419921875e+01
3.527690505981445312e+01
9.140267944335937500e+01
4.505110931396484375e+01
3.847875976562500000e+01
4.042397308349609375e+01
4.843417358398437500e+01
3.213821029663085938e+01
5.233460235595703125e+01
3.361038208007812500e+01
3.987181472778320312e+01
3.000000000000000000e+01
4.210511016845703125e+01
5.802510833740234375e+01
4.731831359863281250e+01
7.088565826416015625e+01
5.221278381347656250e+01
5.331141662597656250e+01
4.575957107543945312e+01
3.000000000000000000e+01
3.000000000000000000e+01
4.843417358398437500e+01
7.610429382324218750e+01
3.801002502441406250e+01
4.120139694213867188e+01
4.000402069091796875e+01
7.112928771972656250e+01
5.308589172363281250e+01
7.581187438964843750e+01
3.000000000000000000e+01
3.329402160644531250e+01
6.196136474609375000e+01
3.142072677612304688e+01
4.888135528564453125e+01
3.258600616455078125e+01
4.399589157104492188e+01
3.426659774780273438e+01
3.668602371215820312e+01
4.499128723144531250e+01
3.832577896118164062e+01
6.613319396972656250e+01
4.196117401123046875e+01
8.112361145019531250e+01
6.133276367187500000e+01
4.149302673339843750e+01
4.127471160888671875e+01
4.516463851928710938e+01
3.589083480834960938e+01
4.578643798828125000e+01
6.130873489379882812e+01
6.403953552246093750e+01
3.736746597290039062e+01
4.129066467285156250e+01
4.136894607543945312e+01
8.821694946289062500e+01
5.091525650024414062e+01
4.638674926757812500e+01
3.000000000000000000e+01
3.000000000000000000e+01
4.579394149780273438e+01
3.744884872436523438e+01
5.975771331787109375e+01
3.862469482421875000e+01
4.715858459472656250e+01
4.363808822631835938e+01
3.139477348327636719e+01
3.789311599731445312e+01
4.989118194580078125e+01
3.510166168212890625e+01
5.683880996704101562e+01
3.570816421508789062e+01
7.993580627441406250e+01
6.133276367187500000e+01
6.474230957031250000e+01
3.000000000000000000e+01
3.000000000000000000e+01
4.806167984008789062e+01
3.000000000000000000e+01
5.300988769531250000e+01
6.813287353515625000e+01
3.172544097900390625e+01
5.276061248779296875e+01
5.151835632324218750e+01
3.844823455810546875e+01
5.520009994506835938e+01
6.224402236938476562e+01
3.743223953247070312e+01
3.894718170166015625e+01
7.822981262207031250e+01
4.928098297119140625e+01
8.079848480224609375e+01
8.416629791259765625e+01
3.000000000000000000e+01
6.740129089355468750e+01
4.516540527343750000e+01
5.917488479614257812e+01
4.798767089843750000e+01
5.141540908813476562e+01
5.189385223388671875e+01
6.445315551757812500e+01
3.976894378662109375e+01
6.526760864257812500e+01
7.834426879882812500e+01
3.417530441284179688e+01
6.592515563964843750e+01
4.023621368408203125e+01
3.535713577270507812e+01
3.958092498779296875e+01
4.876535034179687500e+01
3.000000000000000000e+01
6.887937927246093750e+01
5.891684722900390625e+01
4.953981399536132812e+01
4.476767730712890625e+01
5.455284881591796875e+01
3.599968719482421875e+01
3.523419952392578125e+01
7.435621643066406250e+01
3.564746475219726562e+01
4.172673034667968750e+01
5.941968154907226562e+01
5.031916809082031250e+01
4.789626312255859375e+01
3.634683227539062500e+01
3.382169342041015625e+01
3.000000000000000000e+01
3.708143615722656250e+01
3.750897979736328125e+01
5.084236145019531250e+01
3.000000000000000000e+01
4.573786163330078125e+01
5.439470291137695312e+01
3.607649993896484375e+01
4.753357315063476562e+01
4.953083038330078125e+01
7.031618499755859375e+01
5.278903579711914062e+01
7.762485504150390625e+01
1.089234771728515625e+02
5.363749313354492188e+01
4.604124069213867188e+01
4.585516738891601562e+01
4.811828994750976562e+01
4.230344390869140625e+01
4.333311462402343750e+01
5.584808349609375000e+01
1.096211090087890625e+02
5.091719055175781250e+01
3.714294433593750000e+01
4.539189147949218750e+01
5.415783691406250000e+01
3.818161010742187500e+01
4.401464462280273438e+01
5.716664123535156250e+01
6.608647918701171875e+01
3.000000000000000000e+01
5.268992614746093750e+01
3.582928085327148438e+01
6.402218627929687500e+01
5.679854965209960938e+01
3.984669113159179688e+01
5.093288803100585938e+01
4.356428146362304688e+01
3.434368896484375000e+01
6.034261322021484375e+01
4.168600463867187500e+01
4.578354263305664062e+01
6.247651672363281250e+01
4.268107604980468750e+01
3.090829849243164062e+01
5.107222747802734375e+01
6.163473129272460938e+01
3.000000000000000000e+01
6.464582061767578125e+01
3.696520996093750000e+01
5.191024017333984375e+01
4.011046981811523438e+01
4.875953674316406250e+01
6.142806243896484375e+01
4.716725921630859375e+01
5.128610229492187500e+01
4.073884963989257812e+01
3.369484329223632812e+01
4.969498443603515625e+01
5.911313629150390625e+01
4.017404174804687500e+01
4.370142364501953125e+01
4.790364456176757812e+01
4.641307830810546875e+01
4.838458633422851562e+01
6.687960052490234375e+01
3.906637573242187500e+01
5.558040237426757812e+01
4.336804962158203125e+01
1.041431350708007812e+02
7.918559265136718750e+01
3.960280609130859375e+01
4.701047134399414062e+01
3.125340652465820312e+01
7.766490173339843750e+01
3.000000000000000000e+01
3.698672103881835938e+01
8.143305206298828125e+01
5.259449005126953125e+01
4.033270263671875000e+01
4.867585372924804688e+01
9.953591156005859375e+01
3.647113800048828125e+01
6.054975128173828125e+01
3.218629837036132812e+01
4.859017181396484375e+01
4.651612854003906250e+01
3.000000000000000000e+01
5.416438674926757812e+01
8.417879486083984375e+01
5.117935562133789062e+01
3.667037582397460938e+01
3.545095062255859375e+01
4.728029251098632812e+01
3.766313171386718750e+01
3.833132934570312500e+01
5.836625289916992188e+01
9.053845977783203125e+01
5.491064453125000000e+01
7.328715515136718750e+01
6.946662139892578125e+01
6.965770721435546875e+01
5.807047271728515625e+01
3.171577835083007812e+01
3.714113616943359375e+01
5.497585678100585938e+01
4.291115188598632812e+01
4.326989364624023438e+01
3.503738403320312500e+01
3.672716522216796875e+01
5.306896972656250000e+01
3.087895011901855469e+01
3.223659515380859375e+01
4.434639739990234375e+01
7.008959197998046875e+01
5.788925933837890625e+01
3.450115585327148438e+01
4.561972427368164062e+01
3.000000000000000000e+01
3.356614685058593750e+01
4.871352386474609375e+01
6.569027709960937500e+01
5.199406433105468750e+01
4.907179641723632812e+01
3.000000000000000000e+01
5.568663024902343750e+01
4.699241638183593750e+01
3.000000000000000000e+01
4.379332733154296875e+01
3.613251113891601562e+01
8.882122802734375000e+01
3.453519439697265625e+01
5.062477111816406250e+01
5.942947387695312500e+01
4.035946655273437500e+01
3.000000000000000000e+01
3.868958282470703125e+01
5.224004364013671875e+01
4.384850311279296875e+01
4.675629043579101562e+01
4.209593582153320312e+01
3.000000000000000000e+01
3.719004058837890625e+01
8.125013732910156250e+01
6.306290435791015625e+01
7.742979431152343750e+01
3.977162933349609375e+01
3.698846435546875000e+01
6.220413589477539062e+01
5.306897354125976562e+01
5.110212326049804688e+01
5.593084335327148438e+01
5.941793441772460938e+01
4.420953750610351562e+01
4.774908447265625000e+01
4.043516540527343750e+01
4.077539062500000000e+01
3.122403526306152344e+01
7.467349243164062500e+01
3.387480545043945312e+01
4.054920959472656250e+01
3.226407241821289062e+01
4.539481353759765625e+01
4.650535964965820312e+01
3.000000000000000000e+01
4.383474349975585938e+01
5.032533645629882812e+01
3.000000000000000000e+01
6.439189147949218750e+01
7.226302337646484375e+01
3.000000000000000000e+01
5.662364196777343750e+01
4.852157974243164062e+01
4.209209060668945312e+01
3.874805450439453125e+01
6.027548599243164062e+01
3.724373626708984375e+01
4.090225601196289062e+01
4.161826705932617188e+01
5.407551193237304688e+01
3.038393592834472656e+01
3.599459457397460938e+01
3.556702804565429688e+01
3.366416931152343750e+01
3.656692123413085938e+01
3.000000000000000000e+01
3.511257171630859375e+01
5.712173080444335938e+01
4.861978530883789062e+01
9.953591156005859375e+01
6.983845520019531250e+01
4.080980682373046875e+01
3.641918182373046875e+01
7.901301574707031250e+01
3.124797821044921875e+01
4.128836822509765625e+01
7.467349243164062500e+01
5.319220352172851562e+01
4.535444641113281250e+01
4.495911407470703125e+01
5.274911117553710938e+01
1.066484756469726562e+02
6.366557312011718750e+01
5.954926300048828125e+01
7.317498779296875000e+01
3.000000000000000000e+01
3.850354766845703125e+01
5.242258453369140625e+01
3.349109649658203125e+01
4.792259216308593750e+01
6.739583587646484375e+01
3.822771453857421875e+01
3.462007904052734375e+01
5.893801116943359375e+01
3.496117401123046875e+01
5.548284530639648438e+01
4.808055114746093750e+01
4.330741882324218750e+01
3.064376640319824219e+01
3.072217941284179688e+01
4.516540527343750000e+01
4.198026657104492188e+01
4.245201873779296875e+01
7.121630859375000000e+01
3.942124938964843750e+01
3.000000000000000000e+01
6.073839569091796875e+01
5.509719848632812500e+01
3.167948532104492188e+01
4.096653747558593750e+01
4.228056335449218750e+01
4.083873367309570312e+01
4.368755340576171875e+01
3.441899871826171875e+01
4.117025756835937500e+01
5.605207443237304688e+01
6.293472290039062500e+01
6.098270416259765625e+01
3.801287460327148438e+01
4.682524490356445312e+01
3.596738815307617188e+01
3.000000000000000000e+01
6.367170333862304688e+01
4.364918899536132812e+01
4.134819793701171875e+01
3.199636650085449219e+01
3.432682800292968750e+01
3.750785064697265625e+01
3.887232971191406250e+01
6.011058807373046875e+01
4.202365875244140625e+01
5.091719055175781250e+01
5.414149093627929688e+01
4.206634521484375000e+01
3.002194976806640625e+01
4.520058059692382812e+01
3.000000000000000000e+01
7.046102905273437500e+01
4.641593170166015625e+01
3.506533813476562500e+01
4.758139801025390625e+01
7.061995697021484375e+01
4.512329483032226562e+01
3.963486862182617188e+01
3.390733718872070312e+01
3.778452682495117188e+01
5.391860961914062500e+01
4.459854888916015625e+01
4.295917892456054688e+01
3.368331909179687500e+01
3.000000000000000000e+01
3.000000000000000000e+01
3.871601104736328125e+01
5.471456527709960938e+01
3.387616729736328125e+01
4.600259399414062500e+01
4.649213409423828125e+01
6.319279861450195312e+01
4.419979858398437500e+01
4.799246597290039062e+01
4.516552352905273438e+01
3.176719474792480469e+01
5.142837524414062500e+01
3.000000000000000000e+01
3.295191574096679688e+01
4.926772689819335938e+01
4.605196762084960938e+01
3.641159057617187500e+01
3.456929016113281250e+01
3.814872360229492188e+01
3.660763168334960938e+01
4.162688446044921875e+01
4.255074310302734375e+01
