5.266622161865234375e+01
6.122808456420898438e+01
3.762132263183593750e+01
4.108896255493164062e+01
6.120616531372070312e+01
7.014494323730468750e+01
3.096112442016601562e+01
6.942566680908203125e+01
5.961695480346679688e+01
1.371863098144531250e+02
4.964666748046875000e+01
1.347543792724609375e+02
5.018754196166992188e+01
4.766854095458984375e+01
3.595769500732421875e+01
6.776429748535156250e+01
7.074127197265625000e+01
4.226883697509765625e+01
4.367819976806640625e+01
1.421246643066406250e+02
3.729640197753906250e+01
8.532199859619140625e+01
3.000000000000000000e+01
4.012192535400390625e+01
6.221495819091796875e+01
8.012328338623046875e+01
3.000000000000000000e+01
7.236170196533203125e+01
2.091682434082031250e+02
6.261277008056640625e+01
6.225629425048828125e+01
4.622319030761718750e+01
3.657850265502929688e+01
1.334580383300781250e+02
5.992499923706054688e+01
6.401804351806640625e+01
6.887811279296875000e+01
4.935036468505859375e+01
4.401255798339843750e+01
3.000000000000000000e+01
3.458222198486328125e+01
3.548411941528320312e+01
5.784328460693359375e+01
5.067852401733398438e+01
4.118177032470703125e+01
3.545955657958984375e+01
3.284952545166015625e+01
6.673590087890625000e+01
1.370123901367187500e+02
5.502394866943359375e+01
3.871315383911132812e+01
3.071105384826660156e+01
6.879472351074218750e+01
3.757271194458007812e+01
1.067177886962890625e+02
4.942655181884765625e+01
7.379286956787109375e+01
5.811540603637695312e+01
7.105473327636718750e+01
7.149871063232421875e+01
5.027546310424804688e+01
8.114581298828125000e+01
4.395805358886718750e+01
8.353507995605468750e+01
8.915428161621093750e+01
5.436889266967773438e+01
5.129225158691406250e+01
3.000000000000000000e+01
4.960465240478515625e+01
5.969442749023437500e+01
6.297164535522460938e+01
3.608222198486328125e+01
9.785391235351562500e+01
4.271433258056640625e+01
6.913429260253906250e+01
5.105694961547851562e+01
5.484555053710937500e+01
4.381944656372070312e+01
4.285192871093750000e+01
6.766577148437500000e+01
3.633921432495117188e+01
7.074127197265625000e+01
5.110222625732421875e+01
1.004799194335937500e+02
9.467787170410156250e+01
3.841175079345703125e+01
3.498525619506835938e+01
4.898825454711914062e+01
5.018754196166992188e+01
5.813219451904296875e+01
4.784094238281250000e+01
5.055715942382812500e+01
5.838194274902343750e+01
5.012958145141601562e+01
9.849276733398437500e+01
9.729177856445312500e+01
6.943278503417968750e+01
4.007759475708007812e+01
9.038793945312500000e+01
3.773228454589843750e+01
1.037762069702148438e+02
7.627840423583984375e+01
1.529126281738281250e+02
3.000000000000000000e+01
4.651727294921875000e+01
7.181812286376953125e+01
3.000000000000000000e+01
6.347948074340820312e+01
4.744034957885742188e+01
4.780129241943359375e+01
4.424596405029296875e+01
3.095836830139160156e+01
7.808670806884765625e+01
1.047496566772460938e+02
3.994194793701171875e+01
4.156780242919921875e+01
9.569459533691406250e+01
4.543997955322265625e+01
7.334210968017578125e+01
4.800313949584960938e+01
4.683841705322265625e+01
5.453843688964843750e+01
6.046133422851562500e+01
4.490731048583984375e+01
4.137192153930664062e+01
4.416050720214843750e+01
8.110611724853515625e+01
6.881979370117187500e+01
4.701440429687500000e+01
5.927053070068359375e+01
4.938771057128906250e+01
9.389852142333984375e+01
5.818133544921875000e+01
3.067953491210937500e+01
5.930914306640625000e+01
4.549827575683593750e+01
1.043727188110351562e+02
4.628970336914062500e+01
3.979534912109375000e+01
6.882998657226562500e+01
4.307760238647460938e+01
9.530690002441406250e+01
7.530995178222656250e+01
5.489868164062500000e+01
7.236924743652343750e+01
4.494569396972656250e+01
9.395426940917968750e+01
1.031715469360351562e+02
5.475495910644531250e+01
1.226580505371093750e+02
5.779977416992187500e+01
7.903941345214843750e+01
5.101763916015625000e+01
7.821387481689453125e+01
5.992180633544921875e+01
1.139779663085937500e+02
3.807864379882812500e+01
1.307713317871093750e+02
4.120284271240234375e+01
6.128084564208984375e+01
3.590009689331054688e+01
4.370294952392578125e+01
5.222837829589843750e+01
4.328291320800781250e+01
7.328901672363281250e+01
4.068374252319335938e+01
6.180482864379882812e+01
5.108312988281250000e+01
3.657302474975585938e+01
1.362814025878906250e+02
4.163931274414062500e+01
4.389260864257812500e+01
3.941674804687500000e+01
3.000000000000000000e+01
5.198511123657226562e+01
4.765920639038085938e+01
4.532315063476562500e+01
4.663126373291015625e+01
7.308503723144531250e+01
5.364627838134765625e+01
6.449126434326171875e+01
5.923610687255859375e+01
6.250842666625976562e+01
5.399588775634765625e+01
4.437171554565429688e+01
3.478677368164062500e+01
4.512993621826171875e+01
6.568349456787109375e+01
5.598438644409179688e+01
4.920935821533203125e+01
4.578111267089843750e+01
5.507251739501953125e+01
6.308079147338867188e+01
4.350153732299804688e+01
4.952991867065429688e+01
6.283482360839843750e+01
4.880503082275390625e+01
7.945417785644531250e+01
1.319348907470703125e+02
8.066754913330078125e+01
4.728128051757812500e+01
1.202266387939453125e+02
6.707323455810546875e+01
3.490013885498046875e+01
5.171175384521484375e+01
4.287268829345703125e+01
5.406655120849609375e+01
5.193364334106445312e+01
1.211539001464843750e+02
3.823106002807617188e+01
4.108606338500976562e+01
9.277338409423828125e+01
4.546640014648437500e+01
4.445617675781250000e+01
3.836460494995117188e+01
4.173158264160156250e+01
5.816568756103515625e+01
5.477365112304687500e+01
4.294599914550781250e+01
4.920595550537109375e+01
4.002973937988281250e+01
7.301416015625000000e+01
9.860982513427734375e+01
3.972043609619140625e+01
4.496643066406250000e+01
3.657042694091796875e+01
6.198382949829101562e+01
1.033010253906250000e+02
6.699661254882812500e+01
1.248747406005859375e+02
3.230236053466796875e+01
4.753316879272460938e+01
5.581999206542968750e+01
3.000000000000000000e+01
4.315395736694335938e+01
5.424752807617187500e+01
4.145503234863281250e+01
4.900520706176757812e+01
7.534030151367187500e+01
5.788997650146484375e+01
4.373138046264648438e+01
1.221756896972656250e+02
9.364305114746093750e+01
6.083341979980468750e+01
8.902095794677734375e+01
4.277473068237304688e+01
4.452719116210937500e+01
1.318138580322265625e+02
1.740327453613281250e+02
5.764459228515625000e+01
5.438423919677734375e+01
4.112939071655273438e+01
5.720235061645507812e+01
1.012188415527343750e+02
4.168560791015625000e+01
6.385015106201171875e+01
4.539743804931640625e+01
4.134916687011718750e+01
5.280583572387695312e+01
1.725620422363281250e+02
6.122694015502929688e+01
5.327173614501953125e+01
6.622917175292968750e+01
3.758508682250976562e+01
1.222300643920898438e+02
4.826766204833984375e+01
1.519752807617187500e+02
8.160897064208984375e+01
6.569303894042968750e+01
7.309837341308593750e+01
6.439126586914062500e+01
5.374815368652343750e+01
6.083342361450195312e+01
6.282554626464843750e+01
1.302580261230468750e+02
3.524221420288085938e+01
6.955404663085937500e+01
7.533919525146484375e+01
9.789569854736328125e+01
9.799421691894531250e+01
7.580352783203125000e+01
7.541204833984375000e+01
7.004766845703125000e+01
4.415737152099609375e+01
6.053133773803710938e+01
4.022675323486328125e+01
3.000000000000000000e+01
4.945346832275390625e+01
4.567417907714843750e+01
3.063535308837890625e+01
3.906047058105468750e+01
3.710841751098632812e+01
3.719493865966796875e+01
1.015706176757812500e+02
3.775648117065429688e+01
3.000000000000000000e+01
6.183113098144531250e+01
5.262583160400390625e+01
3.965274047851562500e+01
5.693737792968750000e+01
3.899509429931640625e+01
3.140811920166015625e+01
3.622917556762695312e+01
6.703765106201171875e+01
8.202804565429687500e+01
4.036600875854492188e+01
7.545983123779296875e+01
8.924502563476562500e+01
7.716833496093750000e+01
1.322607879638671875e+02
1.564684295654296875e+02
3.358204650878906250e+01
9.962986755371093750e+01
9.193836975097656250e+01
9.428747558593750000e+01
4.537507247924804688e+01
3.904587554931640625e+01
1.444269409179687500e+02
6.319713211059570312e+01
9.038793945312500000e+01
4.556013488769531250e+01
4.714251708984375000e+01
4.698509979248046875e+01
4.434733963012695312e+01
3.629131698608398438e+01
3.952188873291015625e+01
3.793908691406250000e+01
3.592180633544921875e+01
9.785391235351562500e+01
3.744820022583007812e+01
7.923122406005859375e+01
5.587945175170898438e+01
5.031250000000000000e+01
4.268456268310546875e+01
4.158572006225585938e+01
4.990057754516601562e+01
8.595571899414062500e+01
4.635392379760742188e+01
4.676850509643554688e+01
3.852430343627929688e+01
6.206059646606445312e+01
7.609902954101562500e+01
4.183550262451171875e+01
7.716833496093750000e+01
4.527175140380859375e+01
5.052252578735351562e+01
1.467127685546875000e+02
3.786206054687500000e+01
3.530318069458007812e+01
8.792803955078125000e+01
1.659031219482421875e+02
1.716570434570312500e+02
4.975839614868164062e+01
8.114581298828125000e+01
3.000000000000000000e+01
8.604245758056640625e+01
6.010457229614257812e+01
3.486469268798828125e+01
1.242436904907226562e+02
5.462019729614257812e+01
6.576457214355468750e+01
1.426175384521484375e+02
6.858103942871093750e+01
5.831831359863281250e+01
8.384921264648437500e+01
3.905489730834960938e+01
7.987748718261718750e+01
1.235852050781250000e+02
3.281323242187500000e+01
6.892253112792968750e+01
6.659722137451171875e+01
5.245198440551757812e+01
9.784945678710937500e+01
1.411331787109375000e+02
7.221089935302734375e+01
1.243823699951171875e+02
9.063158416748046875e+01
6.261277008056640625e+01
7.084852600097656250e+01
6.848643493652343750e+01
3.000000000000000000e+01
3.979616165161132812e+01
3.000000000000000000e+01
4.383244323730468750e+01
5.371060943603515625e+01
9.364305114746093750e+01
4.963739776611328125e+01
4.313545989990234375e+01
4.815944671630859375e+01
2.767343444824218750e+02
4.254850006103515625e+01
3.645684051513671875e+01
3.398820114135742188e+01
3.000000000000000000e+01
4.349050521850585938e+01
6.431472778320312500e+01
7.039177703857421875e+01
8.734297180175781250e+01
6.406501007080078125e+01
4.772559356689453125e+01
5.433016204833984375e+01
4.548140716552734375e+01
1.344256896972656250e+02
5.284224319458007812e+01
4.284370422363281250e+01
3.826046371459960938e+01
3.288858795166015625e+01
6.630541229248046875e+01
5.831852722167968750e+01
1.404198303222656250e+02
7.650415039062500000e+01
8.449681091308593750e+01
5.571192169189453125e+01
4.516587829589843750e+01
7.595508575439453125e+01
3.000000000000000000e+01
7.416958618164062500e+01
8.733625793457031250e+01
3.000000000000000000e+01
3.373920440673828125e+01
9.491046142578125000e+01
3.155993270874023438e+01
4.263687896728515625e+01
1.281107330322265625e+02
6.411523437500000000e+01
5.106113433837890625e+01
6.847350311279296875e+01
4.095559310913085938e+01
6.197613143920898438e+01
8.872988891601562500e+01
5.271558380126953125e+01
7.923121643066406250e+01
2.063168945312500000e+02
4.434733963012695312e+01
1.199999618530273438e+02
4.852011489868164062e+01
5.625496673583984375e+01
9.813870239257812500e+01
7.236170196533203125e+01
5.248012161254882812e+01
7.332137298583984375e+01
3.000000000000000000e+01
5.742742919921875000e+01
4.761629486083984375e+01
6.449507141113281250e+01
3.871120834350585938e+01
4.753934478759765625e+01
6.370113372802734375e+01
1.543196868896484375e+02
8.775035095214843750e+01
5.312611770629882812e+01
5.101763916015625000e+01
4.574742889404296875e+01
5.782901763916015625e+01
6.796607971191406250e+01
4.254566574096679688e+01
9.961418914794921875e+01
1.007873077392578125e+02
3.821043777465820312e+01
1.236634368896484375e+02
8.727748107910156250e+01
5.625992965698242188e+01
4.691925048828125000e+01
4.406405639648437500e+01
4.507076644897460938e+01
2.091653137207031250e+02
4.406011199951171875e+01
5.442689514160156250e+01
4.957450485229492188e+01
4.339198684692382812e+01
8.806452178955078125e+01
4.381645965576171875e+01
4.011595153808593750e+01
1.440715637207031250e+02
8.202805328369140625e+01
8.893762207031250000e+01
6.714579010009765625e+01
5.316299438476562500e+01
5.561383819580078125e+01
9.597888183593750000e+01
8.491287994384765625e+01
7.563703918457031250e+01
6.851507568359375000e+01
3.467645263671875000e+01
9.833693695068359375e+01
8.996224975585937500e+01
4.972668075561523438e+01
4.445617675781250000e+01
6.806919860839843750e+01
1.076309356689453125e+02
7.197531127929687500e+01
5.703852462768554688e+01
5.366380310058593750e+01
3.000000000000000000e+01
4.389638519287109375e+01
3.000000000000000000e+01
4.511831665039062500e+01
4.079990386962890625e+01
3.609276199340820312e+01
5.228513336181640625e+01
5.518405914306640625e+01
4.464256286621093750e+01
6.828054809570312500e+01
5.889414978027343750e+01
4.335494995117187500e+01
4.035057830810546875e+01
5.485263442993164062e+01
5.410419464111328125e+01
3.000000000000000000e+01
3.526727294921875000e+01
7.815174865722656250e+01
3.573023605346679688e+01
6.035124206542968750e+01
3.000000000000000000e+01
5.831185913085937500e+01
3.514511871337890625e+01
3.595769882202148438e+01
1.261975250244140625e+02
5.341011428833007812e+01
3.000000000000000000e+01
7.773259735107421875e+01
4.284370422363281250e+01
8.175552368164062500e+01
4.362442779541015625e+01
4.605027008056640625e+01
1.183796539306640625e+02
4.368840026855468750e+01
1.401066131591796875e+02
1.029796600341796875e+02
3.851854324340820312e+01
4.877615356445312500e+01
8.696325683593750000e+01
4.155925369262695312e+01
5.566485595703125000e+01
6.622917175292968750e+01
1.780679321289062500e+02
4.619828796386718750e+01
4.248641967773437500e+01
5.742338562011718750e+01
4.731613922119140625e+01
4.480181503295898438e+01
1.103841629028320312e+02
4.529415893554687500e+01
6.656327819824218750e+01
6.517686462402343750e+01
4.819483947753906250e+01
3.205244064331054688e+01
4.270808410644531250e+01
4.716378021240234375e+01
4.205034637451171875e+01
3.778380966186523438e+01
3.708102798461914062e+01
4.381824493408203125e+01
4.955596923828125000e+01
3.927244949340820312e+01
4.290026855468750000e+01
5.516685485839843750e+01
6.347948074340820312e+01
7.696263122558593750e+01
1.211538925170898438e+02
6.581092071533203125e+01
1.054394836425781250e+02
7.743750000000000000e+01
1.216545944213867188e+02
3.698019409179687500e+01
6.467474365234375000e+01
4.671760940551757812e+01
4.106735992431640625e+01
6.215561294555664062e+01
7.773909759521484375e+01
7.688110351562500000e+01
6.680825042724609375e+01
3.994194793701171875e+01
4.423077011108398438e+01
6.836100769042968750e+01
9.312535095214843750e+01
4.794105911254882812e+01
5.415140151977539062e+01
4.115512466430664062e+01
3.730755233764648438e+01
9.744628906250000000e+01
4.784094238281250000e+01
3.774052047729492188e+01
4.150427627563476562e+01
4.851855468750000000e+01
7.918812561035156250e+01
9.730247497558593750e+01
4.103003692626953125e+01
3.534995269775390625e+01
3.000000000000000000e+01
8.734297180175781250e+01
5.398580169677734375e+01
4.138355255126953125e+01
5.000840759277343750e+01
6.397431182861328125e+01
4.608321762084960938e+01
6.012684249877929688e+01
4.504870986938476562e+01
6.586784362792968750e+01
3.956222534179687500e+01
5.855064010620117188e+01
6.861209106445312500e+01
8.231869506835937500e+01
6.728554534912109375e+01
4.444753265380859375e+01
3.082178306579589844e+01
6.264935302734375000e+01
6.306486511230468750e+01
5.250055694580078125e+01
5.829615783691406250e+01
5.593416595458984375e+01
3.834598159790039062e+01
6.077218627929687500e+01
4.457105255126953125e+01
3.113446807861328125e+01
4.783127975463867188e+01
7.165788269042968750e+01
6.370112991333007812e+01
5.542137145996093750e+01
5.120964431762695312e+01
3.661772155761718750e+01
7.067012786865234375e+01
1.058735656738281250e+02
6.288422393798828125e+01
3.901138305664062500e+01
1.216545944213867188e+02
4.975839614868164062e+01
6.632649993896484375e+01
1.076309356689453125e+02
4.085884857177734375e+01
3.470777511596679688e+01
6.111923980712890625e+01
3.000000000000000000e+01
4.222184753417968750e+01
2.104576263427734375e+02
4.796136093139648438e+01
3.000000000000000000e+01
3.627431488037109375e+01
1.262793121337890625e+02
7.402107238769531250e+01
4.638208770751953125e+01
1.158259582519531250e+02
4.397116470336914062e+01
1.266652297973632812e+02
7.213084411621093750e+01
1.132855682373046875e+02
3.858640289306640625e+01
3.000000000000000000e+01
6.364190292358398438e+01
8.869263458251953125e+01
7.211408996582031250e+01
4.635392379760742188e+01
4.946406173706054688e+01
3.000000000000000000e+01
4.718553543090820312e+01
5.405694198608398438e+01
6.051792907714843750e+01
4.562876510620117188e+01
7.203891754150390625e+01
7.048048400878906250e+01
6.147121429443359375e+01
3.566287994384765625e+01
5.259642410278320312e+01
3.000000000000000000e+01
4.712675476074218750e+01
1.012203674316406250e+02
4.635241699218750000e+01
8.148986816406250000e+01
4.855621337890625000e+01
3.991696166992187500e+01
3.582284164428710938e+01
9.530690765380859375e+01
6.318058013916015625e+01
7.066619873046875000e+01
1.081297912597656250e+02
5.693077087402343750e+01
4.086395263671875000e+01
3.893831253051757812e+01
4.710893630981445312e+01
5.642268371582031250e+01
5.728276062011718750e+01
2.091653137207031250e+02
5.052882385253906250e+01
6.755673217773437500e+01
7.072985839843750000e+01
5.672180938720703125e+01
4.462215042114257812e+01
4.736422729492187500e+01
5.419879150390625000e+01
7.752763366699218750e+01
9.451403808593750000e+01
3.000000000000000000e+01
3.426369094848632812e+01
6.487741088867187500e+01
1.086952209472656250e+02
5.948955535888671875e+01
1.401066131591796875e+02
4.711862564086914062e+01
5.064539337158203125e+01
4.970413970947265625e+01
6.702817535400390625e+01
1.801029357910156250e+02
7.444810485839843750e+01
5.499927520751953125e+01
7.148319244384765625e+01
3.000000000000000000e+01
4.777944183349609375e+01
8.605657196044921875e+01
3.349770736694335938e+01
3.984733581542968750e+01
5.742506027221679688e+01
8.430785369873046875e+01
4.308670806884765625e+01
9.563854980468750000e+01
4.261724853515625000e+01
4.860943222045898438e+01
6.319713592529296875e+01
9.368017578125000000e+01
5.958901214599609375e+01
4.237541961669921875e+01
4.625872802734375000e+01
3.295409774780273438e+01
4.225018692016601562e+01
5.284224319458007812e+01
3.774816894531250000e+01
7.399853515625000000e+01
6.411523437500000000e+01
4.438951110839843750e+01
3.000000000000000000e+01
3.818259429931640625e+01
3.645684051513671875e+01
3.477230834960937500e+01
1.141637878417968750e+02
3.000000000000000000e+01
7.408665466308593750e+01
9.480213165283203125e+01
4.725613021850585938e+01
3.000000000000000000e+01
3.000000000000000000e+01
6.128084564208984375e+01
6.709145355224609375e+01
5.920346450805664062e+01
6.269131851196289062e+01
6.307177734375000000e+01
8.434238433837890625e+01
5.495175933837890625e+01
4.517050933837890625e+01
6.096032714843750000e+01
4.104962921142578125e+01
5.561383819580078125e+01
6.114167404174804688e+01
3.646637344360351562e+01
4.643737792968750000e+01
5.540553283691406250e+01
5.443064498901367188e+01
5.114104843139648438e+01
3.965274047851562500e+01
5.199376678466796875e+01
4.825145721435546875e+01
7.062863159179687500e+01
6.930280303955078125e+01
4.886341094970703125e+01
9.165867614746093750e+01
4.341554641723632812e+01
5.788997268676757812e+01
3.909536743164062500e+01
6.075269317626953125e+01
7.147509002685546875e+01
6.617339324951171875e+01
7.214604949951171875e+01
3.996374511718750000e+01
8.811607360839843750e+01
5.496665191650390625e+01
4.572273254394531250e+01
8.753414154052734375e+01
1.421246643066406250e+02
8.145282745361328125e+01
4.080173492431640625e+01
3.246051406860351562e+01
4.648739624023437500e+01
4.890578842163085938e+01
8.775035095214843750e+01
9.310417938232421875e+01
7.624505615234375000e+01
1.121550140380859375e+02
5.259642410278320312e+01
4.240416336059570312e+01
3.992715454101562500e+01
5.548252105712890625e+01
5.529674530029296875e+01
3.250180435180664062e+01
4.326933670043945312e+01
8.031782531738281250e+01
5.441313934326171875e+01
4.550045394897460938e+01
8.594681549072265625e+01
4.300654602050781250e+01
4.534877014160156250e+01
5.969442749023437500e+01
5.349195480346679688e+01
4.738777160644531250e+01
4.237541961669921875e+01
1.766644897460937500e+02
6.973930358886718750e+01
4.525370788574218750e+01
4.106673049926757812e+01
4.718682861328125000e+01
1.494720001220703125e+02
4.073335266113281250e+01
4.894007110595703125e+01
6.855249023437500000e+01
4.562876510620117188e+01
6.899340820312500000e+01
5.183467864990234375e+01
5.323615264892578125e+01
5.256109237670898438e+01
4.146972656250000000e+01
3.208790206909179688e+01
3.828443145751953125e+01
5.566807174682617188e+01
4.764508056640625000e+01
1.975386047363281250e+02
3.390416336059570312e+01
5.073633575439453125e+01
6.600143432617187500e+01
5.511322402954101562e+01
4.384163665771484375e+01
3.616584777832031250e+01
4.826294708251953125e+01
5.268966293334960938e+01
3.036677360534667969e+01
5.679370117187500000e+01
6.548300170898437500e+01
3.715880966186523438e+01
4.888256454467773438e+01
3.935586166381835938e+01
3.851854324340820312e+01
4.753233337402343750e+01
3.653064727783203125e+01
5.669554138183593750e+01
6.413294219970703125e+01
3.055086135864257812e+01
4.805937957763671875e+01
6.183112716674804688e+01
7.303622436523437500e+01
5.429793167114257812e+01
9.993021392822265625e+01
3.556522750854492188e+01
7.563703918457031250e+01
9.055879211425781250e+01
3.809297180175781250e+01
8.753414154052734375e+01
3.000000000000000000e+01
4.134422302246093750e+01
4.053518676757812500e+01
4.441413116455078125e+01
1.132371826171875000e+02
5.310427856445312500e+01
3.000000000000000000e+01
7.129612731933593750e+01
4.541225814819335938e+01
1.148312225341796875e+02
6.081885528564453125e+01
3.696219635009765625e+01
5.311631011962890625e+01
6.562793731689453125e+01
8.235552978515625000e+01
8.050114440917968750e+01
6.335704803466796875e+01
3.300835037231445312e+01
3.831768417358398438e+01
5.855908966064453125e+01
6.619221496582031250e+01
1.258926391601562500e+02
9.450198364257812500e+01
1.374023132324218750e+02
6.043051910400390625e+01
3.773279571533203125e+01
5.724681854248046875e+01
3.546020889282226562e+01
5.093887710571289062e+01
3.000000000000000000e+01
3.581678771972656250e+01
6.044437408447265625e+01
1.305999755859375000e+02
4.758398437500000000e+01
3.254159164428710938e+01
5.672908020019531250e+01
7.044125366210937500e+01
4.684392547607421875e+01
4.946735382080078125e+01
5.728276062011718750e+01
5.027503967285156250e+01
5.685184860229492188e+01
4.777944183349609375e+01
6.388606262207031250e+01
5.813835906982421875e+01
3.190180206298828125e+01
4.010125732421875000e+01
5.350460052490234375e+01
3.828542327880859375e+01
6.882985687255859375e+01
6.000685501098632812e+01
5.366535949707031250e+01
8.902095794677734375e+01
5.007699966430664062e+01
3.621260070800781250e+01
6.290419387817382812e+01
3.829212951660156250e+01
3.672532653808593750e+01
4.016719818115234375e+01
3.275863647460937500e+01
4.050309753417968750e+01
1.000147628784179688e+02
4.772559356689453125e+01
3.764963150024414062e+01
1.543196868896484375e+02
7.264557647705078125e+01
4.182703781127929688e+01
6.837687683105468750e+01
8.222296142578125000e+01
4.464256286621093750e+01
5.418251037597656250e+01
1.218127517700195312e+02
4.708411026000976562e+01
8.452642822265625000e+01
4.285192871093750000e+01
3.397964477539062500e+01
5.813219451904296875e+01
5.178884887695312500e+01
4.767646789550781250e+01
3.894020843505859375e+01
5.652043151855468750e+01
4.905872726440429688e+01
4.859187316894531250e+01
5.462019729614257812e+01
3.288468551635742188e+01
4.240088653564453125e+01
6.899581909179687500e+01
9.787236022949218750e+01
5.071487426757812500e+01
8.747882843017578125e+01
4.797428894042968750e+01
4.381361389160156250e+01
8.273457336425781250e+01
8.691065979003906250e+01
4.290954208374023438e+01
6.069184112548828125e+01
4.670293045043945312e+01
4.917329406738281250e+01
4.474082946777343750e+01
1.083872756958007812e+02
4.817064666748046875e+01
4.542027282714843750e+01
6.714579010009765625e+01
5.678314208984375000e+01
5.769584655761718750e+01
3.323732757568359375e+01
4.858332443237304688e+01
5.840493011474609375e+01
4.800313949584960938e+01
7.063500976562500000e+01
6.447937011718750000e+01
4.768859481811523438e+01
4.891694259643554688e+01
3.525543212890625000e+01
5.110344696044921875e+01
8.110611724853515625e+01
7.672741699218750000e+01
5.323615264892578125e+01
5.196705245971679688e+01
6.863788604736328125e+01
4.858332824707031250e+01
3.635343933105468750e+01
4.979951095581054688e+01
3.000000000000000000e+01
3.658696746826171875e+01
5.574837493896484375e+01
6.070501327514648438e+01
3.513870239257812500e+01
6.122694015502929688e+01
5.307752990722656250e+01
6.004040527343750000e+01
3.599280929565429688e+01
5.506455612182617188e+01
3.789951324462890625e+01
5.504125976562500000e+01
6.355813980102539062e+01
3.931618118286132812e+01
6.046604919433593750e+01
3.696457290649414062e+01
7.782485961914062500e+01
6.421866607666015625e+01
5.508533859252929688e+01
4.094394302368164062e+01
4.143656921386718750e+01
7.805239105224609375e+01
6.958518981933593750e+01
3.148132133483886719e+01
4.250750350952148438e+01
5.883154296875000000e+01
4.969217681884765625e+01
4.728128051757812500e+01
3.089950561523437500e+01
7.515872192382812500e+01
4.220746612548828125e+01
3.232588195800781250e+01
4.672831726074218750e+01
4.397587585449218750e+01
6.795762634277343750e+01
4.812213134765625000e+01
9.813870239257812500e+01
5.360356521606445312e+01
4.108606338500976562e+01
3.373012161254882812e+01
5.372788238525390625e+01
3.662546539306640625e+01
6.020266342163085938e+01
3.246051406860351562e+01
3.976883316040039062e+01
3.134678649902343750e+01
3.744567108154296875e+01
5.349689102172851562e+01
4.935036468505859375e+01
6.435116577148437500e+01
4.059158706665039062e+01
5.631797027587890625e+01
4.135304260253906250e+01
3.000000000000000000e+01
3.000000000000000000e+01
5.372788238525390625e+01
7.214604949951171875e+01
5.881619262695312500e+01
4.362268447875976562e+01
3.634123992919921875e+01
7.210199737548828125e+01
6.157435607910156250e+01
8.060724639892578125e+01
4.036536407470703125e+01
3.319245147705078125e+01
7.509102630615234375e+01
3.271618270874023438e+01
5.317985534667968750e+01
3.119457626342773438e+01
5.000289916992187500e+01
3.000000000000000000e+01
3.536415481567382812e+01
4.133333587646484375e+01
4.823014450073242188e+01
7.235344696044921875e+01
4.178396987915039062e+01
7.672741699218750000e+01
5.349965286254882812e+01
4.069007110595703125e+01
3.699890136718750000e+01
4.455720138549804688e+01
3.392845916748046875e+01
4.560473632812500000e+01
6.926531982421875000e+01
7.039177703857421875e+01
4.605027008056640625e+01
4.153469467163085938e+01
4.234153747558593750e+01
8.200439453125000000e+01
4.820592498779296875e+01
4.149795913696289062e+01
3.450904083251953125e+01
3.031884384155273438e+01
4.082978820800781250e+01
3.646637344360351562e+01
5.470763778686523438e+01
5.098659515380859375e+01
4.232238388061523438e+01
5.053266906738281250e+01
3.499965286254882812e+01
3.856596755981445312e+01
5.086751174926757812e+01
3.409989929199218750e+01
5.765250396728515625e+01
5.120465850830078125e+01
6.882998657226562500e+01
5.349965667724609375e+01
7.721991729736328125e+01
3.000000000000000000e+01
3.000000000000000000e+01
7.099004364013671875e+01
3.000000000000000000e+01
4.351724243164062500e+01
6.519863891601562500e+01
5.050886535644531250e+01
5.660618591308593750e+01
4.140550994873046875e+01
4.877615356445312500e+01
4.807873916625976562e+01
6.406501007080078125e+01
3.000000000000000000e+01
4.173416900634765625e+01
6.874099731445312500e+01
4.469579315185546875e+01
6.562793731689453125e+01
8.392438507080078125e+01
3.000000000000000000e+01
7.032537841796875000e+01
4.949070739746093750e+01
5.248012161254882812e+01
5.604241561889648438e+01
5.517733383178710938e+01
5.424752807617187500e+01
5.831852722167968750e+01
4.763650131225585938e+01
6.509585571289062500e+01
7.654262542724609375e+01
3.346983337402343750e+01
5.663174819946289062e+01
4.966821289062500000e+01
3.316302108764648438e+01
4.129810333251953125e+01
5.171994018554687500e+01
3.334152221679687500e+01
6.311061096191406250e+01
5.027957916259765625e+01
5.073633575439453125e+01
4.156399536132812500e+01
5.391515350341796875e+01
4.483457946777343750e+01
3.491087722778320312e+01
7.538232421875000000e+01
3.373897171020507812e+01
3.439630889892578125e+01
6.375827789306640625e+01
4.237009429931640625e+01
5.349558639526367188e+01
4.770034027099609375e+01
4.094394302368164062e+01
3.344918441772460938e+01
3.757271957397460938e+01
4.147083282470703125e+01
4.547308349609375000e+01
3.000000000000000000e+01
4.691128921508789062e+01
6.487741088867187500e+01
3.734429168701171875e+01
4.205034637451171875e+01
4.847400665283203125e+01
7.853359985351562500e+01
5.532808685302734375e+01
6.747518920898437500e+01
1.156245651245117188e+02
5.035083770751953125e+01
4.389260864257812500e+01
4.392333984375000000e+01
4.403260803222656250e+01
3.815624237060546875e+01
3.791712951660156250e+01
6.268093872070312500e+01
1.081297912597656250e+02
4.548759460449218750e+01
3.689131164550781250e+01
4.745979309082031250e+01
6.026167678833007812e+01
3.032399177551269531e+01
4.480181503295898438e+01
5.349195480346679688e+01
6.278155136108398438e+01
3.000000000000000000e+01
4.753643417358398438e+01
3.389762496948242188e+01
6.215661621093750000e+01
6.077218627929687500e+01
3.806201171875000000e+01
5.634167098999023438e+01
4.172240447998046875e+01
3.174205398559570312e+01
5.970827484130859375e+01
4.717759704589843750e+01
4.510712432861328125e+01
5.948955535888671875e+01
4.086550140380859375e+01
3.196043968200683594e+01
4.462214660644531250e+01
5.877384567260742188e+01
3.490014266967773438e+01
7.699980926513671875e+01
3.137162780761718750e+01
5.539428710937500000e+01
4.027521514892578125e+01
5.180949783325195312e+01
6.678668212890625000e+01
4.911441802978515625e+01
5.104967498779296875e+01
4.402573394775390625e+01
4.667091369628906250e+01
4.915549850463867188e+01
5.346509170532226562e+01
3.698019409179687500e+01
4.093797302246093750e+01
4.738645172119140625e+01
5.273415374755859375e+01
4.588081359863281250e+01
5.544804382324218750e+01
3.454547119140625000e+01
6.303662872314453125e+01
4.174676513671875000e+01
9.939715576171875000e+01
7.810968017578125000e+01
4.993122863769531250e+01
5.297158813476562500e+01
3.583271408081054688e+01
7.815303039550781250e+01
4.815315628051757812e+01
3.628982162475585938e+01
8.179801940917968750e+01
4.744210052490234375e+01
3.536701583862304688e+01
5.142609405517578125e+01
1.094827117919921875e+02
4.271622467041015625e+01
3.939468383789062500e+01
3.000000000000000000e+01
5.372222900390625000e+01
4.332293701171875000e+01
3.794942474365234375e+01
5.315811157226562500e+01
9.073589324951171875e+01
5.497708892822265625e+01
4.964612579345703125e+01
3.147816467285156250e+01
6.549113464355468750e+01
3.523227310180664062e+01
4.468627929687500000e+01
5.621027374267578125e+01
9.993021392822265625e+01
5.163763809204101562e+01
6.697827148437500000e+01
8.032701110839843750e+01
7.698590850830078125e+01
6.507926177978515625e+01
3.000000000000000000e+01
3.767825317382812500e+01
5.462236785888671875e+01
3.920832824707031250e+01
5.046453094482421875e+01
4.504937744140625000e+01
3.858374023437500000e+01
4.302807235717773438e+01
3.205050277709960938e+01
3.793183898925781250e+01
4.674167633056640625e+01
7.241007995605468750e+01
4.910049819946289062e+01
3.232204055786132812e+01
4.543925857543945312e+01
3.078494262695312500e+01
5.951360321044921875e+01
4.723860168457031250e+01
7.530995178222656250e+01
4.688262176513671875e+01
4.766854095458984375e+01
3.000000000000000000e+01
9.833692932128906250e+01
5.071751403808593750e+01
3.142347717285156250e+01
7.805239105224609375e+01
3.723509597778320312e+01
1.011757965087890625e+02
4.172545242309570312e+01
5.069929885864257812e+01
5.684474182128906250e+01
4.439534378051757812e+01
3.000000000000000000e+01
4.914602279663085938e+01
4.792597198486328125e+01
4.516587829589843750e+01
5.052893447875976562e+01
4.148667907714843750e+01
3.000000000000000000e+01
3.962695312500000000e+01
6.899340820312500000e+01
6.680535888671875000e+01
8.924502563476562500e+01
3.765463638305664062e+01
3.839322280883789062e+01
5.477283477783203125e+01
4.302807617187500000e+01
6.353580474853515625e+01
5.920223236083984375e+01
5.209269714355468750e+01
4.499461364746093750e+01
5.118137359619140625e+01
4.142917633056640625e+01
3.730078887939453125e+01
3.000000000000000000e+01
7.892507934570312500e+01
3.065178489685058594e+01
4.279476165771484375e+01
3.299929046630859375e+01
4.377068710327148438e+01
4.802229690551757812e+01
3.000000000000000000e+01
5.052252197265625000e+01
4.012674713134765625e+01
3.409448242187500000e+01
5.399588775634765625e+01
7.129612731933593750e+01
4.723873138427734375e+01
5.711919021606445312e+01
4.208378601074218750e+01
4.343135452270507812e+01
4.189684677124023438e+01
5.610811614990234375e+01
3.518729400634765625e+01
4.111361694335937500e+01
3.721847534179687500e+01
5.158845520019531250e+01
4.009514617919921875e+01
3.693325805664062500e+01
4.642950439453125000e+01
3.484677886962890625e+01
3.809114837646484375e+01
3.069147491455078125e+01
3.485826873779296875e+01
5.548401641845703125e+01
5.240773773193359375e+01
1.094827117919921875e+02
5.307742309570312500e+01
3.854685974121093750e+01
3.929815673828125000e+01
8.539595031738281250e+01
4.731613922119140625e+01
3.881983947753906250e+01
7.892507934570312500e+01
5.083774566650390625e+01
4.989533615112304688e+01
3.981339263916015625e+01
5.228513336181640625e+01
1.101618423461914062e+02
7.227816772460937500e+01
5.770008468627929688e+01
7.801597595214843750e+01
3.000000000000000000e+01
3.000000000000000000e+01
4.433443450927734375e+01
4.128088760375976562e+01
5.335464096069335938e+01
6.315551376342773438e+01
3.000000000000000000e+01
3.359093475341796875e+01
6.615665435791015625e+01
3.234342193603515625e+01
4.685683441162109375e+01
5.640029525756835938e+01
4.525811386108398438e+01
3.297648620605468750e+01
3.901138305664062500e+01
4.949070739746093750e+01
4.414901351928710938e+01
3.823593521118164062e+01
7.701663208007812500e+01
3.241030502319335938e+01
4.613866043090820312e+01
7.728760528564453125e+01
4.911662673950195312e+01
3.638886260986328125e+01
3.742109298706054688e+01
4.831283569335937500e+01
4.989811706542968750e+01
4.021669006347656250e+01
3.155476951599121094e+01
4.217311477661132812e+01
5.918183135986328125e+01
6.081235885620117188e+01
4.055820465087890625e+01
4.108738708496093750e+01
5.950914764404296875e+01
3.762656402587890625e+01
3.328016662597656250e+01
7.170011901855468750e+01
4.946413040161132812e+01
4.257128143310546875e+01
3.536941528320312500e+01
3.293441772460937500e+01
4.372510528564453125e+01
3.134049224853515625e+01
5.139294433593750000e+01
4.293454742431640625e+01
4.548759460449218750e+01
4.738777160644531250e+01
3.877896499633789062e+01
4.365194702148437500e+01
4.888116836547851562e+01
3.503453063964843750e+01
7.598518371582031250e+01
4.604559707641601562e+01
3.291423797607421875e+01
4.514151763916015625e+01
7.303622436523437500e+01
4.578666305541992188e+01
3.664848327636718750e+01
4.688660430908203125e+01
3.968711471557617188e+01
5.292877960205078125e+01
4.200253295898437500e+01
4.210740661621093750e+01
3.609605026245117188e+01
3.357685089111328125e+01
3.468122100830078125e+01
3.879996109008789062e+01
4.868161010742187500e+01
3.755349349975585938e+01
6.007508850097656250e+01
4.301964569091796875e+01
7.156479644775390625e+01
4.525541687011718750e+01
4.150542831420898438e+01
7.596203613281250000e+01
3.119014358520507812e+01
5.015546798706054688e+01
3.122979927062988281e+01
3.449331665039062500e+01
5.496424484252929688e+01
5.138371658325195312e+01
3.000000000000000000e+01
4.248893737792968750e+01
3.818696975708007812e+01
3.985136413574218750e+01
3.943298721313476562e+01
3.698435974121093750e+01
