5.283978652954101562e+01
5.692562866210937500e+01
3.787195205688476562e+01
4.109890747070312500e+01
6.394112014770507812e+01
6.291855621337890625e+01
4.010119628906250000e+01
7.455555725097656250e+01
5.862094879150390625e+01
1.268039550781250000e+02
5.274594116210937500e+01
1.169903106689453125e+02
4.973263931274414062e+01
5.178556823730468750e+01
4.121189880371093750e+01
6.273336029052734375e+01
7.482826232910156250e+01
4.106293869018554688e+01
4.247370910644531250e+01
1.480735015869140625e+02
3.565125274658203125e+01
8.675933074951171875e+01
3.000000000000000000e+01
3.000000000000000000e+01
4.959378051757812500e+01
7.287631988525390625e+01
3.000000000000000000e+01
6.728648376464843750e+01
1.976637268066406250e+02
6.304084014892578125e+01
5.122724151611328125e+01
4.579586029052734375e+01
4.569707489013671875e+01
1.024785614013671875e+02
5.591452026367187500e+01
7.507149505615234375e+01
6.631777191162109375e+01
5.479166793823242188e+01
4.581023025512695312e+01
3.000000000000000000e+01
3.403098297119140625e+01
3.873062515258789062e+01
5.381228637695312500e+01
4.383479690551757812e+01
3.434575653076171875e+01
3.240793228149414062e+01
3.392855453491210938e+01
6.501518249511718750e+01
1.228728942871093750e+02
6.271365356445312500e+01
4.446909332275390625e+01
3.389557647705078125e+01
8.182299041748046875e+01
4.073128128051757812e+01
1.067662658691406250e+02
4.579871368408203125e+01
5.902618408203125000e+01
5.170574188232421875e+01
6.538523864746093750e+01
7.921697998046875000e+01
4.510842132568359375e+01
7.931428527832031250e+01
4.330102539062500000e+01
9.391957855224609375e+01
1.015823440551757812e+02
5.453883361816406250e+01
5.871977233886718750e+01
3.000000000000000000e+01
5.225669097900390625e+01
5.875504684448242188e+01
6.599010467529296875e+01
3.120785331726074219e+01
7.703904724121093750e+01
3.560575103759765625e+01
5.233219528198242188e+01
4.055812072753906250e+01
4.659696197509765625e+01
3.700804519653320312e+01
3.646425628662109375e+01
5.650585174560546875e+01
3.644792175292968750e+01
7.482826995849609375e+01
5.226777648925781250e+01
1.185830993652343750e+02
1.089973144531250000e+02
4.157900238037109375e+01
4.230006408691406250e+01
4.858042907714843750e+01
4.973264312744140625e+01
5.725632095336914062e+01
4.466725158691406250e+01
5.765246582031250000e+01
6.708990478515625000e+01
4.856060791015625000e+01
9.845861053466796875e+01
9.171249389648437500e+01
6.270571899414062500e+01
3.610633087158203125e+01
5.697375869750976562e+01
3.446056365966796875e+01
1.089347839355468750e+02
6.638156127929687500e+01
1.506689300537109375e+02
3.262855529785156250e+01
4.859170150756835938e+01
9.036892700195312500e+01
3.000000000000000000e+01
5.457516098022460938e+01
5.100650024414062500e+01
5.184297561645507812e+01
4.111733627319335938e+01
3.000000000000000000e+01
7.503906250000000000e+01
1.186018371582031250e+02
4.174705886840820312e+01
3.882304382324218750e+01
8.953710174560546875e+01
4.406518173217773438e+01
7.991043090820312500e+01
5.293318557739257812e+01
4.877332305908203125e+01
6.066876220703125000e+01
4.581225585937500000e+01
4.263750839233398438e+01
4.159028625488281250e+01
4.454374694824218750e+01
7.437852478027343750e+01
6.916548156738281250e+01
4.414431762695312500e+01
5.629288864135742188e+01
4.026639938354492188e+01
1.057411041259765625e+02
4.341568374633789062e+01
3.000000000000000000e+01
6.573677825927734375e+01
4.580539703369140625e+01
1.188099441528320312e+02
4.596134185791015625e+01
4.124060821533203125e+01
7.610929870605468750e+01
4.271005249023437500e+01
8.672587585449218750e+01
6.632109069824218750e+01
5.747810745239257812e+01
7.246932983398437500e+01
4.440628051757812500e+01
8.570445251464843750e+01
9.336141967773437500e+01
4.614004516601562500e+01
1.119334793090820312e+02
5.281743240356445312e+01
7.141815185546875000e+01
5.544902038574218750e+01
7.213607788085937500e+01
5.131576538085937500e+01
1.156570739746093750e+02
3.717722702026367188e+01
1.338723754882812500e+02
3.982677459716796875e+01
5.272155761718750000e+01
3.338333511352539062e+01
4.184420013427734375e+01
4.673351287841796875e+01
4.133160018920898438e+01
6.483566284179687500e+01
3.470679473876953125e+01
6.453606414794921875e+01
4.784576416015625000e+01
3.286871337890625000e+01
1.268374633789062500e+02
5.216027832031250000e+01
3.852237701416015625e+01
3.990880584716796875e+01
3.000000000000000000e+01
5.299106597900390625e+01
6.493495178222656250e+01
4.726043319702148438e+01
4.486669158935546875e+01
6.875037384033203125e+01
5.285383224487304688e+01
6.986316680908203125e+01
5.082296752929687500e+01
7.424441528320312500e+01
6.663928222656250000e+01
4.411565399169921875e+01
3.000000000000000000e+01
3.709779357910156250e+01
6.684866333007812500e+01
5.194937896728515625e+01
4.743132781982421875e+01
4.190933990478515625e+01
6.302369689941406250e+01
6.946253967285156250e+01
4.299160766601562500e+01
4.619598388671875000e+01
5.345310974121093750e+01
3.000000000000000000e+01
7.332302093505859375e+01
1.390033874511718750e+02
6.234611892700195312e+01
4.636978912353515625e+01
1.292842407226562500e+02
4.076244354248046875e+01
3.000000000000000000e+01
5.653675842285156250e+01
3.936476135253906250e+01
5.022537994384765625e+01
5.941215515136718750e+01
1.138549346923828125e+02
3.408189773559570312e+01
3.700277328491210938e+01
9.526948547363281250e+01
3.830485534667968750e+01
3.826955413818359375e+01
3.951046752929687500e+01
4.153105163574218750e+01
4.855957794189453125e+01
5.618856048583984375e+01
4.012367248535156250e+01
4.534420013427734375e+01
3.779547500610351562e+01
6.862089538574218750e+01
9.251940917968750000e+01
3.731110763549804688e+01
4.416411590576171875e+01
4.771668624877929688e+01
5.586202621459960938e+01
1.159429626464843750e+02
6.465133666992187500e+01
1.255167999267578125e+02
3.352475357055664062e+01
4.508322906494140625e+01
6.234685516357421875e+01
4.349143600463867188e+01
4.037932968139648438e+01
4.748791122436523438e+01
3.903556060791015625e+01
5.100739669799804688e+01
7.371259307861328125e+01
5.459395599365234375e+01
4.197091674804687500e+01
1.169390563964843750e+02
1.193699798583984375e+02
6.430433654785156250e+01
8.957228088378906250e+01
3.293198394775390625e+01
5.168127441406250000e+01
1.371494750976562500e+02
1.781367187500000000e+02
5.570706176757812500e+01
6.245310974121093750e+01
4.097969055175781250e+01
4.971808624267578125e+01
9.136186218261718750e+01
4.961357498168945312e+01
5.089689636230468750e+01
4.253935241699218750e+01
4.203643798828125000e+01
3.619267654418945312e+01
1.458583679199218750e+02
5.253796386718750000e+01
5.340665435791015625e+01
6.490433502197265625e+01
4.567543792724609375e+01
1.110097198486328125e+02
4.150467300415039062e+01
1.470783081054687500e+02
6.464308166503906250e+01
5.335613632202148438e+01
6.273909759521484375e+01
5.857252502441406250e+01
5.792796707153320312e+01
6.430433654785156250e+01
7.308438110351562500e+01
1.663829803466796875e+02
3.507801437377929688e+01
5.986244201660156250e+01
8.592785644531250000e+01
9.847372436523437500e+01
9.468666839599609375e+01
5.754277038574218750e+01
6.872026062011718750e+01
6.618309020996093750e+01
4.505530166625976562e+01
6.193836975097656250e+01
3.718006134033203125e+01
3.000000000000000000e+01
4.821647644042968750e+01
3.872025299072265625e+01
3.005239105224609375e+01
3.643175125122070312e+01
3.563058090209960938e+01
3.149383163452148438e+01
1.068772430419921875e+02
3.754829788208007812e+01
3.349402618408203125e+01
4.732329559326171875e+01
4.976978302001953125e+01
3.000000000000000000e+01
4.540367126464843750e+01
4.999103546142578125e+01
3.127783203125000000e+01
3.468709945678710938e+01
6.689518737792968750e+01
7.508459472656250000e+01
4.200035858154296875e+01
7.259669494628906250e+01
7.290233612060546875e+01
7.283628082275390625e+01
1.384570312500000000e+02
1.473042755126953125e+02
3.000000000000000000e+01
1.065305023193359375e+02
9.734323120117187500e+01
9.357224273681640625e+01
3.741092300415039062e+01
4.077053833007812500e+01
1.397235565185546875e+02
6.821417236328125000e+01
5.697375488281250000e+01
4.495456314086914062e+01
4.641785049438476562e+01
5.087656021118164062e+01
4.923982620239257812e+01
3.651531600952148438e+01
4.234075546264648438e+01
3.876166534423828125e+01
3.694662857055664062e+01
7.703904724121093750e+01
3.932484436035156250e+01
7.960492706298828125e+01
5.002693939208984375e+01
4.657973480224609375e+01
4.577867889404296875e+01
4.458432769775390625e+01
4.800980377197265625e+01
6.778878784179687500e+01
3.884031295776367188e+01
3.417118453979492188e+01
3.314794921875000000e+01
5.810428619384765625e+01
7.680265808105468750e+01
3.902767944335937500e+01
7.283628082275390625e+01
4.774580383300781250e+01
4.058390045166015625e+01
1.623215942382812500e+02
3.831087875366210938e+01
3.966569519042968750e+01
9.897387695312500000e+01
1.566448974609375000e+02
1.927169647216796875e+02
5.200175476074218750e+01
7.931428527832031250e+01
3.167918968200683594e+01
9.040940093994140625e+01
6.084842681884765625e+01
3.521760940551757812e+01
1.424804382324218750e+02
5.403672790527343750e+01
6.645577239990234375e+01
1.290072174072265625e+02
5.611801147460937500e+01
6.038318634033203125e+01
8.221442413330078125e+01
3.471276855468750000e+01
6.470053863525390625e+01
1.050567855834960938e+02
3.000000000000000000e+01
6.470559692382812500e+01
6.521045684814453125e+01
5.213898468017578125e+01
9.813424682617187500e+01
1.471485290527343750e+02
7.092353820800781250e+01
1.268936157226562500e+02
9.402940368652343750e+01
6.304084014892578125e+01
7.811888885498046875e+01
8.278228759765625000e+01
3.270636749267578125e+01
3.615308380126953125e+01
3.000000000000000000e+01
3.833190917968750000e+01
5.908324050903320312e+01
1.193699874877929688e+02
4.704085540771484375e+01
4.308636474609375000e+01
4.608657455444335938e+01
2.875782470703125000e+02
4.179219055175781250e+01
3.637166595458984375e+01
3.192517852783203125e+01
3.000000000000000000e+01
3.762791061401367188e+01
6.320659255981445312e+01
6.990416717529296875e+01
1.033042068481445312e+02
6.380563354492187500e+01
4.721518707275390625e+01
5.235651016235351562e+01
4.591799545288085938e+01
1.440176849365234375e+02
4.209900665283203125e+01
4.177851867675781250e+01
4.922872924804687500e+01
4.130957412719726562e+01
6.325832366943359375e+01
6.140658950805664062e+01
1.419108581542968750e+02
6.548894500732421875e+01
8.754846954345703125e+01
5.677772521972656250e+01
4.462815093994140625e+01
6.702200317382812500e+01
3.036520957946777344e+01
7.053289031982421875e+01
8.521922302246093750e+01
3.137832260131835938e+01
3.329244995117187500e+01
1.004112014770507812e+02
3.483651733398437500e+01
4.391734695434570312e+01
1.360212097167968750e+02
6.223986053466796875e+01
5.182767486572265625e+01
7.438953399658203125e+01
3.898032379150390625e+01
5.951486206054687500e+01
9.476728820800781250e+01
5.873041152954101562e+01
7.960491943359375000e+01
1.989149017333984375e+02
4.923982620239257812e+01
1.145037384033203125e+02
4.617947387695312500e+01
5.100040435791015625e+01
9.623842620849609375e+01
6.728648376464843750e+01
5.727715301513671875e+01
7.028868103027343750e+01
3.622367095947265625e+01
6.265747070312500000e+01
4.915637969970703125e+01
7.225936126708984375e+01
3.829259490966796875e+01
5.036740112304687500e+01
7.127177429199218750e+01
8.122241210937500000e+01
9.338761901855468750e+01
5.952062225341796875e+01
5.544902038574218750e+01
4.770872497558593750e+01
5.506098556518554688e+01
6.833441925048828125e+01
3.998996734619140625e+01
1.098522491455078125e+02
1.067053146362304688e+02
4.693823242187500000e+01
1.088061218261718750e+02
7.829243469238281250e+01
4.483451080322265625e+01
4.627638626098632812e+01
4.020191955566406250e+01
4.415149688720703125e+01
1.908553619384765625e+02
3.427414703369140625e+01
5.147154998779296875e+01
5.093485260009765625e+01
4.235000610351562500e+01
8.505146026611328125e+01
3.437043762207031250e+01
4.360466384887695312e+01
1.352523345947265625e+02
7.508459472656250000e+01
9.289750671386718750e+01
7.005472564697265625e+01
4.319361877441406250e+01
5.517448043823242188e+01
9.508683013916015625e+01
9.091349029541015625e+01
7.550984191894531250e+01
7.232356262207031250e+01
3.888154220581054688e+01
7.421364593505859375e+01
9.438325500488281250e+01
5.063191986083984375e+01
3.826955413818359375e+01
7.109029388427734375e+01
8.984037780761718750e+01
7.121739196777343750e+01
5.600928115844726562e+01
5.042716979980468750e+01
3.000000000000000000e+01
3.752459716796875000e+01
3.090155029296875000e+01
3.044402885437011719e+01
4.451121520996093750e+01
3.376125335693359375e+01
5.322843551635742188e+01
5.462835693359375000e+01
4.295685577392578125e+01
7.770381164550781250e+01
5.431009674072265625e+01
4.270172882080078125e+01
3.989175415039062500e+01
4.950617218017578125e+01
5.734387207031250000e+01
3.000000000000000000e+01
3.570673751831054688e+01
6.487129211425781250e+01
3.525746536254882812e+01
5.578350830078125000e+01
3.000000000000000000e+01
5.661779022216796875e+01
3.000000000000000000e+01
4.121189880371093750e+01
1.249584045410156250e+02
5.312373733520507812e+01
3.649401473999023438e+01
6.241775131225585938e+01
4.177851867675781250e+01
8.274835968017578125e+01
3.646258544921875000e+01
4.724859619140625000e+01
1.334031982421875000e+02
3.324527359008789062e+01
9.681997680664062500e+01
1.034079284667968750e+02
3.816379547119140625e+01
4.501330184936523438e+01
8.089768981933593750e+01
5.071560668945312500e+01
6.064572906494140625e+01
6.490433502197265625e+01
1.063045196533203125e+02
4.618991088867187500e+01
5.916238403320312500e+01
5.714475631713867188e+01
4.160464477539062500e+01
4.119117736816406250e+01
1.135111694335937500e+02
3.583770370483398438e+01
5.552950286865234375e+01
5.799531555175781250e+01
5.370595550537109375e+01
3.000000000000000000e+01
5.234559249877929688e+01
4.266447448730468750e+01
4.510217666625976562e+01
3.540660858154296875e+01
3.946280670166015625e+01
4.078041839599609375e+01
5.135158538818359375e+01
4.436447906494140625e+01
4.522250366210937500e+01
6.118340301513671875e+01
5.457516098022460938e+01
7.049783325195312500e+01
1.138549346923828125e+02
7.017034149169921875e+01
1.123538360595703125e+02
8.031076049804687500e+01
1.179136199951171875e+02
3.806325531005859375e+01
6.670616149902343750e+01
3.000000000000000000e+01
4.360860443115234375e+01
7.662594604492187500e+01
6.148920440673828125e+01
9.044896697998046875e+01
8.365254211425781250e+01
4.174705886840820312e+01
4.265672302246093750e+01
6.574752807617187500e+01
8.429502868652343750e+01
4.843994140625000000e+01
4.708503723144531250e+01
4.017050170898437500e+01
3.628571319580078125e+01
8.417785644531250000e+01
4.466725158691406250e+01
4.518170928955078125e+01
4.164562988281250000e+01
4.528832244873046875e+01
5.683157348632812500e+01
8.164260101318359375e+01
4.244727325439453125e+01
3.363312149047851562e+01
3.229206466674804688e+01
1.033042144775390625e+02
5.838872146606445312e+01
3.057311058044433594e+01
5.224028778076171875e+01
4.779250717163085938e+01
4.333321380615234375e+01
6.321729660034179688e+01
4.961436843872070312e+01
7.276547241210937500e+01
3.785824584960937500e+01
5.823749923706054688e+01
7.198633575439453125e+01
8.345810699462890625e+01
7.620629882812500000e+01
5.155255126953125000e+01
3.201385879516601562e+01
6.942007446289062500e+01
6.282916641235351562e+01
4.905054855346679688e+01
5.578489685058593750e+01
5.448689270019531250e+01
3.807907867431640625e+01
5.778179550170898438e+01
4.451840209960937500e+01
3.000000000000000000e+01
5.110361862182617188e+01
6.229135894775390625e+01
7.127177429199218750e+01
5.327856826782226562e+01
4.400228118896484375e+01
3.343662261962890625e+01
8.555862426757812500e+01
8.962654113769531250e+01
7.882786560058593750e+01
3.000000000000000000e+01
1.179136199951171875e+02
5.200175476074218750e+01
5.827207565307617188e+01
8.984037780761718750e+01
3.821031188964843750e+01
3.367092895507812500e+01
5.579705047607421875e+01
3.000000000000000000e+01
4.255851364135742188e+01
2.283385314941406250e+02
3.981163406372070312e+01
3.325493621826171875e+01
3.732111740112304688e+01
1.231019897460937500e+02
5.888504791259765625e+01
5.199751281738281250e+01
1.142289962768554688e+02
4.527993011474609375e+01
1.218168106079101562e+02
7.152101135253906250e+01
8.901058959960937500e+01
3.650812530517578125e+01
3.503927612304687500e+01
5.741352844238281250e+01
7.561819458007812500e+01
6.563105010986328125e+01
3.884031295776367188e+01
4.342354583740234375e+01
3.143714523315429688e+01
4.530254745483398438e+01
5.741854095458984375e+01
5.966242218017578125e+01
4.605165863037109375e+01
6.841236877441406250e+01
6.929592132568359375e+01
6.223093795776367188e+01
3.666556167602539062e+01
4.971287536621093750e+01
3.000000000000000000e+01
4.690070343017578125e+01
1.027126770019531250e+02
4.851377868652343750e+01
7.618891143798828125e+01
4.470645141601562500e+01
4.651123809814453125e+01
3.507191085815429688e+01
8.672587585449218750e+01
5.894486999511718750e+01
7.531172180175781250e+01
1.219166183471679688e+02
5.852270126342773438e+01
4.317605590820312500e+01
4.182489776611328125e+01
5.449925231933593750e+01
4.969806289672851562e+01
6.771443176269531250e+01
1.908553466796875000e+02
4.923394012451171875e+01
6.575093078613281250e+01
5.240309906005859375e+01
5.135175704956054688e+01
4.781290054321289062e+01
5.491040039062500000e+01
5.697262573242187500e+01
6.845452117919921875e+01
9.353723907470703125e+01
3.000000000000000000e+01
3.726556015014648438e+01
5.923445892333984375e+01
1.156888656616210938e+02
7.216310882568359375e+01
9.681997680664062500e+01
4.885620880126953125e+01
3.000000000000000000e+01
5.195671463012695312e+01
7.849734497070312500e+01
1.699921417236328125e+02
6.579836273193359375e+01
4.890417861938476562e+01
5.919451904296875000e+01
3.000000000000000000e+01
4.131209564208984375e+01
7.836538696289062500e+01
3.897866058349609375e+01
3.708021545410156250e+01
5.620841217041015625e+01
8.511543273925781250e+01
4.907818603515625000e+01
8.035671234130859375e+01
3.798417663574218750e+01
5.326722717285156250e+01
6.821417236328125000e+01
8.800023651123046875e+01
5.886414718627929688e+01
4.033866119384765625e+01
4.881399536132812500e+01
3.244027328491210938e+01
3.689315032958984375e+01
4.209900665283203125e+01
3.500438690185546875e+01
6.658877563476562500e+01
6.223986053466796875e+01
3.793596649169921875e+01
3.000000000000000000e+01
3.765411758422851562e+01
3.637166595458984375e+01
4.037017822265625000e+01
1.266383361816406250e+02
3.000000000000000000e+01
6.602796936035156250e+01
1.038599243164062500e+02
4.203317260742187500e+01
3.000000000000000000e+01
3.000000000000000000e+01
5.272155761718750000e+01
7.251879882812500000e+01
5.973051071166992188e+01
4.814606094360351562e+01
5.889017868041992188e+01
6.214177322387695312e+01
5.925188064575195312e+01
4.020529174804687500e+01
7.194707489013671875e+01
3.000000000000000000e+01
5.517447662353515625e+01
5.731531143188476562e+01
3.672800445556640625e+01
3.846954345703125000e+01
6.007716751098632812e+01
4.895104217529296875e+01
4.748452758789062500e+01
3.000000000000000000e+01
5.309900283813476562e+01
4.873520660400390625e+01
7.014259338378906250e+01
7.695775604248046875e+01
4.661425399780273438e+01
9.395757293701171875e+01
3.968546676635742188e+01
5.459395599365234375e+01
4.091149139404296875e+01
6.685099792480468750e+01
7.490275573730468750e+01
6.251155853271484375e+01
7.414277648925781250e+01
3.639291381835937500e+01
8.634618377685546875e+01
4.247405624389648438e+01
4.903261566162109375e+01
9.198276519775390625e+01
1.480735015869140625e+02
1.199956512451171875e+02
5.432903289794921875e+01
3.224185180664062500e+01
4.269141387939453125e+01
5.071913528442382812e+01
9.338761138916015625e+01
8.156056213378906250e+01
6.933293151855468750e+01
9.765916442871093750e+01
4.971287536621093750e+01
3.826207733154296875e+01
3.442110824584960938e+01
5.048206710815429688e+01
5.537063598632812500e+01
3.000000000000000000e+01
3.412446975708007812e+01
7.387265014648437500e+01
5.764929962158203125e+01
4.732719802856445312e+01
8.589015197753906250e+01
3.479937744140625000e+01
3.890448760986328125e+01
5.875504684448242188e+01
5.097867965698242188e+01
4.585636138916015625e+01
4.033866119384765625e+01
1.732904968261718750e+02
6.564300537109375000e+01
4.973384857177734375e+01
3.773152160644531250e+01
4.562483215332031250e+01
1.169821853637695312e+02
4.425051879882812500e+01
4.191818618774414062e+01
5.983755111694335938e+01
4.605165863037109375e+01
7.688566589355468750e+01
3.990111923217773438e+01
5.832828521728515625e+01
5.587299346923828125e+01
4.325979614257812500e+01
3.000000000000000000e+01
3.694884109497070312e+01
5.569531250000000000e+01
5.992764282226562500e+01
1.996297760009765625e+02
3.714443588256835938e+01
4.903269958496093750e+01
7.099326324462890625e+01
5.962859344482421875e+01
3.985484313964843750e+01
3.000000000000000000e+01
3.076441192626953125e+01
5.235138702392578125e+01
3.000000000000000000e+01
5.204285430908203125e+01
5.859414291381835938e+01
4.404781341552734375e+01
4.789605331420898438e+01
3.693849182128906250e+01
3.816379547119140625e+01
4.403139495849609375e+01
3.034117507934570312e+01
6.065836334228515625e+01
7.024608612060546875e+01
3.000000000000000000e+01
4.717160034179687500e+01
4.732329559326171875e+01
7.686236572265625000e+01
4.173272705078125000e+01
9.608370971679687500e+01
3.067627716064453125e+01
7.550984191894531250e+01
8.425577545166015625e+01
4.484899902343750000e+01
9.198276519775390625e+01
3.000000000000000000e+01
3.896216201782226562e+01
4.143319320678710938e+01
4.211770629882812500e+01
1.164777221679687500e+02
5.023601913452148438e+01
3.000000000000000000e+01
6.899571228027343750e+01
4.543476867675781250e+01
1.057253646850585938e+02
5.708084487915039062e+01
3.380072021484375000e+01
5.154028320312500000e+01
7.112457275390625000e+01
7.560531616210937500e+01
7.340087127685546875e+01
7.456632995605468750e+01
3.306497573852539062e+01
4.536666107177734375e+01
5.782733154296875000e+01
7.493958282470703125e+01
1.143392486572265625e+02
7.488255310058593750e+01
1.343069000244140625e+02
5.048701095581054688e+01
4.286977386474609375e+01
5.108390426635742188e+01
3.000000000000000000e+01
5.789834213256835938e+01
3.000000000000000000e+01
3.000000000000000000e+01
7.429759979248046875e+01
1.177298736572265625e+02
5.683227157592773438e+01
3.218520355224609375e+01
5.760385513305664062e+01
6.898694610595703125e+01
4.111087036132812500e+01
4.439776992797851562e+01
6.771443176269531250e+01
4.358683395385742188e+01
6.305973434448242188e+01
4.131209182739257812e+01
6.256798171997070312e+01
5.758718109130859375e+01
3.530102539062500000e+01
3.392431640625000000e+01
5.724348449707031250e+01
3.637230682373046875e+01
6.182112503051757812e+01
6.542750549316406250e+01
5.001733779907226562e+01
8.957228088378906250e+01
5.181303787231445312e+01
3.205867004394531250e+01
4.525337219238281250e+01
3.261990356445312500e+01
3.436892318725585938e+01
4.122039794921875000e+01
3.185275650024414062e+01
4.096624755859375000e+01
8.010339355468750000e+01
4.721518707275390625e+01
3.330242156982421875e+01
8.122241210937500000e+01
7.631993865966796875e+01
3.797023773193359375e+01
6.602182769775390625e+01
7.538605499267578125e+01
4.295685577392578125e+01
5.552591323852539062e+01
1.099038085937500000e+02
4.042347717285156250e+01
8.240655517578125000e+01
3.646425247192382812e+01
3.533461761474609375e+01
5.725632095336914062e+01
5.513842773437500000e+01
4.086975479125976562e+01
4.511637878417968750e+01
3.713290405273437500e+01
4.734696578979492188e+01
4.625382995605468750e+01
5.403673171997070312e+01
3.087390899658203125e+01
3.826164245605468750e+01
7.658472442626953125e+01
9.545617675781250000e+01
3.953829193115234375e+01
1.006384887695312500e+02
5.090543746948242188e+01
3.000000000000000000e+01
8.512548065185546875e+01
9.100479125976562500e+01
4.240501022338867188e+01
5.951179504394531250e+01
4.215635681152343750e+01
4.928770446777343750e+01
3.000000000000000000e+01
8.440503692626953125e+01
5.172484207153320312e+01
3.961701583862304688e+01
7.005472564697265625e+01
5.720684432983398438e+01
5.913541793823242188e+01
3.216747283935546875e+01
4.861862945556640625e+01
6.591489410400390625e+01
5.293318557739257812e+01
6.697595214843750000e+01
5.995632934570312500e+01
3.845534515380859375e+01
4.178578186035156250e+01
3.717615509033203125e+01
4.769519805908203125e+01
7.437852478027343750e+01
7.928276824951171875e+01
5.832828521728515625e+01
5.034469985961914062e+01
6.595427703857421875e+01
4.861862945556640625e+01
3.936757659912109375e+01
4.978692245483398438e+01
3.000000000000000000e+01
4.216361236572265625e+01
5.619800567626953125e+01
5.027789306640625000e+01
4.319438171386718750e+01
5.253796386718750000e+01
4.525220489501953125e+01
6.123928451538085938e+01
3.330739593505859375e+01
4.079898834228515625e+01
3.383625793457031250e+01
5.918425369262695312e+01
7.641606903076171875e+01
3.030883216857910156e+01
5.702328491210937500e+01
3.615707015991210938e+01
8.604985809326171875e+01
6.275582885742187500e+01
4.030135345458984375e+01
4.278428268432617188e+01
4.226133728027343750e+01
5.380878829956054688e+01
7.168750762939453125e+01
4.003414154052734375e+01
4.027542877197265625e+01
6.481909179687500000e+01
4.197508621215820312e+01
4.636978912353515625e+01
5.159864807128906250e+01
6.127993774414062500e+01
4.135275268554687500e+01
3.000000000000000000e+01
4.159607696533203125e+01
4.352276611328125000e+01
7.362928771972656250e+01
3.944013977050781250e+01
9.623842620849609375e+01
5.154750061035156250e+01
3.700277328491210938e+01
3.736997222900390625e+01
4.715934753417968750e+01
3.437895202636718750e+01
5.828424072265625000e+01
3.224185180664062500e+01
3.830843353271484375e+01
3.000000000000000000e+01
4.256687927246093750e+01
4.248037719726562500e+01
5.479166793823242188e+01
6.796858978271484375e+01
4.849941253662109375e+01
5.934789657592773438e+01
4.616582107543945312e+01
3.000000000000000000e+01
3.000000000000000000e+01
4.715934753417968750e+01
7.414277648925781250e+01
4.085205078125000000e+01
3.726982498168945312e+01
3.220524978637695312e+01
7.439861297607421875e+01
5.824470901489257812e+01
7.487528991699218750e+01
3.000000000000000000e+01
3.253091049194335938e+01
6.381553649902343750e+01
3.000000000000000000e+01
5.520558547973632812e+01
3.069370841979980469e+01
4.963858413696289062e+01
3.204740524291992188e+01
3.978590393066406250e+01
5.060149765014648438e+01
4.771751785278320312e+01
7.221218872070312500e+01
3.856440353393554688e+01
7.928276824951171875e+01
5.774427032470703125e+01
4.159608459472656250e+01
3.737253952026367188e+01
4.109764099121093750e+01
3.000000000000000000e+01
4.423863983154296875e+01
6.201846313476562500e+01
6.990416717529296875e+01
4.724859619140625000e+01
3.889569473266601562e+01
4.097383880615234375e+01
8.560963439941406250e+01
5.677388763427734375e+01
5.186746597290039062e+01
3.000000000000000000e+01
3.000000000000000000e+01
4.912002563476562500e+01
3.672800445556640625e+01
6.434777832031250000e+01
3.807304000854492188e+01
3.957174301147460938e+01
4.795401763916015625e+01
3.124951744079589844e+01
3.630720138549804688e+01
5.214613723754882812e+01
3.065423202514648438e+01
5.072901153564453125e+01
4.269482421875000000e+01
7.610929107666015625e+01
5.774427032470703125e+01
7.202623748779296875e+01
3.000000000000000000e+01
3.000000000000000000e+01
5.540901947021484375e+01
3.000000000000000000e+01
4.601825714111328125e+01
7.089848327636718750e+01
3.822607421875000000e+01
5.322444915771484375e+01
4.529415893554687500e+01
4.501330184936523438e+01
5.640258026123046875e+01
6.380563354492187500e+01
3.837273406982421875e+01
4.569417190551757812e+01
7.454435729980468750e+01
4.783448791503906250e+01
7.112457275390625000e+01
8.569380950927734375e+01
3.000000000000000000e+01
7.045489501953125000e+01
4.618268585205078125e+01
5.727715301513671875e+01
5.523839569091796875e+01
5.694919204711914062e+01
4.748791122436523438e+01
6.140658950805664062e+01
4.138190460205078125e+01
6.832478332519531250e+01
7.778345489501953125e+01
3.000000000000000000e+01
6.854694366455078125e+01
4.380354309082031250e+01
3.591831207275390625e+01
4.142533111572265625e+01
4.505066680908203125e+01
3.000000000000000000e+01
6.936992645263671875e+01
5.820385360717773438e+01
4.903269958496093750e+01
4.445362091064453125e+01
5.308857345581054688e+01
3.000000000000000000e+01
3.000000000000000000e+01
7.113056945800781250e+01
4.278998184204101562e+01
4.121598434448242188e+01
6.505490112304687500e+01
4.233727645874023438e+01
4.464147949218750000e+01
4.551061248779296875e+01
4.278428268432617188e+01
3.000000000000000000e+01
3.643668746948242188e+01
3.643826293945312500e+01
4.020870208740234375e+01
3.186646270751953125e+01
4.358983612060546875e+01
5.923445892333984375e+01
3.594288635253906250e+01
4.510217666625976562e+01
4.707212829589843750e+01
7.145567321777343750e+01
4.401023483276367188e+01
6.729673767089843750e+01
1.036412963867187500e+02
5.232819747924804688e+01
3.852237701416015625e+01
4.176777648925781250e+01
4.511201477050781250e+01
3.851538085937500000e+01
3.985100173950195312e+01
4.823752593994140625e+01
1.219166259765625000e+02
4.501882171630859375e+01
3.422869491577148438e+01
4.875832366943359375e+01
5.678778457641601562e+01
4.457947158813476562e+01
4.119117736816406250e+01
5.097867965698242188e+01
6.283308410644531250e+01
3.000000000000000000e+01
5.868741607666015625e+01
3.350674438476562500e+01
6.421363830566406250e+01
5.778179168701171875e+01
4.513702392578125000e+01
5.207461166381835938e+01
4.607709503173828125e+01
3.000000000000000000e+01
5.506958770751953125e+01
4.054132080078125000e+01
4.672808074951171875e+01
7.216310882568359375e+01
4.160774993896484375e+01
3.313523483276367188e+01
4.781290054321289062e+01
5.929321289062500000e+01
3.000000000000000000e+01
5.994776916503906250e+01
3.585418701171875000e+01
4.622245788574218750e+01
4.022323608398437500e+01
4.413330078125000000e+01
5.548916625976562500e+01
4.297632217407226562e+01
5.141396331787109375e+01
3.406285858154296875e+01
4.242273712158203125e+01
5.114273452758789062e+01
5.662275314331054688e+01
3.806325531005859375e+01
3.838770294189453125e+01
4.665378952026367188e+01
4.596755981445312500e+01
4.511652755737304688e+01
6.826454162597656250e+01
4.123169326782226562e+01
5.395392990112304688e+01
4.124133682250976562e+01
1.083545761108398438e+02
7.670220184326171875e+01
3.766674423217773438e+01
5.402210998535156250e+01
3.506868743896484375e+01
7.003450775146484375e+01
3.000000000000000000e+01
3.563707351684570312e+01
8.238365936279296875e+01
5.136622619628906250e+01
4.158800888061523438e+01
4.697632598876953125e+01
1.118121185302734375e+02
3.600923919677734375e+01
4.844840240478515625e+01
3.560403442382812500e+01
4.757154846191406250e+01
4.239812850952148438e+01
3.287625122070312500e+01
5.182021331787109375e+01
8.354716491699218750e+01
5.533871841430664062e+01
4.219357299804687500e+01
3.000000000000000000e+01
5.247402572631835938e+01
3.922325897216796875e+01
4.156850433349609375e+01
5.571943664550781250e+01
9.608371734619140625e+01
5.532305526733398438e+01
7.161532592773437500e+01
7.083658599853515625e+01
7.813865661621093750e+01
5.869062423706054688e+01
3.000000000000000000e+01
3.935748672485351562e+01
5.541537094116210938e+01
4.042332077026367188e+01
3.751090240478515625e+01
3.382608032226562500e+01
3.529598999023437500e+01
5.628986740112304688e+01
3.014248657226562500e+01
3.000000000000000000e+01
4.592884826660156250e+01
7.032114410400390625e+01
5.520352935791015625e+01
3.210788345336914062e+01
4.592786026000976562e+01
3.115677833557128906e+01
4.870413208007812500e+01
5.842771530151367188e+01
6.632109069824218750e+01
5.174891662597656250e+01
5.178556442260742188e+01
3.000000000000000000e+01
7.421364593505859375e+01
4.949753952026367188e+01
3.000000000000000000e+01
5.380879211425781250e+01
3.635686492919921875e+01
1.026182174682617188e+02
3.357118606567382812e+01
5.023161697387695312e+01
6.102953720092773438e+01
4.082252120971679688e+01
3.000000000000000000e+01
3.895864868164062500e+01
4.552247238159179688e+01
4.462815093994140625e+01
4.886461257934570312e+01
4.041977691650390625e+01
3.189658546447753906e+01
3.646972274780273438e+01
7.688566589355468750e+01
7.481398010253906250e+01
7.290233612060546875e+01
3.505534362792968750e+01
3.333197021484375000e+01
5.644982910156250000e+01
5.628986740112304688e+01
5.695537567138671875e+01
5.528684997558593750e+01
6.442301940917968750e+01
3.769772720336914062e+01
4.313260650634765625e+01
4.026686859130859375e+01
4.018620300292968750e+01
3.000000000000000000e+01
6.962789916992187500e+01
3.730319213867187500e+01
4.020535278320312500e+01
3.371275711059570312e+01
4.049797058105468750e+01
4.361858367919921875e+01
3.000000000000000000e+01
4.058390045166015625e+01
5.012144851684570312e+01
3.004323387145996094e+01
6.663928222656250000e+01
6.899571228027343750e+01
3.898256683349609375e+01
5.644709777832031250e+01
4.268751525878906250e+01
4.310854339599609375e+01
3.993950271606445312e+01
5.225262451171875000e+01
3.713672637939453125e+01
4.141435623168945312e+01
4.194289779663085938e+01
4.518267059326171875e+01
3.449085235595703125e+01
3.865950012207031250e+01
3.268187713623046875e+01
3.147444915771484375e+01
3.740680694580078125e+01
3.000000000000000000e+01
3.175234413146972656e+01
5.502583312988281250e+01
5.490158462524414062e+01
1.118121185302734375e+02
6.531092071533203125e+01
3.695105361938476562e+01
3.396031570434570312e+01
8.137740325927734375e+01
4.160464477539062500e+01
3.808609008789062500e+01
6.962789916992187500e+01
5.456830978393554688e+01
4.685889816284179688e+01
4.159320068359375000e+01
5.322843551635742188e+01
1.168482055664062500e+02
6.478668975830078125e+01
5.972849273681640625e+01
8.195088195800781250e+01
3.262855529785156250e+01
3.415045928955078125e+01
4.644863510131835938e+01
3.153350257873535156e+01
5.271649932861328125e+01
6.368844604492187500e+01
3.760429000854492188e+01
3.857608795166015625e+01
3.750026702880859375e+01
3.177910804748535156e+01
4.670817947387695312e+01
5.189657974243164062e+01
4.506616210937500000e+01
3.335383605957031250e+01
3.000000000000000000e+01
4.618268585205078125e+01
4.190548706054687500e+01
4.294399261474609375e+01
7.131996917724609375e+01
3.557176589965820312e+01
3.810089874267578125e+01
6.517958068847656250e+01
5.320111083984375000e+01
3.742869567871093750e+01
3.722340393066406250e+01
3.913172531127929688e+01
4.519152450561523438e+01
4.333157348632812500e+01
3.220577621459960938e+01
4.627581787109375000e+01
5.037296295166015625e+01
5.933091354370117188e+01
6.101454925537109375e+01
3.683873367309570312e+01
5.403879928588867188e+01
3.955557632446289062e+01
3.000000000000000000e+01
6.282118225097656250e+01
5.045497131347656250e+01
4.276990509033203125e+01
4.128712463378906250e+01
3.000000000000000000e+01
4.006938934326171875e+01
3.554763793945312500e+01
5.002739334106445312e+01
4.022757339477539062e+01
4.501882171630859375e+01
4.585636138916015625e+01
4.099114990234375000e+01
3.000000000000000000e+01
4.800699615478515625e+01
3.329799652099609375e+01
7.520013427734375000e+01
3.980059432983398438e+01
3.932678985595703125e+01
4.334320068359375000e+01
7.686236572265625000e+01
4.644844055175781250e+01
4.009300231933593750e+01
3.000000000000000000e+01
3.690070343017578125e+01
5.167353057861328125e+01
4.402036666870117188e+01
4.234786224365234375e+01
3.000000000000000000e+01
3.630764389038085938e+01
3.000000000000000000e+01
3.893618011474609375e+01
4.788488006591796875e+01
3.399127960205078125e+01
5.387397766113281250e+01
4.591193389892578125e+01
6.052684020996093750e+01
4.505267333984375000e+01
4.598697662353515625e+01
5.261188125610351562e+01
3.131201934814453125e+01
5.009158325195312500e+01
3.033797836303710938e+01
3.000000000000000000e+01
4.857655715942382812e+01
4.343088531494140625e+01
3.219091796875000000e+01
3.433689117431640625e+01
3.397194671630859375e+01
3.818530654907226562e+01
3.808877182006835938e+01
3.607135772705078125e+01
