5.003106689453125000e+01
6.087616348266601562e+01
3.590857696533203125e+01
3.834989547729492188e+01
6.962965393066406250e+01
5.988098144531250000e+01
3.778751373291015625e+01
5.758472061157226562e+01
6.287528228759765625e+01
1.306882019042968750e+02
4.914440155029296875e+01
9.856500244140625000e+01
4.911678695678710938e+01
4.638568496704101562e+01
3.300479888916015625e+01
5.302854919433593750e+01
6.769320678710937500e+01
4.328176116943359375e+01
4.133670425415039062e+01
1.341105957031250000e+02
3.749997711181640625e+01
8.989415740966796875e+01
3.076721382141113281e+01
3.000000000000000000e+01
3.727232360839843750e+01
6.962704467773437500e+01
3.000000000000000000e+01
5.833577728271484375e+01
1.775980377197265625e+02
4.795683670043945312e+01
5.518280029296875000e+01
4.255902481079101562e+01
3.681627655029296875e+01
1.145505065917968750e+02
6.289049148559570312e+01
6.324666213989257812e+01
6.655419158935546875e+01
4.747227096557617188e+01
4.679978942871093750e+01
3.697801971435546875e+01
3.821853637695312500e+01
4.165195083618164062e+01
4.922941589355468750e+01
4.575190734863281250e+01
3.682709884643554688e+01
3.000000000000000000e+01
3.257609176635742188e+01
6.688256072998046875e+01
1.283509979248046875e+02
5.566798019409179688e+01
4.254515075683593750e+01
3.935552215576171875e+01
7.889022064208984375e+01
3.824693298339843750e+01
1.119169006347656250e+02
4.006565475463867188e+01
6.277645874023437500e+01
4.661142730712890625e+01
8.092161560058593750e+01
7.801807403564453125e+01
5.297744750976562500e+01
8.712209320068359375e+01
4.111241912841796875e+01
9.130418395996093750e+01
9.713194274902343750e+01
5.307124710083007812e+01
5.696156692504882812e+01
3.000000000000000000e+01
4.508426666259765625e+01
4.995338439941406250e+01
6.651333618164062500e+01
3.657521820068359375e+01
6.448518371582031250e+01
3.159294509887695312e+01
5.653937149047851562e+01
3.463852310180664062e+01
4.999039459228515625e+01
4.232683944702148438e+01
3.730202484130859375e+01
5.667748641967773438e+01
3.791581726074218750e+01
6.769320678710937500e+01
5.798686981201171875e+01
1.267118072509765625e+02
1.074600677490234375e+02
3.000000000000000000e+01
3.540973663330078125e+01
4.627713394165039062e+01
4.911678695678710938e+01
5.752136993408203125e+01
4.468012237548828125e+01
5.527343750000000000e+01
5.813658142089843750e+01
4.966083145141601562e+01
9.553318023681640625e+01
9.459031677246093750e+01
5.932189941406250000e+01
4.103135681152343750e+01
5.371102142333984375e+01
3.208282089233398438e+01
1.019395294189453125e+02
5.858890151977539062e+01
1.527854766845703125e+02
3.000000000000000000e+01
4.721157836914062500e+01
8.948632812500000000e+01
3.421248626708984375e+01
5.882630157470703125e+01
5.322835540771484375e+01
4.420374679565429688e+01
3.972342300415039062e+01
3.000000000000000000e+01
7.267429351806640625e+01
1.226147308349609375e+02
4.031837463378906250e+01
4.304574584960937500e+01
9.560145568847656250e+01
4.376202392578125000e+01
7.976982879638671875e+01
5.048903274536132812e+01
4.961692810058593750e+01
6.319590759277343750e+01
4.810302734375000000e+01
3.727185821533203125e+01
4.112612152099609375e+01
4.547935104370117188e+01
7.667907714843750000e+01
6.025329589843750000e+01
4.194598770141601562e+01
6.540287780761718750e+01
4.109375000000000000e+01
1.065547790527343750e+02
3.501727676391601562e+01
3.317713165283203125e+01
5.966366577148437500e+01
4.171515655517578125e+01
1.267086868286132812e+02
4.357815551757812500e+01
4.273254013061523438e+01
7.646750640869140625e+01
4.322652435302734375e+01
8.196348571777343750e+01
6.191287231445312500e+01
5.859275054931640625e+01
6.041467285156250000e+01
4.292162704467773438e+01
8.488211822509765625e+01
9.582061767578125000e+01
4.644394683837890625e+01
1.095312194824218750e+02
3.576048660278320312e+01
6.821644592285156250e+01
5.672346496582031250e+01
6.652192687988281250e+01
4.711573028564453125e+01
1.265042343139648438e+02
3.009182357788085938e+01
1.303688354492187500e+02
4.046441650390625000e+01
5.238058471679687500e+01
3.495266723632812500e+01
4.418482589721679688e+01
4.446562576293945312e+01
3.729628372192382812e+01
6.867657470703125000e+01
3.704551315307617188e+01
6.091616821289062500e+01
4.732611846923828125e+01
3.000000000000000000e+01
9.828661346435546875e+01
4.727341461181640625e+01
4.198248291015625000e+01
3.237737655639648438e+01
3.000000000000000000e+01
5.730967712402343750e+01
5.625857543945312500e+01
3.832968902587890625e+01
4.911516571044921875e+01
6.996432495117187500e+01
5.253936767578125000e+01
6.905552673339843750e+01
4.789559936523437500e+01
7.166709899902343750e+01
6.631699371337890625e+01
4.165923690795898438e+01
3.017823982238769531e+01
3.371405029296875000e+01
7.298742675781250000e+01
5.046501541137695312e+01
4.326014709472656250e+01
4.570203399658203125e+01
4.927404785156250000e+01
5.223071670532226562e+01
4.695267486572265625e+01
3.577071762084960938e+01
3.291390228271484375e+01
3.000000000000000000e+01
8.184622192382812500e+01
1.531616210937500000e+02
5.375040435791015625e+01
3.927201080322265625e+01
1.275160598754882812e+02
5.248749923706054688e+01
3.000000000000000000e+01
5.538104248046875000e+01
4.166291809082031250e+01
5.922209167480468750e+01
6.113111877441406250e+01
9.115628051757812500e+01
3.246447753906250000e+01
4.027874755859375000e+01
9.673109436035156250e+01
3.997811508178710938e+01
4.242387771606445312e+01
3.455667114257812500e+01
4.205609893798828125e+01
4.949374771118164062e+01
5.861002731323242188e+01
3.885174560546875000e+01
4.656470870971679688e+01
3.870949172973632812e+01
6.739060211181640625e+01
8.799497985839843750e+01
3.620109558105468750e+01
4.924814224243164062e+01
4.664646530151367188e+01
6.141461181640625000e+01
1.105931701660156250e+02
6.552528381347656250e+01
1.186398773193359375e+02
3.123015975952148438e+01
4.648160934448242188e+01
5.682699584960937500e+01
4.375825500488281250e+01
3.531944656372070312e+01
5.211985397338867188e+01
4.338188171386718750e+01
4.049813842773437500e+01
8.280933380126953125e+01
6.098799133300781250e+01
4.242634963989257812e+01
1.222058792114257812e+02
1.275046081542968750e+02
5.892816162109375000e+01
7.965306091308593750e+01
3.000000000000000000e+01
5.371417999267578125e+01
1.367413330078125000e+02
1.711596221923828125e+02
4.769360733032226562e+01
5.889521026611328125e+01
4.087779235839843750e+01
4.801083374023437500e+01
9.398225402832031250e+01
5.392777252197265625e+01
4.627617645263671875e+01
4.031147766113281250e+01
4.471790313720703125e+01
3.000000000000000000e+01
1.072498245239257812e+02
6.255396270751953125e+01
5.034292602539062500e+01
4.902072906494140625e+01
4.956102752685546875e+01
1.016311721801757812e+02
4.133480453491210938e+01
1.418617095947265625e+02
5.006499481201171875e+01
5.545326995849609375e+01
4.873941802978515625e+01
5.699372482299804688e+01
5.472468566894531250e+01
5.892815780639648438e+01
7.535377502441406250e+01
1.758807678222656250e+02
3.666535568237304688e+01
6.588982391357421875e+01
8.399886322021484375e+01
9.199966430664062500e+01
9.594103240966796875e+01
4.373923873901367188e+01
7.091401672363281250e+01
6.186942291259765625e+01
4.423819351196289062e+01
7.322013854980468750e+01
3.891771697998046875e+01
3.000000000000000000e+01
5.492963409423828125e+01
3.550000000000000000e+01
3.903789901733398438e+01
3.831702423095703125e+01
3.387696838378906250e+01
3.468027496337890625e+01
1.145866851806640625e+02
3.372569656372070312e+01
3.339854431152343750e+01
3.000000000000000000e+01
4.552128601074218750e+01
4.647902679443359375e+01
5.265398406982421875e+01
5.464566421508789062e+01
3.077725410461425781e+01
3.847525024414062500e+01
6.225721740722656250e+01
6.179589843750000000e+01
4.185199356079101562e+01
6.924497985839843750e+01
6.694819641113281250e+01
6.596659088134765625e+01
1.381918945312500000e+02
1.436123657226562500e+02
3.000000000000000000e+01
9.829214477539062500e+01
1.084859161376953125e+02
8.433682250976562500e+01
4.110356140136718750e+01
3.798871994018554688e+01
1.373897552490234375e+02
6.313071060180664062e+01
5.371102142333984375e+01
4.783392333984375000e+01
4.821058654785156250e+01
4.099399566650390625e+01
5.031912994384765625e+01
3.512355041503906250e+01
4.118494033813476562e+01
3.618436431884765625e+01
3.861256790161132812e+01
6.448518371582031250e+01
4.256775665283203125e+01
7.771823883056640625e+01
4.475837707519531250e+01
4.535099411010742188e+01
4.841639709472656250e+01
3.823665237426757812e+01
5.222720336914062500e+01
6.989103698730468750e+01
4.236649322509765625e+01
3.627491378784179688e+01
3.511055755615234375e+01
5.657138824462890625e+01
7.790343475341796875e+01
4.290711593627929688e+01
6.596659088134765625e+01
4.686822128295898438e+01
3.905546569824218750e+01
1.697324981689453125e+02
3.998029327392578125e+01
3.688566207885742188e+01
1.111482467651367188e+02
1.442674713134765625e+02
1.981690673828125000e+02
4.855838775634765625e+01
8.712209320068359375e+01
3.332400894165039062e+01
9.574301147460937500e+01
6.155892181396484375e+01
3.407291030883789062e+01
1.543025512695312500e+02
5.559332656860351562e+01
6.047004318237304688e+01
1.203413619995117188e+02
6.433989715576171875e+01
6.235426712036132812e+01
8.822890472412109375e+01
3.145059776306152344e+01
5.434854125976562500e+01
9.840456390380859375e+01
3.577730178833007812e+01
5.475455093383789062e+01
5.812345886230468750e+01
4.615278625488281250e+01
1.022718505859375000e+02
1.410030364990234375e+02
7.015866088867187500e+01
1.349910278320312500e+02
9.083598327636718750e+01
4.795683670043945312e+01
7.874631500244140625e+01
7.656973266601562500e+01
3.000000000000000000e+01
3.015413665771484375e+01
3.000000000000000000e+01
4.199347686767578125e+01
6.855175781250000000e+01
1.275046081542968750e+02
5.070973968505859375e+01
4.334977722167968750e+01
4.394762802124023438e+01
2.612792358398437500e+02
3.197993659973144531e+01
4.207151031494140625e+01
3.131184196472167969e+01
3.000000000000000000e+01
3.936752319335937500e+01
7.228944396972656250e+01
6.701548767089843750e+01
9.434210205078125000e+01
6.789750671386718750e+01
4.132683563232421875e+01
4.962720489501953125e+01
4.372280502319335938e+01
1.286687316894531250e+02
3.777804183959960938e+01
3.728799057006835938e+01
3.600648880004882812e+01
3.721044921875000000e+01
5.912802505493164062e+01
5.937598419189453125e+01
1.261947631835937500e+02
7.044679260253906250e+01
8.332967376708984375e+01
5.674496841430664062e+01
4.274575042724609375e+01
5.752443313598632812e+01
3.068066787719726562e+01
4.932881164550781250e+01
7.052163696289062500e+01
3.000000000000000000e+01
3.376243591308593750e+01
9.563079833984375000e+01
3.189967155456542969e+01
4.361349487304687500e+01
1.436066284179687500e+02
5.892751312255859375e+01
3.892972564697265625e+01
7.429247283935546875e+01
4.609017181396484375e+01
5.876036453247070312e+01
8.774648284912109375e+01
5.874217987060546875e+01
7.771823883056640625e+01
2.026118774414062500e+02
5.031912994384765625e+01
1.185075073242187500e+02
4.141431427001953125e+01
5.392707443237304688e+01
9.175299835205078125e+01
5.833577728271484375e+01
5.591939544677734375e+01
6.435031127929687500e+01
3.000000000000000000e+01
6.538544464111328125e+01
4.963970184326171875e+01
7.117770385742187500e+01
4.131972503662109375e+01
4.681457519531250000e+01
7.244705200195312500e+01
8.245710754394531250e+01
1.022294616699218750e+02
5.681894302368164062e+01
5.672346496582031250e+01
5.324799346923828125e+01
5.414929962158203125e+01
7.076316070556640625e+01
4.409481811523437500e+01
1.139943084716796875e+02
9.446269226074218750e+01
3.000000000000000000e+01
1.044009475708007812e+02
7.245474243164062500e+01
4.464214706420898438e+01
4.754078674316406250e+01
4.460602951049804688e+01
4.572215270996093750e+01
1.578568115234375000e+02
3.397898864746093750e+01
5.254092407226562500e+01
5.224922943115234375e+01
4.399836730957031250e+01
8.487319183349609375e+01
3.622822189331054688e+01
3.677599716186523438e+01
1.345407257080078125e+02
6.179589843750000000e+01
9.511255645751953125e+01
3.948238372802734375e+01
3.000000000000000000e+01
6.436344146728515625e+01
9.263641357421875000e+01
9.375802612304687500e+01
5.663139343261718750e+01
7.798461914062500000e+01
3.826845550537109375e+01
4.369151306152343750e+01
8.988281250000000000e+01
5.122158050537109375e+01
4.242387771606445312e+01
7.728670501708984375e+01
8.749162292480468750e+01
6.475808715820312500e+01
5.031710815429687500e+01
4.772808074951171875e+01
3.000000000000000000e+01
4.062669754028320312e+01
3.000000000000000000e+01
3.000000000000000000e+01
3.622370147705078125e+01
3.258889389038085938e+01
4.694996643066406250e+01
5.123046875000000000e+01
4.191372680664062500e+01
7.391400909423828125e+01
5.882479095458984375e+01
4.256522369384765625e+01
3.850793075561523438e+01
5.109894180297851562e+01
6.048107528686523438e+01
3.000000000000000000e+01
3.575122070312500000e+01
9.114849853515625000e+01
3.684790039062500000e+01
5.564868927001953125e+01
3.025930976867675781e+01
5.469831848144531250e+01
3.000000000000000000e+01
3.300479888916015625e+01
1.004511718750000000e+02
5.123439025878906250e+01
3.000000000000000000e+01
7.626840972900390625e+01
3.728799057006835938e+01
7.822368621826171875e+01
3.015357208251953125e+01
4.076293182373046875e+01
1.339782867431640625e+02
3.501810073852539062e+01
1.240256347656250000e+02
1.117746582031250000e+02
3.958124542236328125e+01
3.985760879516601562e+01
8.099818420410156250e+01
3.975515747070312500e+01
6.090272903442382812e+01
4.902072906494140625e+01
1.039189758300781250e+02
4.015759277343750000e+01
5.580050277709960938e+01
5.852132034301757812e+01
3.420817184448242188e+01
4.251942443847656250e+01
1.127132492065429688e+02
4.809870529174804688e+01
5.604915618896484375e+01
6.169241714477539062e+01
4.598395538330078125e+01
3.000000000000000000e+01
5.382287597656250000e+01
4.512510681152343750e+01
4.606876754760742188e+01
3.941874694824218750e+01
3.719644546508789062e+01
4.164461517333984375e+01
4.900455093383789062e+01
4.412926864624023438e+01
4.567467880249023438e+01
5.891877365112304688e+01
5.882630157470703125e+01
6.090242767333984375e+01
9.115628051757812500e+01
6.710359191894531250e+01
1.045012207031250000e+02
8.173499298095703125e+01
1.178148803710937500e+02
4.039889526367187500e+01
6.099066925048828125e+01
3.000000000000000000e+01
3.556591796875000000e+01
7.552466583251953125e+01
6.684848785400390625e+01
8.012239074707031250e+01
7.715091705322265625e+01
4.031837844848632812e+01
4.359900665283203125e+01
6.755439758300781250e+01
1.037044296264648438e+02
5.662065124511718750e+01
4.702383422851562500e+01
3.941276550292968750e+01
3.566706848144531250e+01
8.550280761718750000e+01
4.468012237548828125e+01
4.714564514160156250e+01
4.088611984252929688e+01
4.581832504272460938e+01
4.675588989257812500e+01
8.643836975097656250e+01
4.741225433349609375e+01
3.138248252868652344e+01
3.537317276000976562e+01
9.434210205078125000e+01
5.998418426513671875e+01
3.357092666625976562e+01
5.141519165039062500e+01
5.133409881591796875e+01
4.657257843017578125e+01
6.416358947753906250e+01
5.023184204101562500e+01
7.343919372558593750e+01
3.895415496826171875e+01
5.208435058593750000e+01
6.477796936035156250e+01
8.505401611328125000e+01
7.991602325439453125e+01
5.127102661132812500e+01
3.015711212158203125e+01
7.031436157226562500e+01
6.767369079589843750e+01
4.595183563232421875e+01
5.859375000000000000e+01
5.736240005493164062e+01
4.192594909667968750e+01
4.956320953369140625e+01
5.249354171752929688e+01
3.000000000000000000e+01
5.159045028686523438e+01
5.973154449462890625e+01
7.244704437255859375e+01
5.689791870117187500e+01
5.179640960693359375e+01
3.706965255737304688e+01
8.124367523193359375e+01
1.011938400268554688e+02
7.817935180664062500e+01
3.000000000000000000e+01
1.178148803710937500e+02
4.855838775634765625e+01
5.346556854248046875e+01
8.749162292480468750e+01
3.759757614135742188e+01
3.187067794799804688e+01
6.219927215576171875e+01
3.000000000000000000e+01
4.134857559204101562e+01
2.370154876708984375e+02
4.660541534423828125e+01
3.228461074829101562e+01
3.562051773071289062e+01
1.008193817138671875e+02
5.750484466552734375e+01
5.182648468017578125e+01
9.782766723632812500e+01
4.623428726196289062e+01
1.257260360717773438e+02
7.461470794677734375e+01
1.110556335449218750e+02
3.261044692993164062e+01
4.547471618652343750e+01
5.381836318969726562e+01
6.793037414550781250e+01
6.770389556884765625e+01
4.236649322509765625e+01
4.243278121948242188e+01
3.418352127075195312e+01
4.971218109130859375e+01
5.875220870971679688e+01
5.170704650878906250e+01
4.376694107055664062e+01
6.955395507812500000e+01
7.705303192138671875e+01
4.896757507324218750e+01
3.530430984497070312e+01
5.240680694580078125e+01
3.000000000000000000e+01
4.648049926757812500e+01
9.708123016357421875e+01
5.049142456054687500e+01
7.774617004394531250e+01
4.712730789184570312e+01
3.815784454345703125e+01
3.420567703247070312e+01
8.196348571777343750e+01
5.874180603027343750e+01
7.689792633056640625e+01
1.068556823730468750e+02
5.530060958862304688e+01
4.571759796142578125e+01
4.097257995605468750e+01
5.453402328491210938e+01
4.882347869873046875e+01
7.499642181396484375e+01
1.578568115234375000e+02
4.918051528930664062e+01
5.633965682983398438e+01
4.052261352539062500e+01
4.423630905151367188e+01
4.884115600585937500e+01
5.935501480102539062e+01
5.442323684692382812e+01
5.471302795410156250e+01
9.707911682128906250e+01
3.000000000000000000e+01
3.746229171752929688e+01
5.149495315551757812e+01
1.173862609863281250e+02
7.110408020019531250e+01
1.240256423950195312e+02
4.840932464599609375e+01
3.000000000000000000e+01
5.080050659179687500e+01
7.586291503906250000e+01
1.685505828857421875e+02
5.920589447021484375e+01
4.668364715576171875e+01
5.463363647460937500e+01
3.000000000000000000e+01
3.542297744750976562e+01
8.198190307617187500e+01
3.165951538085937500e+01
3.755301284790039062e+01
5.876836395263671875e+01
8.388885498046875000e+01
5.282237243652343750e+01
9.392997741699218750e+01
3.911339569091796875e+01
5.784423065185546875e+01
6.313071441650390625e+01
9.736653900146484375e+01
6.326480102539062500e+01
4.144509124755859375e+01
4.889662933349609375e+01
3.182195281982421875e+01
4.108149719238281250e+01
3.777804183959960938e+01
3.479967498779296875e+01
6.807161712646484375e+01
5.892751312255859375e+01
3.689939880371093750e+01
3.000000000000000000e+01
4.316746520996093750e+01
4.207151031494140625e+01
3.335668563842773438e+01
1.317493438720703125e+02
3.000000000000000000e+01
5.713600158691406250e+01
1.032828903198242188e+02
4.159373474121093750e+01
3.000000000000000000e+01
3.000000000000000000e+01
5.238058471679687500e+01
6.755374908447265625e+01
5.834332275390625000e+01
4.851259613037109375e+01
5.316529083251953125e+01
6.615862274169921875e+01
6.664849853515625000e+01
4.127687072753906250e+01
7.280523681640625000e+01
3.000000000000000000e+01
6.436344146728515625e+01
5.195020675659179688e+01
3.442446899414062500e+01
3.595721435546875000e+01
5.286437988281250000e+01
4.836973953247070312e+01
4.910159301757812500e+01
4.647902679443359375e+01
5.405409622192382812e+01
4.899958038330078125e+01
6.638500213623046875e+01
8.141893005371093750e+01
5.371871566772460938e+01
8.868675231933593750e+01
4.039735412597656250e+01
6.098799514770507812e+01
3.111731147766113281e+01
6.335659027099609375e+01
7.534223937988281250e+01
5.896192169189453125e+01
8.038947296142578125e+01
4.156260681152343750e+01
8.711611938476562500e+01
4.647692871093750000e+01
5.244615936279296875e+01
8.168493652343750000e+01
1.341105957031250000e+02
1.079730148315429688e+02
4.845544433593750000e+01
3.325545120239257812e+01
4.767198181152343750e+01
5.363034439086914062e+01
1.022294540405273438e+02
8.787159729003906250e+01
6.138952636718750000e+01
9.042690277099609375e+01
5.240680694580078125e+01
4.098373413085937500e+01
3.000000000000000000e+01
4.930661392211914062e+01
5.798703384399414062e+01
3.000000000000000000e+01
3.000000000000000000e+01
7.558534240722656250e+01
6.668502807617187500e+01
4.241115570068359375e+01
7.563408660888671875e+01
3.337143325805664062e+01
4.113722229003906250e+01
4.995338821411132812e+01
5.253098297119140625e+01
4.656561279296875000e+01
4.144509124755859375e+01
1.937162475585937500e+02
5.351561737060546875e+01
4.941223144531250000e+01
3.967956161499023438e+01
4.563926315307617188e+01
1.254212265014648438e+02
4.267760467529296875e+01
3.904536437988281250e+01
5.704296493530273438e+01
4.376694107055664062e+01
8.296617126464843750e+01
3.247912979125976562e+01
5.873638916015625000e+01
5.364416885375976562e+01
3.777527236938476562e+01
3.131060218811035156e+01
3.753499984741210938e+01
4.362360763549804688e+01
5.477583312988281250e+01
1.999429931640625000e+02
3.876335144042968750e+01
4.553019714355468750e+01
6.863027191162109375e+01
4.746134948730468750e+01
4.265972900390625000e+01
3.425245666503906250e+01
3.000000000000000000e+01
5.574202728271484375e+01
3.000000000000000000e+01
3.812403869628906250e+01
4.815106201171875000e+01
3.951155853271484375e+01
5.099085235595703125e+01
3.778885269165039062e+01
3.958124542236328125e+01
3.653748321533203125e+01
3.005939102172851562e+01
6.074989700317382812e+01
7.621482086181640625e+01
3.000000000000000000e+01
4.890192031860351562e+01
3.000000000000000000e+01
7.050416564941406250e+01
3.872115325927734375e+01
8.683146667480468750e+01
3.705618667602539062e+01
5.663139343261718750e+01
8.216333770751953125e+01
4.452571105957031250e+01
8.168493652343750000e+01
3.449549102783203125e+01
3.584722900390625000e+01
3.976985168457031250e+01
4.143096160888671875e+01
1.066599273681640625e+02
4.476431655883789062e+01
3.277559661865234375e+01
7.199084472656250000e+01
3.778117752075195312e+01
9.168003082275390625e+01
6.324470901489257812e+01
3.000000000000000000e+01
5.518904495239257812e+01
7.823595428466796875e+01
7.476391601562500000e+01
7.333609008789062500e+01
7.201953887939453125e+01
3.000000000000000000e+01
3.671817779541015625e+01
5.768659591674804688e+01
7.604598999023437500e+01
1.127521667480468750e+02
7.147108459472656250e+01
1.139046325683593750e+02
4.687568664550781250e+01
3.949982452392578125e+01
4.284085464477539062e+01
3.000000000000000000e+01
5.446859741210937500e+01
3.000000000000000000e+01
3.000000000000000000e+01
6.937744903564453125e+01
1.013907394409179688e+02
5.882939910888671875e+01
3.000000000000000000e+01
4.970317840576171875e+01
6.852061462402343750e+01
4.009943389892578125e+01
4.461449432373046875e+01
7.499642181396484375e+01
4.125125122070312500e+01
6.666324615478515625e+01
3.542297744750976562e+01
6.455563354492187500e+01
6.226793670654296875e+01
4.154643249511718750e+01
3.750814819335937500e+01
5.895542526245117188e+01
3.722436141967773438e+01
5.989695358276367188e+01
6.031123733520507812e+01
4.250318908691406250e+01
7.965306091308593750e+01
5.501680755615234375e+01
3.206906890869140625e+01
3.000000000000000000e+01
3.000000000000000000e+01
3.440304183959960938e+01
4.236693954467773438e+01
3.192691802978515625e+01
4.297373199462890625e+01
9.466596984863281250e+01
4.132683563232421875e+01
3.413207626342773438e+01
8.245710754394531250e+01
6.853466796875000000e+01
3.539593887329101562e+01
6.338042449951171875e+01
7.766719055175781250e+01
4.191372680664062500e+01
4.876361465454101562e+01
1.059910736083984375e+02
4.335226440429687500e+01
8.307740020751953125e+01
3.730202484130859375e+01
3.818630599975585938e+01
5.752136993408203125e+01
4.481960296630859375e+01
4.020064544677734375e+01
4.334420013427734375e+01
3.935342788696289062e+01
4.079565811157226562e+01
4.306594467163085938e+01
5.559332656860351562e+01
3.569993591308593750e+01
3.939585876464843750e+01
5.576671981811523438e+01
8.913983154296875000e+01
3.694956970214843750e+01
9.246318054199218750e+01
4.923494720458984375e+01
3.000000000000000000e+01
8.838000488281250000e+01
9.625276947021484375e+01
4.372072601318359375e+01
6.032488250732421875e+01
4.432564926147460938e+01
4.907104492187500000e+01
3.577308654785156250e+01
8.368385314941406250e+01
5.958585357666015625e+01
3.633831787109375000e+01
3.948237991333007812e+01
5.679734039306640625e+01
6.047681808471679688e+01
3.143268394470214844e+01
5.097306823730468750e+01
6.423605346679687500e+01
5.048903274536132812e+01
7.082788085937500000e+01
6.397457885742187500e+01
3.073921012878417969e+01
4.460247802734375000e+01
3.926593017578125000e+01
5.075105285644531250e+01
7.667907714843750000e+01
7.891981506347656250e+01
5.873638916015625000e+01
5.525844955444335938e+01
6.096411514282226562e+01
5.097306823730468750e+01
3.698650360107421875e+01
4.993310928344726562e+01
3.000000000000000000e+01
4.169286346435546875e+01
6.049437713623046875e+01
4.173560333251953125e+01
3.447069168090820312e+01
6.255396270751953125e+01
4.178638839721679688e+01
6.928718566894531250e+01
3.000000000000000000e+01
4.666285324096679688e+01
3.324672317504882812e+01
4.830620193481445312e+01
8.350606536865234375e+01
3.463404846191406250e+01
5.192702865600585938e+01
3.923198699951171875e+01
8.461880493164062500e+01
6.739144897460937500e+01
4.103229904174804688e+01
3.624224472045898438e+01
4.292848205566406250e+01
4.666567993164062500e+01
7.109147644042968750e+01
3.068859100341796875e+01
4.319918060302734375e+01
6.296650695800781250e+01
4.260996627807617188e+01
3.927201080322265625e+01
3.238387680053710938e+01
6.785813903808593750e+01
4.454391098022460938e+01
3.000000000000000000e+01
4.324971008300781250e+01
4.635702133178710938e+01
7.248638916015625000e+01
4.385812759399414062e+01
9.175299072265625000e+01
4.630037307739257812e+01
4.027874755859375000e+01
3.786766815185546875e+01
4.475389862060546875e+01
3.978935623168945312e+01
4.663880157470703125e+01
3.325545120239257812e+01
4.019567871093750000e+01
3.000000000000000000e+01
4.145790863037109375e+01
5.229501342773437500e+01
4.747227096557617188e+01
7.021426391601562500e+01
5.265410614013671875e+01
5.341234588623046875e+01
4.250409698486328125e+01
3.000000000000000000e+01
3.000000000000000000e+01
4.475389862060546875e+01
8.038947296142578125e+01
4.010836410522460938e+01
3.852822875976562500e+01
3.000000000000000000e+01
6.805574798583984375e+01
5.320266342163085938e+01
7.042002868652343750e+01
3.576216888427734375e+01
3.206404876708984375e+01
5.561885833740234375e+01
3.000000000000000000e+01
4.496150588989257812e+01
3.115680313110351562e+01
4.775856781005859375e+01
3.260941696166992188e+01
4.165337371826171875e+01
4.717402648925781250e+01
3.608528900146484375e+01
7.684040832519531250e+01
4.151016235351562500e+01
7.891981506347656250e+01
6.206501007080078125e+01
4.042070388793945312e+01
3.992766571044921875e+01
3.914298248291015625e+01
3.512310409545898438e+01
3.992539978027343750e+01
6.094290924072265625e+01
6.701548767089843750e+01
4.076293182373046875e+01
3.853411102294921875e+01
3.920935058593750000e+01
8.433176422119140625e+01
4.727532196044921875e+01
4.821419143676757812e+01
3.000000000000000000e+01
3.000000000000000000e+01
4.596744537353515625e+01
3.442446899414062500e+01
6.073760986328125000e+01
4.175199127197265625e+01
4.638204574584960938e+01
3.675965881347656250e+01
3.000000000000000000e+01
3.750540924072265625e+01
4.495156097412109375e+01
3.603992843627929688e+01
5.458374404907226562e+01
3.893877029418945312e+01
7.646750640869140625e+01
6.206501007080078125e+01
6.703213500976562500e+01
3.000000000000000000e+01
3.000000000000000000e+01
4.172340011596679688e+01
3.000000000000000000e+01
4.991838836669921875e+01
7.547153472900390625e+01
3.030541992187500000e+01
4.841650390625000000e+01
4.816959381103515625e+01
3.985760879516601562e+01
5.747870254516601562e+01
6.789750671386718750e+01
3.618215179443359375e+01
4.512500381469726562e+01
7.902927398681640625e+01
4.870811462402343750e+01
7.823594665527343750e+01
7.073861694335937500e+01
3.000000000000000000e+01
5.508387756347656250e+01
4.022957611083984375e+01
5.591939544677734375e+01
5.184613800048828125e+01
4.340980911254882812e+01
5.211985397338867188e+01
5.937598419189453125e+01
3.731548690795898438e+01
6.072167205810546875e+01
7.070712280273437500e+01
3.249462127685546875e+01
8.247839355468750000e+01
4.560334396362304688e+01
3.484266662597656250e+01
4.255883789062500000e+01
3.978046035766601562e+01
3.270098495483398438e+01
6.948556518554687500e+01
5.399505233764648438e+01
4.553019332885742188e+01
4.399615859985351562e+01
4.871489334106445312e+01
3.260027313232421875e+01
3.183138275146484375e+01
7.424950408935546875e+01
4.817676544189453125e+01
4.821947860717773438e+01
6.286426925659179688e+01
4.341066741943359375e+01
4.569202041625976562e+01
3.653531265258789062e+01
3.624224472045898438e+01
3.000000000000000000e+01
3.594234466552734375e+01
3.527511596679687500e+01
4.769368743896484375e+01
3.000000000000000000e+01
4.735743713378906250e+01
5.149495315551757812e+01
3.548075866699218750e+01
4.606876373291015625e+01
4.733807373046875000e+01
6.245596313476562500e+01
4.421879577636718750e+01
6.428596496582031250e+01
1.120820693969726562e+02
5.245348358154296875e+01
4.198248291015625000e+01
4.695840835571289062e+01
4.450511169433593750e+01
3.578828811645507812e+01
3.805138778686523438e+01
3.972937774658203125e+01
1.068556823730468750e+02
5.322679138183593750e+01
3.545782470703125000e+01
4.645129394531250000e+01
5.551675033569335938e+01
4.516312408447265625e+01
4.251942443847656250e+01
5.253098297119140625e+01
5.879072952270507812e+01
3.000000000000000000e+01
4.672497558593750000e+01
3.339514541625976562e+01
6.199980163574218750e+01
4.956320953369140625e+01
3.205884552001953125e+01
4.813586425781250000e+01
4.461578750610351562e+01
3.208016967773437500e+01
5.146946716308593750e+01
4.225688171386718750e+01
4.756098175048828125e+01
7.110408020019531250e+01
4.155111312866210938e+01
3.144006156921386719e+01
4.884115600585937500e+01
5.859638214111328125e+01
3.000000000000000000e+01
7.285791778564453125e+01
3.452475357055664062e+01
4.545493698120117188e+01
4.057085037231445312e+01
4.910797119140625000e+01
7.780749511718750000e+01
5.021088409423828125e+01
5.293024063110351562e+01
3.338645553588867188e+01
4.347711563110351562e+01
5.251262283325195312e+01
5.547467803955078125e+01
4.039889526367187500e+01
3.996145248413085938e+01
5.293618011474609375e+01
4.557775497436523438e+01
4.128968048095703125e+01
6.742727661132812500e+01
4.260993194580078125e+01
5.946704101562500000e+01
4.304889678955078125e+01
1.082332229614257812e+02
7.581335449218750000e+01
3.701013565063476562e+01
4.280916213989257812e+01
3.000000000000000000e+01
9.260609436035156250e+01
3.000000000000000000e+01
3.363483428955078125e+01
8.329512023925781250e+01
4.983578872680664062e+01
4.063098907470703125e+01
5.179253387451171875e+01
8.868812561035156250e+01
3.670027160644531250e+01
5.742953491210937500e+01
3.000000000000000000e+01
4.796936035156250000e+01
4.481834411621093750e+01
3.062062454223632812e+01
5.179065322875976562e+01
7.555146789550781250e+01
5.273301696777343750e+01
3.720571899414062500e+01
3.000000000000000000e+01
4.862456130981445312e+01
4.106394195556640625e+01
4.578981018066406250e+01
5.164043426513671875e+01
8.683146667480468750e+01
5.357270812988281250e+01
7.789352416992187500e+01
6.840702819824218750e+01
7.015077209472656250e+01
5.264830398559570312e+01
3.023765754699707031e+01
3.698508834838867188e+01
5.683483123779296875e+01
4.091446685791015625e+01
3.858734512329101562e+01
3.000000000000000000e+01
3.000000000000000000e+01
4.061648559570312500e+01
3.000000000000000000e+01
3.152326202392578125e+01
4.275815582275390625e+01
6.246990203857421875e+01
5.352539062500000000e+01
3.355448150634765625e+01
4.562058258056640625e+01
3.141756248474121094e+01
3.000000000000000000e+01
5.947309494018554688e+01
6.191287231445312500e+01
5.134452056884765625e+01
4.638568496704101562e+01
3.000000000000000000e+01
4.369151687622070312e+01
5.275008010864257812e+01
3.000000000000000000e+01
4.666567993164062500e+01
3.893773269653320312e+01
8.060195159912109375e+01
3.847302246093750000e+01
5.810125732421875000e+01
6.576733398437500000e+01
3.845659255981445312e+01
3.189467239379882812e+01
3.581863021850585938e+01
5.141529083251953125e+01
4.274575424194335938e+01
5.331575775146484375e+01
4.011312484741210938e+01
3.836706924438476562e+01
3.776251220703125000e+01
8.296617126464843750e+01
6.556860351562500000e+01
6.694819641113281250e+01
3.305932617187500000e+01
3.251914978027343750e+01
5.808290100097656250e+01
4.061648559570312500e+01
4.689339828491210938e+01
6.046746826171875000e+01
6.715811157226562500e+01
4.077226257324218750e+01
4.111787414550781250e+01
3.808502578735351562e+01
4.197572708129882812e+01
3.000000000000000000e+01
6.666242218017578125e+01
3.494023132324218750e+01
4.278889465332031250e+01
3.503763198852539062e+01
4.105514526367187500e+01
4.834497070312500000e+01
3.000000000000000000e+01
3.905546951293945312e+01
4.336084747314453125e+01
3.000000000000000000e+01
6.631699371337890625e+01
7.199084472656250000e+01
3.000000000000000000e+01
5.996814727783203125e+01
4.381544876098632812e+01
4.098788452148437500e+01
4.012963104248046875e+01
4.977754211425781250e+01
3.893840408325195312e+01
4.367435455322265625e+01
3.984932327270507812e+01
4.202315902709960938e+01
3.000000000000000000e+01
4.149885177612304688e+01
3.500872039794921875e+01
3.460548782348632812e+01
3.343996810913085938e+01
3.000000000000000000e+01
3.293331909179687500e+01
5.445470428466796875e+01
5.086813354492187500e+01
8.868812561035156250e+01
5.993426513671875000e+01
3.953399658203125000e+01
3.612151718139648438e+01
7.272389221191406250e+01
3.420817184448242188e+01
4.055151367187500000e+01
6.666242218017578125e+01
4.888525390625000000e+01
4.169589614868164062e+01
4.042807769775390625e+01
4.694996643066406250e+01
8.844543457031250000e+01
6.748307800292968750e+01
6.266629028320312500e+01
7.306032562255859375e+01
3.000000000000000000e+01
3.485923004150390625e+01
6.044068908691406250e+01
4.111226654052734375e+01
5.009378814697265625e+01
6.446263122558593750e+01
3.853183364868164062e+01
3.000000000000000000e+01
6.915185546875000000e+01
3.241794204711914062e+01
4.838691329956054688e+01
4.345039367675781250e+01
4.518530654907226562e+01
3.144249153137207031e+01
3.000000000000000000e+01
4.022957611083984375e+01
3.053796958923339844e+01
4.053133010864257812e+01
6.626821899414062500e+01
3.763111114501953125e+01
3.000000000000000000e+01
6.038085174560546875e+01
5.308961868286132812e+01
3.299752426147460938e+01
4.069430541992187500e+01
4.505631256103515625e+01
4.190037918090820312e+01
4.456257247924804688e+01
3.465224456787109375e+01
4.271096420288085938e+01
7.100694274902343750e+01
6.283183670043945312e+01
6.093530654907226562e+01
3.374308013916015625e+01
3.918937301635742188e+01
3.984105682373046875e+01
3.000000000000000000e+01
6.708051300048828125e+01
4.035899353027343750e+01
4.142753601074218750e+01
3.000000000000000000e+01
3.291779327392578125e+01
3.000000000000000000e+01
4.309956741333007812e+01
5.792470169067382812e+01
4.073037338256835938e+01
5.322679138183593750e+01
4.656560897827148438e+01
4.067000579833984375e+01
3.000000000000000000e+01
4.409056091308593750e+01
3.000000000000000000e+01
6.609571075439453125e+01
4.507566833496093750e+01
3.010708808898925781e+01
4.615357589721679688e+01
7.050416564941406250e+01
4.559037780761718750e+01
3.772286605834960938e+01
3.022355842590332031e+01
3.463793945312500000e+01
4.675585937500000000e+01
4.482790374755859375e+01
4.167992019653320312e+01
3.000000000000000000e+01
3.111500358581542969e+01
3.000000000000000000e+01
3.703666305541992188e+01
4.438480758666992188e+01
3.492443084716796875e+01
5.235046768188476562e+01
4.136163711547851562e+01
5.877729415893554688e+01
4.258678054809570312e+01
5.028985214233398438e+01
3.807888031005859375e+01
3.000000000000000000e+01
5.109199523925781250e+01
3.000000000000000000e+01
3.000000000000000000e+01
4.797253417968750000e+01
4.540155410766601562e+01
3.287424468994140625e+01
3.424423217773437500e+01
3.670725250244140625e+01
3.958194732666015625e+01
3.784258651733398438e+01
4.112595748901367188e+01
