5.138858795166015625e+01
5.853290557861328125e+01
3.845369338989257812e+01
3.978060150146484375e+01
6.918214416503906250e+01
6.206988525390625000e+01
4.131781005859375000e+01
7.463537597656250000e+01
5.982901763916015625e+01
1.299219665527343750e+02
4.958069610595703125e+01
1.065642852783203125e+02
5.068313598632812500e+01
4.815547180175781250e+01
3.273967742919921875e+01
5.693440246582031250e+01
7.475500488281250000e+01
4.313893127441406250e+01
4.336798477172851562e+01
1.438994140625000000e+02
3.890985488891601562e+01
8.905274963378906250e+01
3.588090515136718750e+01
3.000000000000000000e+01
4.014953231811523438e+01
7.650241088867187500e+01
3.000000000000000000e+01
6.589426422119140625e+01
1.806247558593750000e+02
5.284914016723632812e+01
4.848690032958984375e+01
4.524845123291015625e+01
3.576778411865234375e+01
9.301132202148437500e+01
7.137305450439453125e+01
6.900113677978515625e+01
6.554474639892578125e+01
4.919607162475585938e+01
4.615776443481445312e+01
3.873631286621093750e+01
3.605553436279296875e+01
4.212287902832031250e+01
5.593109130859375000e+01
4.768000793457031250e+01
3.514008712768554688e+01
3.000000000000000000e+01
3.000000000000000000e+01
6.606328582763671875e+01
1.294857482910156250e+02
6.577389526367187500e+01
4.208615112304687500e+01
3.818161010742187500e+01
7.898516845703125000e+01
4.028087615966796875e+01
1.220002746582031250e+02
4.036159515380859375e+01
5.552822113037109375e+01
4.661582183837890625e+01
6.914030456542968750e+01
8.007554626464843750e+01
5.167522048950195312e+01
8.400912475585937500e+01
4.156628036499023438e+01
9.762118530273437500e+01
1.085042419433593750e+02
5.422886276245117188e+01
4.796181106567382812e+01
3.000000000000000000e+01
4.464064788818359375e+01
5.119119644165039062e+01
6.858361053466796875e+01
3.278525161743164062e+01
9.477317810058593750e+01
3.497454452514648438e+01
5.853244781494140625e+01
3.405054473876953125e+01
5.379401397705078125e+01
3.983111572265625000e+01
3.654453277587890625e+01
5.700300598144531250e+01
3.869330978393554688e+01
7.475501251220703125e+01
5.561868286132812500e+01
1.368841857910156250e+02
1.081133346557617188e+02
3.242555999755859375e+01
4.343104171752929688e+01
4.754197692871093750e+01
5.068313598632812500e+01
5.653038787841796875e+01
4.120523452758789062e+01
5.366455459594726562e+01
6.112921905517578125e+01
5.183052062988281250e+01
1.076057434082031250e+02
9.594955444335937500e+01
6.123333740234375000e+01
3.875688171386718750e+01
4.998830413818359375e+01
3.323116683959960938e+01
1.127502212524414062e+02
6.562773132324218750e+01
1.539707641601562500e+02
3.114535522460937500e+01
4.640593719482421875e+01
9.396221923828125000e+01
3.000000000000000000e+01
5.956259536743164062e+01
5.306420898437500000e+01
4.064986038208007812e+01
3.983601379394531250e+01
3.000000000000000000e+01
7.564898681640625000e+01
1.347129211425781250e+02
3.985260391235351562e+01
4.355747222900390625e+01
8.949207305908203125e+01
4.366041564941406250e+01
7.832580566406250000e+01
5.336695480346679688e+01
4.910201644897460938e+01
6.673670959472656250e+01
4.201742553710937500e+01
4.232285308837890625e+01
4.479592514038085938e+01
4.824855041503906250e+01
8.083825683593750000e+01
6.033506393432617188e+01
4.015863800048828125e+01
6.546547698974609375e+01
4.080024719238281250e+01
1.073118743896484375e+02
4.467678451538085938e+01
3.292298507690429688e+01
6.006795501708984375e+01
4.095035552978515625e+01
1.270049438476562500e+02
4.391233825683593750e+01
4.197437667846679688e+01
7.507761383056640625e+01
4.118046951293945312e+01
9.272831726074218750e+01
5.627988052368164062e+01
5.164359664916992188e+01
7.183574676513671875e+01
4.525075149536132812e+01
8.933692932128906250e+01
9.560000610351562500e+01
4.518778991699218750e+01
1.002085571289062500e+02
4.763096237182617188e+01
7.573220062255859375e+01
5.525803756713867188e+01
7.099998474121093750e+01
5.668204498291015625e+01
1.219413986206054688e+02
3.362031936645507812e+01
1.319876556396484375e+02
3.777504730224609375e+01
5.872593688964843750e+01
3.615096282958984375e+01
4.977213668823242188e+01
4.214316177368164062e+01
3.845224380493164062e+01
6.933595275878906250e+01
3.503245162963867188e+01
6.164163970947265625e+01
4.711991500854492188e+01
3.223094177246093750e+01
9.278360748291015625e+01
5.327771759033203125e+01
4.057777786254882812e+01
4.039795303344726562e+01
3.000000000000000000e+01
5.576358032226562500e+01
5.998924255371093750e+01
4.677411651611328125e+01
4.810026168823242188e+01
6.944698333740234375e+01
4.970773315429687500e+01
7.072409057617187500e+01
5.480103302001953125e+01
6.755150604248046875e+01
6.005984497070312500e+01
4.530834197998046875e+01
3.000000000000000000e+01
3.826190948486328125e+01
8.632340240478515625e+01
5.212084960937500000e+01
4.608815002441406250e+01
4.858910751342773438e+01
5.108596038818359375e+01
5.981585311889648438e+01
4.017134094238281250e+01
4.918591308593750000e+01
4.366463851928710938e+01
3.000000000000000000e+01
7.669299316406250000e+01
1.514735260009765625e+02
6.252497863769531250e+01
3.964350509643554688e+01
1.368266906738281250e+02
4.879981994628906250e+01
3.000000000000000000e+01
4.432688140869140625e+01
3.832976913452148438e+01
5.121243286132812500e+01
5.498916625976562500e+01
9.450190734863281250e+01
3.249536514282226562e+01
3.924123001098632812e+01
9.079476165771484375e+01
4.119451141357421875e+01
4.060860824584960938e+01
3.974115371704101562e+01
4.772966003417968750e+01
5.218984222412109375e+01
5.748105621337890625e+01
3.682169342041015625e+01
4.391960144042968750e+01
3.649492645263671875e+01
6.668685913085937500e+01
8.879954528808593750e+01
4.022133636474609375e+01
4.107825469970703125e+01
4.735714721679687500e+01
5.935479354858398438e+01
1.156262207031250000e+02
6.268289947509765625e+01
1.159126663208007812e+02
3.545133972167968750e+01
4.400336074829101562e+01
5.165987396240234375e+01
3.464469909667968750e+01
3.949227905273437500e+01
5.195757675170898438e+01
4.052080917358398438e+01
4.511536407470703125e+01
7.878999328613281250e+01
5.786882781982421875e+01
4.047976684570312500e+01
1.246019439697265625e+02
1.327667541503906250e+02
6.647160339355468750e+01
8.453439331054687500e+01
3.360586929321289062e+01
5.018565750122070312e+01
1.261391601562500000e+02
1.969815521240234375e+02
5.070681762695312500e+01
5.910430145263671875e+01
3.865323638916015625e+01
4.624684143066406250e+01
8.098484802246093750e+01
5.498883056640625000e+01
4.849391555786132812e+01
4.307509613037109375e+01
4.250091552734375000e+01
3.385511398315429688e+01
1.071202621459960938e+02
6.075449371337890625e+01
4.990077972412109375e+01
6.870449829101562500e+01
5.102667999267578125e+01
1.028504486083984375e+02
3.590914154052734375e+01
1.441056671142578125e+02
5.359521865844726562e+01
6.546500396728515625e+01
5.172688674926757812e+01
5.783820724487304688e+01
4.947624969482421875e+01
6.647159576416015625e+01
7.733602142333984375e+01
1.815275726318359375e+02
3.602820205688476562e+01
6.582520294189453125e+01
8.196807098388671875e+01
1.049883193969726562e+02
9.538944244384765625e+01
3.935957717895507812e+01
7.472257995605468750e+01
6.141806793212890625e+01
4.407794189453125000e+01
7.238925933837890625e+01
3.721405410766601562e+01
3.000000000000000000e+01
5.306532287597656250e+01
3.718864440917968750e+01
3.798735046386718750e+01
3.648720550537109375e+01
3.265547561645507812e+01
3.452699661254882812e+01
1.149839477539062500e+02
3.164536094665527344e+01
4.390600585937500000e+01
4.048435592651367188e+01
5.375587463378906250e+01
3.000000000000000000e+01
4.343844223022460938e+01
5.218378067016601562e+01
3.414361190795898438e+01
4.015443801879882812e+01
6.413628387451171875e+01
7.022566223144531250e+01
4.246686553955078125e+01
7.019322967529296875e+01
6.646255493164062500e+01
7.198697662353515625e+01
1.421605224609375000e+02
1.490196533203125000e+02
3.000000000000000000e+01
9.591749572753906250e+01
1.082396774291992188e+02
9.292864990234375000e+01
4.074681091308593750e+01
4.126531600952148438e+01
1.474490203857421875e+02
5.904644393920898438e+01
4.998830413818359375e+01
4.663713073730468750e+01
5.095433807373046875e+01
5.272232055664062500e+01
4.816739654541015625e+01
3.520729064941406250e+01
4.413620758056640625e+01
3.722368240356445312e+01
3.663769912719726562e+01
9.477317810058593750e+01
4.228294754028320312e+01
8.737584686279296875e+01
4.814641189575195312e+01
4.478653717041015625e+01
4.843820953369140625e+01
4.379416656494140625e+01
5.047971343994140625e+01
7.014430236816406250e+01
4.303042221069335938e+01
4.425031661987304688e+01
3.450707626342773438e+01
6.077320098876953125e+01
7.236251831054687500e+01
4.104019927978515625e+01
7.198698425292968750e+01
4.557901000976562500e+01
4.067189788818359375e+01
1.555798034667968750e+02
4.173440170288085938e+01
3.620381164550781250e+01
1.115102233886718750e+02
1.467121276855468750e+02
1.970072174072265625e+02
4.387021636962890625e+01
8.400912475585937500e+01
3.000000000000000000e+01
8.704095458984375000e+01
5.899462890625000000e+01
3.089051246643066406e+01
1.569504394531250000e+02
5.420357513427734375e+01
6.275064086914062500e+01
1.140220489501953125e+02
5.325855255126953125e+01
5.970750045776367188e+01
8.310835266113281250e+01
3.209994888305664062e+01
4.881681442260742188e+01
8.832710266113281250e+01
3.772034835815429688e+01
5.884148025512695312e+01
6.158094406127929688e+01
5.319721221923828125e+01
1.007922821044921875e+02
1.497630615234375000e+02
7.042024993896484375e+01
1.297903442382812500e+02
9.561151123046875000e+01
5.284913635253906250e+01
7.195391845703125000e+01
8.471655273437500000e+01
3.000000000000000000e+01
3.109830284118652344e+01
3.000000000000000000e+01
4.152802276611328125e+01
6.728993225097656250e+01
1.327667541503906250e+02
4.974043273925781250e+01
4.709125900268554688e+01
4.341602706909179688e+01
2.736134338378906250e+02
4.093713378906250000e+01
3.709001922607421875e+01
3.257127761840820312e+01
3.000000000000000000e+01
4.114807128906250000e+01
6.918785858154296875e+01
6.968737030029296875e+01
1.032181396484375000e+02
5.986419677734375000e+01
4.455409622192382812e+01
5.323260498046875000e+01
4.591770935058593750e+01
1.297902526855468750e+02
3.839128875732421875e+01
3.907557678222656250e+01
3.388293075561523438e+01
4.015135192871093750e+01
5.894176864624023438e+01
4.824875640869140625e+01
1.302004394531250000e+02
6.746099853515625000e+01
8.358984375000000000e+01
5.475064086914062500e+01
4.318908691406250000e+01
6.602588653564453125e+01
3.000000000000000000e+01
6.713712310791015625e+01
6.815952301025390625e+01
3.405929565429687500e+01
3.706815338134765625e+01
1.021391372680664062e+02
3.574212646484375000e+01
4.441669845581054688e+01
1.346350250244140625e+02
5.977087020874023438e+01
4.188017272949218750e+01
7.405509185791015625e+01
4.619487380981445312e+01
5.909883499145507812e+01
9.466194152832031250e+01
5.615357971191406250e+01
8.737584686279296875e+01
2.352627563476562500e+02
4.816739654541015625e+01
1.204988174438476562e+02
4.033715057373046875e+01
5.455895233154296875e+01
1.005941772460937500e+02
6.589426422119140625e+01
5.458013916015625000e+01
6.381188201904296875e+01
3.458532333374023438e+01
7.104148864746093750e+01
4.766166687011718750e+01
7.332572937011718750e+01
3.906508636474609375e+01
4.673789215087890625e+01
7.088747406005859375e+01
6.093308258056640625e+01
1.018506698608398438e+02
5.214868545532226562e+01
5.525803756713867188e+01
5.135065078735351562e+01
5.074865722656250000e+01
7.092716979980468750e+01
3.818905639648437500e+01
1.181882171630859375e+02
1.000137252807617188e+02
3.971899032592773438e+01
1.028654479980468750e+02
8.273065948486328125e+01
4.837750625610351562e+01
4.772130584716796875e+01
4.318477249145507812e+01
4.154450607299804688e+01
1.600842895507812500e+02
3.885210037231445312e+01
4.954935455322265625e+01
5.039992523193359375e+01
4.134033966064453125e+01
8.320913696289062500e+01
3.594157028198242188e+01
4.006431198120117188e+01
1.303500213623046875e+02
7.022566223144531250e+01
9.655393218994140625e+01
3.973314666748046875e+01
3.000000000000000000e+01
6.292893600463867188e+01
9.332490539550781250e+01
9.189195251464843750e+01
7.434126281738281250e+01
6.979742431640625000e+01
4.147505569458007812e+01
5.220330047607421875e+01
9.189550781250000000e+01
4.842882156372070312e+01
4.060860824584960938e+01
7.436639404296875000e+01
8.197698974609375000e+01
6.418560791015625000e+01
4.994439315795898438e+01
4.792885208129882812e+01
3.000000000000000000e+01
4.459737777709960938e+01
3.000000000000000000e+01
3.000000000000000000e+01
3.302239227294921875e+01
3.764138412475585938e+01
5.067441177368164062e+01
5.479560852050781250e+01
4.386004638671875000e+01
7.179965209960937500e+01
6.061311340332031250e+01
4.472426605224609375e+01
3.853794860839843750e+01
4.900047683715820312e+01
5.868378448486328125e+01
3.000000000000000000e+01
3.436080932617187500e+01
8.101155090332031250e+01
3.953179931640625000e+01
5.354183959960937500e+01
3.062504768371582031e+01
5.659555053710937500e+01
3.150102996826171875e+01
3.273967742919921875e+01
1.034254760742187500e+02
3.960873413085937500e+01
3.259566497802734375e+01
7.601373291015625000e+01
3.907557678222656250e+01
7.902559661865234375e+01
3.000000000000000000e+01
4.187093353271484375e+01
1.375182495117187500e+02
3.577881240844726562e+01
1.256236724853515625e+02
1.092074890136718750e+02
4.132145690917968750e+01
3.393156814575195312e+01
7.683822631835937500e+01
5.265148925781250000e+01
6.033540725708007812e+01
6.870449829101562500e+01
8.848898315429687500e+01
4.684261322021484375e+01
6.836967468261718750e+01
6.237182617187500000e+01
3.887244415283203125e+01
4.359735488891601562e+01
1.125854949951171875e+02
4.760963058471679688e+01
5.044605255126953125e+01
6.449994659423828125e+01
4.116799163818359375e+01
3.000000000000000000e+01
4.974998474121093750e+01
4.245100402832031250e+01
4.673746109008789062e+01
4.089480972290039062e+01
3.973546218872070312e+01
3.972245788574218750e+01
4.832772445678710938e+01
4.373852539062500000e+01
4.550596237182617188e+01
6.015593338012695312e+01
5.956259536743164062e+01
6.395080566406250000e+01
9.450190734863281250e+01
5.743210220336914062e+01
9.913604736328125000e+01
8.955845642089843750e+01
1.144915847778320312e+02
4.250199127197265625e+01
6.421618652343750000e+01
4.229287719726562500e+01
3.815895462036132812e+01
7.170567321777343750e+01
6.639653778076171875e+01
7.717662048339843750e+01
8.917768859863281250e+01
3.985260391235351562e+01
4.271762466430664062e+01
6.611405944824218750e+01
9.821213531494140625e+01
4.983167266845703125e+01
4.647107315063476562e+01
4.188610839843750000e+01
3.862127685546875000e+01
8.507731628417968750e+01
4.120523452758789062e+01
5.237966156005859375e+01
4.033263778686523438e+01
4.320069885253906250e+01
4.754283905029296875e+01
8.286247253417968750e+01
4.714142608642578125e+01
3.086917877197265625e+01
3.631886291503906250e+01
1.032181396484375000e+02
5.952948379516601562e+01
3.476769256591796875e+01
5.505142211914062500e+01
5.456784057617187500e+01
4.519701385498046875e+01
6.705819702148437500e+01
5.309072875976562500e+01
7.306416320800781250e+01
3.881145477294921875e+01
5.019560241699218750e+01
7.284049224853515625e+01
8.505633544921875000e+01
7.671416473388671875e+01
5.168818664550781250e+01
3.314107894897460938e+01
7.104211425781250000e+01
7.293791198730468750e+01
4.924774932861328125e+01
5.791585159301757812e+01
5.591609573364257812e+01
3.529930496215820312e+01
5.671829986572265625e+01
4.395499420166015625e+01
3.109631729125976562e+01
5.372403717041015625e+01
6.594363403320312500e+01
7.088747406005859375e+01
5.519420623779296875e+01
5.160427856445312500e+01
3.482519531250000000e+01
7.689001464843750000e+01
1.012499389648437500e+02
7.659284210205078125e+01
3.000000000000000000e+01
1.144915771484375000e+02
4.387021636962890625e+01
5.605749511718750000e+01
8.197698974609375000e+01
3.732668304443359375e+01
3.616310119628906250e+01
6.109063720703125000e+01
3.000000000000000000e+01
4.235725784301757812e+01
2.424487609863281250e+02
4.810462951660156250e+01
3.532958602905273438e+01
4.176808929443359375e+01
1.138482666015625000e+02
5.333714675903320312e+01
5.393344879150390625e+01
1.012261657714843750e+02
4.400852203369140625e+01
1.259953308105468750e+02
7.637834167480468750e+01
1.087116699218750000e+02
3.179394149780273438e+01
4.328858947753906250e+01
5.225975036621093750e+01
7.158393096923828125e+01
7.385337066650390625e+01
4.303042221069335938e+01
4.504547882080078125e+01
3.000000000000000000e+01
4.830857086181640625e+01
6.089950561523437500e+01
5.263790893554687500e+01
4.046725463867187500e+01
7.299910736083984375e+01
7.573298645019531250e+01
5.881733703613281250e+01
3.368739318847656250e+01
5.006364440917968750e+01
3.000000000000000000e+01
4.681658935546875000e+01
9.160827636718750000e+01
5.419429779052734375e+01
7.277673339843750000e+01
4.897394561767578125e+01
4.133200073242187500e+01
3.370376586914062500e+01
9.272831726074218750e+01
6.135581207275390625e+01
8.052803039550781250e+01
1.095379714965820312e+02
5.364687347412109375e+01
4.873383712768554688e+01
4.407708358764648438e+01
4.856700134277343750e+01
4.833012390136718750e+01
7.389891815185546875e+01
1.600842895507812500e+02
4.826026916503906250e+01
6.021958923339843750e+01
4.939804077148437500e+01
4.606727600097656250e+01
5.126372528076171875e+01
5.753478622436523438e+01
5.403763580322265625e+01
6.429151153564453125e+01
9.976418304443359375e+01
3.000000000000000000e+01
4.164321517944335938e+01
5.531031799316406250e+01
1.111040191650390625e+02
6.905840301513671875e+01
1.256236724853515625e+02
5.202669525146484375e+01
3.246369934082031250e+01
5.183951568603515625e+01
7.864234161376953125e+01
1.657274627685546875e+02
6.161026763916015625e+01
4.715626144409179688e+01
5.500912475585937500e+01
3.000000000000000000e+01
3.419874954223632812e+01
8.137327575683593750e+01
3.841865921020507812e+01
3.928255081176757812e+01
5.649794769287109375e+01
8.827571868896484375e+01
5.212965393066406250e+01
8.720935058593750000e+01
3.969520568847656250e+01
5.721712112426757812e+01
5.904644393920898438e+01
8.922151184082031250e+01
5.945608139038085938e+01
4.024405670166015625e+01
4.727893447875976562e+01
3.346131515502929688e+01
3.769400024414062500e+01
3.839128875732421875e+01
3.482509994506835938e+01
6.097663116455078125e+01
5.977087020874023438e+01
4.319013977050781250e+01
3.000000000000000000e+01
3.854819488525390625e+01
3.709001922607421875e+01
3.762621307373046875e+01
1.280463256835937500e+02
3.450543594360351562e+01
6.678572082519531250e+01
1.059188232421875000e+02
3.776394653320312500e+01
3.000000000000000000e+01
3.000000000000000000e+01
5.872593688964843750e+01
6.880215454101562500e+01
6.216577148437500000e+01
4.936605072021484375e+01
6.020918273925781250e+01
6.348718261718750000e+01
6.111215972900390625e+01
4.255366516113281250e+01
7.567321777343750000e+01
3.000000000000000000e+01
6.292893600463867188e+01
5.494030761718750000e+01
3.536003875732421875e+01
3.539179992675781250e+01
5.570332336425781250e+01
4.830926132202148438e+01
4.779762268066406250e+01
3.000000000000000000e+01
5.459482574462890625e+01
4.783410644531250000e+01
7.192053222656250000e+01
8.501779174804687500e+01
5.549913024902343750e+01
9.358554077148437500e+01
4.114842987060546875e+01
5.786882781982421875e+01
4.502417755126953125e+01
6.092252349853515625e+01
7.794028472900390625e+01
6.184547424316406250e+01
8.084744262695312500e+01
4.217645645141601562e+01
9.294691467285156250e+01
4.482330703735351562e+01
5.080474090576171875e+01
8.482640075683593750e+01
1.438994140625000000e+02
1.236153869628906250e+02
5.308512496948242188e+01
3.191003608703613281e+01
4.289102935791015625e+01
5.166797637939453125e+01
1.018506698608398438e+02
8.180851745605468750e+01
6.475953674316406250e+01
8.984177398681640625e+01
5.006364440917968750e+01
4.309551620483398438e+01
3.516512680053710938e+01
5.304071044921875000e+01
5.862175750732421875e+01
3.000000000000000000e+01
3.118169021606445312e+01
7.827069091796875000e+01
6.341789627075195312e+01
5.218297576904296875e+01
8.405286407470703125e+01
3.477623748779296875e+01
3.556355285644531250e+01
5.119119644165039062e+01
5.126366424560546875e+01
4.292192840576171875e+01
4.024405670166015625e+01
2.110377502441406250e+02
6.374736022949218750e+01
5.017740249633789062e+01
4.117291641235351562e+01
4.807791900634765625e+01
1.188643493652343750e+02
4.684403610229492188e+01
3.866751480102539062e+01
5.876702117919921875e+01
4.046725082397460938e+01
8.678256225585937500e+01
3.756037902832031250e+01
5.768841171264648438e+01
4.877975845336914062e+01
3.242177963256835938e+01
3.120710182189941406e+01
3.201433181762695312e+01
6.235689544677734375e+01
5.746138763427734375e+01
1.964661254882812500e+02
4.409920883178710938e+01
4.653096771240234375e+01
6.502759552001953125e+01
6.019204330444335938e+01
4.235329437255859375e+01
3.166098976135253906e+01
3.381003570556640625e+01
5.512328338623046875e+01
3.012592506408691406e+01
4.361819839477539062e+01
5.110116577148437500e+01
4.582566833496093750e+01
4.745125961303710938e+01
3.263361358642578125e+01
4.132145690917968750e+01
4.257510375976562500e+01
3.000000000000000000e+01
6.060993194580078125e+01
7.670716857910156250e+01
3.000000000000000000e+01
4.763868713378906250e+01
4.048435592651367188e+01
6.928652954101562500e+01
4.372922515869140625e+01
9.124504852294921875e+01
5.310710906982421875e+01
7.434126281738281250e+01
8.693219757080078125e+01
4.601912689208984375e+01
8.482640075683593750e+01
3.536725997924804688e+01
4.039593887329101562e+01
3.998419570922851562e+01
4.205656051635742188e+01
1.057883758544921875e+02
4.472290802001953125e+01
3.000000000000000000e+01
7.511013031005859375e+01
4.041618347167968750e+01
8.680259704589843750e+01
5.984003448486328125e+01
3.058115959167480469e+01
5.630520629882812500e+01
7.811452484130859375e+01
8.050795745849609375e+01
7.556761169433593750e+01
7.539250183105468750e+01
3.245776367187500000e+01
4.085977935791015625e+01
6.499555969238281250e+01
7.127990722656250000e+01
1.190141448974609375e+02
6.290892791748046875e+01
1.141895446777343750e+02
5.135743331909179688e+01
4.205854415893554688e+01
4.289186096191406250e+01
3.020887374877929688e+01
5.301779556274414062e+01
3.000000000000000000e+01
3.000000000000000000e+01
7.876847839355468750e+01
1.063835449218750000e+02
5.907392883300781250e+01
3.610250854492187500e+01
4.853972244262695312e+01
6.652289581298828125e+01
4.264883804321289062e+01
4.342676544189453125e+01
7.389891815185546875e+01
4.052244567871093750e+01
7.517367553710937500e+01
3.419874954223632812e+01
6.359425354003906250e+01
6.039074707031250000e+01
4.131119155883789062e+01
3.853073883056640625e+01
5.998844146728515625e+01
3.767697143554687500e+01
6.395452117919921875e+01
6.672264099121093750e+01
4.517140197753906250e+01
8.453439331054687500e+01
4.920595550537109375e+01
3.141495895385742188e+01
3.000000000000000000e+01
3.094215774536132812e+01
3.404218673706054688e+01
4.191044998168945312e+01
3.393421936035156250e+01
4.132843017578125000e+01
1.072081375122070312e+02
4.455409622192382812e+01
3.414941406250000000e+01
6.093308258056640625e+01
7.404399108886718750e+01
3.870893096923828125e+01
6.280018615722656250e+01
7.640514373779296875e+01
4.386004638671875000e+01
5.546991729736328125e+01
1.063219375610351562e+02
4.099504852294921875e+01
8.376002502441406250e+01
3.654453277587890625e+01
3.992506790161132812e+01
5.653038787841796875e+01
5.182878875732421875e+01
3.627927398681640625e+01
4.112017822265625000e+01
3.701141357421875000e+01
4.921720886230468750e+01
4.594685363769531250e+01
5.420357513427734375e+01
3.346470642089843750e+01
3.767174530029296875e+01
6.569554138183593750e+01
9.408296966552734375e+01
3.547534179687500000e+01
1.009053802490234375e+02
4.986017608642578125e+01
3.000000000000000000e+01
9.187638854980468750e+01
9.406759643554687500e+01
4.412176895141601562e+01
6.403484344482421875e+01
5.274684906005859375e+01
5.067090225219726562e+01
3.795452880859375000e+01
9.314765167236328125e+01
5.019259262084960938e+01
3.703947448730468750e+01
3.973314666748046875e+01
5.480227661132812500e+01
6.077659606933593750e+01
3.274019241333007812e+01
5.577344131469726562e+01
6.423430633544921875e+01
5.336695480346679688e+01
6.589018249511718750e+01
6.280036163330078125e+01
3.723037719726562500e+01
4.689987182617187500e+01
4.121986389160156250e+01
5.006911849975585938e+01
8.083825683593750000e+01
7.399228668212890625e+01
5.768841171264648438e+01
5.360875701904296875e+01
6.180804443359375000e+01
5.577344131469726562e+01
4.871735382080078125e+01
4.840473937988281250e+01
4.282257843017578125e+01
4.673516845703125000e+01
6.094358062744140625e+01
4.799230194091796875e+01
4.256856536865234375e+01
6.075449371337890625e+01
4.755512619018554688e+01
5.477403259277343750e+01
3.073728370666503906e+01
4.879611968994140625e+01
3.487964630126953125e+01
5.010115432739257812e+01
8.122668457031250000e+01
3.372916412353515625e+01
6.055213928222656250e+01
3.581898117065429688e+01
8.758273315429687500e+01
5.636915969848632812e+01
4.024549865722656250e+01
3.728166580200195312e+01
4.159904479980468750e+01
4.396628189086914062e+01
7.280090332031250000e+01
3.974647521972656250e+01
4.185569763183593750e+01
5.476177215576171875e+01
4.541725158691406250e+01
3.964350509643554688e+01
4.208080291748046875e+01
5.799468994140625000e+01
3.938919448852539062e+01
3.000000000000000000e+01
4.584857177734375000e+01
4.166123580932617188e+01
7.424382019042968750e+01
4.955988693237304688e+01
1.005941772460937500e+02
4.585736465454101562e+01
3.924123001098632812e+01
3.636421203613281250e+01
4.415518569946289062e+01
3.179650878906250000e+01
5.659812164306640625e+01
3.191003608703613281e+01
4.151387405395507812e+01
3.000000000000000000e+01
4.117421722412109375e+01
5.949866104125976562e+01
4.919607162475585938e+01
6.943952941894531250e+01
6.174905014038085938e+01
5.172176361083984375e+01
4.540955352783203125e+01
3.000000000000000000e+01
3.000000000000000000e+01
4.415518569946289062e+01
8.084744262695312500e+01
4.231031417846679688e+01
4.212083435058593750e+01
3.103714752197265625e+01
7.134101104736328125e+01
5.069055938720703125e+01
8.181771850585937500e+01
3.150099945068359375e+01
3.323080444335937500e+01
5.771815872192382812e+01
3.000000000000000000e+01
4.916020965576171875e+01
3.032123374938964844e+01
4.324797821044921875e+01
3.000000000000000000e+01
3.373266220092773438e+01
5.210133361816406250e+01
4.379172515869140625e+01
7.408091735839843750e+01
4.224775695800781250e+01
7.399229431152343750e+01
6.117582321166992188e+01
4.387239074707031250e+01
3.714497375488281250e+01
4.886967468261718750e+01
3.929866409301757812e+01
4.363181686401367188e+01
5.790132141113281250e+01
6.968736267089843750e+01
4.187093353271484375e+01
3.846806335449218750e+01
4.076221847534179688e+01
8.438685607910156250e+01
5.099707031250000000e+01
4.381084442138671875e+01
3.000000000000000000e+01
3.000000000000000000e+01
4.523645401000976562e+01
3.536003875732421875e+01
6.681005096435546875e+01
4.086721801757812500e+01
4.658138656616210938e+01
4.643836212158203125e+01
3.000000000000000000e+01
3.699530792236328125e+01
5.464462661743164062e+01
3.703643798828125000e+01
7.454264068603515625e+01
3.826823425292968750e+01
7.507762145996093750e+01
6.117582321166992188e+01
7.058134460449218750e+01
3.395632553100585938e+01
3.000000000000000000e+01
4.648528289794921875e+01
3.000000000000000000e+01
4.740280532836914062e+01
7.646930694580078125e+01
3.000000000000000000e+01
4.800453948974609375e+01
5.275457382202148438e+01
3.393156814575195312e+01
5.393402862548828125e+01
5.986419677734375000e+01
3.797852325439453125e+01
4.779557800292968750e+01
8.693666076660156250e+01
4.923542785644531250e+01
7.811452484130859375e+01
7.309048461914062500e+01
3.000000000000000000e+01
6.287495422363281250e+01
6.072676086425781250e+01
5.458013916015625000e+01
5.711454772949218750e+01
5.650534057617187500e+01
5.195757675170898438e+01
4.824875640869140625e+01
3.886899948120117188e+01
6.371371459960937500e+01
7.655426788330078125e+01
3.263219070434570312e+01
8.335488128662109375e+01
3.476728057861328125e+01
3.695535278320312500e+01
4.720138931274414062e+01
4.019275665283203125e+01
3.000000000000000000e+01
6.646383666992187500e+01
5.426504516601562500e+01
4.653096771240234375e+01
4.374461364746093750e+01
4.763476943969726562e+01
3.751159667968750000e+01
3.450759506225585938e+01
7.788870239257812500e+01
3.716020965576171875e+01
4.472608184814453125e+01
6.074139404296875000e+01
3.982262039184570312e+01
4.391746902465820312e+01
3.699391174316406250e+01
3.728166580200195312e+01
3.000000000000000000e+01
3.584381484985351562e+01
3.364133071899414062e+01
4.644633102416992188e+01
3.568711471557617188e+01
4.509423828125000000e+01
5.531031799316406250e+01
3.709687423706054688e+01
4.673746109008789062e+01
4.595441436767578125e+01
6.509120178222656250e+01
4.037997436523437500e+01
6.986074066162109375e+01
1.057019729614257812e+02
5.362223052978515625e+01
4.057777786254882812e+01
4.512382125854492188e+01
4.140866088867187500e+01
4.312906646728515625e+01
3.970682525634765625e+01
3.592759704589843750e+01
1.095379714965820312e+02
5.367558288574218750e+01
3.644660186767578125e+01
4.544889068603515625e+01
5.473145294189453125e+01
3.995018386840820312e+01
4.359735488891601562e+01
5.126366424560546875e+01
5.774837493896484375e+01
3.450543212890625000e+01
5.406620407104492188e+01
3.561080932617187500e+01
5.639714431762695312e+01
5.671829986572265625e+01
3.000000000000000000e+01
4.645315170288085938e+01
4.852085876464843750e+01
3.404769897460937500e+01
5.947449874877929688e+01
4.022183227539062500e+01
5.092196655273437500e+01
6.905840301513671875e+01
4.123858642578125000e+01
3.133415031433105469e+01
5.126372909545898438e+01
6.404399108886718750e+01
3.000000000000000000e+01
5.943514251708984375e+01
3.284941482543945312e+01
5.013230895996093750e+01
3.901222991943359375e+01
5.090916824340820312e+01
6.854357147216796875e+01
4.537837982177734375e+01
5.097161102294921875e+01
4.045880126953125000e+01
3.431359481811523438e+01
5.090145111083984375e+01
6.200812911987304688e+01
4.250199127197265625e+01
4.203367233276367188e+01
5.367204666137695312e+01
4.922128677368164062e+01
4.028586959838867188e+01
6.464749908447265625e+01
3.991593170166015625e+01
5.288185501098632812e+01
4.297132110595703125e+01
1.095037078857421875e+02
7.223760986328125000e+01
3.996778869628906250e+01
5.401021194458007812e+01
3.332506942749023438e+01
8.209754943847656250e+01
3.000000000000000000e+01
3.845351791381835938e+01
8.273542022705078125e+01
4.983181762695312500e+01
4.503005981445312500e+01
5.110376739501953125e+01
9.095840454101562500e+01
3.959548568725585938e+01
5.343023681640625000e+01
3.474436187744140625e+01
4.938469696044921875e+01
4.493711090087890625e+01
3.430400848388671875e+01
5.758916091918945312e+01
8.045204925537109375e+01
5.131530761718750000e+01
3.602438354492187500e+01
3.767684555053710938e+01
5.174434661865234375e+01
4.287843322753906250e+01
4.022178649902343750e+01
5.406388473510742188e+01
9.124504089355468750e+01
5.259815216064453125e+01
8.202144622802734375e+01
7.106858825683593750e+01
7.457882690429687500e+01
5.563346099853515625e+01
3.000000000000000000e+01
3.684580993652343750e+01
5.719976806640625000e+01
4.050155639648437500e+01
4.579732513427734375e+01
3.364274215698242188e+01
3.000000000000000000e+01
5.429000473022460938e+01
3.117294311523437500e+01
3.022656250000000000e+01
4.671215057373046875e+01
6.457558441162109375e+01
5.319825744628906250e+01
3.396969223022460938e+01
4.504588699340820312e+01
3.119041824340820312e+01
3.611233901977539062e+01
5.574152374267578125e+01
5.627987670898437500e+01
5.261973571777343750e+01
4.815547180175781250e+01
3.000000000000000000e+01
5.220330047607421875e+01
4.383649444580078125e+01
3.000000000000000000e+01
4.396628189086914062e+01
3.632055664062500000e+01
8.549374389648437500e+01
3.904211044311523438e+01
5.563481903076171875e+01
6.243502044677734375e+01
3.845014953613281250e+01
3.317546081542968750e+01
3.973653030395507812e+01
5.178892898559570312e+01
4.318908691406250000e+01
4.934308624267578125e+01
3.802796936035156250e+01
5.860082244873046875e+01
3.801328659057617188e+01
8.678256225585937500e+01
6.155249786376953125e+01
6.646255493164062500e+01
3.087982177734375000e+01
3.469597244262695312e+01
5.501673507690429688e+01
5.429000473022460938e+01
5.368333435058593750e+01
5.936327362060546875e+01
7.143202209472656250e+01
4.252165985107421875e+01
4.325813674926757812e+01
3.918910980224609375e+01
4.088516998291015625e+01
3.000000000000000000e+01
7.656590270996093750e+01
3.719010162353515625e+01
3.955078887939453125e+01
3.150872611999511719e+01
4.164130401611328125e+01
4.556267547607421875e+01
3.000000000000000000e+01
4.067189788818359375e+01
4.865029144287109375e+01
3.033977890014648438e+01
6.005984497070312500e+01
7.511013031005859375e+01
3.000000000000000000e+01
5.355438232421875000e+01
4.884532546997070312e+01
4.346216583251953125e+01
4.024200057983398438e+01
4.775504302978515625e+01
4.040267181396484375e+01
4.198336410522460938e+01
3.838383483886718750e+01
3.982514953613281250e+01
3.000000000000000000e+01
4.063618850708007812e+01
3.319779968261718750e+01
3.764628219604492188e+01
3.635785675048828125e+01
3.000000000000000000e+01
3.450392532348632812e+01
5.435264968872070312e+01
5.327045440673828125e+01
9.095840454101562500e+01
6.731287384033203125e+01
4.272433471679687500e+01
3.210033035278320312e+01
7.988442993164062500e+01
3.887244415283203125e+01
3.951283264160156250e+01
7.656590270996093750e+01
4.613405609130859375e+01
4.510800933837890625e+01
4.121566772460937500e+01
5.067441177368164062e+01
1.062050247192382812e+02
7.174967956542968750e+01
6.109232330322265625e+01
7.150978088378906250e+01
3.114535522460937500e+01
3.840422058105468750e+01
6.526296997070312500e+01
3.545245742797851562e+01
4.771647644042968750e+01
6.099509429931640625e+01
4.017510604858398438e+01
3.775844192504882812e+01
6.025166320800781250e+01
3.363972091674804688e+01
4.883173370361328125e+01
4.443657684326171875e+01
4.279962158203125000e+01
3.287454223632812500e+01
3.000000000000000000e+01
6.072676086425781250e+01
4.117573547363281250e+01
4.174143981933593750e+01
6.660227966308593750e+01
3.760919189453125000e+01
3.122124481201171875e+01
5.674480819702148438e+01
5.109891510009765625e+01
3.860471343994140625e+01
4.096672821044921875e+01
4.162525177001953125e+01
4.355935668945312500e+01
4.749397277832031250e+01
3.527166748046875000e+01
4.502773666381835938e+01
6.203108215332031250e+01
5.909732055664062500e+01
6.805987548828125000e+01
3.540677642822265625e+01
4.299548339843750000e+01
3.889756011962890625e+01
3.000000000000000000e+01
6.648951721191406250e+01
4.908647155761718750e+01
4.234923553466796875e+01
3.239201736450195312e+01
3.477127838134765625e+01
3.047225570678710938e+01
4.033264923095703125e+01
5.639921951293945312e+01
3.961653900146484375e+01
5.367558288574218750e+01
4.292192840576171875e+01
4.619470977783203125e+01
3.000000000000000000e+01
4.334253692626953125e+01
3.285936737060546875e+01
6.826297760009765625e+01
4.349112701416015625e+01
3.470234680175781250e+01
4.634195327758789062e+01
6.928652954101562500e+01
4.354150772094726562e+01
3.883072662353515625e+01
3.000000000000000000e+01
3.464284515380859375e+01
4.820347976684570312e+01
4.346205139160156250e+01
4.114719772338867188e+01
3.040795516967773438e+01
3.003808784484863281e+01
3.000000000000000000e+01
4.114394378662109375e+01
4.913249206542968750e+01
3.495857238769531250e+01
5.186112213134765625e+01
4.524613571166992188e+01
5.399898910522460938e+01
4.607694625854492188e+01
4.335173797607421875e+01
4.550300598144531250e+01
3.112921905517578125e+01
5.169542694091796875e+01
3.000000000000000000e+01
3.284035110473632812e+01
4.575069427490234375e+01
4.548845291137695312e+01
3.492589569091796875e+01
3.638786697387695312e+01
3.163072776794433594e+01
3.771146774291992188e+01
4.416283416748046875e+01
4.014176177978515625e+01
