5.223417663574218750e+01
6.382346343994140625e+01
3.088611602783203125e+01
4.073454284667968750e+01
5.935184097290039062e+01
6.763494873046875000e+01
3.937743377685546875e+01
6.980136871337890625e+01
6.334075927734375000e+01
1.183674011230468750e+02
5.028632736206054688e+01
1.426107177734375000e+02
4.718816375732421875e+01
4.861552429199218750e+01
3.000000000000000000e+01
6.518171691894531250e+01
6.995812225341796875e+01
4.305941009521484375e+01
4.288401794433593750e+01
1.395050201416015625e+02
3.754547119140625000e+01
9.286997985839843750e+01
4.167091751098632812e+01
3.674997711181640625e+01
5.874296188354492188e+01
8.138809204101562500e+01
3.000000000000000000e+01
7.194812011718750000e+01
1.923158416748046875e+02
5.415965270996093750e+01
6.769869232177734375e+01
4.601875305175781250e+01
3.704216766357421875e+01
1.080261230468750000e+02
7.632746124267578125e+01
7.607055664062500000e+01
6.849928283691406250e+01
5.306018829345703125e+01
4.362103271484375000e+01
3.000000000000000000e+01
3.593787765502929688e+01
3.743651580810546875e+01
5.228408813476562500e+01
4.952770233154296875e+01
3.538494491577148438e+01
3.803348159790039062e+01
4.142044067382812500e+01
6.749209594726562500e+01
1.367641143798828125e+02
5.200468444824218750e+01
4.236904525756835938e+01
3.387882232666015625e+01
7.455072784423828125e+01
3.890718078613281250e+01
9.659336853027343750e+01
4.574354553222656250e+01
8.013760375976562500e+01
6.023152923583984375e+01
6.469330596923828125e+01
7.149139404296875000e+01
5.271721267700195312e+01
8.008701324462890625e+01
4.386571121215820312e+01
8.568621826171875000e+01
8.780215454101562500e+01
5.320467758178710938e+01
4.925054931640625000e+01
3.000000000000000000e+01
5.286642837524414062e+01
6.140495681762695312e+01
6.754859161376953125e+01
3.366018295288085938e+01
8.845878601074218750e+01
3.952011108398437500e+01
6.837075042724609375e+01
4.661848449707031250e+01
4.589432525634765625e+01
4.830499649047851562e+01
4.087612533569335938e+01
6.442066192626953125e+01
3.717537689208984375e+01
6.995811462402343750e+01
5.187276458740234375e+01
1.025568847656250000e+02
1.065672531127929688e+02
4.285288238525390625e+01
3.731041336059570312e+01
4.755719757080078125e+01
4.718816375732421875e+01
5.525406646728515625e+01
4.701402664184570312e+01
5.017873764038085938e+01
6.912177276611328125e+01
5.044568634033203125e+01
9.699977111816406250e+01
9.575694274902343750e+01
7.386493682861328125e+01
3.992741012573242188e+01
9.420500183105468750e+01
4.142082977294921875e+01
1.029467773437500000e+02
7.146913146972656250e+01
1.559050903320312500e+02
3.000000000000000000e+01
4.690016937255859375e+01
7.979934692382812500e+01
3.000000000000000000e+01
6.136354064941406250e+01
4.795977020263671875e+01
3.000000000000000000e+01
4.315587615966796875e+01
3.000000000000000000e+01
7.360346221923828125e+01
1.124545288085937500e+02
3.838125991821289062e+01
4.028815841674804688e+01
1.017143783569335938e+02
4.467887115478515625e+01
7.506761932373046875e+01
4.423470306396484375e+01
4.640734863281250000e+01
5.721084594726562500e+01
5.681758117675781250e+01
4.426566696166992188e+01
4.059360504150390625e+01
4.729916000366210938e+01
7.975013732910156250e+01
7.188655090332031250e+01
4.805047225952148438e+01
5.925737762451171875e+01
5.145483016967773438e+01
1.038505172729492188e+02
5.737541580200195312e+01
3.000000000000000000e+01
5.895351028442382812e+01
4.477993774414062500e+01
1.092291412353515625e+02
4.626068878173828125e+01
3.883060836791992188e+01
7.350355529785156250e+01
4.422875595092773438e+01
1.014948425292968750e+02
8.006221008300781250e+01
6.349736785888671875e+01
7.474517822265625000e+01
4.465815353393554688e+01
9.429031372070312500e+01
1.054827423095703125e+02
5.786467742919921875e+01
1.365455322265625000e+02
5.961637878417968750e+01
7.887454986572265625e+01
5.082922363281250000e+01
7.169790649414062500e+01
5.161512756347656250e+01
1.257381134033203125e+02
3.424782943725585938e+01
1.372541503906250000e+02
3.954988479614257812e+01
5.504065322875976562e+01
3.907408905029296875e+01
4.959835815429687500e+01
4.816107177734375000e+01
4.503221511840820312e+01
7.893279266357421875e+01
3.649387741088867188e+01
6.289145660400390625e+01
4.973422622680664062e+01
3.732885742187500000e+01
1.374374084472656250e+02
4.605335617065429688e+01
4.472845458984375000e+01
3.323381423950195312e+01
3.000000000000000000e+01
5.239570236206054688e+01
6.230570220947265625e+01
4.599004745483398438e+01
4.524801254272460938e+01
6.979804992675781250e+01
5.442812347412109375e+01
6.798805999755859375e+01
5.682788085937500000e+01
7.724687194824218750e+01
6.088291168212890625e+01
4.215582275390625000e+01
3.737251281738281250e+01
3.916645812988281250e+01
8.221998596191406250e+01
5.371804809570312500e+01
4.509087371826171875e+01
4.550965499877929688e+01
6.634179687500000000e+01
6.487722778320312500e+01
4.371091461181640625e+01
4.196118927001953125e+01
5.308475112915039062e+01
4.370252990722656250e+01
8.204381561279296875e+01
1.500907135009765625e+02
6.504548645019531250e+01
4.872692489624023438e+01
1.178570098876953125e+02
7.056427764892578125e+01
3.000000000000000000e+01
4.885105133056640625e+01
4.126425552368164062e+01
5.430830001831054688e+01
6.771620178222656250e+01
1.209299316406250000e+02
3.862564849853515625e+01
4.147952270507812500e+01
9.824640655517578125e+01
4.559898757934570312e+01
4.171987152099609375e+01
3.694527816772460938e+01
4.021102523803710938e+01
5.552885437011718750e+01
5.417737579345703125e+01
4.170230865478515625e+01
4.469646453857421875e+01
3.527013397216796875e+01
7.548495483398437500e+01
9.516333770751953125e+01
3.899193191528320312e+01
4.657944488525390625e+01
4.228155517578125000e+01
5.587512207031250000e+01
1.005047607421875000e+02
6.337179946899414062e+01
1.163786849975585938e+02
3.504048919677734375e+01
4.491418075561523438e+01
6.170288085937500000e+01
3.356641006469726562e+01
3.843093872070312500e+01
5.610640716552734375e+01
4.049205017089843750e+01
4.256789779663085938e+01
7.757943725585937500e+01
5.624246215820312500e+01
4.294331359863281250e+01
1.314452819824218750e+02
9.593881988525390625e+01
5.962119293212890625e+01
9.530741882324218750e+01
3.867418289184570312e+01
4.793125534057617188e+01
1.477021179199218750e+02
1.820839538574218750e+02
4.565176773071289062e+01
5.463071060180664062e+01
4.081916046142578125e+01
5.716477966308593750e+01
1.095636901855468750e+02
4.970246124267578125e+01
6.764375305175781250e+01
4.771768188476562500e+01
4.285941314697265625e+01
4.232035064697265625e+01
1.596398925781250000e+02
5.406481933593750000e+01
5.327761840820312500e+01
5.519101715087890625e+01
4.408816528320312500e+01
1.197056198120117188e+02
5.701191329956054688e+01
1.527071838378906250e+02
7.215663146972656250e+01
7.576698303222656250e+01
6.459134674072265625e+01
5.953530502319335938e+01
5.085375976562500000e+01
5.962119293212890625e+01
6.359750366210937500e+01
1.432572479248046875e+02
4.150910949707031250e+01
6.823067474365234375e+01
8.414369201660156250e+01
9.790998840332031250e+01
1.018781127929687500e+02
7.229903411865234375e+01
7.630593109130859375e+01
7.102923583984375000e+01
4.370893478393554688e+01
6.035037231445312500e+01
3.622348403930664062e+01
3.000000000000000000e+01
4.909358596801757812e+01
4.563184356689453125e+01
3.000000000000000000e+01
3.664132308959960938e+01
4.252468872070312500e+01
3.975117492675781250e+01
1.016236267089843750e+02
3.528167724609375000e+01
3.475663375854492188e+01
5.624328613281250000e+01
5.793441772460937500e+01
3.217578887939453125e+01
6.221135711669921875e+01
5.718062591552734375e+01
3.415237808227539062e+01
4.088441085815429688e+01
6.879421234130859375e+01
7.689366149902343750e+01
4.098410415649414062e+01
7.479170227050781250e+01
8.685810852050781250e+01
7.551029205322265625e+01
1.333765411376953125e+02
1.480456695556640625e+02
3.656761550903320312e+01
9.353469848632812500e+01
9.939334106445312500e+01
9.658332061767578125e+01
4.014314651489257812e+01
3.766183090209960938e+01
1.369725646972656250e+02
6.520141601562500000e+01
9.420500183105468750e+01
4.822509002685546875e+01
4.860217285156250000e+01
3.671215820312500000e+01
4.320487213134765625e+01
3.359297561645507812e+01
4.060498046875000000e+01
3.838390731811523438e+01
3.765621948242187500e+01
8.845878601074218750e+01
4.265660095214843750e+01
7.699874877929687500e+01
5.652174377441406250e+01
5.612764739990234375e+01
4.210084533691406250e+01
4.439957809448242188e+01
4.827043914794921875e+01
7.331234741210937500e+01
4.900459289550781250e+01
4.870820236206054688e+01
3.862406158447265625e+01
5.230655288696289062e+01
7.066159820556640625e+01
4.114394378662109375e+01
7.551029205322265625e+01
4.529714202880859375e+01
4.830672073364257812e+01
1.550010375976562500e+02
3.631981277465820312e+01
3.367698669433593750e+01
8.892853546142578125e+01
1.679281311035156250e+02
1.962610473632812500e+02
5.313769531250000000e+01
8.008701324462890625e+01
4.121944427490234375e+01
9.378417968750000000e+01
5.979219436645507812e+01
3.445492935180664062e+01
1.354125213623046875e+02
5.428027343750000000e+01
7.516409301757812500e+01
1.364432067871093750e+02
6.941987609863281250e+01
6.752919006347656250e+01
8.727835845947265625e+01
3.157714843750000000e+01
8.651908111572265625e+01
1.178106842041015625e+02
3.390602111816406250e+01
6.133237838745117188e+01
6.473618316650390625e+01
4.666341400146484375e+01
1.021891326904296875e+02
1.243332290649414062e+02
7.536203002929687500e+01
1.278337478637695312e+02
8.712036132812500000e+01
5.415965652465820312e+01
8.257690429687500000e+01
7.301908874511718750e+01
3.000000000000000000e+01
3.000000000000000000e+01
3.000000000000000000e+01
4.291373443603515625e+01
5.286374282836914062e+01
9.593881988525390625e+01
4.535834884643554688e+01
3.988861083984375000e+01
3.767986679077148438e+01
2.684801635742187500e+02
4.249153900146484375e+01
4.126241302490234375e+01
3.628880310058593750e+01
3.000000000000000000e+01
4.208249664306640625e+01
6.809403991699218750e+01
7.458002471923828125e+01
9.815878295898437500e+01
7.301414489746093750e+01
4.809331512451171875e+01
5.292831420898437500e+01
4.535598373413085938e+01
1.515536499023437500e+02
4.952334976196289062e+01
3.695593261718750000e+01
6.225860595703125000e+01
3.478604888916015625e+01
6.720285797119140625e+01
6.743058776855468750e+01
1.279484863281250000e+02
8.548821258544921875e+01
8.721553802490234375e+01
5.618291473388671875e+01
4.518249893188476562e+01
6.981176757812500000e+01
3.000000000000000000e+01
6.919304656982421875e+01
8.253361511230468750e+01
3.106644439697265625e+01
3.366815567016601562e+01
9.313265991210937500e+01
3.061392402648925781e+01
4.336513519287109375e+01
1.481053466796875000e+02
7.095751953125000000e+01
4.713220977783203125e+01
6.742396545410156250e+01
4.281139755249023438e+01
5.830868148803710938e+01
9.347068786621093750e+01
5.882397460937500000e+01
7.699874877929687500e+01
2.048748931884765625e+02
4.320486831665039062e+01
1.234726562500000000e+02
4.684701919555664062e+01
5.483083724975585938e+01
9.460237121582031250e+01
7.194812011718750000e+01
5.305216979980468750e+01
7.428343963623046875e+01
3.168598747253417969e+01
6.065143585205078125e+01
5.143814849853515625e+01
6.379230499267578125e+01
3.799383544921875000e+01
4.614585494995117188e+01
6.512773895263671875e+01
1.325438842773437500e+02
9.768846130371093750e+01
5.915814208984375000e+01
5.082922363281250000e+01
4.434635925292968750e+01
5.149004364013671875e+01
6.404499816894531250e+01
3.841274261474609375e+01
1.085250625610351562e+02
9.269199371337890625e+01
4.139685821533203125e+01
9.121530151367187500e+01
9.327743530273437500e+01
5.486665725708007812e+01
5.086716842651367188e+01
4.407084274291992188e+01
4.550634002685546875e+01
1.910886230468750000e+02
3.737215042114257812e+01
5.132663726806640625e+01
4.990982055664062500e+01
4.255312347412109375e+01
9.446089172363281250e+01
4.574933624267578125e+01
4.421928787231445312e+01
1.337741088867187500e+02
7.689366149902343750e+01
9.707161712646484375e+01
7.919801330566406250e+01
5.344283676147460938e+01
5.305931854248046875e+01
9.973747253417968750e+01
8.941741180419921875e+01
7.383078765869140625e+01
7.834275817871093750e+01
4.204573440551757812e+01
6.931542205810546875e+01
7.718128204345703125e+01
4.849628829956054688e+01
4.171987152099609375e+01
7.232305145263671875e+01
1.087993774414062500e+02
7.114160919189453125e+01
5.503962326049804688e+01
5.250291061401367188e+01
3.000000000000000000e+01
4.509873962402343750e+01
3.000000000000000000e+01
5.206259155273437500e+01
3.760568618774414062e+01
3.586727142333984375e+01
5.265704727172851562e+01
5.270492935180664062e+01
4.192956924438476562e+01
6.537313842773437500e+01
5.571771621704101562e+01
4.377324295043945312e+01
3.973747634887695312e+01
5.233841705322265625e+01
5.661297607421875000e+01
3.000000000000000000e+01
3.473711776733398438e+01
7.178108215332031250e+01
3.609621429443359375e+01
6.280808258056640625e+01
3.000000000000000000e+01
5.925781631469726562e+01
3.293288803100585938e+01
3.000000000000000000e+01
1.199781341552734375e+02
5.005931854248046875e+01
3.462213516235351562e+01
7.458634185791015625e+01
3.695593261718750000e+01
7.450717163085937500e+01
4.791756057739257812e+01
3.936083984375000000e+01
1.245284805297851562e+02
4.482888412475585938e+01
1.229873275756835938e+02
1.112395477294921875e+02
3.865680313110351562e+01
4.565637207031250000e+01
9.222257995605468750e+01
4.700974273681640625e+01
6.042006301879882812e+01
5.519101715087890625e+01
1.576750640869140625e+02
4.402119445800781250e+01
4.953487396240234375e+01
5.606454849243164062e+01
4.254701232910156250e+01
4.622165298461914062e+01
1.150289306640625000e+02
4.755460357666015625e+01
6.623355865478515625e+01
5.614406967163085938e+01
4.688119506835937500e+01
3.308014297485351562e+01
4.889185333251953125e+01
4.454077911376953125e+01
4.220154190063476562e+01
3.846768188476562500e+01
3.651006317138671875e+01
4.242339324951171875e+01
5.273690032958984375e+01
4.422342681884765625e+01
4.153843307495117188e+01
5.733605957031250000e+01
6.136354064941406250e+01
7.755659484863281250e+01
1.209299316406250000e+02
6.210522460937500000e+01
9.731787109375000000e+01
6.735794830322265625e+01
1.307123413085937500e+02
3.947510528564453125e+01
5.461569595336914062e+01
3.385578536987304688e+01
3.801485824584960938e+01
6.994116973876953125e+01
8.578617095947265625e+01
8.561459350585937500e+01
6.772521209716796875e+01
3.838125991821289062e+01
4.167911148071289062e+01
6.195568847656250000e+01
8.810350799560546875e+01
4.487603759765625000e+01
4.967276382446289062e+01
4.097850036621093750e+01
3.742501831054687500e+01
9.657164764404296875e+01
4.701402664184570312e+01
4.182370758056640625e+01
4.359292221069335938e+01
4.653868865966796875e+01
6.705366516113281250e+01
9.450302124023437500e+01
4.024264526367187500e+01
3.572987365722656250e+01
3.000000000000000000e+01
9.815878295898437500e+01
5.846480178833007812e+01
4.187732696533203125e+01
5.220356369018554688e+01
5.837735366821289062e+01
4.336952209472656250e+01
5.937919616699218750e+01
4.877056884765625000e+01
6.778193664550781250e+01
3.817149353027343750e+01
5.527740478515625000e+01
6.444503784179687500e+01
8.969755554199218750e+01
7.409294128417968750e+01
5.007185363769531250e+01
3.000000000000000000e+01
6.846115875244140625e+01
7.394186401367187500e+01
4.977037048339843750e+01
5.477766418457031250e+01
5.375642013549804688e+01
4.158591079711914062e+01
5.641994094848632812e+01
5.713143157958984375e+01
3.224232864379882812e+01
4.995185852050781250e+01
7.491308593750000000e+01
6.512773132324218750e+01
5.428371429443359375e+01
5.447933959960937500e+01
3.510301208496093750e+01
7.906201934814453125e+01
1.138693389892578125e+02
6.732466125488281250e+01
3.720206451416015625e+01
1.307123413085937500e+02
5.313769149780273438e+01
6.452442932128906250e+01
1.087993774414062500e+02
3.832406616210937500e+01
3.528152084350585938e+01
6.505655670166015625e+01
3.000000000000000000e+01
4.441953277587890625e+01
2.357964630126953125e+02
5.011931228637695312e+01
3.000000000000000000e+01
3.895585250854492188e+01
1.304207000732421875e+02
6.830041503906250000e+01
5.031980133056640625e+01
1.052972259521484375e+02
4.316384887695312500e+01
1.288862609863281250e+02
7.671185302734375000e+01
1.053458709716796875e+02
3.000000000000000000e+01
3.000000000000000000e+01
6.791278076171875000e+01
8.417821502685546875e+01
7.199538421630859375e+01
4.900459289550781250e+01
4.770520782470703125e+01
3.171747207641601562e+01
4.868286514282226562e+01
5.946415710449218750e+01
6.023607635498046875e+01
4.268064117431640625e+01
7.944323730468750000e+01
7.919283294677734375e+01
5.727520751953125000e+01
3.846829223632812500e+01
5.161991119384765625e+01
3.000000000000000000e+01
4.706398773193359375e+01
1.132778778076171875e+02
5.224404525756835938e+01
8.235586547851562500e+01
4.843459320068359375e+01
3.860004806518554688e+01
3.431998062133789062e+01
1.014948425292968750e+02
6.688271331787109375e+01
7.488366699218750000e+01
1.077503814697265625e+02
5.803139877319335938e+01
4.248015594482421875e+01
3.555948257446289062e+01
6.230559921264648438e+01
5.502687072753906250e+01
6.345223999023437500e+01
1.910886230468750000e+02
5.002191925048828125e+01
5.221524047851562500e+01
5.268611526489257812e+01
6.653546905517578125e+01
5.093878555297851562e+01
4.714032363891601562e+01
5.319902038574218750e+01
7.161407470703125000e+01
1.158838806152343750e+02
3.000000000000000000e+01
4.327611541748046875e+01
6.181517028808593750e+01
1.071633911132812500e+02
6.547985839843750000e+01
1.229873275756835938e+02
4.186660003662109375e+01
4.315845489501953125e+01
4.906103134155273438e+01
7.324809265136718750e+01
1.773667907714843750e+02
6.674043273925781250e+01
5.290116882324218750e+01
6.941694641113281250e+01
3.000000000000000000e+01
5.370050048828125000e+01
9.328585815429687500e+01
3.721672821044921875e+01
3.888240051269531250e+01
6.091985321044921875e+01
8.588153839111328125e+01
4.086440658569335938e+01
1.029487304687500000e+02
4.121904373168945312e+01
5.303631591796875000e+01
6.520141601562500000e+01
9.238974761962890625e+01
6.148054504394531250e+01
4.265374755859375000e+01
4.447553634643554688e+01
3.322442245483398438e+01
3.558945465087890625e+01
4.952334976196289062e+01
3.714450073242187500e+01
7.440680694580078125e+01
7.095751953125000000e+01
4.103520202636718750e+01
4.110296630859375000e+01
3.484610748291015625e+01
4.126241302490234375e+01
3.000000000000000000e+01
1.214507980346679688e+02
3.316071701049804688e+01
6.776677703857421875e+01
1.034453506469726562e+02
4.295708465576171875e+01
3.000000000000000000e+01
3.496428680419921875e+01
5.504065704345703125e+01
7.288528442382812500e+01
5.626413726806640625e+01
6.586891174316406250e+01
5.472316741943359375e+01
7.266110229492187500e+01
6.338010787963867188e+01
4.400809860229492188e+01
6.054505920410156250e+01
3.744898986816406250e+01
5.305931854248046875e+01
5.628327941894531250e+01
3.691780471801757812e+01
4.261358642578125000e+01
5.720940399169921875e+01
5.377739334106445312e+01
4.904652404785156250e+01
3.217578887939453125e+01
5.153988647460937500e+01
4.757023620605468750e+01
6.737595367431640625e+01
7.320760345458984375e+01
5.194443893432617188e+01
9.017842102050781250e+01
4.450949096679687500e+01
5.624246215820312500e+01
4.232756423950195312e+01
6.131389999389648438e+01
7.389807891845703125e+01
6.447525787353515625e+01
7.100419616699218750e+01
4.239125061035156250e+01
8.980183410644531250e+01
5.022131347656250000e+01
5.158834457397460938e+01
7.879331207275390625e+01
1.395050201416015625e+02
1.281933288574218750e+02
4.456758880615234375e+01
3.593918228149414062e+01
4.968075942993164062e+01
4.687660980224609375e+01
9.768845367431640625e+01
9.344349670410156250e+01
7.074211120605468750e+01
1.142220153808593750e+02
5.161991119384765625e+01
4.353640747070312500e+01
4.240255737304687500e+01
5.638294982910156250e+01
5.721389770507812500e+01
3.175711441040039062e+01
4.632847595214843750e+01
7.456466674804687500e+01
5.447753906250000000e+01
4.576286697387695312e+01
7.549452209472656250e+01
3.972436141967773438e+01
4.438160705566406250e+01
6.140495681762695312e+01
5.112124252319335938e+01
4.545116806030273438e+01
4.265375137329101562e+01
1.866138305664062500e+02
7.048252105712890625e+01
4.622745895385742188e+01
4.038866424560546875e+01
4.691736221313476562e+01
1.329106750488281250e+02
4.179012680053710938e+01
4.854385757446289062e+01
6.402152252197265625e+01
4.268064117431640625e+01
7.246701049804687500e+01
4.875398254394531250e+01
5.674520111083984375e+01
4.862998199462890625e+01
4.602051162719726562e+01
3.323837661743164062e+01
4.350017547607421875e+01
4.565226745605468750e+01
5.617101669311523438e+01
2.019695129394531250e+02
3.907900619506835938e+01
5.075069808959960938e+01
6.516343688964843750e+01
5.507513809204101562e+01
4.213237380981445312e+01
3.674622726440429688e+01
4.346213912963867188e+01
5.621544647216796875e+01
3.410428619384765625e+01
4.522226715087890625e+01
6.519159698486328125e+01
4.271215820312500000e+01
4.858895874023437500e+01
4.324455261230468750e+01
3.865680313110351562e+01
4.108204650878906250e+01
3.606993103027343750e+01
5.496831512451171875e+01
6.537754058837890625e+01
3.000000000000000000e+01
4.332793807983398438e+01
5.624328613281250000e+01
6.805102539062500000e+01
5.584324645996093750e+01
1.027747955322265625e+02
4.515123748779296875e+01
7.383078765869140625e+01
8.746105957031250000e+01
4.274599456787109375e+01
7.879331207275390625e+01
3.000000000000000000e+01
4.639218139648437500e+01
3.808996582031250000e+01
4.235541915893554688e+01
1.153130187988281250e+02
5.175513458251953125e+01
3.000000000000000000e+01
7.339075469970703125e+01
4.473708343505859375e+01
1.159255981445312500e+02
6.317736816406250000e+01
3.667657089233398438e+01
5.208136749267578125e+01
7.136280822753906250e+01
8.361595916748046875e+01
8.108871459960937500e+01
6.386482238769531250e+01
3.000000000000000000e+01
3.602201461791992188e+01
5.101596069335937500e+01
7.637554931640625000e+01
1.338769683837890625e+02
7.975524902343750000e+01
1.274684753417968750e+02
5.684627914428710938e+01
4.194686126708984375e+01
5.796894073486328125e+01
3.000000000000000000e+01
4.264144897460937500e+01
3.000000000000000000e+01
3.495672225952148438e+01
6.255808258056640625e+01
1.237683258056640625e+02
6.083864974975585938e+01
3.311079406738281250e+01
5.566535186767578125e+01
6.709835052490234375e+01
4.326549148559570312e+01
5.145101165771484375e+01
6.345223999023437500e+01
4.622844314575195312e+01
6.253296279907226562e+01
5.370049667358398438e+01
6.057159423828125000e+01
5.854129791259765625e+01
3.265972900390625000e+01
3.851674652099609375e+01
5.670956039428710938e+01
4.354265594482421875e+01
6.249316787719726562e+01
6.970500183105468750e+01
5.226314926147460938e+01
9.530741882324218750e+01
6.520583343505859375e+01
3.421295547485351562e+01
5.185272979736328125e+01
3.485200119018554688e+01
3.384844589233398438e+01
3.920940780639648438e+01
3.797792816162109375e+01
4.091430664062500000e+01
9.397511291503906250e+01
4.809331512451171875e+01
3.808033370971679688e+01
1.325438842773437500e+02
7.950610351562500000e+01
4.403891754150390625e+01
7.139726257324218750e+01
7.856567382812500000e+01
4.192956924438476562e+01
6.588317871093750000e+01
1.216512603759765625e+02
4.854869842529296875e+01
8.469485473632812500e+01
4.087612533569335938e+01
3.374601364135742188e+01
5.525406646728515625e+01
5.528325653076171875e+01
4.198451995849609375e+01
3.979501342773437500e+01
4.665377807617187500e+01
4.233399200439453125e+01
4.854121780395507812e+01
5.428027343750000000e+01
3.212703704833984375e+01
3.938177108764648438e+01
7.681122589111328125e+01
9.212786865234375000e+01
5.325241088867187500e+01
9.155702972412109375e+01
4.869921493530273438e+01
3.362788772583007812e+01
8.783886718750000000e+01
9.273979187011718750e+01
4.005426406860351562e+01
5.903710174560546875e+01
4.976224899291992188e+01
5.148003387451171875e+01
3.539753723144531250e+01
9.743701171875000000e+01
5.719668960571289062e+01
4.321344757080078125e+01
7.919801330566406250e+01
5.476721191406250000e+01
5.776193237304687500e+01
3.254460525512695312e+01
5.012741851806640625e+01
5.911787796020507812e+01
4.423469924926757812e+01
7.380037689208984375e+01
6.002859497070312500e+01
4.364663314819335938e+01
4.681009674072265625e+01
3.502969360351562500e+01
5.358002471923828125e+01
7.975013732910156250e+01
9.613531494140625000e+01
5.674520111083984375e+01
5.366511917114257812e+01
6.709980010986328125e+01
5.012741851806640625e+01
4.561190414428710938e+01
4.795739746093750000e+01
3.000000000000000000e+01
4.031968307495117188e+01
5.896507644653320312e+01
5.261805725097656250e+01
4.007068252563476562e+01
5.406481933593750000e+01
5.154427337646484375e+01
5.271403884887695312e+01
3.251882171630859375e+01
5.527865982055664062e+01
3.624740600585937500e+01
5.113324737548828125e+01
6.941714477539062500e+01
3.763493347167968750e+01
5.957439422607421875e+01
3.491725540161132812e+01
8.021131896972656250e+01
6.911595153808593750e+01
5.203176116943359375e+01
4.900122833251953125e+01
4.234717559814453125e+01
8.753443908691406250e+01
7.468912506103515625e+01
3.787083435058593750e+01
4.181520843505859375e+01
5.495148468017578125e+01
5.815775299072265625e+01
4.872692489624023438e+01
3.580110549926757812e+01
8.028851318359375000e+01
4.589372253417968750e+01
3.000000000000000000e+01
4.309606170654296875e+01
4.686775207519531250e+01
7.157140350341796875e+01
4.335138702392578125e+01
9.460237121582031250e+01
4.773400497436523438e+01
4.147952270507812500e+01
3.431922912597656250e+01
5.318853378295898438e+01
3.465518951416015625e+01
5.942472076416015625e+01
3.593918228149414062e+01
4.011272048950195312e+01
3.253111648559570312e+01
4.600934600830078125e+01
6.950625610351562500e+01
5.306018829345703125e+01
6.254070281982421875e+01
4.762562561035156250e+01
5.663288497924804688e+01
4.498097991943359375e+01
3.000000000000000000e+01
3.000000000000000000e+01
5.318853378295898438e+01
7.100419616699218750e+01
5.873824310302734375e+01
4.602314758300781250e+01
3.458521270751953125e+01
7.839815521240234375e+01
6.714516448974609375e+01
7.486009216308593750e+01
3.877328491210937500e+01
3.292755126953125000e+01
7.499787902832031250e+01
3.299727630615234375e+01
5.312677764892578125e+01
3.000000000000000000e+01
4.644881439208984375e+01
3.000000000000000000e+01
3.675055313110351562e+01
4.107608795166015625e+01
3.586687088012695312e+01
7.817396545410156250e+01
4.229089355468750000e+01
9.613531494140625000e+01
5.334520721435546875e+01
3.861790847778320312e+01
3.648496246337890625e+01
4.204266738891601562e+01
3.834628295898437500e+01
4.590821838378906250e+01
6.555335998535156250e+01
7.458002471923828125e+01
3.936083984375000000e+01
4.362195205688476562e+01
3.954965209960937500e+01
8.473104858398437500e+01
4.194869232177734375e+01
4.506053924560546875e+01
3.444134902954101562e+01
3.366462326049804688e+01
4.496570205688476562e+01
3.691780471801757812e+01
5.055408096313476562e+01
5.106750488281250000e+01
4.777721405029296875e+01
4.576973342895507812e+01
3.385214233398437500e+01
3.687392425537109375e+01
4.607765197753906250e+01
3.591383743286132812e+01
6.757313537597656250e+01
4.773887252807617188e+01
7.350355529785156250e+01
5.334520721435546875e+01
7.310388183593750000e+01
3.000000000000000000e+01
3.161957168579101562e+01
4.922544097900390625e+01
3.000000000000000000e+01
4.899936676025390625e+01
7.317884063720703125e+01
4.315898132324218750e+01
6.042007827758789062e+01
4.205159759521484375e+01
4.565637207031250000e+01
5.296450042724609375e+01
7.301413726806640625e+01
3.000000000000000000e+01
4.347349548339843750e+01
7.713551330566406250e+01
4.638492584228515625e+01
7.136280822753906250e+01
8.691580963134765625e+01
3.000000000000000000e+01
6.376787567138671875e+01
5.903512954711914062e+01
5.305216979980468750e+01
5.329265975952148438e+01
4.986054992675781250e+01
5.610640716552734375e+01
6.743058776855468750e+01
5.065385818481445312e+01
6.009675598144531250e+01
8.123458862304687500e+01
3.577005767822265625e+01
8.911811828613281250e+01
4.887526702880859375e+01
3.293345642089843750e+01
3.919463348388671875e+01
4.887327575683593750e+01
3.287274169921875000e+01
7.357941436767578125e+01
5.066498947143554688e+01
5.075070190429687500e+01
4.208995437622070312e+01
5.579612731933593750e+01
3.780573654174804688e+01
4.599158096313476562e+01
7.742908477783203125e+01
4.365642929077148438e+01
3.575660705566406250e+01
6.612739562988281250e+01
4.945591735839843750e+01
4.852719497680664062e+01
4.446467971801757812e+01
4.900122833251953125e+01
3.000000000000000000e+01
3.677411651611328125e+01
3.748548126220703125e+01
4.734766387939453125e+01
3.000000000000000000e+01
4.552208328247070312e+01
6.181517028808593750e+01
3.542253494262695312e+01
4.220154571533203125e+01
4.300639343261718750e+01
8.196534729003906250e+01
5.456612777709960938e+01
7.739231109619140625e+01
1.249343185424804688e+02
5.096043777465820312e+01
4.472845458984375000e+01
4.221179962158203125e+01
4.403816986083984375e+01
4.197434616088867188e+01
4.335260772705078125e+01
6.053924179077148438e+01
1.077503814697265625e+02
4.371704864501953125e+01
3.555126571655273438e+01
4.872881317138671875e+01
6.112881851196289062e+01
3.715205764770507812e+01
4.622165298461914062e+01
5.112124252319335938e+01
6.762786865234375000e+01
3.316071319580078125e+01
5.448735809326171875e+01
3.413142395019531250e+01
6.241535186767578125e+01
5.641994094848632812e+01
4.022755813598632812e+01
5.676168823242187500e+01
4.467630004882812500e+01
3.790529251098632812e+01
6.296107864379882812e+01
4.149251937866210938e+01
4.352375793457031250e+01
6.547985839843750000e+01
4.022325515747070312e+01
3.670826721191406250e+01
5.093878555297851562e+01
5.627482604980468750e+01
3.000000000000000000e+01
6.885707855224609375e+01
3.332180023193359375e+01
5.479303741455078125e+01
4.093936157226562500e+01
5.801872253417968750e+01
6.065942382812500000e+01
5.681962585449218750e+01
5.003120422363281250e+01
4.381130981445312500e+01
3.979272460937500000e+01
4.970683670043945312e+01
6.101107025146484375e+01
3.947510528564453125e+01
3.883532714843750000e+01
5.179613876342773438e+01
5.130558395385742188e+01
4.356453704833984375e+01
6.136020278930664062e+01
3.880447006225585938e+01
7.185887145996093750e+01
4.162465286254882812e+01
1.047295761108398438e+02
8.102188110351562500e+01
4.966041183471679688e+01
4.840188980102539062e+01
3.549764251708984375e+01
7.058233642578125000e+01
3.885065078735351562e+01
3.945973205566406250e+01
8.426829528808593750e+01
5.501860046386718750e+01
4.017094039916992188e+01
5.228313064575195312e+01
1.095049362182617188e+02
4.028866577148437500e+01
4.488343811035156250e+01
3.000000000000000000e+01
5.231177520751953125e+01
4.215162658691406250e+01
3.780517578125000000e+01
5.793402862548828125e+01
8.467233276367187500e+01
5.318823242187500000e+01
4.346376037597656250e+01
3.156141090393066406e+01
5.609661865234375000e+01
4.098222351074218750e+01
4.966313171386718750e+01
5.675320053100585938e+01
1.027748031616210938e+02
5.092008972167968750e+01
7.340181732177734375e+01
7.892375183105468750e+01
7.331858825683593750e+01
6.027302169799804688e+01
3.098343467712402344e+01
3.836736679077148438e+01
5.299633026123046875e+01
3.897126007080078125e+01
4.348928833007812500e+01
3.789643859863281250e+01
3.809482955932617188e+01
5.142049026489257812e+01
3.139696502685546875e+01
4.143006134033203125e+01
4.530586624145507812e+01
7.531214141845703125e+01
5.500132369995117188e+01
3.492196273803710938e+01
4.416425323486328125e+01
3.523170471191406250e+01
4.496903991699218750e+01
5.096913528442382812e+01
8.006221008300781250e+01
4.850378417968750000e+01
4.861552429199218750e+01
3.000000000000000000e+01
6.931542968750000000e+01
6.230527496337890625e+01
3.038342666625976562e+01
8.753443908691406250e+01
3.523677444458007812e+01
9.778092956542968750e+01
4.222300720214843750e+01
4.733116531372070312e+01
6.483407592773437500e+01
4.812310791015625000e+01
3.000000000000000000e+01
4.798534011840820312e+01
5.292398834228515625e+01
4.518249893188476562e+01
5.073598098754882812e+01
4.029223251342773438e+01
4.304584503173828125e+01
3.923918151855468750e+01
7.246701049804687500e+01
6.592111206054687500e+01
8.685810852050781250e+01
4.170902252197265625e+01
4.224497222900390625e+01
6.198600006103515625e+01
5.142049407958984375e+01
6.136129760742187500e+01
6.062275314331054688e+01
5.373761367797851562e+01
5.406127929687500000e+01
5.205783462524414062e+01
4.198668289184570312e+01
3.715102386474609375e+01
3.000000000000000000e+01
7.790857696533203125e+01
3.545326995849609375e+01
4.166451263427734375e+01
3.566602706909179688e+01
4.257531738281250000e+01
5.034701538085937500e+01
3.000000000000000000e+01
4.830672073364257812e+01
4.899095535278320312e+01
3.000000000000000000e+01
6.088291168212890625e+01
7.339075469970703125e+01
4.051541900634765625e+01
5.949023437500000000e+01
4.344757843017578125e+01
4.203929901123046875e+01
4.212881088256835938e+01
5.400362014770507812e+01
3.464509201049804688e+01
3.984365463256835938e+01
3.765341186523437500e+01
4.859997558593750000e+01
3.601748657226562500e+01
4.078728866577148438e+01
4.356305694580078125e+01
3.494074630737304688e+01
3.949905014038085938e+01
3.424359512329101562e+01
3.417470169067382812e+01
5.375132751464843750e+01
5.020906448364257812e+01
1.095049285888671875e+02
5.363352584838867188e+01
3.989027404785156250e+01
3.774804306030273438e+01
8.352083587646484375e+01
4.254701614379882812e+01
3.687203216552734375e+01
7.790857696533203125e+01
5.331511688232421875e+01
4.846434020996093750e+01
4.008104705810546875e+01
5.265704727172851562e+01
9.994685363769531250e+01
8.104171752929687500e+01
5.917353057861328125e+01
7.585833740234375000e+01
3.000000000000000000e+01
3.578003311157226562e+01
4.563652801513671875e+01
3.862401580810546875e+01
5.495137023925781250e+01
6.898608398437500000e+01
3.418493270874023438e+01
3.383663177490234375e+01
5.335086822509765625e+01
3.197193527221679688e+01
5.044609832763671875e+01
5.688289642333984375e+01
4.495980834960937500e+01
3.232024765014648438e+01
3.720206451416015625e+01
5.903512573242187500e+01
3.606914138793945312e+01
4.277423858642578125e+01
7.533802795410156250e+01
3.613705825805664062e+01
3.000000000000000000e+01
7.200433349609375000e+01
5.157547378540039062e+01
3.000000000000000000e+01
3.618148040771484375e+01
4.764913558959960938e+01
4.865484619140625000e+01
4.087413024902343750e+01
3.097032165527343750e+01
4.894163513183593750e+01
5.607029342651367188e+01
6.110281372070312500e+01
4.903109741210937500e+01
3.580066299438476562e+01
4.564095687866210938e+01
4.362437820434570312e+01
3.000000000000000000e+01
7.085672760009765625e+01
4.590970611572265625e+01
3.797879791259765625e+01
3.000000000000000000e+01
3.557324218750000000e+01
3.972793579101562500e+01
3.945353317260742188e+01
5.712538146972656250e+01
3.958105087280273438e+01
4.371704864501953125e+01
4.545116806030273438e+01
4.077362060546875000e+01
4.401959991455078125e+01
4.998027420043945312e+01
3.322296905517578125e+01
7.027078247070312500e+01
4.725429153442382812e+01
3.433919906616210938e+01
4.457896423339843750e+01
6.805102539062500000e+01
4.558654022216796875e+01
3.887578582763671875e+01
4.024860763549804688e+01
3.944103240966796875e+01
5.769066619873046875e+01
4.562826919555664062e+01
4.040982055664062500e+01
3.792476654052734375e+01
3.984103012084960938e+01
3.158144569396972656e+01
3.737842559814453125e+01
5.147573471069335938e+01
3.641309738159179688e+01
5.225251770019531250e+01
4.553124237060546875e+01
7.196733856201171875e+01
4.389139556884765625e+01
4.702822494506835938e+01
7.122935485839843750e+01
3.271400833129882812e+01
5.123448181152343750e+01
3.177233695983886719e+01
3.271959304809570312e+01
5.073516845703125000e+01
4.611737823486328125e+01
3.044451904296875000e+01
3.939745330810546875e+01
3.439811325073242188e+01
3.812500381469726562e+01
3.670782470703125000e+01
3.839764404296875000e+01
