4.924000167846679688e+01
6.139681243896484375e+01
3.269791793823242188e+01
4.129017639160156250e+01
6.558766174316406250e+01
6.151012802124023438e+01
3.625748443603515625e+01
7.902462005615234375e+01
6.159601593017578125e+01
1.236869506835937500e+02
5.148075103759765625e+01
1.242937622070312500e+02
5.374834060668945312e+01
4.958638763427734375e+01
4.352317810058593750e+01
6.323580551147460938e+01
7.576134490966796875e+01
4.467694854736328125e+01
4.321386337280273438e+01
1.512289581298828125e+02
3.825151062011718750e+01
8.841253662109375000e+01
3.000000000000000000e+01
3.198907661437988281e+01
4.496475219726562500e+01
7.892527008056640625e+01
3.000000000000000000e+01
6.579182434082031250e+01
1.924795837402343750e+02
6.659431457519531250e+01
5.730713653564453125e+01
4.778548812866210938e+01
3.760757446289062500e+01
9.399304199218750000e+01
5.767033004760742188e+01
7.836640930175781250e+01
6.505422973632812500e+01
5.649174499511718750e+01
4.538431549072265625e+01
3.388193511962890625e+01
3.000000000000000000e+01
4.500781250000000000e+01
5.051598358154296875e+01
4.785828018188476562e+01
3.967908477783203125e+01
4.608980178833007812e+01
3.902776718139648438e+01
6.403975677490234375e+01
1.130217132568359375e+02
5.319852447509765625e+01
4.312299346923828125e+01
3.708964538574218750e+01
7.126487731933593750e+01
3.550557708740234375e+01
1.077581863403320312e+02
4.269249343872070312e+01
5.438980865478515625e+01
4.460099411010742188e+01
6.572315979003906250e+01
8.013204956054687500e+01
5.297747802734375000e+01
8.635643005371093750e+01
4.329242706298828125e+01
9.696788787841796875e+01
1.024548950195312500e+02
5.387696838378906250e+01
5.398038864135742188e+01
3.000000000000000000e+01
4.636326599121093750e+01
4.779881286621093750e+01
5.964007949829101562e+01
3.561337280273437500e+01
6.209999847412109375e+01
3.393406677246093750e+01
6.157307052612304688e+01
3.993756103515625000e+01
4.371778488159179688e+01
3.740731811523437500e+01
4.040880584716796875e+01
6.566203308105468750e+01
3.797354888916015625e+01
7.576134490966796875e+01
4.983458709716796875e+01
1.264003067016601562e+02
1.038174133300781250e+02
3.000000000000000000e+01
4.242110443115234375e+01
4.779324340820312500e+01
5.374834060668945312e+01
5.952714157104492188e+01
4.540932464599609375e+01
5.866146850585937500e+01
6.090190124511718750e+01
5.250687408447265625e+01
1.049968566894531250e+02
9.891722869873046875e+01
6.467798614501953125e+01
3.794656753540039062e+01
5.832012939453125000e+01
3.550468444824218750e+01
9.530995178222656250e+01
5.333253860473632812e+01
1.553778533935546875e+02
3.000000000000000000e+01
4.822233200073242188e+01
9.007039642333984375e+01
3.000000000000000000e+01
5.890097427368164062e+01
5.176802062988281250e+01
4.337623214721679688e+01
3.928547668457031250e+01
3.000000000000000000e+01
7.479437255859375000e+01
1.273563842773437500e+02
4.191068267822265625e+01
4.070637512207031250e+01
8.811315917968750000e+01
4.292610168457031250e+01
8.367192077636718750e+01
5.787046051025390625e+01
5.173638534545898438e+01
5.722184753417968750e+01
4.581677627563476562e+01
4.339431762695312500e+01
4.271587371826171875e+01
4.461164855957031250e+01
8.881524658203125000e+01
6.223394012451171875e+01
4.377641296386718750e+01
4.673196411132812500e+01
4.386843872070312500e+01
1.091313323974609375e+02
4.947651672363281250e+01
3.489111328125000000e+01
6.013777160644531250e+01
4.422224044799804688e+01
1.323195800781250000e+02
4.492362594604492188e+01
4.148088073730468750e+01
7.653940582275390625e+01
4.154958343505859375e+01
9.476473999023437500e+01
6.633677673339843750e+01
6.550466918945312500e+01
6.273639297485351562e+01
4.359239959716796875e+01
9.399646759033203125e+01
9.401193237304687500e+01
5.075891113281250000e+01
1.216581497192382812e+02
4.273845672607421875e+01
7.588436126708984375e+01
5.611740875244140625e+01
8.050104522705078125e+01
5.229926300048828125e+01
1.218431396484375000e+02
3.000000000000000000e+01
1.298063354492187500e+02
4.012689971923828125e+01
5.961644744873046875e+01
3.000000000000000000e+01
4.274150085449218750e+01
4.572257232666015625e+01
3.558381271362304688e+01
6.815470886230468750e+01
3.710704040527343750e+01
6.137107849121093750e+01
4.669300079345703125e+01
3.273294067382812500e+01
1.214878234863281250e+02
3.852401351928710938e+01
4.579666900634765625e+01
3.000000000000000000e+01
3.000000000000000000e+01
5.244964599609375000e+01
4.499348068237304688e+01
4.753097534179687500e+01
5.018630218505859375e+01
7.279452514648437500e+01
4.887470626831054688e+01
6.622096252441406250e+01
4.928163146972656250e+01
8.006969451904296875e+01
6.131484222412109375e+01
4.361879730224609375e+01
3.249987030029296875e+01
4.156846618652343750e+01
6.980796813964843750e+01
5.326823425292968750e+01
5.114785003662109375e+01
4.635628509521484375e+01
6.090745544433593750e+01
5.545523834228515625e+01
4.511900329589843750e+01
3.595199966430664062e+01
4.362760543823242188e+01
3.450695800781250000e+01
7.566744995117187500e+01
1.489225158691406250e+02
6.326592254638671875e+01
3.811691284179687500e+01
1.186869964599609375e+02
5.324713134765625000e+01
3.548141479492187500e+01
5.118408584594726562e+01
3.928044128417968750e+01
5.584598922729492188e+01
4.733451843261718750e+01
1.032212066650390625e+02
3.318703842163085938e+01
4.199887084960937500e+01
9.456893920898437500e+01
4.352015686035156250e+01
4.382503509521484375e+01
3.881503295898437500e+01
4.518346405029296875e+01
4.715582656860351562e+01
5.795262145996093750e+01
4.005128860473632812e+01
4.863878631591796875e+01
3.999969482421875000e+01
6.756449127197265625e+01
9.436375427246093750e+01
4.006649398803710938e+01
4.827005767822265625e+01
4.863010025024414062e+01
6.176761245727539062e+01
1.068828887939453125e+02
6.674028015136718750e+01
1.395309143066406250e+02
3.458479690551757812e+01
4.430902099609375000e+01
5.377542495727539062e+01
5.906555175781250000e+01
3.968406295776367188e+01
5.178397369384765625e+01
3.977188110351562500e+01
4.232546234130859375e+01
8.552452087402343750e+01
6.310735321044921875e+01
4.182214355468750000e+01
1.094997634887695312e+02
1.245642700195312500e+02
6.472998046875000000e+01
8.948033905029296875e+01
3.640587615966796875e+01
5.173160934448242188e+01
1.505677795410156250e+02
1.519667968750000000e+02
5.137887573242187500e+01
5.350498199462890625e+01
4.310165405273437500e+01
4.835606384277343750e+01
1.059712600708007812e+02
5.432752227783203125e+01
4.967432785034179688e+01
4.304379653930664062e+01
4.508271026611328125e+01
3.214873504638671875e+01
1.383164520263671875e+02
5.549897766113281250e+01
5.059609222412109375e+01
5.661173629760742188e+01
5.068387603759765625e+01
1.109245605468750000e+02
3.946332931518554688e+01
1.408645629882812500e+02
5.570340728759765625e+01
6.460474395751953125e+01
5.754264831542968750e+01
6.247050094604492188e+01
5.671472930908203125e+01
6.472998046875000000e+01
7.342471313476562500e+01
1.769639892578125000e+02
3.816125488281250000e+01
5.878629302978515625e+01
7.606507873535156250e+01
9.040780639648437500e+01
9.523561096191406250e+01
6.754402160644531250e+01
7.098120117187500000e+01
5.647216033935546875e+01
4.475187683105468750e+01
7.376296997070312500e+01
3.813597106933593750e+01
3.000000000000000000e+01
5.493301391601562500e+01
3.902825546264648438e+01
3.743226242065429688e+01
3.963269805908203125e+01
3.081412506103515625e+01
3.000000000000000000e+01
1.130108795166015625e+02
3.000000000000000000e+01
3.961781311035156250e+01
3.300343322753906250e+01
6.107548904418945312e+01
3.000000000000000000e+01
4.774307250976562500e+01
4.715210342407226562e+01
3.000000000000000000e+01
3.397695159912109375e+01
6.287926101684570312e+01
6.817594146728515625e+01
4.270023345947265625e+01
7.002394104003906250e+01
7.580751037597656250e+01
6.442993164062500000e+01
1.362499084472656250e+02
1.417276000976562500e+02
3.128977775573730469e+01
1.039175567626953125e+02
1.023770904541015625e+02
8.224220275878906250e+01
3.915126037597656250e+01
4.189104461669921875e+01
1.324698638916015625e+02
6.132305145263671875e+01
5.832012939453125000e+01
4.719519805908203125e+01
5.249481201171875000e+01
4.500696563720703125e+01
5.144420242309570312e+01
3.637203598022460938e+01
4.469090652465820312e+01
3.629809188842773438e+01
3.827522659301757812e+01
6.209999084472656250e+01
4.124711608886718750e+01
8.250312042236328125e+01
4.998203659057617188e+01
3.972840881347656250e+01
4.663557434082031250e+01
4.299514007568359375e+01
4.816706085205078125e+01
6.581114196777343750e+01
4.576071548461914062e+01
3.000000000000000000e+01
3.389030075073242188e+01
6.034032440185546875e+01
7.447797393798828125e+01
4.278606796264648438e+01
6.442993164062500000e+01
5.143747329711914062e+01
3.984490203857421875e+01
1.684764404296875000e+02
4.258619689941406250e+01
3.731461715698242188e+01
9.890962219238281250e+01
1.487354431152343750e+02
2.060858917236328125e+02
4.956660079956054688e+01
8.635643005371093750e+01
4.085955047607421875e+01
9.720140838623046875e+01
6.250558090209960938e+01
3.333188629150390625e+01
1.508973388671875000e+02
5.268112945556640625e+01
6.169501495361328125e+01
1.248151550292968750e+02
5.892363739013671875e+01
6.108926391601562500e+01
8.629432678222656250e+01
3.020520019531250000e+01
7.059114837646484375e+01
1.018269729614257812e+02
3.109119796752929688e+01
6.175064086914062500e+01
5.521247863769531250e+01
5.046983718872070312e+01
9.878474426269531250e+01
1.414650726318359375e+02
6.863997650146484375e+01
1.414718627929687500e+02
9.256197357177734375e+01
6.659431457519531250e+01
8.135568237304687500e+01
8.304064941406250000e+01
3.000000000000000000e+01
3.317030715942382812e+01
3.000000000000000000e+01
4.531065368652343750e+01
6.186109924316406250e+01
1.245642700195312500e+02
5.095574188232421875e+01
4.717122268676757812e+01
4.617163085937500000e+01
2.890496520996093750e+02
4.520299148559570312e+01
3.854116439819335938e+01
3.517564392089843750e+01
3.000000000000000000e+01
4.100797271728515625e+01
7.638735198974609375e+01
7.151741027832031250e+01
1.025120697021484375e+02
6.816320037841796875e+01
4.704109191894531250e+01
5.091253662109375000e+01
4.559991455078125000e+01
1.428112640380859375e+02
4.206155395507812500e+01
3.906887817382812500e+01
3.000000000000000000e+01
3.900999450683593750e+01
5.913581466674804688e+01
6.989584350585937500e+01
1.362404174804687500e+02
6.876433563232421875e+01
8.519277954101562500e+01
6.247983169555664062e+01
3.906792449951171875e+01
6.675028991699218750e+01
3.000000000000000000e+01
6.825059509277343750e+01
7.876809692382812500e+01
3.000000000000000000e+01
3.795331954956054688e+01
9.822998809814453125e+01
3.000000000000000000e+01
4.446628570556640625e+01
1.476166076660156250e+02
5.948748397827148438e+01
4.110506439208984375e+01
7.354724121093750000e+01
4.492609024047851562e+01
5.324040985107421875e+01
9.042155456542968750e+01
5.299458312988281250e+01
8.250311279296875000e+01
1.913231506347656250e+02
5.144420242309570312e+01
1.144771423339843750e+02
4.068856811523437500e+01
5.352088928222656250e+01
9.291557312011718750e+01
6.579182434082031250e+01
5.790592193603515625e+01
6.098709487915039062e+01
3.159233093261718750e+01
7.222658538818359375e+01
4.846360778808593750e+01
6.755256652832031250e+01
4.076784896850585938e+01
4.631282043457031250e+01
7.160132598876953125e+01
9.793959045410156250e+01
1.038629760742187500e+02
5.113465881347656250e+01
5.611740875244140625e+01
5.011125564575195312e+01
5.934492492675781250e+01
6.732052612304687500e+01
3.561166381835937500e+01
1.092827301025390625e+02
9.967320251464843750e+01
3.409022140502929688e+01
9.923503875732421875e+01
8.347898864746093750e+01
4.893535614013671875e+01
4.784832382202148438e+01
4.617502975463867188e+01
4.630637359619140625e+01
1.908201599121093750e+02
3.791215896606445312e+01
5.280690002441406250e+01
5.314881134033203125e+01
4.421804809570312500e+01
8.919942474365234375e+01
3.935054779052734375e+01
4.451178741455078125e+01
1.332902221679687500e+02
6.817594146728515625e+01
9.071184539794921875e+01
6.836347961425781250e+01
5.194837951660156250e+01
6.570918273925781250e+01
8.846911621093750000e+01
8.874468994140625000e+01
6.840959167480468750e+01
8.176330566406250000e+01
3.878144073486328125e+01
5.889032745361328125e+01
8.872093963623046875e+01
4.067369461059570312e+01
4.382503509521484375e+01
6.984202575683593750e+01
9.036963653564453125e+01
6.497019958496093750e+01
4.774637603759765625e+01
5.864603424072265625e+01
3.000000000000000000e+01
4.161283874511718750e+01
3.290985107421875000e+01
3.188299179077148438e+01
3.545836639404296875e+01
3.000000000000000000e+01
4.910838699340820312e+01
5.417740249633789062e+01
4.538285064697265625e+01
7.981317138671875000e+01
6.057806777954101562e+01
4.369931411743164062e+01
3.905964660644531250e+01
4.976306152343750000e+01
6.126162719726562500e+01
3.000000000000000000e+01
3.429504394531250000e+01
7.486306762695312500e+01
3.833112335205078125e+01
5.105050277709960938e+01
3.352941131591796875e+01
5.399164962768554688e+01
3.149853706359863281e+01
4.352317810058593750e+01
1.115109405517578125e+02
4.986440277099609375e+01
3.756806564331054688e+01
6.019876861572265625e+01
3.906887817382812500e+01
8.461297607421875000e+01
3.590198898315429688e+01
4.594798278808593750e+01
1.335136108398437500e+02
3.657084655761718750e+01
1.004887847900390625e+02
1.095583496093750000e+02
3.935341262817382812e+01
4.189762878417968750e+01
8.196661376953125000e+01
4.167478179931640625e+01
6.184666061401367188e+01
5.661173629760742188e+01
1.117793502807617188e+02
4.569651794433593750e+01
6.315145874023437500e+01
5.693930053710937500e+01
3.555212783813476562e+01
4.513663864135742188e+01
1.082817916870117188e+02
4.633214569091796875e+01
5.645909118652343750e+01
5.778429794311523438e+01
5.018167114257812500e+01
3.000000000000000000e+01
4.601057434082031250e+01
3.658938598632812500e+01
4.542969512939453125e+01
3.821944808959960938e+01
3.887379074096679688e+01
4.465010833740234375e+01
4.529891204833984375e+01
4.146408462524414062e+01
4.788905334472656250e+01
5.757383728027343750e+01
5.890097427368164062e+01
6.530233001708984375e+01
1.032212066650390625e+02
7.138801574707031250e+01
1.088697357177734375e+02
8.000206756591796875e+01
1.238976593017578125e+02
4.302828216552734375e+01
6.431642150878906250e+01
3.000000000000000000e+01
3.757925415039062500e+01
6.397727966308593750e+01
6.440454864501953125e+01
7.461118316650390625e+01
8.115556335449218750e+01
4.191068267822265625e+01
4.153487396240234375e+01
7.069530487060546875e+01
9.297959136962890625e+01
5.507873535156250000e+01
5.070867156982421875e+01
4.074874877929687500e+01
3.738185882568359375e+01
9.429258728027343750e+01
4.540932464599609375e+01
5.170076751708984375e+01
4.255570602416992188e+01
4.693783187866210938e+01
5.195245361328125000e+01
9.370741271972656250e+01
4.847291946411132812e+01
3.603641510009765625e+01
3.028708648681640625e+01
1.025120697021484375e+02
6.073078155517578125e+01
3.063150978088378906e+01
5.682775878906250000e+01
5.478229904174804688e+01
4.856740570068359375e+01
6.551508331298828125e+01
5.189379119873046875e+01
6.459960937500000000e+01
4.167825698852539062e+01
5.172480392456054688e+01
7.061727905273437500e+01
8.678442382812500000e+01
7.813549041748046875e+01
4.675389480590820312e+01
3.062712669372558594e+01
7.132572174072265625e+01
6.707814788818359375e+01
4.828917312622070312e+01
5.449568557739257812e+01
5.498370361328125000e+01
4.099528121948242188e+01
5.876247787475585938e+01
3.034848022460937500e+01
3.000000000000000000e+01
5.751604080200195312e+01
6.176306533813476562e+01
7.160132598876953125e+01
5.232173919677734375e+01
5.233738327026367188e+01
3.726293945312500000e+01
7.146639251708984375e+01
9.121782684326171875e+01
6.837480163574218750e+01
3.000000000000000000e+01
1.238976593017578125e+02
4.956660079956054688e+01
5.872812652587890625e+01
9.036964416503906250e+01
3.703908538818359375e+01
3.395324325561523438e+01
5.771006011962890625e+01
3.000000000000000000e+01
4.203035354614257812e+01
2.269172973632812500e+02
3.236103820800781250e+01
3.608181762695312500e+01
4.171918487548828125e+01
1.217703399658203125e+02
5.892851257324218750e+01
5.343902969360351562e+01
9.951603698730468750e+01
4.665705871582031250e+01
1.254051971435546875e+02
7.536660766601562500e+01
9.020599365234375000e+01
3.081290245056152344e+01
3.648226928710937500e+01
5.617711639404296875e+01
6.712200164794921875e+01
7.206854248046875000e+01
4.576071548461914062e+01
4.428496170043945312e+01
3.603497695922851562e+01
4.502038192749023438e+01
6.215523529052734375e+01
5.007355117797851562e+01
4.250908279418945312e+01
7.153635406494140625e+01
7.536190795898437500e+01
5.527162551879882812e+01
3.352256011962890625e+01
4.966934967041015625e+01
3.000000000000000000e+01
4.689715576171875000e+01
1.124628753662109375e+02
4.962776947021484375e+01
7.655659484863281250e+01
5.148047637939453125e+01
4.076483535766601562e+01
3.477710342407226562e+01
9.476473999023437500e+01
6.020528411865234375e+01
7.527450561523437500e+01
1.091188354492187500e+02
5.157537841796875000e+01
4.937548828125000000e+01
4.207056427001953125e+01
5.945098114013671875e+01
4.998181533813476562e+01
7.508433532714843750e+01
1.908201751708984375e+02
4.801857757568359375e+01
5.464750289916992188e+01
5.548304748535156250e+01
4.929969406127929688e+01
4.861241912841796875e+01
5.619082641601562500e+01
4.944323730468750000e+01
6.408663940429687500e+01
9.274716186523437500e+01
3.000000000000000000e+01
4.209964752197265625e+01
5.438519668579101562e+01
1.158968887329101562e+02
6.250028228759765625e+01
1.004887847900390625e+02
4.526497650146484375e+01
3.080940818786621094e+01
4.463619995117187500e+01
7.362964630126953125e+01
1.492364196777343750e+02
6.460868072509765625e+01
4.891824340820312500e+01
6.163828659057617188e+01
3.000000000000000000e+01
4.938362884521484375e+01
6.858462524414062500e+01
3.902156066894531250e+01
3.881607818603515625e+01
4.904641723632812500e+01
7.533329010009765625e+01
5.201340103149414062e+01
9.060983276367187500e+01
4.051233673095703125e+01
5.730297851562500000e+01
6.132305145263671875e+01
9.167833709716796875e+01
5.586894226074218750e+01
4.643677902221679688e+01
5.088468933105468750e+01
3.477180480957031250e+01
3.881602478027343750e+01
4.206155395507812500e+01
3.552282714843750000e+01
8.111064910888671875e+01
5.948748779296875000e+01
3.766543197631835938e+01
3.000000000000000000e+01
4.073009109497070312e+01
3.854116821289062500e+01
3.080742645263671875e+01
1.313113708496093750e+02
3.000000000000000000e+01
6.511865997314453125e+01
1.047498474121093750e+02
3.766784667968750000e+01
3.000000000000000000e+01
4.136434936523437500e+01
5.961644744873046875e+01
6.523467254638671875e+01
5.709599685668945312e+01
5.375751876831054688e+01
5.841864013671875000e+01
6.355687713623046875e+01
6.189034271240234375e+01
4.217535400390625000e+01
6.798724365234375000e+01
4.993451690673828125e+01
6.570918273925781250e+01
4.604536437988281250e+01
3.604259109497070312e+01
3.425383377075195312e+01
4.954989624023437500e+01
5.009580230712890625e+01
4.794415283203125000e+01
3.000000000000000000e+01
5.403016662597656250e+01
5.015188217163085938e+01
6.298622131347656250e+01
8.688048553466796875e+01
5.709118270874023438e+01
7.820606994628906250e+01
4.257028961181640625e+01
6.310735321044921875e+01
4.630059051513671875e+01
6.089305114746093750e+01
7.091416931152343750e+01
5.619406890869140625e+01
7.636653900146484375e+01
4.102545166015625000e+01
9.533607482910156250e+01
4.702042388916015625e+01
5.142453384399414062e+01
8.575792694091796875e+01
1.512289733886718750e+02
9.767366027832031250e+01
4.049559020996093750e+01
3.055470275878906250e+01
4.588016128540039062e+01
5.480752182006835938e+01
1.038629760742187500e+02
9.479031372070312500e+01
5.829074096679687500e+01
9.180687713623046875e+01
4.966934967041015625e+01
4.596567535400390625e+01
3.415857315063476562e+01
5.237699890136718750e+01
6.170138549804687500e+01
3.000000000000000000e+01
3.474015426635742188e+01
7.100402832031250000e+01
6.234206771850585938e+01
4.389693450927734375e+01
8.205902099609375000e+01
3.000000000000000000e+01
4.875611877441406250e+01
4.779881286621093750e+01
4.918529891967773438e+01
3.764076995849609375e+01
4.643677902221679688e+01
1.789401550292968750e+02
5.590215682983398438e+01
4.977080154418945312e+01
4.169525909423828125e+01
4.989465713500976562e+01
1.196240234375000000e+02
4.403235626220703125e+01
4.235824584960937500e+01
5.094275665283203125e+01
4.250908660888671875e+01
8.745915985107421875e+01
3.683222579956054688e+01
5.991342544555664062e+01
5.363152313232421875e+01
4.279515838623046875e+01
3.238397598266601562e+01
4.995475769042968750e+01
4.911158752441406250e+01
5.435690307617187500e+01
2.144222564697265625e+02
4.199684143066406250e+01
4.949893569946289062e+01
5.531310272216796875e+01
5.143653488159179688e+01
3.996017456054687500e+01
3.000000000000000000e+01
3.521093368530273438e+01
5.504882431030273438e+01
3.000000000000000000e+01
5.556323623657226562e+01
6.146121215820312500e+01
4.905014038085937500e+01
4.693526840209960938e+01
4.753128051757812500e+01
3.935341262817382812e+01
3.911656951904296875e+01
3.088508415222167969e+01
7.100237274169921875e+01
7.758379364013671875e+01
3.000000000000000000e+01
4.971652984619140625e+01
3.300343322753906250e+01
8.149729919433593750e+01
4.759283828735351562e+01
8.489076995849609375e+01
3.370893096923828125e+01
6.840959167480468750e+01
7.954503631591796875e+01
4.813452911376953125e+01
8.575792694091796875e+01
3.127557182312011719e+01
3.964836502075195312e+01
4.255025482177734375e+01
4.301775741577148438e+01
1.174796066284179688e+02
4.223126220703125000e+01
3.000000000000000000e+01
7.535749053955078125e+01
4.517660903930664062e+01
9.786839294433593750e+01
7.118477630615234375e+01
3.000000000000000000e+01
5.678834915161132812e+01
7.593452453613281250e+01
8.233203887939453125e+01
7.273811340332031250e+01
6.842697143554687500e+01
3.109672355651855469e+01
4.016901016235351562e+01
6.249854278564453125e+01
8.223355865478515625e+01
1.141440811157226562e+02
8.196754455566406250e+01
1.216824798583984375e+02
4.645019912719726562e+01
4.711805343627929688e+01
4.923066711425781250e+01
3.000000000000000000e+01
5.832534408569335938e+01
3.000000000000000000e+01
3.000000000000000000e+01
7.204923248291015625e+01
1.025340881347656250e+02
6.309017944335937500e+01
3.333750915527343750e+01
5.676866531372070312e+01
7.122427368164062500e+01
4.010944366455078125e+01
4.497821044921875000e+01
7.508433532714843750e+01
4.693198776245117188e+01
6.342656326293945312e+01
4.938362884521484375e+01
6.232386779785156250e+01
6.443310546875000000e+01
3.626904296875000000e+01
3.229001617431640625e+01
6.035567474365234375e+01
3.621214294433593750e+01
6.528561401367187500e+01
6.429132080078125000e+01
4.060990905761718750e+01
8.948033905029296875e+01
6.217709350585937500e+01
3.319687271118164062e+01
3.009253311157226562e+01
3.504714965820312500e+01
3.000000000000000000e+01
4.075971984863281250e+01
3.000000000000000000e+01
4.092024993896484375e+01
9.282282257080078125e+01
4.704109191894531250e+01
3.738618087768554688e+01
9.793959808349609375e+01
6.990260314941406250e+01
3.849639129638671875e+01
6.529858398437500000e+01
8.270823669433593750e+01
4.538285446166992188e+01
4.871459197998046875e+01
1.126703033447265625e+02
5.227478027343750000e+01
8.027783966064453125e+01
4.040880584716796875e+01
3.785264587402343750e+01
5.952714157104492188e+01
4.372235870361328125e+01
3.899959182739257812e+01
4.420680999755859375e+01
3.110430717468261719e+01
4.366984558105468750e+01
4.389330673217773438e+01
5.268112945556640625e+01
3.263818359375000000e+01
3.984745025634765625e+01
6.672764587402343750e+01
8.068634033203125000e+01
3.887983703613281250e+01
1.004906311035156250e+02
5.045721817016601562e+01
3.000000000000000000e+01
8.909141540527343750e+01
8.993630218505859375e+01
4.266876602172851562e+01
6.763967132568359375e+01
3.000000000000000000e+01
4.365736389160156250e+01
4.192525863647460938e+01
8.296142578125000000e+01
6.100722122192382812e+01
3.718824768066406250e+01
6.836347961425781250e+01
5.647779464721679688e+01
5.804611587524414062e+01
3.329065322875976562e+01
5.394865036010742188e+01
6.649061584472656250e+01
5.787046051025390625e+01
6.794823455810546875e+01
6.931194305419921875e+01
3.380679321289062500e+01
4.029350662231445312e+01
3.923017120361328125e+01
5.472946166992187500e+01
8.881524658203125000e+01
8.689074707031250000e+01
5.991342544555664062e+01
5.232556533813476562e+01
6.399977874755859375e+01
5.394864654541015625e+01
4.351581573486328125e+01
4.983449554443359375e+01
3.312002563476562500e+01
4.854805755615234375e+01
5.989196777343750000e+01
4.565188980102539062e+01
3.452045440673828125e+01
5.549898147583007812e+01
4.447287750244140625e+01
6.611755371093750000e+01
3.000000000000000000e+01
4.669684600830078125e+01
3.733836364746093750e+01
4.887702941894531250e+01
7.952679443359375000e+01
3.641721725463867188e+01
5.968640136718750000e+01
3.903168869018554688e+01
7.681317138671875000e+01
7.148410034179687500e+01
3.833256530761718750e+01
4.442588424682617188e+01
4.312183380126953125e+01
5.116506195068359375e+01
6.627122497558593750e+01
3.293289947509765625e+01
4.389800643920898438e+01
6.743336486816406250e+01
4.389661788940429688e+01
3.811691284179687500e+01
3.292729568481445312e+01
7.104724884033203125e+01
4.200092315673828125e+01
3.000000000000000000e+01
4.719239044189453125e+01
4.468443679809570312e+01
6.484326171875000000e+01
3.654865264892578125e+01
9.291557312011718750e+01
4.946712493896484375e+01
4.199887084960937500e+01
3.666361236572265625e+01
4.785837173461914062e+01
4.269113922119140625e+01
4.867359542846679688e+01
3.055470275878906250e+01
3.975763320922851562e+01
3.000000000000000000e+01
3.998867416381835938e+01
4.853276062011718750e+01
5.649174499511718750e+01
7.111895751953125000e+01
4.813119506835937500e+01
4.881331634521484375e+01
4.875007629394531250e+01
3.000000000000000000e+01
3.000000000000000000e+01
4.785837173461914062e+01
7.636653900146484375e+01
4.650025177001953125e+01
3.906222534179687500e+01
3.000000000000000000e+01
7.507789611816406250e+01
4.858615875244140625e+01
7.182368469238281250e+01
3.414747238159179688e+01
3.347800445556640625e+01
6.821301269531250000e+01
3.000000000000000000e+01
5.351136779785156250e+01
3.181770515441894531e+01
4.889510345458984375e+01
3.000000000000000000e+01
3.676683807373046875e+01
4.936557388305664062e+01
3.812143325805664062e+01
7.831922912597656250e+01
4.335677337646484375e+01
8.689075469970703125e+01
5.949423980712890625e+01
4.348707580566406250e+01
3.953743743896484375e+01
4.474711608886718750e+01
3.352769470214843750e+01
4.705582427978515625e+01
6.405177307128906250e+01
7.151741027832031250e+01
4.594798278808593750e+01
4.324062347412109375e+01
4.248534393310546875e+01
8.516314697265625000e+01
4.751412200927734375e+01
4.476774978637695312e+01
3.000000000000000000e+01
3.000000000000000000e+01
4.041484832763671875e+01
3.604259109497070312e+01
6.300362777709960938e+01
3.637802886962890625e+01
5.008303451538085938e+01
4.588415908813476562e+01
3.000000000000000000e+01
3.792782211303710938e+01
4.877288055419921875e+01
3.604454803466796875e+01
4.930308532714843750e+01
3.000000000000000000e+01
7.653940582275390625e+01
5.949424362182617188e+01
6.553922271728515625e+01
3.000000000000000000e+01
3.000000000000000000e+01
5.113488769531250000e+01
3.000000000000000000e+01
4.786829376220703125e+01
7.430226135253906250e+01
4.595248794555664062e+01
4.693846893310546875e+01
5.010836410522460938e+01
4.189762878417968750e+01
4.856274795532226562e+01
6.816320037841796875e+01
3.438714981079101562e+01
4.827175521850585938e+01
8.816463470458984375e+01
4.924709320068359375e+01
7.593452453613281250e+01
8.608511352539062500e+01
3.000000000000000000e+01
5.514207839965820312e+01
3.770024871826171875e+01
5.790592193603515625e+01
5.645503997802734375e+01
5.327650451660156250e+01
5.178397369384765625e+01
6.989584350585937500e+01
4.470929336547851562e+01
6.103630447387695312e+01
7.251580810546875000e+01
3.484940338134765625e+01
6.368867492675781250e+01
5.261511993408203125e+01
3.286462020874023438e+01
4.051534271240234375e+01
4.169947814941406250e+01
3.711057281494140625e+01
7.264053344726562500e+01
5.337454223632812500e+01
4.949893569946289062e+01
4.416438293457031250e+01
4.772876739501953125e+01
3.000000000000000000e+01
3.148821640014648438e+01
7.072925567626953125e+01
4.339586639404296875e+01
3.860477447509765625e+01
6.155759048461914062e+01
4.248496627807617188e+01
4.509613800048828125e+01
4.111006164550781250e+01
4.442588424682617188e+01
3.057446670532226562e+01
3.612968444824218750e+01
3.805937194824218750e+01
5.153038024902343750e+01
3.000000000000000000e+01
4.116393661499023438e+01
5.438519668579101562e+01
3.242300796508789062e+01
4.542969512939453125e+01
5.045319366455078125e+01
6.826663970947265625e+01
4.698210144042968750e+01
7.599542236328125000e+01
1.081457061767578125e+02
5.297203063964843750e+01
4.579666900634765625e+01
4.401175689697265625e+01
3.942416381835937500e+01
3.912419509887695312e+01
4.311209487915039062e+01
4.726253509521484375e+01
1.091188354492187500e+02
5.560308074951171875e+01
3.569032669067382812e+01
4.831398773193359375e+01
5.235939025878906250e+01
3.474100494384765625e+01
4.513664245605468750e+01
4.918529891967773438e+01
6.616281127929687500e+01
3.000000000000000000e+01
4.752431488037109375e+01
3.554473114013671875e+01
5.497682571411132812e+01
5.876247787475585938e+01
3.000000000000000000e+01
4.620610427856445312e+01
4.378268051147460938e+01
3.103768730163574219e+01
5.196011734008789062e+01
4.387571716308593750e+01
4.586478042602539062e+01
6.250028228759765625e+01
4.168584442138671875e+01
3.164141654968261719e+01
4.861241912841796875e+01
6.094752883911132812e+01
3.548141479492187500e+01
6.224937438964843750e+01
3.881365966796875000e+01
4.440364837646484375e+01
4.083895492553710938e+01
4.986236953735351562e+01
6.413637542724609375e+01
5.334671020507812500e+01
5.143003082275390625e+01
4.552173233032226562e+01
4.065747451782226562e+01
4.814062881469726562e+01
6.358885574340820312e+01
4.302828216552734375e+01
4.346766281127929688e+01
5.650322723388671875e+01
5.211067199707031250e+01
3.935272979736328125e+01
5.919616317749023438e+01
4.337269592285156250e+01
5.984237670898437500e+01
4.270306015014648438e+01
9.699214172363281250e+01
7.846208190917968750e+01
4.176097106933593750e+01
5.200652694702148438e+01
3.000000000000000000e+01
7.480579376220703125e+01
3.000000000000000000e+01
4.072332000732421875e+01
7.724336242675781250e+01
4.769530487060546875e+01
4.826384735107421875e+01
5.384741210937500000e+01
1.113722839355468750e+02
3.826038742065429688e+01
4.828153610229492188e+01
3.000000000000000000e+01
5.033901977539062500e+01
4.311859512329101562e+01
3.322182846069335938e+01
4.636269378662109375e+01
7.623840332031250000e+01
5.224811172485351562e+01
3.588522720336914062e+01
3.832358932495117188e+01
5.280939102172851562e+01
4.550584793090820312e+01
4.933052062988281250e+01
5.814794158935546875e+01
8.489076995849609375e+01
5.453153228759765625e+01
7.247814178466796875e+01
7.153807067871093750e+01
7.463003540039062500e+01
5.909800338745117188e+01
3.162044906616210938e+01
3.875824737548828125e+01
5.447906875610351562e+01
4.030792236328125000e+01
3.922632598876953125e+01
3.133521652221679688e+01
3.623618698120117188e+01
3.000000000000000000e+01
3.080192756652832031e+01
3.396617507934570312e+01
4.712475967407226562e+01
7.391374206542968750e+01
5.771686553955078125e+01
3.285337066650390625e+01
4.540466308593750000e+01
3.000000000000000000e+01
3.702220916748046875e+01
5.059370422363281250e+01
6.633677673339843750e+01
5.194552993774414062e+01
4.958638763427734375e+01
3.000000000000000000e+01
5.889032745361328125e+01
5.421254348754882812e+01
3.000000000000000000e+01
5.116506195068359375e+01
3.980604553222656250e+01
8.983793640136718750e+01
3.735704803466796875e+01
5.941387939453125000e+01
6.357656860351562500e+01
3.959835052490234375e+01
3.000000000000000000e+01
4.287689971923828125e+01
4.911723327636718750e+01
3.906792449951171875e+01
4.238095092773437500e+01
4.109785842895507812e+01
4.132653427124023438e+01
4.027207565307617188e+01
8.745915985107421875e+01
6.895079040527343750e+01
7.580751037597656250e+01
3.339774703979492188e+01
3.384791564941406250e+01
5.709870147705078125e+01
3.000000000000000000e+01
6.590261840820312500e+01
6.577304077148437500e+01
6.554533386230468750e+01
3.750619506835937500e+01
4.653280639648437500e+01
3.924375915527343750e+01
4.042346954345703125e+01
3.000000000000000000e+01
7.369616699218750000e+01
3.954381561279296875e+01
3.985895538330078125e+01
3.609929656982421875e+01
4.100910568237304688e+01
4.432057189941406250e+01
3.000000000000000000e+01
3.984490203857421875e+01
3.045431709289550781e+01
3.000000000000000000e+01
6.131484222412109375e+01
7.535749816894531250e+01
3.000000000000000000e+01
5.851099014282226562e+01
4.588208770751953125e+01
4.421630859375000000e+01
4.042148590087890625e+01
5.404421615600585938e+01
3.842607879638671875e+01
4.114993667602539062e+01
3.780981445312500000e+01
4.595240783691406250e+01
3.000000000000000000e+01
3.552399826049804688e+01
3.431231307983398438e+01
3.408307266235351562e+01
3.888507843017578125e+01
3.000000000000000000e+01
3.390926361083984375e+01
5.754898834228515625e+01
5.277207946777343750e+01
1.113722839355468750e+02
6.088226699829101562e+01
4.067352294921875000e+01
3.554011154174804688e+01
7.355706787109375000e+01
3.555212783813476562e+01
4.157041168212890625e+01
7.369616699218750000e+01
5.029571533203125000e+01
4.663444519042968750e+01
4.204439544677734375e+01
4.910838699340820312e+01
1.041274032592773438e+02
6.822333526611328125e+01
6.532219696044921875e+01
7.960539245605468750e+01
3.000000000000000000e+01
3.087819671630859375e+01
4.701615142822265625e+01
3.586240386962890625e+01
5.139904785156250000e+01
6.128376388549804688e+01
3.266210937500000000e+01
3.482196807861328125e+01
5.509803390502929688e+01
3.421553039550781250e+01
4.631026840209960938e+01
4.803134918212890625e+01
4.329470062255859375e+01
3.385658645629882812e+01
3.000000000000000000e+01
3.770024490356445312e+01
3.063447570800781250e+01
3.850133132934570312e+01
7.494967651367187500e+01
3.524372863769531250e+01
3.846602630615234375e+01
5.901172637939453125e+01
5.405069351196289062e+01
3.689955902099609375e+01
3.861858367919921875e+01
4.194395446777343750e+01
4.010493850708007812e+01
4.634684753417968750e+01
3.487488174438476562e+01
4.051120758056640625e+01
5.484434890747070312e+01
6.516960906982421875e+01
5.974079132080078125e+01
4.442373657226562500e+01
5.076912689208984375e+01
3.798226928710937500e+01
3.000000000000000000e+01
7.169860076904296875e+01
4.671550369262695312e+01
4.516078186035156250e+01
3.434585571289062500e+01
3.559785079956054688e+01
4.295660400390625000e+01
3.518981552124023438e+01
5.576869964599609375e+01
4.241173553466796875e+01
5.560308074951171875e+01
3.764076995849609375e+01
4.244544982910156250e+01
3.233177185058593750e+01
4.605973052978515625e+01
3.000000000000000000e+01
8.102381896972656250e+01
4.431516265869140625e+01
3.587532043457031250e+01
4.432297515869140625e+01
8.149729919433593750e+01
4.330407714843750000e+01
3.979581451416015625e+01
3.599812316894531250e+01
3.453258514404296875e+01
4.892450714111328125e+01
4.487655639648437500e+01
4.271571350097656250e+01
3.265818023681640625e+01
3.591857910156250000e+01
3.000000000000000000e+01
4.159965515136718750e+01
5.097489166259765625e+01
4.019993209838867188e+01
5.730234909057617188e+01
4.081176757812500000e+01
6.257149124145507812e+01
4.682357788085937500e+01
4.930715560913085938e+01
6.005413818359375000e+01
3.082943725585937500e+01
4.588252258300781250e+01
3.000000000000000000e+01
3.447224807739257812e+01
5.027120971679687500e+01
4.459159088134765625e+01
3.493983459472656250e+01
3.546495819091796875e+01
3.702487945556640625e+01
3.817704010009765625e+01
4.196475982666015625e+01
3.754269027709960938e+01
