4.521586608886718750e+01
6.270778274536132812e+01
3.828606796264648438e+01
3.823120880126953125e+01
5.970130157470703125e+01
7.405516815185546875e+01
3.000000000000000000e+01
1.114003372192382812e+02
5.525017166137695312e+01
1.050009994506835938e+02
4.766152572631835938e+01
1.504192199707031250e+02
5.206414794921875000e+01
4.267398834228515625e+01
3.000000000000000000e+01
7.264195251464843750e+01
6.497533416748046875e+01
4.156518936157226562e+01
4.429943847656250000e+01
1.246192855834960938e+02
3.756502914428710938e+01
7.537194824218750000e+01
3.679273605346679688e+01
3.966268157958984375e+01
6.211271667480468750e+01
7.568344116210937500e+01
3.909937286376953125e+01
6.194150543212890625e+01
1.789996032714843750e+02
5.682117080688476562e+01
7.263768005371093750e+01
5.932684326171875000e+01
4.140734100341796875e+01
1.358836059570312500e+02
9.945424652099609375e+01
7.776440429687500000e+01
6.829115295410156250e+01
4.891704940795898438e+01
4.296162414550781250e+01
7.151023864746093750e+01
3.033819580078125000e+01
3.810095214843750000e+01
4.846517944335937500e+01
4.727288818359375000e+01
3.000000000000000000e+01
3.350674057006835938e+01
6.400329589843750000e+01
6.313674545288085938e+01
1.257565612792968750e+02
4.920265960693359375e+01
4.175916290283203125e+01
3.000000000000000000e+01
5.423096084594726562e+01
4.042251586914062500e+01
7.896160888671875000e+01
4.621990203857421875e+01
7.003654479980468750e+01
4.605557632446289062e+01
6.532817077636718750e+01
6.123116683959960938e+01
5.357125854492187500e+01
8.101161193847656250e+01
4.066105651855468750e+01
6.842388916015625000e+01
8.183603668212890625e+01
5.019765853881835938e+01
4.791687774658203125e+01
3.000000000000000000e+01
4.136785888671875000e+01
5.355807113647460938e+01
6.122298812866210938e+01
4.111939620971679688e+01
1.294122314453125000e+02
4.698650360107421875e+01
7.519408416748046875e+01
6.748609924316406250e+01
4.779240417480468750e+01
4.669145202636718750e+01
4.187891769409179688e+01
6.983252716064453125e+01
3.796807861328125000e+01
6.497533416748046875e+01
4.917954254150390625e+01
8.203330993652343750e+01
7.716260528564453125e+01
3.947008132934570312e+01
4.403871154785156250e+01
4.390509796142578125e+01
5.206414794921875000e+01
5.933241271972656250e+01
5.096703338623046875e+01
4.640758514404296875e+01
6.574033355712890625e+01
5.250256347656250000e+01
1.002526550292968750e+02
8.246940612792968750e+01
5.443110275268554688e+01
4.231176757812500000e+01
1.046571044921875000e+02
4.507487869262695312e+01
7.674737548828125000e+01
6.306584167480468750e+01
1.206114501953125000e+02
3.166085433959960938e+01
4.644066619873046875e+01
6.548131561279296875e+01
3.177653121948242188e+01
5.935237884521484375e+01
5.084668731689453125e+01
3.364902114868164062e+01
4.198804473876953125e+01
3.903196716308593750e+01
6.299164199829101562e+01
8.686927795410156250e+01
4.020497131347656250e+01
4.119709014892578125e+01
8.618337249755859375e+01
4.608168792724609375e+01
6.823954772949218750e+01
5.219185256958007812e+01
4.439524841308593750e+01
5.540192413330078125e+01
5.449465942382812500e+01
4.034865570068359375e+01
3.957109451293945312e+01
4.719544601440429688e+01
7.498352050781250000e+01
5.638589477539062500e+01
4.468990325927734375e+01
5.489003372192382812e+01
5.071963500976562500e+01
9.490876007080078125e+01
6.123073959350585938e+01
4.253818130493164062e+01
6.613054656982421875e+01
5.235774993896484375e+01
8.343447875976562500e+01
4.389932250976562500e+01
3.991947555541992188e+01
7.214726257324218750e+01
4.671559906005859375e+01
8.782541656494140625e+01
7.308016204833984375e+01
5.080523681640625000e+01
6.833286285400390625e+01
4.982385253906250000e+01
1.051273345947265625e+02
9.775874328613281250e+01
6.766383361816406250e+01
1.558179168701171875e+02
5.841610717773437500e+01
7.779026794433593750e+01
4.655907440185546875e+01
7.558485412597656250e+01
5.942646789550781250e+01
1.052093658447265625e+02
4.017295074462890625e+01
1.059487075805664062e+02
4.910832214355468750e+01
6.759478759765625000e+01
3.596381378173828125e+01
5.935510635375976562e+01
5.398661804199218750e+01
4.277825164794921875e+01
6.857772827148437500e+01
4.346665191650390625e+01
6.143298339843750000e+01
4.913798141479492188e+01
3.781328964233398438e+01
1.187493515014648438e+02
4.643915176391601562e+01
4.314734268188476562e+01
3.000000000000000000e+01
3.000000000000000000e+01
4.831778717041015625e+01
5.564906311035156250e+01
5.576573944091796875e+01
3.767584609985351562e+01
6.431295776367187500e+01
5.470651626586914062e+01
5.831766510009765625e+01
5.639765930175781250e+01
8.024975585937500000e+01
5.833161163330078125e+01
4.483724212646484375e+01
4.865393066406250000e+01
3.000000000000000000e+01
7.512857055664062500e+01
5.376842880249023438e+01
4.493536758422851562e+01
5.581605148315429688e+01
5.839517211914062500e+01
5.279640960693359375e+01
4.301343536376953125e+01
4.752721786499023438e+01
5.286775588989257812e+01
4.664002990722656250e+01
7.252658081054687500e+01
1.136971435546875000e+02
6.312443542480468750e+01
6.057703781127929688e+01
8.295809173583984375e+01
6.148268508911132812e+01
3.000000000000000000e+01
5.161988449096679688e+01
4.701060867309570312e+01
6.769690704345703125e+01
8.226118469238281250e+01
1.355150756835937500e+02
4.123992919921875000e+01
4.814088439941406250e+01
8.183966064453125000e+01
4.677672195434570312e+01
4.199717330932617188e+01
3.862496185302734375e+01
3.883427047729492188e+01
5.362878417968750000e+01
5.469866180419921875e+01
4.771844863891601562e+01
4.477740097045898438e+01
3.905001831054687500e+01
6.718035888671875000e+01
1.007814941406250000e+02
3.965942001342773438e+01
4.337957763671875000e+01
3.000000000000000000e+01
5.748088836669921875e+01
9.214815521240234375e+01
5.728691101074218750e+01
8.876858520507812500e+01
3.718310165405273438e+01
4.916125488281250000e+01
4.952589797973632812e+01
4.591559600830078125e+01
5.014969635009765625e+01
6.177761077880859375e+01
4.321596527099609375e+01
4.322206497192382812e+01
6.979960632324218750e+01
5.487676620483398438e+01
4.668484115600585938e+01
1.117287673950195312e+02
7.378216552734375000e+01
6.033162689208984375e+01
8.677605438232421875e+01
4.524146652221679688e+01
5.610004043579101562e+01
1.287435913085937500e+02
1.453948059082031250e+02
4.946501922607421875e+01
4.938036346435546875e+01
3.727865219116210938e+01
5.321747970581054688e+01
1.110028228759765625e+02
3.504037094116210938e+01
6.433422088623046875e+01
4.392748260498046875e+01
3.840349197387695312e+01
3.486157989501953125e+01
1.402978820800781250e+02
4.738554382324218750e+01
5.980669021606445312e+01
6.988777160644531250e+01
3.636154556274414062e+01
1.336979370117187500e+02
5.293410491943359375e+01
1.280047149658203125e+02
6.535480499267578125e+01
5.080121231079101562e+01
7.816384887695312500e+01
5.781832504272460938e+01
5.057977294921875000e+01
6.033163070678710938e+01
5.965937805175781250e+01
1.051428375244140625e+02
3.000000000000000000e+01
5.534767150878906250e+01
7.199630737304687500e+01
8.648046875000000000e+01
8.136595153808593750e+01
5.086988067626953125e+01
5.699079132080078125e+01
6.490381622314453125e+01
4.124934768676757812e+01
6.633918762207031250e+01
3.542728042602539062e+01
4.814568710327148438e+01
5.150597763061523438e+01
3.437217712402343750e+01
4.272171020507812500e+01
4.163447570800781250e+01
4.394247436523437500e+01
3.049972724914550781e+01
9.612232971191406250e+01
3.996220779418945312e+01
3.000000000000000000e+01
5.906808853149414062e+01
4.980238723754882812e+01
3.383776092529296875e+01
5.497479629516601562e+01
4.589888763427734375e+01
3.000000000000000000e+01
3.903708648681640625e+01
6.643901062011718750e+01
7.004637908935546875e+01
3.976981353759765625e+01
7.982334899902343750e+01
7.722712707519531250e+01
6.734472656250000000e+01
8.597821807861328125e+01
1.266801376342773438e+02
3.688005065917968750e+01
8.295317077636718750e+01
7.615855407714843750e+01
8.937805175781250000e+01
4.339527511596679688e+01
3.532781219482421875e+01
1.213615188598632812e+02
5.721294403076171875e+01
1.046571044921875000e+02
4.920661163330078125e+01
4.202121353149414062e+01
5.230213928222656250e+01
4.557433319091796875e+01
3.445513916015625000e+01
4.029709625244140625e+01
3.911560058593750000e+01
4.169503021240234375e+01
1.294122314453125000e+02
3.326386260986328125e+01
8.451819610595703125e+01
4.996740722656250000e+01
5.360520172119140625e+01
4.181916046142578125e+01
5.319915008544921875e+01
5.136363983154296875e+01
8.472508239746093750e+01
5.490486145019531250e+01
3.000000000000000000e+01
3.760786437988281250e+01
5.119267272949218750e+01
7.849229431152343750e+01
3.778736877441406250e+01
6.734472656250000000e+01
4.404878997802734375e+01
4.896755599975585938e+01
1.247620315551757812e+02
4.513422775268554688e+01
3.971529388427734375e+01
8.643569946289062500e+01
1.332792816162109375e+02
1.695340881347656250e+02
6.493919372558593750e+01
8.101161193847656250e+01
4.592690277099609375e+01
9.034579467773437500e+01
6.100522613525390625e+01
3.515876770019531250e+01
1.046154022216796875e+02
5.131951904296875000e+01
6.782617950439453125e+01
9.491479492187500000e+01
8.698274993896484375e+01
7.285911560058593750e+01
8.081286621093750000e+01
3.174267387390136719e+01
6.595232391357421875e+01
8.847364807128906250e+01
3.727805328369140625e+01
4.307285308837890625e+01
5.566051864624023438e+01
4.625194931030273438e+01
9.097595977783203125e+01
1.240963897705078125e+02
7.012544250488281250e+01
1.031260604858398438e+02
6.792926788330078125e+01
5.682117462158203125e+01
8.751576995849609375e+01
6.582940673828125000e+01
3.720594787597656250e+01
3.183969879150390625e+01
3.760305023193359375e+01
5.904427719116210938e+01
5.245599746704101562e+01
7.378216552734375000e+01
4.838948822021484375e+01
5.249992370605468750e+01
4.241846466064453125e+01
2.529596405029296875e+02
4.606747436523437500e+01
4.365907287597656250e+01
3.544031143188476562e+01
3.000000000000000000e+01
4.242086791992187500e+01
5.488647460937500000e+01
6.447419738769531250e+01
9.378416442871093750e+01
7.219858551025390625e+01
4.317333984375000000e+01
4.953228759765625000e+01
4.786500549316406250e+01
1.605802459716796875e+02
4.315806198120117188e+01
3.992616653442382812e+01
6.402908325195312500e+01
3.422938537597656250e+01
5.786243057250976562e+01
7.201559448242187500e+01
1.297156677246093750e+02
6.926609802246093750e+01
7.650134277343750000e+01
5.324135589599609375e+01
4.692662048339843750e+01
6.641482543945312500e+01
3.354383087158203125e+01
6.778210449218750000e+01
8.976844787597656250e+01
4.259725952148437500e+01
3.905664825439453125e+01
7.344714355468750000e+01
3.000000000000000000e+01
3.993350219726562500e+01
1.227444915771484375e+02
7.105912780761718750e+01
6.388863372802734375e+01
6.792228698730468750e+01
4.473151397705078125e+01
5.421784210205078125e+01
8.179266357421875000e+01
4.804862213134765625e+01
8.451819610595703125e+01
1.817341918945312500e+02
4.557433700561523438e+01
9.903722381591796875e+01
4.544791030883789062e+01
5.870524597167968750e+01
7.935237121582031250e+01
6.194150543212890625e+01
5.348483657836914062e+01
6.459677124023437500e+01
3.437315750122070312e+01
4.846102905273437500e+01
4.852240753173828125e+01
5.525928497314453125e+01
4.001102447509765625e+01
5.878960418701171875e+01
5.871738052368164062e+01
1.444621124267578125e+02
9.061879730224609375e+01
4.535689544677734375e+01
4.655907440185546875e+01
4.652210998535156250e+01
5.143143844604492188e+01
6.963067626953125000e+01
3.000000000000000000e+01
8.289756774902343750e+01
8.903759002685546875e+01
4.536636734008789062e+01
9.910893249511718750e+01
7.638928222656250000e+01
6.072391510009765625e+01
5.118524551391601562e+01
4.968124771118164062e+01
4.578872680664062500e+01
1.863815917968750000e+02
3.202969741821289062e+01
5.698526763916015625e+01
4.812895584106445312e+01
4.108990097045898438e+01
9.770895385742187500e+01
4.154948425292968750e+01
3.771135711669921875e+01
1.207530822753906250e+02
7.004637908935546875e+01
7.486136627197265625e+01
4.550492858886718750e+01
4.175852203369140625e+01
5.942969131469726562e+01
7.482515716552734375e+01
7.451518249511718750e+01
6.986207580566406250e+01
7.085447692871093750e+01
3.288933563232421875e+01
5.405764007568359375e+01
8.084375000000000000e+01
4.499483489990234375e+01
4.199717330932617188e+01
5.839074707031250000e+01
1.047670822143554688e+02
6.180770111083984375e+01
5.293968582153320312e+01
4.259974288940429688e+01
3.000000000000000000e+01
3.915406799316406250e+01
3.049506759643554688e+01
4.047886657714843750e+01
3.777875900268554688e+01
4.733282470703125000e+01
5.587586975097656250e+01
4.951065063476562500e+01
4.192475509643554688e+01
6.800802612304687500e+01
5.906878280639648438e+01
4.589698410034179688e+01
4.091279602050781250e+01
5.175389480590820312e+01
4.861964416503906250e+01
3.000000000000000000e+01
3.540795898437500000e+01
7.843521118164062500e+01
3.660548019409179688e+01
5.900905227661132812e+01
3.338079071044921875e+01
5.640340042114257812e+01
4.191250610351562500e+01
3.000000000000000000e+01
1.107623062133789062e+02
5.753314208984375000e+01
4.251019287109375000e+01
7.343570709228515625e+01
3.992616653442382812e+01
6.435756683349609375e+01
4.809626770019531250e+01
4.349518585205078125e+01
9.186650085449218750e+01
4.563349914550781250e+01
1.323996124267578125e+02
9.186682128906250000e+01
3.665275192260742188e+01
4.677086639404296875e+01
8.352994537353515625e+01
4.794551467895507812e+01
6.186082458496093750e+01
6.988777160644531250e+01
1.562309570312500000e+02
4.419169998168945312e+01
4.802793884277343750e+01
5.290771484375000000e+01
4.225194549560546875e+01
5.046525955200195312e+01
9.823916625976562500e+01
3.215820312500000000e+01
7.846354675292968750e+01
5.189176559448242188e+01
4.048201751708984375e+01
4.612007141113281250e+01
3.910361862182617188e+01
3.967205810546875000e+01
4.165274047851562500e+01
3.745823669433593750e+01
3.440480041503906250e+01
3.965053558349609375e+01
4.242718505859375000e+01
4.448028564453125000e+01
4.688202667236328125e+01
5.182533645629882812e+01
5.935237884521484375e+01
6.920947265625000000e+01
1.355150909423828125e+02
6.130729675292968750e+01
9.476417541503906250e+01
6.721089172363281250e+01
1.034490661621093750e+02
3.236603164672851562e+01
5.240177917480468750e+01
5.700951385498046875e+01
4.041661071777343750e+01
5.745861816406250000e+01
8.022111511230468750e+01
7.065664672851562500e+01
5.733087921142578125e+01
4.020497131347656250e+01
4.595575714111328125e+01
6.049797821044921875e+01
9.139682006835937500e+01
4.640776062011718750e+01
5.338909149169921875e+01
4.395143127441406250e+01
3.757947540283203125e+01
9.167645263671875000e+01
5.096703338623046875e+01
4.168489074707031250e+01
4.382813644409179688e+01
5.027763366699218750e+01
7.417538452148437500e+01
1.038612899780273438e+02
4.715343475341796875e+01
3.534547805786132812e+01
3.851827239990234375e+01
9.378416442871093750e+01
7.174169158935546875e+01
5.477104187011718750e+01
4.390850830078125000e+01
6.281417846679687500e+01
4.495214462280273438e+01
5.127613449096679688e+01
4.280806732177734375e+01
6.119710540771484375e+01
3.962348937988281250e+01
8.141711425781250000e+01
5.183444213867187500e+01
6.837263488769531250e+01
6.594924163818359375e+01
3.855448532104492188e+01
4.263830184936523438e+01
5.363667297363281250e+01
6.549147796630859375e+01
4.674742889404296875e+01
6.778060150146484375e+01
5.717481613159179688e+01
4.158192443847656250e+01
5.593700027465820312e+01
4.501794052124023438e+01
3.000000000000000000e+01
4.545354843139648438e+01
6.802880859375000000e+01
5.871738052368164062e+01
5.632239532470703125e+01
5.947686004638671875e+01
3.713419723510742188e+01
6.797875976562500000e+01
9.843736267089843750e+01
5.926897430419921875e+01
4.706564712524414062e+01
1.034490661621093750e+02
6.493919372558593750e+01
6.773205566406250000e+01
1.047670822143554688e+02
4.126390457153320312e+01
3.570033264160156250e+01
7.757680511474609375e+01
3.000000000000000000e+01
4.306028366088867188e+01
1.611787719726562500e+02
4.579965209960937500e+01
3.000000000000000000e+01
4.441318511962890625e+01
1.105355758666992188e+02
7.390424346923828125e+01
4.584702301025390625e+01
1.115193862915039062e+02
4.561945724487304688e+01
1.056859588623046875e+02
7.841656494140625000e+01
1.073383712768554688e+02
5.091133499145507812e+01
3.000000000000000000e+01
9.157373809814453125e+01
6.942910766601562500e+01
7.378729248046875000e+01
5.490486526489257812e+01
5.089545822143554688e+01
3.000000000000000000e+01
4.809452819824218750e+01
5.190613937377929688e+01
5.225575637817382812e+01
4.157633972167968750e+01
6.805552673339843750e+01
7.715932464599609375e+01
4.774876022338867188e+01
3.260791778564453125e+01
4.920320892333984375e+01
3.365520858764648438e+01
4.648483276367187500e+01
1.124031448364257812e+02
6.009913635253906250e+01
8.832324218750000000e+01
5.248006057739257812e+01
4.087342834472656250e+01
3.291896438598632812e+01
8.782541656494140625e+01
5.967517852783203125e+01
7.457828521728515625e+01
7.801690673828125000e+01
5.502556991577148438e+01
3.690842437744140625e+01
4.497522354125976562e+01
5.099016571044921875e+01
5.561196136474609375e+01
5.906266784667968750e+01
1.863815765380859375e+02
4.818317031860351562e+01
6.229190444946289062e+01
6.956048583984375000e+01
7.528454589843750000e+01
3.940318679809570312e+01
5.000149917602539062e+01
4.642011642456054688e+01
6.194353485107421875e+01
7.603100585937500000e+01
3.386025619506835938e+01
4.014766311645507812e+01
5.871505737304687500e+01
9.008029174804687500e+01
4.605767059326171875e+01
1.323996124267578125e+02
5.953466796875000000e+01
3.265895080566406250e+01
4.181896209716796875e+01
6.567218017578125000e+01
1.442460632324218750e+02
8.191499328613281250e+01
5.125044250488281250e+01
8.609883880615234375e+01
3.000000000000000000e+01
6.262016296386718750e+01
9.097074890136718750e+01
3.482269287109375000e+01
4.054879760742187500e+01
6.919423675537109375e+01
8.140476989746093750e+01
3.869535827636718750e+01
9.390491485595703125e+01
4.152564239501953125e+01
4.512476348876953125e+01
5.721294403076171875e+01
8.776121520996093750e+01
6.902622222900390625e+01
4.495152282714843750e+01
4.354212570190429688e+01
4.640321350097656250e+01
3.691863632202148438e+01
4.315806198120117188e+01
4.242057037353515625e+01
7.191466522216796875e+01
7.105912780761718750e+01
3.066567230224609375e+01
4.594477844238281250e+01
4.242295837402343750e+01
4.365907287597656250e+01
4.350609588623046875e+01
9.637550354003906250e+01
3.000000000000000000e+01
6.379858398437500000e+01
8.389776611328125000e+01
4.987996292114257812e+01
3.000000000000000000e+01
3.967098236083984375e+01
6.759478759765625000e+01
6.612190246582031250e+01
5.077178955078125000e+01
6.555281066894531250e+01
4.960092926025390625e+01
7.156304931640625000e+01
5.070531463623046875e+01
4.168348693847656250e+01
5.406028366088867188e+01
5.130236816406250000e+01
5.942969131469726562e+01
5.159310531616210938e+01
4.191241073608398438e+01
6.089408493041992188e+01
4.608633041381835938e+01
6.244861602783203125e+01
5.020302963256835938e+01
3.383776092529296875e+01
4.833333587646484375e+01
4.297365570068359375e+01
6.170917892456054688e+01
6.298357772827148438e+01
4.639847564697265625e+01
6.810005950927734375e+01
4.228696060180664062e+01
5.487676620483398438e+01
5.085060882568359375e+01
5.067710876464843750e+01
6.598144531250000000e+01
5.832321548461914062e+01
7.068730926513671875e+01
4.186994552612304688e+01
8.132205200195312500e+01
5.859955215454101562e+01
4.803658294677734375e+01
7.518066406250000000e+01
1.246192779541015625e+02
1.162194824218750000e+02
3.777057266235351562e+01
3.000000000000000000e+01
4.766866302490234375e+01
5.033302307128906250e+01
9.061879730224609375e+01
8.112057495117187500e+01
5.943107223510742188e+01
9.575740051269531250e+01
4.920320892333984375e+01
4.968340682983398438e+01
3.000000000000000000e+01
5.304737854003906250e+01
5.881215667724609375e+01
3.568083953857421875e+01
4.291561126708984375e+01
7.052549743652343750e+01
4.909689331054687500e+01
4.407753753662109375e+01
7.868875122070312500e+01
3.678562164306640625e+01
5.400700759887695312e+01
5.355807113647460938e+01
6.040970611572265625e+01
3.957733154296875000e+01
4.495152282714843750e+01
1.570632476806640625e+02
7.676203155517578125e+01
4.220925521850585938e+01
5.105163574218750000e+01
5.295315933227539062e+01
1.180473556518554688e+02
4.128525543212890625e+01
5.036997222900390625e+01
5.701397323608398438e+01
4.157633972167968750e+01
6.077993774414062500e+01
5.198345947265625000e+01
5.176727676391601562e+01
5.153504180908203125e+01
6.123687744140625000e+01
3.493859100341796875e+01
4.092333984375000000e+01
6.753259277343750000e+01
5.362088775634765625e+01
1.837473144531250000e+02
5.525206756591796875e+01
5.324125289916992188e+01
5.347083663940429688e+01
5.236645507812500000e+01
4.428482818603515625e+01
7.295030212402343750e+01
5.822269821166992188e+01
5.586384963989257812e+01
4.778063583374023438e+01
5.568486785888671875e+01
5.328248977661132812e+01
4.409949493408203125e+01
4.568722152709960938e+01
5.248833465576171875e+01
3.665275192260742188e+01
3.917249298095703125e+01
3.640791320800781250e+01
6.108519744873046875e+01
5.869966125488281250e+01
3.052398490905761719e+01
4.956264114379882812e+01
5.906809234619140625e+01
7.915058898925781250e+01
6.875438690185546875e+01
9.112478637695312500e+01
4.150165557861328125e+01
6.986206817626953125e+01
7.487416076660156250e+01
3.958077239990234375e+01
7.518066406250000000e+01
3.791098403930664062e+01
4.394999313354492188e+01
3.779386138916015625e+01
4.253841400146484375e+01
8.846905517578125000e+01
5.101468658447265625e+01
3.875359344482421875e+01
6.734193420410156250e+01
3.863938903808593750e+01
1.022330398559570312e+02
6.336866378784179688e+01
4.558003234863281250e+01
5.372686004638671875e+01
8.818295288085937500e+01
8.151407623291015625e+01
7.184214782714843750e+01
4.906602096557617188e+01
3.212886047363281250e+01
4.439174270629882812e+01
5.783848571777343750e+01
5.800294494628906250e+01
1.234104003906250000e+02
7.943008422851562500e+01
1.313693237304687500e+02
4.981614685058593750e+01
4.469640350341796875e+01
6.156772613525390625e+01
3.000000000000000000e+01
4.838897705078125000e+01
3.327383041381835938e+01
3.415081024169921875e+01
5.440606307983398438e+01
1.104883422851562500e+02
6.162868881225585938e+01
3.000000000000000000e+01
5.552312469482421875e+01
5.949280166625976562e+01
4.097635650634765625e+01
4.578235244750976562e+01
5.906266784667968750e+01
4.360113143920898438e+01
6.704646301269531250e+01
6.262015914916992188e+01
6.470029449462890625e+01
5.387949752807617188e+01
3.466399765014648438e+01
4.667517852783203125e+01
4.915108108520507812e+01
4.419388580322265625e+01
7.240937042236328125e+01
7.039949035644531250e+01
4.393020629882812500e+01
8.677605438232421875e+01
5.443390655517578125e+01
3.309209442138671875e+01
4.235752868652343750e+01
4.151755142211914062e+01
3.255455780029296875e+01
4.478492736816406250e+01
3.734699249267578125e+01
4.022449874877929688e+01
7.599285888671875000e+01
4.317333984375000000e+01
3.846067428588867188e+01
1.444621124267578125e+02
7.280854797363281250e+01
4.187186050415039062e+01
5.744696807861328125e+01
7.719551086425781250e+01
4.192475509643554688e+01
6.032870483398437500e+01
1.031258773803710938e+02
4.619132995605468750e+01
7.381378173828125000e+01
4.187891769409179688e+01
3.178315162658691406e+01
5.933241271972656250e+01
5.595351028442382812e+01
5.057207489013671875e+01
5.280050659179687500e+01
4.086109161376953125e+01
4.571425247192382812e+01
4.340802001953125000e+01
5.131951904296875000e+01
3.833995819091796875e+01
4.185607147216796875e+01
7.659499359130859375e+01
6.862576293945312500e+01
4.490560150146484375e+01
8.685696411132812500e+01
4.380588150024414062e+01
3.159421920776367188e+01
6.945652008056640625e+01
7.125412750244140625e+01
4.294558715820312500e+01
4.460861587524414062e+01
3.000000000000000000e+01
4.279120635986328125e+01
3.226436996459960938e+01
8.957173156738281250e+01
4.966111755371093750e+01
4.696682357788085938e+01
4.550492858886718750e+01
5.563025283813476562e+01
5.829640197753906250e+01
3.193052101135253906e+01
4.735015106201171875e+01
5.426463317871093750e+01
5.219184875488281250e+01
7.340816497802734375e+01
6.099377441406250000e+01
3.549583053588867188e+01
4.834979629516601562e+01
3.379458999633789062e+01
5.444793701171875000e+01
7.498352050781250000e+01
8.792170715332031250e+01
5.176727676391601562e+01
5.324768829345703125e+01
5.934475326538085938e+01
4.735015106201171875e+01
3.040441894531250000e+01
4.962210083007812500e+01
3.000000000000000000e+01
3.913653945922851562e+01
5.547915649414062500e+01
5.951606369018554688e+01
3.796325683593750000e+01
4.738554382324218750e+01
5.560501480102539062e+01
5.863697814941406250e+01
3.697753143310546875e+01
5.831589508056640625e+01
3.307736206054687500e+01
5.341811370849609375e+01
5.860873794555664062e+01
4.290994644165039062e+01
6.568648529052734375e+01
3.585134506225585938e+01
6.627809143066406250e+01
6.107772445678710938e+01
5.332742691040039062e+01
5.386537933349609375e+01
4.040343856811523438e+01
8.223439025878906250e+01
6.507199096679687500e+01
4.442131805419921875e+01
3.811672210693359375e+01
5.873938751220703125e+01
6.366337203979492188e+01
6.057703781127929688e+01
3.041313362121582031e+01
9.506697082519531250e+01
4.494123077392578125e+01
4.272715759277343750e+01
4.508611297607421875e+01
4.818181610107421875e+01
5.400853729248046875e+01
3.658892059326171875e+01
7.935237121582031250e+01
5.357849884033203125e+01
4.814088439941406250e+01
3.763241958618164062e+01
5.445018768310546875e+01
3.994626617431640625e+01
5.566836547851562500e+01
3.000000000000000000e+01
3.766920471191406250e+01
3.161323165893554688e+01
3.820355987548828125e+01
6.593899536132812500e+01
4.891704940795898438e+01
6.857923126220703125e+01
6.199567794799804688e+01
4.547325897216796875e+01
4.791476440429687500e+01
3.301654434204101562e+01
3.000000000000000000e+01
5.445018768310546875e+01
7.068730926513671875e+01
4.376927185058593750e+01
5.244662857055664062e+01
3.439808654785156250e+01
7.388166809082031250e+01
6.069865036010742188e+01
6.583132171630859375e+01
5.181948089599609375e+01
3.190717887878417969e+01
7.795777893066406250e+01
3.178828048706054688e+01
6.571798706054687500e+01
3.113110160827636719e+01
4.953938293457031250e+01
3.608153533935546875e+01
3.000000000000000000e+01
4.537035369873046875e+01
4.870193481445312500e+01
7.060823059082031250e+01
4.482240676879882812e+01
8.792170715332031250e+01
5.623956680297851562e+01
4.081481170654296875e+01
3.686863708496093750e+01
4.896585083007812500e+01
4.020032119750976562e+01
4.589888000488281250e+01
7.210850524902343750e+01
6.447419738769531250e+01
4.349518585205078125e+01
4.191478729248046875e+01
4.312504959106445312e+01
6.844016265869140625e+01
4.599559783935546875e+01
4.241529846191406250e+01
4.456309127807617188e+01
3.833819580078125000e+01
3.916263580322265625e+01
4.191241073608398438e+01
5.039263534545898438e+01
3.795282363891601562e+01
4.321379470825195312e+01
5.433655548095703125e+01
3.904748535156250000e+01
3.385040283203125000e+01
4.737722015380859375e+01
3.564781951904296875e+01
6.019017028808593750e+01
4.627377319335937500e+01
7.214726257324218750e+01
5.623956680297851562e+01
6.405677795410156250e+01
3.000000000000000000e+01
4.187413406372070312e+01
6.180927276611328125e+01
3.000000000000000000e+01
5.010630035400390625e+01
7.186454772949218750e+01
3.000000000000000000e+01
7.324923706054687500e+01
5.340817260742187500e+01
4.677086639404296875e+01
4.090365600585937500e+01
7.219858551025390625e+01
3.000000000000000000e+01
3.857778930664062500e+01
6.199634552001953125e+01
4.563432693481445312e+01
8.818295288085937500e+01
7.633581542968750000e+01
3.000000000000000000e+01
6.251826858520507812e+01
4.924515914916992188e+01
5.348484039306640625e+01
5.152158355712890625e+01
5.739239883422851562e+01
6.177761077880859375e+01
7.201559448242187500e+01
5.119577789306640625e+01
5.385159683227539062e+01
7.370446777343750000e+01
4.683511352539062500e+01
8.981703948974609375e+01
3.344242095947265625e+01
3.871806716918945312e+01
3.760093307495117188e+01
5.390358734130859375e+01
3.000000000000000000e+01
7.439097595214843750e+01
4.741675949096679688e+01
5.324125289916992188e+01
4.203565216064453125e+01
4.670186233520507812e+01
3.530188751220703125e+01
4.812663269042968750e+01
7.516492462158203125e+01
3.932151412963867188e+01
3.711648559570312500e+01
5.406233978271484375e+01
4.703432464599609375e+01
4.683004760742187500e+01
4.717117309570312500e+01
5.386537933349609375e+01
3.000000000000000000e+01
3.601480865478515625e+01
4.866380691528320312e+01
4.893142700195312500e+01
3.000000000000000000e+01
4.687304687500000000e+01
5.871505737304687500e+01
3.539547348022460938e+01
4.165274047851562500e+01
4.873929214477539062e+01
6.635209655761718750e+01
5.545421600341796875e+01
8.627156829833984375e+01
1.127247314453125000e+02
5.230818557739257812e+01
4.314734268188476562e+01
4.787162017822265625e+01
4.867616653442382812e+01
3.000000000000000000e+01
4.559214019775390625e+01
6.627626800537109375e+01
7.801690673828125000e+01
5.474804687500000000e+01
3.686412429809570312e+01
4.754511260986328125e+01
5.913961791992187500e+01
3.293129348754882812e+01
5.046525955200195312e+01
6.040970611572265625e+01
5.841314315795898438e+01
3.000000000000000000e+01
5.802259445190429688e+01
3.428947448730468750e+01
5.104945373535156250e+01
5.593700027465820312e+01
3.367105484008789062e+01
4.610782241821289062e+01
4.030121994018554688e+01
3.494718933105468750e+01
5.416659545898437500e+01
5.057482528686523438e+01
4.255368804931640625e+01
4.605767059326171875e+01
3.958952331542968750e+01
4.008513259887695312e+01
3.940318679809570312e+01
4.458033752441406250e+01
3.000000000000000000e+01
7.880436706542968750e+01
3.882561492919921875e+01
4.899704742431640625e+01
4.227923202514648438e+01
3.940751647949218750e+01
6.511587524414062500e+01
5.808230590820312500e+01
5.507276916503906250e+01
3.973130035400390625e+01
3.246423721313476562e+01
4.946944808959960938e+01
4.341813659667968750e+01
3.236603164672851562e+01
4.376691436767578125e+01
4.566699218750000000e+01
6.271496582031250000e+01
4.943933868408203125e+01
5.165259552001953125e+01
4.928068161010742188e+01
7.937636566162109375e+01
4.220504379272460938e+01
8.258839416503906250e+01
7.736862945556640625e+01
5.605233764648437500e+01
5.004888534545898438e+01
4.012606048583984375e+01
7.099984741210937500e+01
6.833298492431640625e+01
3.918695068359375000e+01
7.009289550781250000e+01
4.724787902832031250e+01
3.832984924316406250e+01
5.590815734863281250e+01
7.463214874267578125e+01
4.880168914794921875e+01
5.282511901855468750e+01
3.000000000000000000e+01
6.175872039794921875e+01
4.001396179199218750e+01
4.071823120117187500e+01
4.565533828735351562e+01
1.015543212890625000e+02
5.132519149780273438e+01
3.935249328613281250e+01
3.994601440429687500e+01
6.103976821899414062e+01
3.901105117797851562e+01
5.202600097656250000e+01
4.980436325073242188e+01
9.112478637695312500e+01
5.258908843994140625e+01
6.113610076904296875e+01
7.138978576660156250e+01
6.427627563476562500e+01
5.846648025512695312e+01
3.000000000000000000e+01
4.025513839721679688e+01
5.309784317016601562e+01
3.884960937500000000e+01
3.842165756225585938e+01
3.170734405517578125e+01
3.963714218139648438e+01
4.609268188476562500e+01
3.188851356506347656e+01
3.678145599365234375e+01
4.548519134521484375e+01
6.656970977783203125e+01
5.016853713989257812e+01
3.344944381713867188e+01
4.389143371582031250e+01
3.000000000000000000e+01
3.000000000000000000e+01
4.330711364746093750e+01
7.308016204833984375e+01
4.487793731689453125e+01
4.267398834228515625e+01
3.000000000000000000e+01
5.405764389038085938e+01
6.343170166015625000e+01
3.000000000000000000e+01
8.223439025878906250e+01
4.207182312011718750e+01
8.800218200683593750e+01
4.156416320800781250e+01
5.446249389648437500e+01
5.746066284179687500e+01
4.105215454101562500e+01
3.126422691345214844e+01
4.770078277587890625e+01
4.665230560302734375e+01
4.692662048339843750e+01
3.668545150756835938e+01
4.574057006835937500e+01
5.934186172485351562e+01
4.392599105834960938e+01
6.077993774414062500e+01
6.468769073486328125e+01
7.722711944580078125e+01
4.705575561523437500e+01
5.107514190673828125e+01
5.299726104736328125e+01
4.609267807006835938e+01
5.967248535156250000e+01
5.957678604125976562e+01
5.156768798828125000e+01
5.188214111328125000e+01
4.987209701538085938e+01
4.888619232177734375e+01
4.127638244628906250e+01
3.253607177734375000e+01
7.902174377441406250e+01
3.348602294921875000e+01
4.355964660644531250e+01
3.712200927734375000e+01
4.003171920776367188e+01
5.024057006835937500e+01
3.000000000000000000e+01
4.896755599975585938e+01
3.007188415527343750e+01
3.000000000000000000e+01
5.833161163330078125e+01
6.734193420410156250e+01
3.000000000000000000e+01
5.270378112792968750e+01
4.781826782226562500e+01
3.997398376464843750e+01
3.959312057495117188e+01
5.562107849121093750e+01
4.299859619140625000e+01
4.288083648681640625e+01
3.799336624145507812e+01
5.400962066650390625e+01
4.770119094848632812e+01
4.723624038696289062e+01
4.608516693115234375e+01
3.573328781127929688e+01
4.026242065429687500e+01
3.395051574707031250e+01
3.653375625610351562e+01
5.197755050659179688e+01
4.792124176025390625e+01
7.463214874267578125e+01
5.470638275146484375e+01
3.000000000000000000e+01
3.462499237060546875e+01
8.216693878173828125e+01
4.225194549560546875e+01
4.088022232055664062e+01
7.902174377441406250e+01
4.530825042724609375e+01
4.696366882324218750e+01
3.757947921752929688e+01
5.587586975097656250e+01
1.118556518554687500e+02
8.210775756835937500e+01
5.380137252807617188e+01
8.138488769531250000e+01
3.166085433959960938e+01
3.000000000000000000e+01
5.545092773437500000e+01
4.612004470825195312e+01
5.171174240112304688e+01
6.700213623046875000e+01
3.144052505493164062e+01
3.175726127624511719e+01
4.699389266967773438e+01
3.789171218872070312e+01
3.838674926757812500e+01
6.128504943847656250e+01
4.467273712158203125e+01
3.523145294189453125e+01
4.706564331054687500e+01
4.924515914916992188e+01
3.000000000000000000e+01
3.479952621459960938e+01
8.023873138427734375e+01
4.532341003417968750e+01
3.000000000000000000e+01
6.089854812622070312e+01
4.731672668457031250e+01
3.690122985839843750e+01
3.710657501220703125e+01
4.730060958862304688e+01
4.636324691772460938e+01
3.652570343017578125e+01
3.841308593750000000e+01
4.232600402832031250e+01
5.794710922241210938e+01
6.212983703613281250e+01
3.675131225585937500e+01
3.830851745605468750e+01
4.337564849853515625e+01
3.743790054321289062e+01
3.856723785400390625e+01
6.727348327636718750e+01
4.960476684570312500e+01
4.487176513671875000e+01
3.109074211120605469e+01
3.336801910400390625e+01
3.149237632751464844e+01
3.000000000000000000e+01
5.656994628906250000e+01
4.190324020385742188e+01
5.474805068969726562e+01
3.957733154296875000e+01
4.420153045654296875e+01
5.274228668212890625e+01
4.636405181884765625e+01
4.223992156982421875e+01
7.423806762695312500e+01
4.918770599365234375e+01
5.344792938232421875e+01
4.120470809936523438e+01
7.915058898925781250e+01
4.994196319580078125e+01
3.474022674560546875e+01
3.258567428588867188e+01
5.355214309692382812e+01
6.798482513427734375e+01
4.500636291503906250e+01
4.483326721191406250e+01
3.609826278686523438e+01
3.736650085449218750e+01
4.267998504638671875e+01
3.834060668945312500e+01
4.791220855712890625e+01
4.773758316040039062e+01
5.848110580444335938e+01
4.674937438964843750e+01
5.863333129882812500e+01
4.478329849243164062e+01
4.196255874633789062e+01
5.841464233398437500e+01
3.041856384277343750e+01
4.118096160888671875e+01
3.000000000000000000e+01
3.074784469604492188e+01
4.769066619873046875e+01
4.820764160156250000e+01
3.357281875610351562e+01
4.968701553344726562e+01
3.000000000000000000e+01
3.868482208251953125e+01
4.383000564575195312e+01
3.309198760986328125e+01
