5.208090972900390625e+01
5.534676742553710938e+01
4.444823455810546875e+01
4.003485107421875000e+01
6.156327819824218750e+01
6.863507843017578125e+01
3.098805809020996094e+01
8.310073089599609375e+01
6.020686340332031250e+01
1.270265579223632812e+02
5.151538085937500000e+01
1.302834472656250000e+02
5.602695465087890625e+01
4.962287139892578125e+01
3.006761741638183594e+01
6.829252624511718750e+01
7.315233612060546875e+01
4.350925445556640625e+01
4.090934753417968750e+01
1.424903259277343750e+02
3.553651428222656250e+01
9.040126800537109375e+01
3.411405181884765625e+01
4.166724395751953125e+01
4.752518844604492188e+01
7.911751556396484375e+01
3.000000000000000000e+01
7.140583038330078125e+01
1.799761657714843750e+02
5.712358856201171875e+01
5.818630218505859375e+01
5.518440246582031250e+01
3.542001342773437500e+01
1.009273986816406250e+02
5.637654113769531250e+01
7.428311920166015625e+01
6.618856811523437500e+01
5.143700027465820312e+01
4.477949523925781250e+01
3.000000000000000000e+01
3.009731674194335938e+01
3.461509323120117188e+01
6.085353469848632812e+01
4.561742401123046875e+01
3.465510559082031250e+01
3.432870101928710938e+01
3.481138229370117188e+01
6.488703155517578125e+01
1.331614685058593750e+02
6.182881927490234375e+01
4.406579971313476562e+01
3.401605606079101562e+01
8.177941894531250000e+01
3.908970642089843750e+01
1.152850799560546875e+02
5.298646545410156250e+01
6.820733642578125000e+01
5.905472564697265625e+01
7.229779052734375000e+01
7.777486419677734375e+01
5.318712615966796875e+01
8.106353759765625000e+01
4.328101348876953125e+01
9.256305694580078125e+01
9.024746704101562500e+01
5.287809753417968750e+01
5.625061798095703125e+01
3.000000000000000000e+01
5.197170639038085938e+01
5.419101333618164062e+01
6.181752395629882812e+01
3.378890228271484375e+01
1.002707977294921875e+02
3.621129226684570312e+01
6.030212402343750000e+01
4.005701828002929688e+01
4.751195907592773438e+01
4.392444610595703125e+01
3.800181198120117188e+01
5.983876800537109375e+01
3.669082260131835938e+01
7.315233612060546875e+01
4.971820068359375000e+01
1.128192291259765625e+02
9.179571533203125000e+01
3.387283706665039062e+01
3.650551986694335938e+01
4.788504028320312500e+01
5.602695465087890625e+01
5.881801605224609375e+01
4.653673171997070312e+01
4.916985321044921875e+01
6.892427062988281250e+01
5.525928497314453125e+01
9.386691284179687500e+01
9.623658752441406250e+01
6.872557067871093750e+01
3.782364273071289062e+01
7.578082275390625000e+01
3.564326858520507812e+01
1.079586105346679688e+02
7.077134704589843750e+01
1.586381225585937500e+02
3.000000000000000000e+01
4.627671813964843750e+01
8.224404907226562500e+01
3.000000000000000000e+01
5.709607696533203125e+01
4.689784240722656250e+01
5.256086730957031250e+01
4.017332839965820312e+01
3.139255905151367188e+01
7.493399047851562500e+01
1.245277099609375000e+02
4.026282119750976562e+01
3.840866088867187500e+01
9.484078216552734375e+01
4.256103897094726562e+01
7.715151977539062500e+01
5.659123992919921875e+01
4.794448852539062500e+01
5.320645904541015625e+01
4.495214843750000000e+01
4.398665237426757812e+01
3.928756713867187500e+01
4.777183914184570312e+01
7.549832916259765625e+01
7.060229492187500000e+01
4.641442489624023438e+01
6.497744750976562500e+01
4.783964538574218750e+01
1.006316833496093750e+02
6.288421249389648438e+01
3.000000000000000000e+01
6.019733047485351562e+01
4.212930297851562500e+01
1.193152618408203125e+02
4.545118331909179688e+01
3.829569244384765625e+01
7.513989257812500000e+01
4.490715408325195312e+01
1.001501922607421875e+02
7.264203643798828125e+01
6.088969039916992188e+01
7.704988098144531250e+01
4.380105209350585938e+01
8.489944458007812500e+01
9.442622375488281250e+01
4.975302505493164062e+01
1.189482955932617188e+02
5.724504089355468750e+01
8.294896697998046875e+01
5.437188720703125000e+01
8.033273315429687500e+01
5.132977676391601562e+01
1.330766143798828125e+02
4.097611236572265625e+01
1.289859924316406250e+02
3.884472274780273438e+01
6.148405456542968750e+01
3.561086654663085938e+01
4.715412139892578125e+01
5.380365753173828125e+01
4.062985229492187500e+01
7.777962493896484375e+01
3.728273773193359375e+01
6.110351181030273438e+01
4.702986907958984375e+01
3.182415390014648438e+01
1.310504760742187500e+02
4.868677902221679688e+01
4.141247558593750000e+01
4.149591064453125000e+01
3.000000000000000000e+01
5.286910247802734375e+01
5.740839385986328125e+01
4.031327819824218750e+01
4.715821075439453125e+01
7.590793609619140625e+01
5.004612350463867188e+01
6.595599365234375000e+01
5.305227661132812500e+01
7.423370361328125000e+01
5.516193008422851562e+01
4.300786590576171875e+01
3.740865325927734375e+01
4.490808868408203125e+01
6.878749084472656250e+01
5.804613494873046875e+01
4.959961318969726562e+01
4.539377593994140625e+01
6.901922607421875000e+01
5.477090072631835938e+01
4.544600677490234375e+01
5.020003890991210938e+01
5.901820373535156250e+01
3.616941833496093750e+01
7.986305236816406250e+01
1.474474639892578125e+02
8.003031921386718750e+01
4.929882049560546875e+01
1.272002410888671875e+02
6.694062042236328125e+01
4.083063125610351562e+01
5.412126922607421875e+01
3.913811111450195312e+01
5.977580642700195312e+01
4.988860321044921875e+01
1.165574188232421875e+02
4.067671966552734375e+01
4.134503936767578125e+01
9.704737854003906250e+01
5.045358276367187500e+01
4.419361877441406250e+01
4.057784271240234375e+01
4.821193313598632812e+01
5.490163803100585938e+01
5.286894989013671875e+01
4.071833038330078125e+01
4.698275756835937500e+01
3.562528610229492188e+01
6.980002593994140625e+01
9.098233795166015625e+01
3.815761947631835938e+01
4.799133682250976562e+01
4.485081863403320312e+01
6.237417984008789062e+01
1.105647277832031250e+02
6.831497955322265625e+01
1.025084838867187500e+02
3.473879241943359375e+01
4.440909576416015625e+01
5.001815795898437500e+01
3.457638168334960938e+01
3.868259811401367188e+01
5.190617752075195312e+01
3.829592132568359375e+01
4.688977813720703125e+01
6.914477539062500000e+01
5.719926452636718750e+01
4.128334045410156250e+01
1.282890930175781250e+02
1.069945755004882812e+02
6.903428649902343750e+01
9.379785156250000000e+01
3.849319839477539062e+01
5.047005462646484375e+01
1.380113677978515625e+02
1.777377014160156250e+02
5.514019775390625000e+01
6.007434844970703125e+01
4.240963363647460938e+01
5.177310180664062500e+01
1.033985900878906250e+02
4.491501235961914062e+01
5.590485382080078125e+01
3.990371322631835938e+01
4.396343994140625000e+01
4.463780975341796875e+01
1.436215667724609375e+02
5.718002319335937500e+01
5.072157287597656250e+01
6.118379974365234375e+01
4.235348892211914062e+01
1.272938995361328125e+02
4.311854171752929688e+01
1.343459167480468750e+02
6.811325073242187500e+01
6.853857421875000000e+01
6.058504486083984375e+01
5.896193313598632812e+01
5.382829284667968750e+01
6.903428649902343750e+01
6.463256072998046875e+01
1.488541717529296875e+02
3.457328033447265625e+01
7.376536560058593750e+01
7.713058471679687500e+01
1.124366073608398438e+02
9.440742492675781250e+01
5.188473510742187500e+01
8.096713256835937500e+01
5.991604232788085938e+01
4.534054946899414062e+01
6.231270217895507812e+01
3.753165817260742188e+01
3.000000000000000000e+01
5.126435089111328125e+01
4.174878692626953125e+01
3.430822753906250000e+01
3.856091308593750000e+01
4.803189086914062500e+01
3.674650573730468750e+01
1.056499710083007812e+02
3.100305747985839844e+01
3.520457458496093750e+01
4.523977661132812500e+01
3.610152435302734375e+01
4.029839324951171875e+01
5.202557373046875000e+01
4.887932968139648438e+01
3.408175659179687500e+01
3.539057159423828125e+01
7.398036956787109375e+01
7.520816040039062500e+01
4.121562957763671875e+01
7.288566589355468750e+01
7.739558410644531250e+01
8.261772155761718750e+01
1.321848602294921875e+02
1.484790039062500000e+02
3.945749664306640625e+01
9.880569458007812500e+01
9.482113647460937500e+01
1.038149566650390625e+02
4.215762329101562500e+01
4.132399749755859375e+01
1.383032226562500000e+02
6.710591125488281250e+01
7.578082275390625000e+01
4.027838897705078125e+01
4.789603424072265625e+01
4.182463836669921875e+01
4.865463638305664062e+01
3.408547592163085938e+01
4.098067474365234375e+01
3.802388763427734375e+01
3.350724792480468750e+01
1.002707901000976562e+02
3.746730804443359375e+01
8.275223541259765625e+01
5.236772155761718750e+01
4.456798934936523438e+01
4.349849319458007812e+01
4.083361434936523438e+01
4.715658569335937500e+01
6.982273101806640625e+01
4.801840972900390625e+01
4.701603317260742188e+01
3.644661331176757812e+01
6.244609832763671875e+01
7.571612548828125000e+01
4.018141174316406250e+01
8.261772155761718750e+01
5.014596557617187500e+01
4.259236145019531250e+01
1.576218109130859375e+02
3.968479919433593750e+01
4.002805328369140625e+01
9.594728851318359375e+01
1.560313873291015625e+02
1.881679687500000000e+02
5.101805114746093750e+01
8.106353759765625000e+01
3.257147979736328125e+01
8.812074279785156250e+01
6.045595932006835938e+01
3.633430862426757812e+01
1.481396636962890625e+02
5.348133468627929688e+01
7.089076995849609375e+01
1.260536193847656250e+02
6.779555511474609375e+01
5.554610061645507812e+01
9.218041992187500000e+01
3.606752777099609375e+01
7.391389465332031250e+01
1.081975250244140625e+02
3.139974212646484375e+01
6.922571563720703125e+01
6.506408691406250000e+01
4.835588455200195312e+01
1.036565704345703125e+02
1.366004333496093750e+02
7.573798370361328125e+01
1.186222000122070312e+02
9.169338989257812500e+01
5.712358856201171875e+01
7.841516113281250000e+01
7.379327392578125000e+01
3.000000000000000000e+01
3.833145904541015625e+01
3.000000000000000000e+01
3.807183074951171875e+01
5.624491882324218750e+01
1.069945755004882812e+02
4.848746109008789062e+01
4.783285140991210938e+01
4.530055618286132812e+01
2.665761108398437500e+02
4.063610076904296875e+01
3.629550552368164062e+01
3.337723159790039062e+01
3.000000000000000000e+01
3.905707550048828125e+01
6.786215972900390625e+01
7.079959106445312500e+01
9.724868774414062500e+01
6.645234680175781250e+01
4.219234848022460938e+01
4.860071563720703125e+01
4.433098602294921875e+01
1.440353393554687500e+02
4.457314682006835938e+01
4.116006088256835938e+01
4.333053970336914062e+01
3.283223724365234375e+01
6.363616180419921875e+01
6.368045806884765625e+01
1.354132537841796875e+02
7.716651916503906250e+01
8.890021514892578125e+01
6.032513809204101562e+01
4.533050918579101562e+01
7.682101440429687500e+01
3.736706542968750000e+01
8.564298248291015625e+01
7.864973449707031250e+01
3.120141983032226562e+01
4.038896560668945312e+01
1.023367919921875000e+02
3.000000000000000000e+01
4.241169357299804688e+01
1.415493469238281250e+02
6.166815948486328125e+01
5.019461441040039062e+01
7.152661895751953125e+01
4.286927413940429688e+01
6.638539123535156250e+01
9.877107238769531250e+01
5.174272537231445312e+01
8.275223541259765625e+01
2.304759216308593750e+02
4.865463638305664062e+01
1.188454895019531250e+02
4.774105072021484375e+01
5.133744049072265625e+01
9.769663238525390625e+01
7.140583038330078125e+01
5.437345123291015625e+01
7.476088714599609375e+01
3.301331710815429688e+01
6.403092956542968750e+01
4.840472412109375000e+01
6.674464416503906250e+01
3.942480087280273438e+01
4.627165603637695312e+01
6.777674865722656250e+01
1.158222503662109375e+02
9.816430664062500000e+01
4.900775146484375000e+01
5.437188720703125000e+01
4.481923675537109375e+01
5.912133026123046875e+01
6.788576507568359375e+01
3.213584136962890625e+01
1.017387008666992188e+02
9.952898406982421875e+01
3.000000000000000000e+01
1.007122879028320312e+02
9.481082153320312500e+01
5.480662918090820312e+01
4.763336944580078125e+01
4.612042999267578125e+01
4.449616622924804688e+01
1.900651855468750000e+02
3.609702682495117188e+01
5.468988037109375000e+01
4.976993560791015625e+01
4.652291107177734375e+01
9.318113708496093750e+01
4.226897430419921875e+01
4.026330184936523438e+01
1.263272552490234375e+02
7.520816040039062500e+01
9.272154998779296875e+01
5.847843170166015625e+01
3.349623870849609375e+01
5.686617279052734375e+01
9.195249938964843750e+01
8.622889709472656250e+01
7.005883789062500000e+01
7.370222473144531250e+01
4.158536529541015625e+01
8.666139984130859375e+01
8.305397033691406250e+01
5.307607269287109375e+01
4.419361877441406250e+01
7.261129760742187500e+01
1.026155090332031250e+02
6.880621337890625000e+01
5.675202941894531250e+01
4.966417312622070312e+01
3.000000000000000000e+01
4.612159347534179688e+01
3.000000000000000000e+01
3.984864044189453125e+01
3.589111709594726562e+01
4.175459671020507812e+01
5.057244873046875000e+01
5.241690444946289062e+01
4.537612152099609375e+01
7.226747131347656250e+01
5.610098648071289062e+01
4.113003540039062500e+01
3.793104171752929688e+01
5.067606735229492188e+01
6.003083038330078125e+01
3.000000000000000000e+01
3.364754486083984375e+01
7.805178833007812500e+01
3.574847793579101562e+01
5.037626266479492188e+01
3.000000000000000000e+01
5.880055236816406250e+01
3.419960784912109375e+01
3.006761932373046875e+01
1.138251037597656250e+02
5.545883560180664062e+01
3.302809906005859375e+01
7.981490325927734375e+01
4.116006088256835938e+01
7.678435516357421875e+01
4.007858276367187500e+01
4.617647171020507812e+01
1.295856933593750000e+02
3.797499465942382812e+01
1.409550018310546875e+02
1.184819107055664062e+02
3.764793777465820312e+01
4.717675781250000000e+01
8.195080566406250000e+01
5.233399963378906250e+01
6.065497589111328125e+01
6.118379974365234375e+01
1.413544769287109375e+02
3.991920471191406250e+01
4.887395858764648438e+01
5.827986907958984375e+01
4.158271026611328125e+01
4.458475875854492188e+01
1.040680465698242188e+02
4.734086227416992188e+01
6.125746154785156250e+01
5.954833984375000000e+01
5.615407562255859375e+01
3.403580093383789062e+01
4.412745285034179688e+01
3.958837127685546875e+01
4.169254302978515625e+01
4.019440841674804688e+01
3.836548233032226562e+01
4.462974929809570312e+01
5.243885421752929688e+01
4.317841339111328125e+01
4.694207382202148438e+01
5.630367660522460938e+01
5.709607696533203125e+01
6.854489898681640625e+01
1.165574264526367188e+02
6.679843139648437500e+01
1.043792800903320312e+02
7.330987548828125000e+01
1.126328430175781250e+02
3.982936477661132812e+01
6.142150497436523438e+01
4.724303436279296875e+01
3.858961486816406250e+01
6.472443389892578125e+01
7.646339416503906250e+01
7.958217620849609375e+01
7.001074218750000000e+01
4.026282119750976562e+01
4.031069183349609375e+01
7.175585937500000000e+01
8.797548675537109375e+01
5.186905670166015625e+01
5.415022277832031250e+01
4.431163024902343750e+01
4.052083587646484375e+01
9.076227569580078125e+01
4.653673171997070312e+01
4.438429641723632812e+01
4.011035919189453125e+01
4.922592544555664062e+01
6.324266052246093750e+01
8.951495361328125000e+01
4.641687011718750000e+01
3.562763214111328125e+01
3.000000000000000000e+01
9.724868774414062500e+01
5.804363250732421875e+01
4.039276123046875000e+01
5.134959030151367188e+01
5.637785720825195312e+01
4.792790222167968750e+01
5.499033355712890625e+01
4.466326141357421875e+01
7.076145935058593750e+01
3.849619293212890625e+01
5.476779937744140625e+01
7.045420074462890625e+01
8.779162597656250000e+01
7.445437622070312500e+01
4.601436996459960938e+01
3.000000000000000000e+01
7.023195648193359375e+01
6.794013214111328125e+01
4.542742156982421875e+01
5.478375244140625000e+01
5.251419830322265625e+01
4.164019012451171875e+01
6.102907562255859375e+01
4.197538375854492188e+01
3.000000000000000000e+01
5.264429473876953125e+01
6.612878417968750000e+01
6.777674865722656250e+01
4.987052154541015625e+01
4.453521347045898438e+01
3.586280059814453125e+01
6.728547668457031250e+01
1.030926208496093750e+02
6.620008087158203125e+01
3.000000000000000000e+01
1.126328353881835938e+02
5.101805114746093750e+01
6.679329681396484375e+01
1.026155090332031250e+02
3.572881698608398438e+01
3.920827865600585938e+01
5.775827789306640625e+01
3.000000000000000000e+01
3.713216018676757812e+01
2.438342742919921875e+02
4.482888793945312500e+01
3.239311218261718750e+01
3.827853393554687500e+01
1.352164001464843750e+02
7.191096496582031250e+01
5.278104019165039062e+01
1.021224670410156250e+02
4.518683624267578125e+01
1.204858245849609375e+02
7.142100524902343750e+01
1.133062210083007812e+02
3.621672058105468750e+01
3.000000000000000000e+01
6.434091949462890625e+01
8.040043640136718750e+01
7.669949340820312500e+01
4.801840972900390625e+01
4.987063980102539062e+01
3.108236312866210938e+01
4.504662322998046875e+01
6.524395751953125000e+01
5.490320587158203125e+01
4.455517578125000000e+01
7.541424560546875000e+01
7.161645507812500000e+01
5.480870056152343750e+01
3.775160980224609375e+01
5.169647979736328125e+01
3.000000000000000000e+01
4.499795913696289062e+01
1.132593841552734375e+02
4.874251556396484375e+01
8.011108398437500000e+01
5.286161804199218750e+01
4.260144042968750000e+01
3.371778869628906250e+01
1.001501922607421875e+02
6.339376831054687500e+01
7.116916656494140625e+01
1.059342498779296875e+02
5.730233383178710938e+01
4.384002304077148438e+01
3.709272384643554688e+01
5.098260498046875000e+01
5.250604248046875000e+01
6.448448181152343750e+01
1.900651855468750000e+02
4.892966842651367188e+01
6.225179672241210938e+01
6.037057876586914062e+01
4.926195526123046875e+01
4.732205200195312500e+01
4.946875762939453125e+01
5.330324554443359375e+01
7.038217163085937500e+01
1.048213348388671875e+02
3.000000000000000000e+01
4.192711257934570312e+01
6.924718475341796875e+01
1.081812515258789062e+02
7.436212158203125000e+01
1.409550018310546875e+02
5.154688262939453125e+01
4.812606811523437500e+01
5.377519989013671875e+01
7.066843414306640625e+01
1.748851165771484375e+02
7.223629760742187500e+01
4.900852203369140625e+01
6.447827911376953125e+01
3.000000000000000000e+01
4.852315139770507812e+01
7.801200866699218750e+01
3.553675460815429688e+01
3.612241363525390625e+01
5.203246307373046875e+01
9.687915802001953125e+01
4.805551147460937500e+01
8.346167755126953125e+01
4.052739334106445312e+01
5.148701477050781250e+01
6.710591888427734375e+01
9.443466949462890625e+01
5.920725250244140625e+01
4.548364639282226562e+01
4.848780441284179688e+01
3.122521781921386719e+01
4.148884582519531250e+01
4.457314682006835938e+01
3.868301391601562500e+01
6.001545715332031250e+01
6.166815948486328125e+01
3.443235397338867188e+01
3.366683578491210938e+01
3.830482482910156250e+01
3.629550552368164062e+01
3.292972183227539062e+01
1.231557159423828125e+02
3.048627281188964844e+01
6.869528198242187500e+01
9.803665161132812500e+01
4.738870239257812500e+01
3.000000000000000000e+01
3.000000000000000000e+01
6.148405075073242188e+01
7.056130981445312500e+01
5.586531448364257812e+01
5.143274307250976562e+01
6.350910949707031250e+01
6.880628967285156250e+01
6.074822235107421875e+01
4.145455932617187500e+01
6.520907592773437500e+01
5.380247879028320312e+01
5.686617279052734375e+01
5.747383880615234375e+01
3.442195129394531250e+01
3.585391616821289062e+01
5.634958648681640625e+01
5.217426681518554688e+01
4.863539123535156250e+01
4.029839324951171875e+01
5.226922607421875000e+01
4.991298294067382812e+01
7.080764007568359375e+01
7.834268951416015625e+01
5.152618026733398438e+01
9.449375152587890625e+01
4.335604858398437500e+01
5.719926452636718750e+01
3.403868103027343750e+01
6.010821151733398438e+01
6.959030151367187500e+01
6.160200500488281250e+01
7.381665802001953125e+01
4.021746063232421875e+01
1.002120208740234375e+02
4.946405029296875000e+01
4.420625305175781250e+01
8.889431762695312500e+01
1.424903259277343750e+02
1.130294189453125000e+02
5.130823898315429688e+01
3.339381790161132812e+01
4.269809722900390625e+01
5.425405502319335938e+01
9.816430664062500000e+01
7.921827697753906250e+01
7.344337463378906250e+01
1.030304412841796875e+02
5.169647979736328125e+01
4.817357254028320312e+01
3.000000000000000000e+01
5.379367446899414062e+01
5.931980133056640625e+01
3.000000000000000000e+01
3.708278274536132812e+01
8.021756744384765625e+01
5.656243896484375000e+01
4.230418777465820312e+01
8.814971923828125000e+01
4.718402099609375000e+01
3.439138031005859375e+01
5.419101333618164062e+01
5.214884948730468750e+01
5.048400878906250000e+01
4.548364639282226562e+01
1.931501617431640625e+02
7.806790161132812500e+01
4.587241744995117188e+01
4.185363006591796875e+01
5.172943878173828125e+01
1.258539276123046875e+02
3.914089202880859375e+01
4.401480484008789062e+01
6.115155029296875000e+01
4.455517578125000000e+01
8.008058929443359375e+01
4.117355346679687500e+01
5.587371444702148438e+01
5.507194519042968750e+01
4.575037384033203125e+01
3.112286376953125000e+01
3.669086837768554688e+01
5.076147460937500000e+01
5.894085693359375000e+01
1.895693969726562500e+02
3.871642684936523438e+01
4.859444046020507812e+01
6.993635559082031250e+01
6.188363265991210938e+01
3.927206420898437500e+01
3.000000000000000000e+01
4.560736465454101562e+01
5.402773666381835938e+01
3.000000000000000000e+01
4.860718154907226562e+01
6.199158859252929688e+01
3.873235321044921875e+01
4.840655136108398438e+01
3.334937286376953125e+01
3.764793777465820312e+01
5.005888366699218750e+01
3.338576889038085938e+01
5.920580673217773438e+01
7.455715942382812500e+01
3.076337814331054688e+01
5.075975799560546875e+01
4.523977661132812500e+01
7.374736022949218750e+01
4.626242828369140625e+01
1.027953414916992188e+02
4.281633377075195312e+01
7.005883789062500000e+01
8.480007934570312500e+01
4.522021865844726562e+01
8.889432525634765625e+01
3.000000000000000000e+01
3.226348114013671875e+01
3.896984100341796875e+01
4.358908462524414062e+01
1.153246231079101562e+02
5.382155609130859375e+01
3.000000000000000000e+01
7.374745941162109375e+01
4.050968170166015625e+01
1.062877197265625000e+02
5.256813812255859375e+01
3.877040863037109375e+01
5.237509536743164062e+01
7.260055541992187500e+01
8.942553710937500000e+01
7.584444427490234375e+01
6.787730407714843750e+01
3.431175613403320312e+01
4.310350418090820312e+01
5.413123703002929688e+01
7.484096527099609375e+01
1.202848358154296875e+02
8.559061431884765625e+01
1.249922332763671875e+02
5.946152114868164062e+01
3.869878387451171875e+01
5.773041534423828125e+01
3.000000000000000000e+01
5.608557510375976562e+01
3.000000000000000000e+01
3.000000000000000000e+01
6.208329772949218750e+01
1.228749389648437500e+02
5.234505844116210938e+01
3.615158462524414062e+01
5.994475555419921875e+01
7.162228393554687500e+01
4.184403991699218750e+01
4.943503952026367188e+01
6.448448181152343750e+01
4.824058532714843750e+01
6.168518066406250000e+01
4.852315139770507812e+01
5.967679214477539062e+01
6.371332550048828125e+01
3.123348045349121094e+01
3.694751739501953125e+01
5.269536590576171875e+01
3.879678344726562500e+01
6.221781158447265625e+01
5.876538085937500000e+01
5.319004821777343750e+01
9.379785156250000000e+01
5.103940963745117188e+01
3.007618141174316406e+01
4.122426986694335938e+01
3.533376312255859375e+01
4.006935501098632812e+01
3.821400070190429688e+01
3.068103790283203125e+01
4.197032165527343750e+01
1.078668518066406250e+02
4.219234848022460938e+01
4.085699462890625000e+01
1.158222503662109375e+02
7.919070434570312500e+01
3.823390960693359375e+01
6.672607421875000000e+01
7.920162963867187500e+01
4.537612152099609375e+01
4.752824020385742188e+01
1.137906341552734375e+02
4.248855209350585938e+01
8.457281494140625000e+01
3.800181198120117188e+01
3.630676269531250000e+01
5.881801605224609375e+01
5.579060745239257812e+01
4.751067733764648438e+01
4.381642532348632812e+01
4.931841278076171875e+01
5.018913269042968750e+01
4.744170379638671875e+01
5.348133468627929688e+01
3.000000000000000000e+01
4.077839279174804688e+01
7.249906921386718750e+01
9.799288940429687500e+01
4.080232238769531250e+01
9.898570251464843750e+01
4.855035400390625000e+01
3.013584518432617188e+01
8.656294250488281250e+01
9.030830383300781250e+01
4.092741394042968750e+01
6.453925323486328125e+01
4.594847106933593750e+01
5.378704071044921875e+01
3.000000000000000000e+01
8.934289550781250000e+01
5.333726119995117188e+01
4.469174575805664062e+01
5.847843170166015625e+01
5.438192749023437500e+01
5.650181198120117188e+01
3.418871307373046875e+01
5.251136016845703125e+01
6.579260253906250000e+01
5.659123992919921875e+01
6.967372131347656250e+01
7.323662567138671875e+01
4.135457992553710938e+01
4.113836669921875000e+01
3.769847488403320312e+01
5.451350402832031250e+01
7.549833679199218750e+01
7.925054931640625000e+01
5.587371063232421875e+01
4.867370223999023438e+01
6.248536682128906250e+01
5.251135635375976562e+01
3.570769882202148438e+01
4.845734786987304688e+01
3.000000000000000000e+01
4.144611358642578125e+01
5.783493804931640625e+01
5.654466629028320312e+01
4.209431457519531250e+01
5.718002700805664062e+01
5.149974822998046875e+01
7.068563842773437500e+01
3.129961395263671875e+01
4.874000167846679688e+01
3.316839599609375000e+01
4.849352645874023438e+01
6.979987335205078125e+01
4.160734176635742188e+01
6.398785781860351562e+01
3.609014129638671875e+01
8.557707214355468750e+01
7.040487670898437500e+01
4.459134674072265625e+01
4.218592453002929688e+01
4.264336395263671875e+01
8.486424255371093750e+01
6.688967132568359375e+01
3.926451492309570312e+01
4.184850692749023438e+01
6.025722503662109375e+01
4.568975448608398438e+01
4.929881668090820312e+01
4.288173294067382812e+01
7.591074371337890625e+01
4.114739227294921875e+01
3.000000000000000000e+01
4.010231781005859375e+01
4.419272232055664062e+01
7.080929565429687500e+01
3.090292739868164062e+01
9.769664001464843750e+01
5.667697143554687500e+01
4.134503936767578125e+01
3.448384094238281250e+01
4.987530136108398438e+01
3.902723312377929688e+01
6.236814880371093750e+01
3.339381790161132812e+01
3.867396545410156250e+01
3.000000000000000000e+01
4.305638885498046875e+01
5.395984268188476562e+01
5.143700027465820312e+01
6.838607025146484375e+01
4.744420242309570312e+01
5.653236770629882812e+01
4.230968475341796875e+01
3.000000000000000000e+01
3.000000000000000000e+01
4.987530136108398438e+01
7.381665802001953125e+01
5.087171173095703125e+01
4.195500946044921875e+01
3.103951644897460938e+01
6.972084808349609375e+01
5.594890213012695312e+01
8.049076843261718750e+01
3.571464538574218750e+01
3.424578094482421875e+01
6.378247070312500000e+01
3.312093353271484375e+01
5.303369140625000000e+01
3.231384277343750000e+01
5.053871154785156250e+01
3.376879501342773438e+01
4.041819763183593750e+01
4.442404937744140625e+01
4.330887985229492188e+01
7.577174377441406250e+01
4.363755035400390625e+01
7.925054931640625000e+01
5.355588531494140625e+01
4.273198318481445312e+01
3.604682159423828125e+01
4.433193969726562500e+01
3.685718154907226562e+01
4.523501586914062500e+01
6.569676208496093750e+01
7.079958343505859375e+01
4.617646789550781250e+01
4.762181854248046875e+01
4.030054855346679688e+01
8.463415527343750000e+01
4.842018508911132812e+01
4.350375747680664062e+01
3.000000000000000000e+01
3.000000000000000000e+01
4.470710372924804688e+01
3.442195129394531250e+01
5.812988662719726562e+01
4.360733795166015625e+01
4.314384078979492188e+01
4.524749374389648438e+01
3.323639678955078125e+01
3.556658172607421875e+01
4.562721252441406250e+01
3.762813568115234375e+01
5.582266235351562500e+01
4.678854370117187500e+01
7.513989257812500000e+01
5.355588531494140625e+01
7.372520446777343750e+01
3.271317672729492188e+01
3.591503143310546875e+01
6.210837173461914062e+01
3.000000000000000000e+01
4.301893615722656250e+01
6.947082519531250000e+01
4.264920425415039062e+01
4.002236175537109375e+01
4.443812942504882812e+01
4.717675781250000000e+01
4.847500228881835938e+01
6.645234680175781250e+01
3.562512207031250000e+01
4.210883712768554688e+01
7.491300201416015625e+01
4.442361831665039062e+01
7.260055541992187500e+01
8.377728271484375000e+01
3.000000000000000000e+01
7.744917297363281250e+01
5.338786315917968750e+01
5.437345123291015625e+01
5.337694931030273438e+01
5.063607025146484375e+01
5.190617752075195312e+01
6.368046188354492188e+01
4.975843811035156250e+01
6.602685546875000000e+01
7.576968383789062500e+01
3.893068313598632812e+01
7.264552307128906250e+01
5.944808959960937500e+01
3.491952896118164062e+01
3.467172241210937500e+01
5.058216094970703125e+01
3.000000000000000000e+01
6.780818176269531250e+01
5.358516311645507812e+01
4.859444046020507812e+01
4.176498413085937500e+01
5.588488006591796875e+01
3.000000000000000000e+01
3.000000000000000000e+01
7.311067199707031250e+01
3.978537750244140625e+01
4.065832519531250000e+01
6.181079483032226562e+01
4.635105133056640625e+01
4.853289031982421875e+01
5.010732269287109375e+01
4.218592834472656250e+01
3.000000000000000000e+01
3.603715515136718750e+01
4.049206542968750000e+01
4.154720306396484375e+01
3.000000000000000000e+01
4.236196899414062500e+01
6.924717712402343750e+01
3.407538986206054688e+01
4.169254302978515625e+01
4.797465133666992188e+01
7.129322814941406250e+01
5.109775543212890625e+01
7.484627532958984375e+01
1.221231765747070312e+02
5.106127929687500000e+01
4.141247558593750000e+01
4.072495269775390625e+01
4.571557617187500000e+01
4.520613098144531250e+01
4.026349639892578125e+01
5.750234985351562500e+01
1.059342498779296875e+02
4.032018280029296875e+01
3.331263351440429688e+01
4.835552215576171875e+01
5.746038055419921875e+01
3.746161651611328125e+01
4.458475875854492188e+01
5.214884948730468750e+01
6.216551971435546875e+01
3.048627471923828125e+01
5.114059448242187500e+01
3.318985366821289062e+01
6.507768249511718750e+01
6.102907562255859375e+01
4.407062911987304688e+01
6.396575164794921875e+01
4.700415420532226562e+01
3.285329818725585938e+01
6.379619598388671875e+01
5.203404998779296875e+01
4.064506530761718750e+01
7.436212158203125000e+01
4.027449035644531250e+01
3.215920639038085938e+01
4.732205200195312500e+01
5.944392776489257812e+01
4.083063125610351562e+01
6.569966125488281250e+01
3.184066200256347656e+01
4.670342254638671875e+01
3.740534973144531250e+01
5.412221908569335938e+01
6.649219512939453125e+01
4.492671203613281250e+01
5.016391754150390625e+01
3.732432174682617188e+01
3.000000000000000000e+01
4.759518814086914062e+01
5.930588531494140625e+01
3.982936477661132812e+01
4.283071136474609375e+01
5.033454895019531250e+01
5.618823242187500000e+01
4.789825057983398438e+01
5.914650344848632812e+01
4.164358520507812500e+01
6.157108306884765625e+01
4.224325180053710938e+01
1.108217010498046875e+02
7.629011535644531250e+01
4.896022033691406250e+01
4.969180297851562500e+01
3.816519927978515625e+01
7.677658081054687500e+01
3.000000000000000000e+01
3.875697326660156250e+01
7.565347290039062500e+01
4.942340087890625000e+01
4.020657348632812500e+01
5.529472732543945312e+01
1.160504608154296875e+02
3.716401672363281250e+01
3.655603790283203125e+01
3.526056289672851562e+01
5.684815979003906250e+01
4.062024688720703125e+01
3.229492950439453125e+01
5.759373474121093750e+01
9.132189178466796875e+01
5.211233139038085938e+01
4.968780517578125000e+01
3.190785598754882812e+01
5.635260391235351562e+01
3.643337249755859375e+01
4.551837539672851562e+01
5.504935073852539062e+01
1.027953414916992188e+02
5.622530364990234375e+01
6.643407440185546875e+01
7.632796478271484375e+01
7.283062744140625000e+01
5.865291213989257812e+01
3.000000000000000000e+01
3.732736587524414062e+01
5.372812652587890625e+01
3.785216522216796875e+01
4.180777740478515625e+01
4.214318847656250000e+01
4.187274932861328125e+01
6.261811447143554688e+01
3.363525390625000000e+01
3.465902709960937500e+01
4.462481689453125000e+01
6.902828979492187500e+01
5.071468734741210938e+01
3.000000000000000000e+01
4.346837615966796875e+01
3.233652114868164062e+01
4.980643463134765625e+01
5.646871948242187500e+01
7.264203643798828125e+01
4.818061447143554688e+01
4.962287139892578125e+01
3.000000000000000000e+01
8.666139984130859375e+01
5.422846221923828125e+01
3.000000000000000000e+01
8.486424255371093750e+01
3.723621368408203125e+01
9.445322418212890625e+01
3.856807327270507812e+01
5.070083618164062500e+01
6.223814773559570312e+01
4.410297393798828125e+01
3.000000000000000000e+01
4.631072616577148438e+01
5.131770706176757812e+01
4.533050918579101562e+01
5.533086395263671875e+01
4.159367370605468750e+01
3.000000000000000000e+01
4.015205764770507812e+01
8.008058929443359375e+01
6.361039352416992188e+01
7.739558410644531250e+01
3.774444961547851562e+01
3.728013610839843750e+01
5.842529296875000000e+01
6.261811065673828125e+01
6.039043426513671875e+01
5.470281982421875000e+01
5.319415283203125000e+01
4.081166076660156250e+01
4.750833129882812500e+01
4.095304489135742188e+01
3.779059219360351562e+01
3.074717903137207031e+01
8.074751281738281250e+01
3.476078414916992188e+01
4.097799682617187500e+01
3.882728576660156250e+01
4.142924880981445312e+01
4.426070022583007812e+01
3.000000000000000000e+01
4.259235763549804688e+01
3.697863006591796875e+01
3.426379776000976562e+01
5.516193008422851562e+01
7.374745941162109375e+01
3.426609039306640625e+01
5.869741821289062500e+01
4.572857666015625000e+01
4.178674316406250000e+01
4.022499084472656250e+01
6.150955200195312500e+01
3.755261993408203125e+01
3.847166442871093750e+01
3.734446716308593750e+01
5.238114929199218750e+01
3.126992034912109375e+01
4.072515869140625000e+01
4.433380126953125000e+01
3.479525756835937500e+01
4.028010559082031250e+01
3.000000000000000000e+01
3.253893280029296875e+01
5.752159118652343750e+01
5.348001861572265625e+01
1.160504608154296875e+02
6.028377151489257812e+01
4.407688903808593750e+01
3.782696533203125000e+01
8.142236328125000000e+01
4.158271026611328125e+01
3.926099395751953125e+01
8.074751281738281250e+01
5.590739822387695312e+01
4.877455902099609375e+01
3.998583984375000000e+01
5.057244873046875000e+01
1.100121612548828125e+02
7.824030303955078125e+01
6.404606628417968750e+01
7.319607543945312500e+01
3.000000000000000000e+01
3.000000000000000000e+01
4.986456298828125000e+01
3.499951171875000000e+01
5.457198333740234375e+01
5.939653778076171875e+01
3.410783767700195312e+01
3.449891662597656250e+01
5.959304809570312500e+01
3.568556594848632812e+01
5.030200576782226562e+01
5.722493362426757812e+01
4.315808105468750000e+01
3.144774055480957031e+01
3.000000000000000000e+01
5.338786315917968750e+01
4.562387847900390625e+01
4.130954742431640625e+01
7.447251892089843750e+01
3.930150222778320312e+01
4.376849365234375000e+01
6.582945251464843750e+01
5.092427062988281250e+01
3.841885375976562500e+01
3.504864883422851562e+01
4.263032531738281250e+01
5.038382720947265625e+01
4.302452468872070312e+01
3.483237838745117188e+01
4.148390197753906250e+01
5.983391189575195312e+01
5.932009124755859375e+01
4.953652954101562500e+01
3.731441497802734375e+01
5.136439514160156250e+01
4.126062011718750000e+01
3.000000000000000000e+01
6.696434783935546875e+01
4.628110504150390625e+01
4.445020294189453125e+01
4.176307296752929688e+01
3.000000000000000000e+01
3.000000000000000000e+01
4.645177841186523438e+01
5.044124221801757812e+01
4.176480102539062500e+01
4.032018280029296875e+01
5.048400878906250000e+01
4.678536224365234375e+01
3.943610382080078125e+01
4.967080688476562500e+01
3.531401062011718750e+01
6.830944061279296875e+01
4.528289031982421875e+01
3.517949295043945312e+01
4.259134674072265625e+01
7.374736022949218750e+01
4.347254943847656250e+01
3.927058410644531250e+01
4.266773605346679688e+01
3.690195465087890625e+01
5.142031860351562500e+01
4.068725585937500000e+01
4.120439147949218750e+01
3.587930679321289062e+01
3.608854675292968750e+01
3.148973846435546875e+01
3.924561691284179688e+01
4.877868652343750000e+01
4.332090759277343750e+01
5.756610107421875000e+01
4.145922088623046875e+01
6.674855804443359375e+01
4.336552810668945312e+01
5.082775497436523438e+01
4.282196044921875000e+01
3.190569686889648438e+01
4.935792160034179688e+01
3.354869079589843750e+01
3.000000000000000000e+01
5.521774291992187500e+01
4.702452468872070312e+01
3.257187652587890625e+01
3.763938522338867188e+01
3.581354522705078125e+01
3.753559875488281250e+01
4.397339630126953125e+01
3.413109970092773438e+01
