5.167799758911132812e+01
5.927089691162109375e+01
3.614059066772460938e+01
4.066820144653320312e+01
6.856259155273437500e+01
5.902690887451171875e+01
3.075691223144531250e+01
6.671049499511718750e+01
5.884895324707031250e+01
1.150182647705078125e+02
5.079844665527343750e+01
1.537988433837890625e+02
5.335343933105468750e+01
4.888674926757812500e+01
3.309425354003906250e+01
6.531533813476562500e+01
7.241070556640625000e+01
4.088901519775390625e+01
4.152642822265625000e+01
1.310812683105468750e+02
3.547496414184570312e+01
8.544171142578125000e+01
3.000000000000000000e+01
4.783265304565429688e+01
6.311659240722656250e+01
7.080020141601562500e+01
3.245256423950195312e+01
7.911812591552734375e+01
1.778953247070312500e+02
5.731861495971679688e+01
6.044530868530273438e+01
4.472864532470703125e+01
3.725735855102539062e+01
1.218086395263671875e+02
7.788133239746093750e+01
9.305604553222656250e+01
6.300519561767578125e+01
5.178070449829101562e+01
4.473670196533203125e+01
3.639289855957031250e+01
4.157197952270507812e+01
3.436169815063476562e+01
4.501498031616210938e+01
4.081955718994140625e+01
3.411492538452148438e+01
3.000000000000000000e+01
4.798725128173828125e+01
6.001306152343750000e+01
1.251171493530273438e+02
6.928023529052734375e+01
4.104708480834960938e+01
3.000000000000000000e+01
6.662709808349609375e+01
4.351947784423828125e+01
9.302723693847656250e+01
4.583653640747070312e+01
6.650360870361328125e+01
5.379542541503906250e+01
6.412725830078125000e+01
6.864866638183593750e+01
5.573386383056640625e+01
7.175576782226562500e+01
4.227669143676757812e+01
7.953204345703125000e+01
9.067267608642578125e+01
5.428065872192382812e+01
4.419797897338867188e+01
3.000000000000000000e+01
4.986900329589843750e+01
4.726550292968750000e+01
5.627428436279296875e+01
3.644192886352539062e+01
1.135048370361328125e+02
4.053350830078125000e+01
6.671530151367187500e+01
5.264714050292968750e+01
4.804675674438476562e+01
4.833797073364257812e+01
4.274713134765625000e+01
6.872976684570312500e+01
3.676721954345703125e+01
7.241070556640625000e+01
4.692134857177734375e+01
9.989999389648437500e+01
9.451036834716796875e+01
3.569766998291015625e+01
3.961235046386718750e+01
4.979574584960937500e+01
5.335343933105468750e+01
5.154400634765625000e+01
4.248986434936523438e+01
4.202774810791015625e+01
6.624551391601562500e+01
5.834611511230468750e+01
1.033745956420898438e+02
9.399575805664062500e+01
6.429444885253906250e+01
3.933685302734375000e+01
1.017354049682617188e+02
3.841179656982421875e+01
9.293095397949218750e+01
7.564298248291015625e+01
1.499809112548828125e+02
3.000000000000000000e+01
4.315111923217773438e+01
7.581019592285156250e+01
3.406921768188476562e+01
5.520542144775390625e+01
5.119669723510742188e+01
3.000000000000000000e+01
3.980875778198242188e+01
3.504336547851562500e+01
7.493817901611328125e+01
1.059013977050781250e+02
4.258826828002929688e+01
4.109610748291015625e+01
8.528618621826171875e+01
4.787469100952148438e+01
6.646942138671875000e+01
5.528993606567382812e+01
4.634487915039062500e+01
5.144748687744140625e+01
4.267462539672851562e+01
4.001553344726562500e+01
4.142780685424804688e+01
4.520227813720703125e+01
7.481362915039062500e+01
6.004592132568359375e+01
4.587559127807617188e+01
3.279717636108398438e+01
4.560504150390625000e+01
1.051580200195312500e+02
6.246020507812500000e+01
3.352459335327148438e+01
5.472000885009765625e+01
4.677097320556640625e+01
1.025958709716796875e+02
4.415425872802734375e+01
4.176165008544921875e+01
6.852500915527343750e+01
4.149354553222656250e+01
9.922642517089843750e+01
7.581304931640625000e+01
6.020926284790039062e+01
7.538748168945312500e+01
4.078956604003906250e+01
9.000981140136718750e+01
9.898379516601562500e+01
6.402754974365234375e+01
1.463330078125000000e+02
7.031118011474609375e+01
7.797357177734375000e+01
5.469954681396484375e+01
8.473832702636718750e+01
4.699497985839843750e+01
1.187724990844726562e+02
3.982471084594726562e+01
1.232131042480468750e+02
4.059099578857421875e+01
5.967746734619140625e+01
3.890544891357421875e+01
5.341426849365234375e+01
4.309696197509765625e+01
3.537054824829101562e+01
7.063455200195312500e+01
4.256121063232421875e+01
6.557884216308593750e+01
4.911337280273437500e+01
3.301154327392578125e+01
1.348294830322265625e+02
4.360684585571289062e+01
3.906277084350585938e+01
3.000000000000000000e+01
3.000000000000000000e+01
4.840363311767578125e+01
5.482294082641601562e+01
4.641425704956054688e+01
4.651820373535156250e+01
6.600074768066406250e+01
5.314498138427734375e+01
7.221035003662109375e+01
5.655938720703125000e+01
7.575517272949218750e+01
5.710915374755859375e+01
3.997434997558593750e+01
3.000000000000000000e+01
4.175585174560546875e+01
8.385575866699218750e+01
5.215743255615234375e+01
4.585550689697265625e+01
5.849886322021484375e+01
4.723370361328125000e+01
5.255000305175781250e+01
3.926893615722656250e+01
3.988594818115234375e+01
4.514752578735351562e+01
3.986500549316406250e+01
7.593679809570312500e+01
1.308779602050781250e+02
6.662157440185546875e+01
5.293113327026367188e+01
1.016038436889648438e+02
6.595765686035156250e+01
3.000000000000000000e+01
5.214169311523437500e+01
3.397650909423828125e+01
5.392728042602539062e+01
6.402648925781250000e+01
1.229235687255859375e+02
3.404374694824218750e+01
4.910429763793945312e+01
8.899445343017578125e+01
4.649419403076171875e+01
4.198376464843750000e+01
3.355128860473632812e+01
4.963914871215820312e+01
5.824007034301757812e+01
5.206455612182617188e+01
4.757635879516601562e+01
4.158666229248046875e+01
3.656402587890625000e+01
7.072023010253906250e+01
8.628788757324218750e+01
3.695437622070312500e+01
4.172109603881835938e+01
3.911246109008789062e+01
5.416431808471679688e+01
1.053320922851562500e+02
5.575142669677734375e+01
1.227661895751953125e+02
3.764244079589843750e+01
4.766447067260742188e+01
5.584487533569335938e+01
3.000000000000000000e+01
4.081225585937500000e+01
6.488874816894531250e+01
4.459790802001953125e+01
4.055320358276367188e+01
7.316476440429687500e+01
5.355654907226562500e+01
3.705289459228515625e+01
1.169937286376953125e+02
9.009177398681640625e+01
6.451570892333984375e+01
9.946517944335937500e+01
3.803118515014648438e+01
4.799158477783203125e+01
1.467404632568359375e+02
1.625045471191406250e+02
4.753589630126953125e+01
6.015306091308593750e+01
3.888703155517578125e+01
5.429988098144531250e+01
1.133304595947265625e+02
4.362614440917968750e+01
5.516963195800781250e+01
3.970407867431640625e+01
3.943252944946289062e+01
3.706989288330078125e+01
1.483363647460937500e+02
5.445242309570312500e+01
5.608021926879882812e+01
5.404333496093750000e+01
4.221659088134765625e+01
1.406501159667968750e+02
4.491351699829101562e+01
1.290101318359375000e+02
6.964312744140625000e+01
6.243659210205078125e+01
7.490522766113281250e+01
6.033531570434570312e+01
4.984148406982421875e+01
6.451570892333984375e+01
6.369285583496093750e+01
1.236418991088867188e+02
3.000000000000000000e+01
6.217279052734375000e+01
7.955828857421875000e+01
9.366912078857421875e+01
8.227178192138671875e+01
7.068201446533203125e+01
6.907711791992187500e+01
6.599633026123046875e+01
4.037812042236328125e+01
6.034574127197265625e+01
3.449464797973632812e+01
3.300496673583984375e+01
6.233954620361328125e+01
4.168073654174804688e+01
3.173067855834960938e+01
4.109341812133789062e+01
3.602468872070312500e+01
3.451652526855468750e+01
7.357429504394531250e+01
3.082171630859375000e+01
3.382231521606445312e+01
5.667247772216796875e+01
6.019078826904296875e+01
4.445186233520507812e+01
5.587450408935546875e+01
4.726197814941406250e+01
3.000000000000000000e+01
3.693090057373046875e+01
7.384252166748046875e+01
7.164229583740234375e+01
4.113649368286132812e+01
7.557634735107421875e+01
7.909016418457031250e+01
7.014676666259765625e+01
1.113443679809570312e+02
1.393100738525390625e+02
3.000000000000000000e+01
8.941960144042968750e+01
9.142147827148437500e+01
9.488069152832031250e+01
3.995424270629882812e+01
3.504483795166015625e+01
1.184162597656250000e+02
6.024129867553710938e+01
1.017354049682617188e+02
4.271249008178710938e+01
4.844454574584960938e+01
4.298708343505859375e+01
4.767222976684570312e+01
3.645864868164062500e+01
3.230238342285156250e+01
4.009664154052734375e+01
3.592295455932617188e+01
1.135048370361328125e+02
3.000000000000000000e+01
7.691735076904296875e+01
5.378175735473632812e+01
5.690254974365234375e+01
4.497795867919921875e+01
4.659860229492187500e+01
4.594551849365234375e+01
6.740309143066406250e+01
5.291013336181640625e+01
3.000000000000000000e+01
3.581502914428710938e+01
4.955448913574218750e+01
8.075229644775390625e+01
4.372418212890625000e+01
7.014676666259765625e+01
4.774951553344726562e+01
4.327785491943359375e+01
1.397693023681640625e+02
4.120394897460937500e+01
4.218076324462890625e+01
9.290116882324218750e+01
1.471014709472656250e+02
1.822964782714843750e+02
5.570186614990234375e+01
7.175576782226562500e+01
3.631993865966796875e+01
8.740130615234375000e+01
5.220681762695312500e+01
3.271861267089843750e+01
1.292708129882812500e+02
4.869564056396484375e+01
6.968336486816406250e+01
1.225883941650390625e+02
5.619860076904296875e+01
6.854278564453125000e+01
1.025686645507812500e+02
4.088778686523437500e+01
7.447282409667968750e+01
1.183087768554687500e+02
3.506548690795898438e+01
5.353001785278320312e+01
5.763121795654296875e+01
5.298981475830078125e+01
9.919488525390625000e+01
1.067061004638671875e+02
4.995312118530273438e+01
1.186593475341796875e+02
8.254102325439453125e+01
5.731861114501953125e+01
7.525672149658203125e+01
7.040806579589843750e+01
3.000000000000000000e+01
3.060361862182617188e+01
3.078019714355468750e+01
5.132582855224609375e+01
6.344780731201171875e+01
9.009177398681640625e+01
4.896199798583984375e+01
4.712011337280273438e+01
3.345309066772460938e+01
2.535666351318359375e+02
4.590943145751953125e+01
4.521078491210937500e+01
3.440507888793945312e+01
3.000000000000000000e+01
3.749710845947265625e+01
6.938287353515625000e+01
7.469233703613281250e+01
9.885645294189453125e+01
6.447505187988281250e+01
4.373344802856445312e+01
5.317351531982421875e+01
4.194454193115234375e+01
1.602924041748046875e+02
4.614298629760742188e+01
3.916050720214843750e+01
4.508644866943359375e+01
4.237071990966796875e+01
6.133515930175781250e+01
5.431877899169921875e+01
1.268116455078125000e+02
7.412046813964843750e+01
8.483952331542968750e+01
5.987682723999023438e+01
4.452096557617187500e+01
6.634571838378906250e+01
3.474009323120117188e+01
6.190332031250000000e+01
6.511783599853515625e+01
3.000000000000000000e+01
3.233278274536132812e+01
8.091001129150390625e+01
3.000000000000000000e+01
4.179267120361328125e+01
1.402968139648437500e+02
6.786465454101562500e+01
5.115521240234375000e+01
6.066026687622070312e+01
4.210004425048828125e+01
5.340382385253906250e+01
9.274855041503906250e+01
5.534471893310546875e+01
7.691735076904296875e+01
1.967867126464843750e+02
4.767222976684570312e+01
1.054666442871093750e+02
4.787944030761718750e+01
4.950349807739257812e+01
9.415587615966796875e+01
7.911812591552734375e+01
5.508275604248046875e+01
7.170888519287109375e+01
3.000000000000000000e+01
5.865394210815429688e+01
5.240015029907226562e+01
6.207601928710937500e+01
4.179201507568359375e+01
5.366868209838867188e+01
6.405049896240234375e+01
1.423596954345703125e+02
9.369380950927734375e+01
5.182066726684570312e+01
5.469954681396484375e+01
5.295394515991210938e+01
5.557231903076171875e+01
6.516632080078125000e+01
3.164822959899902344e+01
9.006787872314453125e+01
7.676708221435546875e+01
3.523939895629882812e+01
9.601046752929687500e+01
9.305062103271484375e+01
5.941412353515625000e+01
4.796056747436523438e+01
4.986569213867187500e+01
4.087448883056640625e+01
1.924036254882812500e+02
3.597845840454101562e+01
4.694733428955078125e+01
4.794000244140625000e+01
4.343865585327148438e+01
1.064953460693359375e+02
4.248125457763671875e+01
4.693952178955078125e+01
1.277945785522460938e+02
7.164229583740234375e+01
8.324548339843750000e+01
5.577954101562500000e+01
4.135141754150390625e+01
5.643326568603515625e+01
8.816586303710937500e+01
8.057731628417968750e+01
8.002038574218750000e+01
8.018702697753906250e+01
3.000000000000000000e+01
7.723661804199218750e+01
7.822182464599609375e+01
4.726623153686523438e+01
4.198376464843750000e+01
6.583204650878906250e+01
9.763935852050781250e+01
6.489904785156250000e+01
5.451306915283203125e+01
4.670860290527343750e+01
3.000000000000000000e+01
3.801401519775390625e+01
3.901496124267578125e+01
4.170243453979492188e+01
3.000000000000000000e+01
3.574700546264648438e+01
5.013068389892578125e+01
4.866743469238281250e+01
4.114463043212890625e+01
6.542231750488281250e+01
5.496065902709960938e+01
3.185427474975585938e+01
4.182709121704101562e+01
4.974685287475585938e+01
5.488749694824218750e+01
3.000000000000000000e+01
3.255308532714843750e+01
7.647708129882812500e+01
3.827667999267578125e+01
6.116891860961914062e+01
3.000000000000000000e+01
5.160446548461914062e+01
3.842598342895507812e+01
3.309425354003906250e+01
1.065089797973632812e+02
5.176987838745117188e+01
3.000000000000000000e+01
7.177319335937500000e+01
3.916050720214843750e+01
6.615496826171875000e+01
5.125944519042968750e+01
4.763462829589843750e+01
1.090578689575195312e+02
4.439806365966796875e+01
1.224121856689453125e+02
1.203977279663085938e+02
3.476358795166015625e+01
3.683267593383789062e+01
9.127462005615234375e+01
4.383481979370117188e+01
6.257317733764648438e+01
5.404333496093750000e+01
1.933951873779296875e+02
4.455782699584960938e+01
6.222005081176757812e+01
5.650891494750976562e+01
3.000000000000000000e+01
4.953846740722656250e+01
1.032821884155273438e+02
4.580109405517578125e+01
6.885723114013671875e+01
5.617158508300781250e+01
4.260945510864257812e+01
4.151800537109375000e+01
5.269248199462890625e+01
4.341468048095703125e+01
4.039356994628906250e+01
4.255164718627929688e+01
3.525905609130859375e+01
4.080165100097656250e+01
4.982510757446289062e+01
4.455806732177734375e+01
4.786862564086914062e+01
4.848027420043945312e+01
5.520542144775390625e+01
6.760235595703125000e+01
1.229235687255859375e+02
5.663457107543945312e+01
9.827297210693359375e+01
7.358215332031250000e+01
1.056923828125000000e+02
3.875208663940429688e+01
4.910535430908203125e+01
5.215132522583007812e+01
3.411620330810546875e+01
6.716447448730468750e+01
7.504410552978515625e+01
6.998901367187500000e+01
6.682931518554687500e+01
4.258826828002929688e+01
4.506744384765625000e+01
6.094726562500000000e+01
9.565663146972656250e+01
4.064847946166992188e+01
6.174446868896484375e+01
4.290674591064453125e+01
4.055860900878906250e+01
1.041832351684570312e+02
4.248986434936523438e+01
4.639615249633789062e+01
4.164382171630859375e+01
4.567533493041992188e+01
7.084635925292968750e+01
9.340129852294921875e+01
3.541363906860351562e+01
3.516982650756835938e+01
3.000000000000000000e+01
9.885645294189453125e+01
5.381757736206054688e+01
4.502064895629882812e+01
4.700209808349609375e+01
5.538805389404296875e+01
4.713608932495117188e+01
4.956980133056640625e+01
5.391021347045898438e+01
6.704359436035156250e+01
3.876525878906250000e+01
6.010176849365234375e+01
6.004687500000000000e+01
8.363095092773437500e+01
7.005099487304687500e+01
4.561092758178710938e+01
3.483449172973632812e+01
6.859495544433593750e+01
6.669666290283203125e+01
5.001976394653320312e+01
5.984511184692382812e+01
5.588356399536132812e+01
3.875413131713867188e+01
5.649688720703125000e+01
4.127015686035156250e+01
3.000000000000000000e+01
4.997951889038085938e+01
6.909592437744140625e+01
6.405049896240234375e+01
5.135708618164062500e+01
5.608337402343750000e+01
3.514423370361328125e+01
6.646473693847656250e+01
1.047850189208984375e+02
5.835389709472656250e+01
3.401141357421875000e+01
1.056923828125000000e+02
5.570186614990234375e+01
6.029325103759765625e+01
9.763935852050781250e+01
3.816594696044921875e+01
3.363470458984375000e+01
7.308515930175781250e+01
3.000000000000000000e+01
4.483156585693359375e+01
2.241903076171875000e+02
4.120235061645507812e+01
3.000000000000000000e+01
4.432332611083984375e+01
1.270929565429687500e+02
6.500141906738281250e+01
5.169462585449218750e+01
9.599064636230468750e+01
4.290106582641601562e+01
1.112228927612304688e+02
6.944804382324218750e+01
9.908392333984375000e+01
4.285758590698242188e+01
3.784042358398437500e+01
8.427960968017578125e+01
6.828178405761718750e+01
7.372436523437500000e+01
5.291013336181640625e+01
4.711729049682617188e+01
3.558369064331054688e+01
4.667711639404296875e+01
6.088569641113281250e+01
5.072859191894531250e+01
4.424586105346679688e+01
6.877140045166015625e+01
7.619381713867187500e+01
4.264214324951171875e+01
3.000000000000000000e+01
4.970130157470703125e+01
3.000000000000000000e+01
4.426973342895507812e+01
1.130039443969726562e+02
4.982220840454101562e+01
7.895537567138671875e+01
5.507266235351562500e+01
3.671368789672851562e+01
3.219503021240234375e+01
9.922642517089843750e+01
6.321656799316406250e+01
7.445642852783203125e+01
8.603578948974609375e+01
5.380149459838867188e+01
4.150748443603515625e+01
3.683693313598632812e+01
5.578122711181640625e+01
5.698059082031250000e+01
6.377062225341796875e+01
1.924036254882812500e+02
5.064034652709960938e+01
5.468920135498046875e+01
7.612026214599609375e+01
7.411504364013671875e+01
4.419730377197265625e+01
4.561872482299804688e+01
5.348189163208007812e+01
7.513185119628906250e+01
1.266887207031250000e+02
3.005596351623535156e+01
3.000000000000000000e+01
6.208303451538085938e+01
1.137129211425781250e+02
6.385222625732421875e+01
1.224121856689453125e+02
4.020426940917968750e+01
3.856342315673828125e+01
5.253890991210937500e+01
6.463086700439453125e+01
1.611985168457031250e+02
7.892703247070312500e+01
4.932359313964843750e+01
7.811454772949218750e+01
3.000000000000000000e+01
4.335352325439453125e+01
7.398636627197265625e+01
3.759466171264648438e+01
3.759188842773437500e+01
6.285837173461914062e+01
8.020443725585937500e+01
5.437697982788085938e+01
9.210333251953125000e+01
4.321347045898437500e+01
4.442778015136718750e+01
6.024129867553710938e+01
7.382308959960937500e+01
5.698587799072265625e+01
4.548038482666015625e+01
4.281320953369140625e+01
3.668870162963867188e+01
3.378831481933593750e+01
4.614298629760742188e+01
4.462264251708984375e+01
7.181162261962890625e+01
6.786465454101562500e+01
3.000000000000000000e+01
3.347307968139648438e+01
4.153191375732421875e+01
4.521078491210937500e+01
3.000000000000000000e+01
1.044426422119140625e+02
3.000000000000000000e+01
6.577802276611328125e+01
8.935621643066406250e+01
4.143033599853515625e+01
3.000000000000000000e+01
4.366760635375976562e+01
5.967746734619140625e+01
6.729916381835937500e+01
5.290169143676757812e+01
6.039720153808593750e+01
5.186374282836914062e+01
7.697915649414062500e+01
6.268679809570312500e+01
3.820763397216796875e+01
6.588713073730468750e+01
3.195977973937988281e+01
5.643326568603515625e+01
5.437040328979492188e+01
3.545991897583007812e+01
4.603012847900390625e+01
5.225578689575195312e+01
5.652650833129882812e+01
4.584129333496093750e+01
4.445186233520507812e+01
4.903070449829101562e+01
4.867333221435546875e+01
6.890766143798828125e+01
7.129341888427734375e+01
5.468327713012695312e+01
7.695465087890625000e+01
4.483760833740234375e+01
5.355654907226562500e+01
4.980087280273437500e+01
6.262349700927734375e+01
7.441926574707031250e+01
6.018715667724609375e+01
7.678125000000000000e+01
4.003484344482421875e+01
8.743524169921875000e+01
5.162162017822265625e+01
5.464699554443359375e+01
8.598015594482421875e+01
1.310812683105468750e+02
1.057810668945312500e+02
3.703824996948242188e+01
3.571630859375000000e+01
5.003090667724609375e+01
5.890963363647460938e+01
9.369380950927734375e+01
8.361922454833984375e+01
5.926073455810546875e+01
9.644216156005859375e+01
4.970130157470703125e+01
5.099148559570312500e+01
3.000000000000000000e+01
5.403171539306640625e+01
6.172140502929687500e+01
4.274012756347656250e+01
3.618398666381835938e+01
7.234732818603515625e+01
5.029287719726562500e+01
4.374846649169921875e+01
8.381385803222656250e+01
3.435317611694335938e+01
4.848540496826171875e+01
4.726550292968750000e+01
5.203715896606445312e+01
4.017819213867187500e+01
4.548038482666015625e+01
1.698610229492187500e+02
7.304595947265625000e+01
4.451460647583007812e+01
5.067331695556640625e+01
5.665452957153320312e+01
1.374969482421875000e+02
3.965596008300781250e+01
5.301904296875000000e+01
6.517544555664062500e+01
4.424586105346679688e+01
6.882834625244140625e+01
4.160996627807617188e+01
5.786215972900390625e+01
5.107820892333984375e+01
5.543404769897460938e+01
3.000000000000000000e+01
3.803355407714843750e+01
5.842134094238281250e+01
5.350868606567382812e+01
1.917858581542968750e+02
4.096335601806640625e+01
4.538587570190429688e+01
6.272244262695312500e+01
5.569662094116210938e+01
4.576222229003906250e+01
4.727975463867187500e+01
5.208423233032226562e+01
5.491450500488281250e+01
3.240627288818359375e+01
4.437307739257812500e+01
5.410681915283203125e+01
4.316995620727539062e+01
4.082093811035156250e+01
3.932088470458984375e+01
3.476358795166015625e+01
3.804322433471679688e+01
3.301807403564453125e+01
5.140666580200195312e+01
6.540663146972656250e+01
3.446230316162109375e+01
4.876874923706054688e+01
5.667247772216796875e+01
6.880426788330078125e+01
3.933582305908203125e+01
9.647294616699218750e+01
3.795560455322265625e+01
8.002037811279296875e+01
8.603670501708984375e+01
4.027125549316406250e+01
8.598016357421875000e+01
3.734184265136718750e+01
4.188618087768554688e+01
4.187974548339843750e+01
3.978752899169921875e+01
1.157585144042968750e+02
5.645274353027343750e+01
3.803816604614257812e+01
7.370574951171875000e+01
3.107403564453125000e+01
9.661174011230468750e+01
6.454742431640625000e+01
4.005192947387695312e+01
4.769916534423828125e+01
6.802438354492187500e+01
8.690570068359375000e+01
7.924359893798828125e+01
5.836251831054687500e+01
3.148494529724121094e+01
3.439356613159179688e+01
6.140133285522460938e+01
7.355656433105468750e+01
1.196720428466796875e+02
8.076104736328125000e+01
1.168223724365234375e+02
6.112821197509765625e+01
3.914187622070312500e+01
6.285518646240234375e+01
3.195671081542968750e+01
4.946332168579101562e+01
3.000000000000000000e+01
3.000000000000000000e+01
6.466260528564453125e+01
1.163372802734375000e+02
6.291889953613281250e+01
3.119167900085449219e+01
5.194440841674804688e+01
6.045025634765625000e+01
3.711021804809570312e+01
4.486540603637695312e+01
6.377062225341796875e+01
4.411254501342773438e+01
6.634146118164062500e+01
4.335352325439453125e+01
5.667210006713867188e+01
5.652190017700195312e+01
3.553836822509765625e+01
4.509600830078125000e+01
5.390493011474609375e+01
3.845726013183593750e+01
7.188391113281250000e+01
6.187321853637695312e+01
4.898500823974609375e+01
9.946517944335937500e+01
6.288689422607421875e+01
3.317958831787109375e+01
4.081355667114257812e+01
4.070003890991210938e+01
3.217118453979492188e+01
3.900494766235351562e+01
3.417205810546875000e+01
3.071045875549316406e+01
8.558255004882812500e+01
4.373345184326171875e+01
3.584035491943359375e+01
1.423596954345703125e+02
7.635000610351562500e+01
4.120847702026367188e+01
6.045047760009765625e+01
7.989302062988281250e+01
4.114463043212890625e+01
6.015501022338867188e+01
1.183907623291015625e+02
4.666411590576171875e+01
6.923494720458984375e+01
4.274713134765625000e+01
3.255051040649414062e+01
5.154400634765625000e+01
5.618035125732421875e+01
4.354819488525390625e+01
4.167746353149414062e+01
4.235711288452148438e+01
4.291935729980468750e+01
4.510604095458984375e+01
4.869564056396484375e+01
3.004397201538085938e+01
3.836768341064453125e+01
7.673373413085937500e+01
7.858792114257812500e+01
4.498645782470703125e+01
9.882960510253906250e+01
4.697733306884765625e+01
4.037832641601562500e+01
7.953172302246093750e+01
8.487919616699218750e+01
3.901081466674804688e+01
5.598204803466796875e+01
3.000000000000000000e+01
4.097533035278320312e+01
3.000000000000000000e+01
8.837157440185546875e+01
5.188922119140625000e+01
4.431497573852539062e+01
5.577954101562500000e+01
5.240841674804687500e+01
5.782968139648437500e+01
3.424839019775390625e+01
5.542549896240234375e+01
5.372417068481445312e+01
5.528993606567382812e+01
7.228926849365234375e+01
6.516925048828125000e+01
3.367375946044921875e+01
5.088391876220703125e+01
3.679354095458984375e+01
5.361217498779296875e+01
7.481362915039062500e+01
1.011039428710937500e+02
5.786215972900390625e+01
5.288312530517578125e+01
6.657585906982421875e+01
5.542549896240234375e+01
4.253019714355468750e+01
5.085818481445312500e+01
3.038128280639648438e+01
4.374785614013671875e+01
6.075299072265625000e+01
5.483830261230468750e+01
3.034342575073242188e+01
5.445242309570312500e+01
5.629307556152343750e+01
4.815125274658203125e+01
3.000000000000000000e+01
5.992817687988281250e+01
3.327289581298828125e+01
4.007160949707031250e+01
6.603990936279296875e+01
4.086046600341796875e+01
6.216085815429687500e+01
3.088422393798828125e+01
7.276229858398437500e+01
6.782412719726562500e+01
4.463335418701171875e+01
4.957558822631835938e+01
4.144791412353515625e+01
8.943013000488281250e+01
7.765922546386718750e+01
3.000000000000000000e+01
4.365012359619140625e+01
5.863656234741210938e+01
5.716394805908203125e+01
5.293112945556640625e+01
3.000000000000000000e+01
9.888826751708984375e+01
4.262850570678710938e+01
4.342375946044921875e+01
3.907466888427734375e+01
4.731981658935546875e+01
6.364491271972656250e+01
3.000000000000000000e+01
9.415588378906250000e+01
6.031588363647460938e+01
4.910429763793945312e+01
3.804530334472656250e+01
4.994345092773437500e+01
3.858953094482421875e+01
5.772574615478515625e+01
3.571630859375000000e+01
3.687932968139648438e+01
3.795141983032226562e+01
4.362669372558593750e+01
6.262303924560546875e+01
5.178070449829101562e+01
6.892233276367187500e+01
4.371194458007812500e+01
5.032561111450195312e+01
4.174037933349609375e+01
3.000000000000000000e+01
3.000000000000000000e+01
4.994345092773437500e+01
7.678125000000000000e+01
5.047797012329101562e+01
4.392293930053710938e+01
3.176713180541992188e+01
7.788040924072265625e+01
5.292103576660156250e+01
7.129410552978515625e+01
5.035108184814453125e+01
3.283047485351562500e+01
7.270458221435546875e+01
3.000000000000000000e+01
4.970458221435546875e+01
3.532029724121093750e+01
5.446433258056640625e+01
3.282868957519531250e+01
3.000000000000000000e+01
3.835214996337890625e+01
4.079909896850585938e+01
7.582019805908203125e+01
4.549276733398437500e+01
1.011039428710937500e+02
5.287534713745117188e+01
4.188814544677734375e+01
3.733282089233398438e+01
3.931442260742187500e+01
3.539379882812500000e+01
4.383704376220703125e+01
6.814068603515625000e+01
7.469234466552734375e+01
4.763462829589843750e+01
3.922130584716796875e+01
4.776667785644531250e+01
7.358416748046875000e+01
4.403995132446289062e+01
3.727040863037109375e+01
3.927655029296875000e+01
3.000000000000000000e+01
3.785105514526367188e+01
3.545991897583007812e+01
5.675363922119140625e+01
3.564701080322265625e+01
4.316670227050781250e+01
4.541482543945312500e+01
3.864921188354492188e+01
3.267168045043945312e+01
4.599781799316406250e+01
3.061072921752929688e+01
6.181554794311523438e+01
4.698183822631835938e+01
6.852500915527343750e+01
5.287534713745117188e+01
6.785706329345703125e+01
3.000000000000000000e+01
4.243349456787109375e+01
4.792140197753906250e+01
3.000000000000000000e+01
4.317176055908203125e+01
7.080771636962890625e+01
3.000000000000000000e+01
5.892280960083007812e+01
4.457513427734375000e+01
3.683267593383789062e+01
4.974658966064453125e+01
6.447505187988281250e+01
3.408847045898437500e+01
3.895076751708984375e+01
7.494013977050781250e+01
4.525566101074218750e+01
6.802438354492187500e+01
8.424917602539062500e+01
3.000000000000000000e+01
6.474270629882812500e+01
3.000000000000000000e+01
5.508275222778320312e+01
4.949896240234375000e+01
5.008758544921875000e+01
6.488874053955078125e+01
5.431878280639648438e+01
5.043422317504882812e+01
5.722462844848632812e+01
7.470689392089843750e+01
4.432862854003906250e+01
7.916639709472656250e+01
3.159246826171875000e+01
3.000000000000000000e+01
3.548273086547851562e+01
4.818115997314453125e+01
3.000000000000000000e+01
7.721562957763671875e+01
4.537945556640625000e+01
4.538587570190429688e+01
4.157876205444335938e+01
5.012154388427734375e+01
3.651422500610351562e+01
3.574148941040039062e+01
6.924105834960937500e+01
4.564260101318359375e+01
4.153534698486328125e+01
5.403955078125000000e+01
4.841493606567382812e+01
4.296352386474609375e+01
4.733957290649414062e+01
4.957558822631835938e+01
3.000000000000000000e+01
3.395550918579101562e+01
3.938750076293945312e+01
4.111738967895507812e+01
3.298310470581054688e+01
4.254014587402343750e+01
6.208303451538085938e+01
3.638399887084960938e+01
4.039356994628906250e+01
4.974651718139648438e+01
7.336138916015625000e+01
5.031830215454101562e+01
7.498896789550781250e+01
1.180687713623046875e+02
4.584164428710937500e+01
3.906277084350585938e+01
4.051365661621093750e+01
4.330554580688476562e+01
3.292833328247070312e+01
4.482077789306640625e+01
6.764466857910156250e+01
8.603578948974609375e+01
3.365400314331054688e+01
3.567417144775390625e+01
4.523407363891601562e+01
5.042792129516601562e+01
3.000000000000000000e+01
4.953846740722656250e+01
5.203715515136718750e+01
5.327040481567382812e+01
3.000000000000000000e+01
5.735340118408203125e+01
3.433469390869140625e+01
5.806565093994140625e+01
5.649689102172851562e+01
3.000000000000000000e+01
4.751044082641601562e+01
5.424848937988281250e+01
3.405730819702148438e+01
5.211883544921875000e+01
4.515652084350585938e+01
4.238162231445312500e+01
6.385222625732421875e+01
3.947840881347656250e+01
4.446321105957031250e+01
4.419730377197265625e+01
4.939471054077148438e+01
3.000000000000000000e+01
6.962644195556640625e+01
3.239412307739257812e+01
5.185348892211914062e+01
3.958129882812500000e+01
4.352117919921875000e+01
7.358541870117187500e+01
4.644867706298828125e+01
5.095374298095703125e+01
5.910342407226562500e+01
3.000000000000000000e+01
5.139555358886718750e+01
6.138202667236328125e+01
3.875208282470703125e+01
3.922163391113281250e+01
5.431933593750000000e+01
6.141097259521484375e+01
4.846319961547851562e+01
5.803520965576171875e+01
3.865945053100585938e+01
7.670887756347656250e+01
4.076177978515625000e+01
9.409396362304687500e+01
8.615602874755859375e+01
5.454090118408203125e+01
5.297751998901367188e+01
3.636780548095703125e+01
6.882482910156250000e+01
4.031389617919921875e+01
4.317775726318359375e+01
7.571619415283203125e+01
4.138014984130859375e+01
4.225590133666992188e+01
5.647446441650390625e+01
9.739369201660156250e+01
4.085046768188476562e+01
4.556124496459960938e+01
3.000000000000000000e+01
5.752745056152343750e+01
3.622548675537109375e+01
3.493470001220703125e+01
4.679396820068359375e+01
9.095500183105468750e+01
5.185194015502929688e+01
4.803964614868164062e+01
3.000000000000000000e+01
7.003022766113281250e+01
3.853225708007812500e+01
5.034886932373046875e+01
5.862505722045898438e+01
9.647294616699218750e+01
5.714553833007812500e+01
6.795590972900390625e+01
7.366220092773437500e+01
7.019046783447265625e+01
6.431497192382812500e+01
3.000000000000000000e+01
3.827047729492187500e+01
5.251835632324218750e+01
3.728736877441406250e+01
3.272855377197265625e+01
3.216845703125000000e+01
3.560449600219726562e+01
3.655087280273437500e+01
3.350677871704101562e+01
4.373328781127929688e+01
4.791735839843750000e+01
7.207386779785156250e+01
4.921440887451171875e+01
3.354787063598632812e+01
4.515114593505859375e+01
3.630506896972656250e+01
4.646843338012695312e+01
4.966216659545898438e+01
7.581304931640625000e+01
4.900186920166015625e+01
4.888674926757812500e+01
3.000000000000000000e+01
7.723661804199218750e+01
6.667259216308593750e+01
3.000000000000000000e+01
8.943013000488281250e+01
3.933432388305664062e+01
9.594441223144531250e+01
3.930515289306640625e+01
5.555093002319335938e+01
6.308911132812500000e+01
4.368139648437500000e+01
3.000000000000000000e+01
4.548730468750000000e+01
5.099769210815429688e+01
4.452096557617187500e+01
4.445803833007812500e+01
4.307660675048828125e+01
4.377630233764648438e+01
4.317717742919921875e+01
6.882834625244140625e+01
6.118109893798828125e+01
7.909016418457031250e+01
4.413111877441406250e+01
3.429529953002929688e+01
5.478938293457031250e+01
3.655087280273437500e+01
5.152016448974609375e+01
4.835906219482421875e+01
5.358141708374023438e+01
4.316542053222656250e+01
5.098316574096679688e+01
3.916673278808593750e+01
3.616744232177734375e+01
3.214868164062500000e+01
8.113882446289062500e+01
3.308200073242187500e+01
3.288291931152343750e+01
3.380163955688476562e+01
3.497372055053710938e+01
4.959183120727539062e+01
3.000000000000000000e+01
4.327785491943359375e+01
3.000000000000000000e+01
3.000000000000000000e+01
5.710915374755859375e+01
7.370574951171875000e+01
3.000000000000000000e+01
6.059892654418945312e+01
4.472340393066406250e+01
4.287858200073242188e+01
4.030548477172851562e+01
5.258817291259765625e+01
3.632886886596679688e+01
3.846920776367187500e+01
4.123109817504882812e+01
5.031682586669921875e+01
4.452715682983398438e+01
3.740191650390625000e+01
3.055458450317382812e+01
4.096399688720703125e+01
3.384369277954101562e+01
3.000000000000000000e+01
3.301323318481445312e+01
5.061059570312500000e+01
4.935251617431640625e+01
9.739369201660156250e+01
4.986366653442382812e+01
3.000000000000000000e+01
3.088809394836425781e+01
9.233339691162109375e+01
3.000000000000000000e+01
4.000483703613281250e+01
8.113882446289062500e+01
5.464811706542968750e+01
4.239373397827148438e+01
3.735097122192382812e+01
5.013068389892578125e+01
9.371057891845703125e+01
8.942680358886718750e+01
5.495353698730468750e+01
6.794425201416015625e+01
3.000000000000000000e+01
3.000000000000000000e+01
6.925254821777343750e+01
4.097285079956054688e+01
5.459364318847656250e+01
5.661326599121093750e+01
3.719505310058593750e+01
3.000000000000000000e+01
5.341307449340820312e+01
3.981465530395507812e+01
4.922850418090820312e+01
5.910676574707031250e+01
4.720780181884765625e+01
3.130203628540039062e+01
3.401141357421875000e+01
3.000000000000000000e+01
3.000000000000000000e+01
4.132804107666015625e+01
8.280073547363281250e+01
4.116948699951171875e+01
3.745671844482421875e+01
6.899414062500000000e+01
5.098599243164062500e+01
3.000000000000000000e+01
3.636029815673828125e+01
4.805883026123046875e+01
4.713169860839843750e+01
4.127533340454101562e+01
3.485414886474609375e+01
4.153140640258789062e+01
5.760982131958007812e+01
6.465861511230468750e+01
4.602537536621093750e+01
3.000000000000000000e+01
4.605516815185546875e+01
3.838833236694335938e+01
3.146419334411621094e+01
5.627870941162109375e+01
4.806010437011718750e+01
4.381172943115234375e+01
3.000000000000000000e+01
3.706887435913085938e+01
3.866510009765625000e+01
3.438331604003906250e+01
5.626213073730468750e+01
4.119347000122070312e+01
3.365400314331054688e+01
4.017819213867187500e+01
3.911031723022460938e+01
4.791217041015625000e+01
5.299783325195312500e+01
3.720972442626953125e+01
6.305060577392578125e+01
3.928333282470703125e+01
4.576859664916992188e+01
3.666612243652343750e+01
6.880426788330078125e+01
4.780205917358398438e+01
4.104016494750976562e+01
3.446434020996093750e+01
3.978847503662109375e+01
5.732434844970703125e+01
4.129502105712890625e+01
4.433421325683593750e+01
3.084517097473144531e+01
3.164336013793945312e+01
4.131690216064453125e+01
3.324068832397460938e+01
4.420734405517578125e+01
3.969554138183593750e+01
6.637143707275390625e+01
4.372922515869140625e+01
6.905628967285156250e+01
4.539516448974609375e+01
4.407680511474609375e+01
5.964254760742187500e+01
3.414226150512695312e+01
4.194499206542968750e+01
3.264533615112304688e+01
3.000000000000000000e+01
5.019409179687500000e+01
4.523942565917968750e+01
3.010410499572753906e+01
3.758763504028320312e+01
3.000000000000000000e+01
4.142529296875000000e+01
3.541504669189453125e+01
3.768016052246093750e+01
