4.469277572631835938e+01
5.486589431762695312e+01
4.122680664062500000e+01
3.389649963378906250e+01
6.344689178466796875e+01
7.003623199462890625e+01
3.000000000000000000e+01
1.002673645019531250e+02
4.943630218505859375e+01
1.022876510620117188e+02
4.459349822998046875e+01
1.362637481689453125e+02
5.696671295166015625e+01
3.816201019287109375e+01
6.693463134765625000e+01
7.409417724609375000e+01
6.876206970214843750e+01
3.796086120605468750e+01
4.121606826782226562e+01
1.126783752441406250e+02
3.786664199829101562e+01
7.821875762939453125e+01
5.755538177490234375e+01
6.400240325927734375e+01
6.120898056030273438e+01
7.793385314941406250e+01
5.099168777465820312e+01
5.890359878540039062e+01
1.364826812744140625e+02
9.522254943847656250e+01
6.553006744384765625e+01
5.622807693481445312e+01
4.594403839111328125e+01
9.539552307128906250e+01
9.424365234375000000e+01
8.000708007812500000e+01
6.560234069824218750e+01
5.225760650634765625e+01
4.536995315551757812e+01
7.799787902832031250e+01
4.341338348388671875e+01
4.737530899047851562e+01
4.519694900512695312e+01
4.925092315673828125e+01
3.000000000000000000e+01
3.000000000000000000e+01
6.679227447509765625e+01
6.207055282592773438e+01
1.526704101562500000e+02
5.747195053100585938e+01
4.706309509277343750e+01
3.959911346435546875e+01
5.639365386962890625e+01
4.211677551269531250e+01
8.387610626220703125e+01
3.700752258300781250e+01
1.008982315063476562e+02
5.283209991455078125e+01
6.224830245971679688e+01
5.581797790527343750e+01
5.337866592407226562e+01
5.543335342407226562e+01
3.784987640380859375e+01
5.572718811035156250e+01
7.722096252441406250e+01
4.441698455810546875e+01
4.818912506103515625e+01
3.181259918212890625e+01
4.844430541992187500e+01
7.020391845703125000e+01
6.691855621337890625e+01
4.402246093750000000e+01
1.613008117675781250e+02
4.931409454345703125e+01
5.441983032226562500e+01
6.369181060791015625e+01
5.640985870361328125e+01
6.418606567382812500e+01
4.192764282226562500e+01
7.283277130126953125e+01
3.470699310302734375e+01
6.876206207275390625e+01
4.661979675292968750e+01
7.044931793212890625e+01
7.350201416015625000e+01
4.629571151733398438e+01
4.169452285766601562e+01
4.449924850463867188e+01
5.696671295166015625e+01
5.218364334106445312e+01
5.135763931274414062e+01
4.306432723999023438e+01
7.909941864013671875e+01
4.707421112060546875e+01
9.835931396484375000e+01
8.987220764160156250e+01
5.503337097167968750e+01
4.316065979003906250e+01
8.391483306884765625e+01
5.254120635986328125e+01
6.663017272949218750e+01
5.769253540039062500e+01
1.036981201171875000e+02
5.736916351318359375e+01
4.272785568237304688e+01
6.399821472167968750e+01
4.562169647216796875e+01
5.995766830444335938e+01
4.584682464599609375e+01
4.623727416992187500e+01
5.334708404541015625e+01
4.881788253784179688e+01
6.419216918945312500e+01
6.389420318603515625e+01
3.750643539428710938e+01
4.044709014892578125e+01
1.086287689208984375e+02
5.561341857910156250e+01
6.197843170166015625e+01
5.773652648925781250e+01
4.027808761596679688e+01
4.686772537231445312e+01
4.326824188232421875e+01
4.923575210571289062e+01
3.602245712280273438e+01
4.781100082397460938e+01
6.259040069580078125e+01
8.275834655761718750e+01
3.917360687255859375e+01
7.391876220703125000e+01
4.686930465698242188e+01
9.436558532714843750e+01
7.417173767089843750e+01
7.412623596191406250e+01
5.739318847656250000e+01
6.355287551879882812e+01
7.943858337402343750e+01
4.026438903808593750e+01
4.325209808349609375e+01
6.837343597412109375e+01
5.117137145996093750e+01
8.286724853515625000e+01
6.461289978027343750e+01
5.093899536132812500e+01
6.263448333740234375e+01
4.754659652709960938e+01
7.634078979492187500e+01
9.235672760009765625e+01
6.825764465332031250e+01
1.070688476562500000e+02
6.138413238525390625e+01
7.106535339355468750e+01
4.909316253662109375e+01
9.101630401611328125e+01
5.538365173339843750e+01
8.381210327148437500e+01
5.022089385986328125e+01
1.117222137451171875e+02
4.692538452148437500e+01
6.775642395019531250e+01
4.012097930908203125e+01
7.018244171142578125e+01
6.028898239135742188e+01
4.741918563842773438e+01
6.135562133789062500e+01
4.559751510620117188e+01
7.137727355957031250e+01
5.153208923339843750e+01
3.863243484497070312e+01
1.437722625732421875e+02
6.276226425170898438e+01
4.861739349365234375e+01
4.874732971191406250e+01
3.000000000000000000e+01
4.800011444091796875e+01
6.983123779296875000e+01
5.245851135253906250e+01
4.066241073608398438e+01
6.357665634155273438e+01
5.890043640136718750e+01
5.924512100219726562e+01
6.306676864624023438e+01
6.807550048828125000e+01
6.178257751464843750e+01
4.441645431518554688e+01
6.347019958496093750e+01
4.965682601928710938e+01
8.382095336914062500e+01
4.789771270751953125e+01
5.151947402954101562e+01
4.997478103637695312e+01
5.733106231689453125e+01
3.797041702270507812e+01
3.979336547851562500e+01
7.002020263671875000e+01
4.595451354980468750e+01
7.220904541015625000e+01
8.134892272949218750e+01
7.897808837890625000e+01
8.638934326171875000e+01
6.227611541748046875e+01
6.829195404052734375e+01
7.516377258300781250e+01
3.000000000000000000e+01
5.256988525390625000e+01
4.386046981811523438e+01
5.677658843994140625e+01
1.008268203735351562e+02
1.517936096191406250e+02
3.886917495727539062e+01
4.643553543090820312e+01
8.054711151123046875e+01
4.239234542846679688e+01
4.610564041137695312e+01
3.481008911132812500e+01
5.625220489501953125e+01
6.164751815795898438e+01
5.250171661376953125e+01
5.763320541381835938e+01
4.711039733886718750e+01
3.579787063598632812e+01
5.789282608032226562e+01
8.425189208984375000e+01
3.965555572509765625e+01
3.781163024902343750e+01
3.944238281250000000e+01
5.772063827514648438e+01
7.588708496093750000e+01
5.687219619750976562e+01
9.441160583496093750e+01
3.676412963867187500e+01
4.610642242431640625e+01
5.162701416015625000e+01
5.947284698486328125e+01
4.424328613281250000e+01
5.916949844360351562e+01
4.315689086914062500e+01
4.935812759399414062e+01
5.286853790283203125e+01
5.708903121948242188e+01
4.386459350585937500e+01
1.399102020263671875e+02
6.089458465576171875e+01
7.413508605957031250e+01
7.079043579101562500e+01
4.813535308837890625e+01
6.432322692871093750e+01
9.411551666259765625e+01
2.081984863281250000e+02
5.066328430175781250e+01
5.815768814086914062e+01
4.216030120849609375e+01
5.958673095703125000e+01
8.775625610351562500e+01
4.395033264160156250e+01
7.389375305175781250e+01
5.222177886962890625e+01
3.980750274658203125e+01
3.014273452758789062e+01
1.445752716064453125e+02
4.246725463867187500e+01
6.941731262207031250e+01
5.145321655273437500e+01
3.851670455932617188e+01
1.393419342041015625e+02
6.591818237304687500e+01
1.181904144287109375e+02
7.509112548828125000e+01
7.194107055664062500e+01
6.295054244995117188e+01
5.966473770141601562e+01
5.823404693603515625e+01
7.413508605957031250e+01
6.356270980834960938e+01
9.320726013183593750e+01
3.458127593994140625e+01
6.816023254394531250e+01
7.274214172363281250e+01
8.556050109863281250e+01
8.479100036621093750e+01
7.134093475341796875e+01
7.863410949707031250e+01
6.659741210937500000e+01
4.625452423095703125e+01
6.674539184570312500e+01
3.772254180908203125e+01
5.877330017089843750e+01
5.692314910888671875e+01
5.350138473510742188e+01
4.536974334716796875e+01
5.030823516845703125e+01
6.943835449218750000e+01
3.650789260864257812e+01
7.252191162109375000e+01
4.361761093139648438e+01
4.105749130249023438e+01
4.994974517822265625e+01
6.704354858398437500e+01
4.642608642578125000e+01
5.526747131347656250e+01
8.263208770751953125e+01
4.262102508544921875e+01
4.865804672241210938e+01
6.884709167480468750e+01
5.904007720947265625e+01
3.980434417724609375e+01
8.003553009033203125e+01
7.624203491210937500e+01
6.802040863037109375e+01
7.626715087890625000e+01
7.455819702148437500e+01
5.415285491943359375e+01
7.511919403076171875e+01
6.420794677734375000e+01
9.037658691406250000e+01
4.505670166015625000e+01
3.578647994995117188e+01
8.086950683593750000e+01
6.387088012695312500e+01
8.391483306884765625e+01
4.097576904296875000e+01
4.754517364501953125e+01
5.212722778320312500e+01
5.203955078125000000e+01
3.409179687500000000e+01
4.088565063476562500e+01
3.869451141357421875e+01
3.755738449096679688e+01
1.613008270263671875e+02
4.863539886474609375e+01
7.162005615234375000e+01
4.153450393676757812e+01
6.068293762207031250e+01
4.418070983886718750e+01
4.777465820312500000e+01
4.603968048095703125e+01
6.827125549316406250e+01
5.172319793701171875e+01
3.721280288696289062e+01
4.094992065429687500e+01
5.855553436279296875e+01
1.000650787353515625e+02
4.367443847656250000e+01
6.802041625976562500e+01
4.215676879882812500e+01
5.395930480957031250e+01
8.721269226074218750e+01
4.625855636596679688e+01
4.055921173095703125e+01
7.316172790527343750e+01
1.236909790039062500e+02
1.192104034423828125e+02
7.224089813232421875e+01
5.543335342407226562e+01
5.802558898925781250e+01
7.161474609375000000e+01
5.179985809326171875e+01
4.470803070068359375e+01
8.030118560791015625e+01
5.045848846435546875e+01
6.987878417968750000e+01
1.382320251464843750e+02
5.994992828369140625e+01
6.640653991699218750e+01
6.913783264160156250e+01
4.332583618164062500e+01
7.625364685058593750e+01
1.212230987548828125e+02
5.289561843872070312e+01
5.338648605346679688e+01
5.786036300659179688e+01
3.793371963500976562e+01
8.870635986328125000e+01
9.768193054199218750e+01
6.269779968261718750e+01
7.223028564453125000e+01
6.349867248535156250e+01
9.522254943847656250e+01
7.691165924072265625e+01
6.134204101562500000e+01
5.550635528564453125e+01
4.176353073120117188e+01
4.822772216796875000e+01
6.843756103515625000e+01
5.355673599243164062e+01
6.089458465576171875e+01
4.559036636352539062e+01
4.942964553833007812e+01
4.612347412109375000e+01
1.608055572509765625e+02
5.571385192871093750e+01
5.470174026489257812e+01
4.632498931884765625e+01
3.862223815917968750e+01
4.338848114013671875e+01
6.236585998535156250e+01
7.045761108398437500e+01
7.442230987548828125e+01
7.572163391113281250e+01
5.242763519287109375e+01
4.854626846313476562e+01
4.227628326416015625e+01
1.227742309570312500e+02
5.013803863525390625e+01
4.294491958618164062e+01
8.428853607177734375e+01
5.551628875732421875e+01
6.609718322753906250e+01
8.444557189941406250e+01
9.971510314941406250e+01
7.019300079345703125e+01
7.420734405517578125e+01
6.431870269775390625e+01
5.474106597900390625e+01
6.936391448974609375e+01
5.092326354980468750e+01
1.106680984497070312e+02
8.717784118652343750e+01
4.303961181640625000e+01
3.946705627441406250e+01
6.818791198730468750e+01
3.000000000000000000e+01
3.758478164672851562e+01
9.427198791503906250e+01
7.695794677734375000e+01
5.291519927978515625e+01
5.714940643310546875e+01
4.471887969970703125e+01
7.346417236328125000e+01
6.721688842773437500e+01
5.072929763793945312e+01
7.162005615234375000e+01
1.752651977539062500e+02
5.203955078125000000e+01
1.106127929687500000e+02
4.825070571899414062e+01
5.753060913085937500e+01
6.944749450683593750e+01
5.890360260009765625e+01
4.845208740234375000e+01
6.802531433105468750e+01
3.000000000000000000e+01
5.182579803466796875e+01
5.920809173583984375e+01
4.997204589843750000e+01
4.286454010009765625e+01
6.311280441284179688e+01
5.326763153076171875e+01
2.027315521240234375e+02
8.609468841552734375e+01
4.879162597656250000e+01
4.909316253662109375e+01
5.146154022216796875e+01
5.034217071533203125e+01
6.656825256347656250e+01
4.597829437255859375e+01
6.441107177734375000e+01
7.517681121826171875e+01
4.395196914672851562e+01
1.114361877441406250e+02
7.582379150390625000e+01
5.196326065063476562e+01
5.781449890136718750e+01
4.912632751464843750e+01
5.056565856933593750e+01
1.307275085449218750e+02
3.755493164062500000e+01
5.318994140625000000e+01
4.782388687133789062e+01
4.619150161743164062e+01
1.031748199462890625e+02
4.202344512939453125e+01
4.667238616943359375e+01
1.319375915527343750e+02
5.904007720947265625e+01
7.181153869628906250e+01
3.771765136718750000e+01
4.402921676635742188e+01
5.898461532592773438e+01
8.184359741210937500e+01
7.540014648437500000e+01
7.009567260742187500e+01
6.801102447509765625e+01
3.912617874145507812e+01
4.596842575073242188e+01
8.015097045898437500e+01
5.734531402587890625e+01
4.610564041137695312e+01
6.589546966552734375e+01
7.469577026367187500e+01
6.412390136718750000e+01
5.211247253417968750e+01
5.247690582275390625e+01
4.287186431884765625e+01
5.384827804565429688e+01
3.605593109130859375e+01
5.545254516601562500e+01
3.772499084472656250e+01
6.346299743652343750e+01
4.796495056152343750e+01
5.375386428833007812e+01
4.613056945800781250e+01
8.522564697265625000e+01
5.644775772094726562e+01
3.900579452514648438e+01
4.014022827148437500e+01
4.932551193237304688e+01
4.662079238891601562e+01
4.026877593994140625e+01
3.466903686523437500e+01
8.426593017578125000e+01
3.489862060546875000e+01
5.070043945312500000e+01
3.222995758056640625e+01
5.650415039062500000e+01
4.611876678466796875e+01
6.693463134765625000e+01
8.946947479248046875e+01
4.578985977172851562e+01
8.866934204101562500e+01
8.312501525878906250e+01
4.294491958618164062e+01
6.834418487548828125e+01
7.106465148925781250e+01
5.046608734130859375e+01
9.059158325195312500e+01
4.862859344482421875e+01
1.410048828125000000e+02
7.449106597900390625e+01
3.772327423095703125e+01
4.561688232421875000e+01
8.636291503906250000e+01
5.449470901489257812e+01
6.662741851806640625e+01
5.145322036743164062e+01
1.940322265625000000e+02
4.919510650634765625e+01
6.670214843750000000e+01
6.944026184082031250e+01
5.742523574829101562e+01
4.771620941162109375e+01
8.720554351806640625e+01
4.021801757812500000e+01
6.388322448730468750e+01
4.262199401855468750e+01
3.615433502197265625e+01
5.804803466796875000e+01
4.623030471801757812e+01
4.705905914306640625e+01
4.059464263916015625e+01
3.743604278564453125e+01
3.776922607421875000e+01
4.699118423461914062e+01
5.215145874023437500e+01
6.669332122802734375e+01
4.764665985107421875e+01
5.248537826538085938e+01
5.995766830444335938e+01
6.483982849121093750e+01
1.517936096191406250e+02
6.853152465820312500e+01
8.420906829833984375e+01
6.973235321044921875e+01
9.097140502929687500e+01
3.835274887084960938e+01
5.578728485107421875e+01
4.271499252319335938e+01
5.569187164306640625e+01
5.395594406127929688e+01
7.253263854980468750e+01
6.078517913818359375e+01
5.596233749389648438e+01
3.750643539428710938e+01
4.518406677246093750e+01
6.233562850952148438e+01
7.987471008300781250e+01
4.220700836181640625e+01
4.951910400390625000e+01
4.262833404541015625e+01
4.371194458007812500e+01
6.786472320556640625e+01
5.135763931274414062e+01
4.216234588623046875e+01
4.067736816406250000e+01
4.576547622680664062e+01
7.215045928955078125e+01
9.851177978515625000e+01
5.479476165771484375e+01
4.195964050292968750e+01
6.910821533203125000e+01
7.442230987548828125e+01
6.381536102294921875e+01
7.155755615234375000e+01
5.405111694335937500e+01
6.807384490966796875e+01
4.717000579833984375e+01
3.742118453979492188e+01
5.335599136352539062e+01
6.330014038085937500e+01
4.077212524414062500e+01
7.696884918212890625e+01
5.700683975219726562e+01
7.956002807617187500e+01
7.209804534912109375e+01
4.025402069091796875e+01
4.108628463745117188e+01
5.915160751342773438e+01
6.964578247070312500e+01
4.708475494384765625e+01
5.714871978759765625e+01
4.877690124511718750e+01
3.609362030029296875e+01
5.787904357910156250e+01
6.224956512451171875e+01
4.624000549316406250e+01
5.042771911621093750e+01
6.101670837402343750e+01
5.326763153076171875e+01
5.934476089477539062e+01
5.978450775146484375e+01
3.970549774169921875e+01
6.368034362792968750e+01
1.150811614990234375e+02
5.393386459350585938e+01
4.503209686279296875e+01
9.097140502929687500e+01
7.224089813232421875e+01
5.886327362060546875e+01
7.469577026367187500e+01
4.409491348266601562e+01
4.325991439819335938e+01
6.481797790527343750e+01
3.000000000000000000e+01
3.525358200073242188e+01
1.036203308105468750e+02
6.913236999511718750e+01
4.146949768066406250e+01
3.643033599853515625e+01
9.337402343750000000e+01
7.867675781250000000e+01
4.856155776977539062e+01
9.454339599609375000e+01
4.585484313964843750e+01
1.018853607177734375e+02
6.930059051513671875e+01
1.237409744262695312e+02
6.093054962158203125e+01
5.847692871093750000e+01
8.591918182373046875e+01
8.831461334228515625e+01
6.663252258300781250e+01
5.172319793701171875e+01
4.453969192504882812e+01
3.824734497070312500e+01
4.262855529785156250e+01
4.756375122070312500e+01
4.438576507568359375e+01
4.772653961181640625e+01
6.577613830566406250e+01
7.425981140136718750e+01
4.155325698852539062e+01
3.549333953857421875e+01
4.823064804077148438e+01
5.930447387695312500e+01
4.697497940063476562e+01
1.137753143310546875e+02
5.894127655029296875e+01
6.550740814208984375e+01
4.578531265258789062e+01
5.350758361816406250e+01
3.589135360717773438e+01
8.286724853515625000e+01
5.476910781860351562e+01
6.234984588623046875e+01
6.356804656982421875e+01
6.081908416748046875e+01
3.913516235351562500e+01
4.085484313964843750e+01
5.373244857788085938e+01
6.058060836791992188e+01
6.036466598510742188e+01
1.307275085449218750e+02
4.897619247436523438e+01
6.232961273193359375e+01
9.496576690673828125e+01
8.898892974853515625e+01
5.369823455810546875e+01
5.201829910278320312e+01
5.217304611206054688e+01
5.928458404541015625e+01
8.817145538330078125e+01
5.065073776245117188e+01
5.829305267333984375e+01
5.177071380615234375e+01
8.261407470703125000e+01
6.129465103149414062e+01
1.410048828125000000e+02
6.485047912597656250e+01
3.025800323486328125e+01
5.444036102294921875e+01
5.872610473632812500e+01
1.773025207519531250e+02
1.071419372558593750e+02
5.409581756591796875e+01
7.352270507812500000e+01
3.471408462524414062e+01
8.860269165039062500e+01
1.008795166015625000e+02
3.810007858276367188e+01
3.678098297119140625e+01
7.253265380859375000e+01
7.669444274902343750e+01
6.489337158203125000e+01
1.176787185668945312e+02
4.107099914550781250e+01
5.304729843139648438e+01
6.387088012695312500e+01
7.906758880615234375e+01
5.996223068237304688e+01
4.121741104125976562e+01
4.364068222045898438e+01
4.089127349853515625e+01
4.655717468261718750e+01
5.013803863525390625e+01
4.701892852783203125e+01
5.977653503417968750e+01
7.695794677734375000e+01
5.385900878906250000e+01
5.627484893798828125e+01
4.270962524414062500e+01
5.470174026489257812e+01
4.234237670898437500e+01
8.298657989501953125e+01
4.704866027832031250e+01
6.252966308593750000e+01
7.648222351074218750e+01
4.086862945556640625e+01
3.000000000000000000e+01
5.863132858276367188e+01
6.775642395019531250e+01
6.822750854492187500e+01
5.301177215576171875e+01
6.437364196777343750e+01
6.302778625488281250e+01
8.429954528808593750e+01
6.346716308593750000e+01
4.390381240844726562e+01
5.554206466674804688e+01
7.587373352050781250e+01
5.898461532592773438e+01
5.427043151855468750e+01
4.314014434814453125e+01
6.593083953857421875e+01
5.289857482910156250e+01
5.504512786865234375e+01
4.581964111328125000e+01
4.642608642578125000e+01
4.989142227172851562e+01
4.561130905151367188e+01
5.489942169189453125e+01
6.322822952270507812e+01
4.742483139038085938e+01
6.685633087158203125e+01
4.153319549560546875e+01
5.708903121948242188e+01
7.098181152343750000e+01
5.276965332031250000e+01
6.321359634399414062e+01
5.808796691894531250e+01
6.700050354003906250e+01
4.551661682128906250e+01
6.798307800292968750e+01
5.134023284912109375e+01
6.287200164794921875e+01
7.241193389892578125e+01
1.126783752441406250e+02
1.466063385009765625e+02
6.371142959594726562e+01
3.012730598449707031e+01
4.110533905029296875e+01
7.894883728027343750e+01
8.609468841552734375e+01
7.475797271728515625e+01
5.998297119140625000e+01
1.078240966796875000e+02
4.823064804077148438e+01
4.625959777832031250e+01
3.287841796875000000e+01
4.885458374023437500e+01
4.946041488647460938e+01
3.449134445190429688e+01
4.662892913818359375e+01
7.523067474365234375e+01
5.444589614868164062e+01
4.502547073364257812e+01
1.081866607666015625e+02
5.697978973388671875e+01
6.412018585205078125e+01
7.020391845703125000e+01
5.627890396118164062e+01
4.222066497802734375e+01
4.121741104125976562e+01
2.084381713867187500e+02
8.367192077636718750e+01
4.064055252075195312e+01
4.859442138671875000e+01
4.686911010742187500e+01
1.018075561523437500e+02
3.946925735473632812e+01
4.552954101562500000e+01
6.296426391601562500e+01
4.772653961181640625e+01
6.152287292480468750e+01
5.543367385864257812e+01
5.584428405761718750e+01
5.489422225952148438e+01
6.656294250488281250e+01
6.754746246337890625e+01
5.222463226318359375e+01
5.139874267578125000e+01
7.557988739013671875e+01
1.297982788085937500e+02
6.151370239257812500e+01
4.716826248168945312e+01
6.489347076416015625e+01
5.444728088378906250e+01
4.576163482666015625e+01
7.988993835449218750e+01
5.939205169677734375e+01
5.703569793701171875e+01
5.569467926025390625e+01
8.601539611816406250e+01
8.160531616210937500e+01
4.186637115478515625e+01
4.305775833129882812e+01
5.881906127929687500e+01
3.772327423095703125e+01
4.963841247558593750e+01
3.091551780700683594e+01
7.670037078857421875e+01
5.087978363037109375e+01
3.681576538085937500e+01
5.394098663330078125e+01
4.994974517822265625e+01
7.738711547851562500e+01
9.899464416503906250e+01
9.711125183105468750e+01
6.035627746582031250e+01
7.009567260742187500e+01
7.334507751464843750e+01
4.332309722900390625e+01
7.241193389892578125e+01
5.058320617675781250e+01
4.414368820190429688e+01
3.387595367431640625e+01
4.081977844238281250e+01
1.342597045898437500e+02
5.083946990966796875e+01
4.970039367675781250e+01
5.466397094726562500e+01
4.059344100952148438e+01
1.100865936279296875e+02
6.281451797485351562e+01
4.813397598266601562e+01
5.404496002197265625e+01
8.304402923583984375e+01
6.823155975341796875e+01
7.783432769775390625e+01
4.731097412109375000e+01
4.555138778686523438e+01
4.746060562133789062e+01
6.435127258300781250e+01
4.935623168945312500e+01
1.047644653320312500e+02
9.485481262207031250e+01
1.051260986328125000e+02
5.681861114501953125e+01
4.474560546875000000e+01
6.172647094726562500e+01
3.030885314941406250e+01
5.601068878173828125e+01
3.322830963134765625e+01
3.785381317138671875e+01
5.771590042114257812e+01
1.188117828369140625e+02
5.347624588012695312e+01
3.222211074829101562e+01
5.491383361816406250e+01
5.666589736938476562e+01
3.969322204589843750e+01
4.680918884277343750e+01
6.036466217041015625e+01
4.099881744384765625e+01
7.895697021484375000e+01
8.860269165039062500e+01
5.070428848266601562e+01
5.421884918212890625e+01
3.557833099365234375e+01
5.841908264160156250e+01
4.783706665039062500e+01
5.954489898681640625e+01
5.155900192260742188e+01
1.042413635253906250e+02
4.912813186645507812e+01
7.079043579101562500e+01
6.681277465820312500e+01
3.875708007812500000e+01
6.528755187988281250e+01
5.152836227416992188e+01
4.089254760742187500e+01
4.277331924438476562e+01
4.930341339111328125e+01
4.085646057128906250e+01
8.751791381835937500e+01
5.242763519287109375e+01
3.821760559082031250e+01
2.027315521240234375e+02
7.654695129394531250e+01
4.285618209838867188e+01
5.663930892944335938e+01
5.595313262939453125e+01
4.613056945800781250e+01
6.311912536621093750e+01
9.138774871826171875e+01
5.121365356445312500e+01
5.245214462280273438e+01
4.192764282226562500e+01
4.113899993896484375e+01
5.218364715576171875e+01
6.525614929199218750e+01
4.406648254394531250e+01
5.592052841186523438e+01
5.957905578613281250e+01
5.687594604492187500e+01
5.949222564697265625e+01
5.045848846435546875e+01
4.912746810913085938e+01
4.211666488647460938e+01
6.721362304687500000e+01
6.488946533203125000e+01
4.444971084594726562e+01
8.894318389892578125e+01
4.259700775146484375e+01
4.074961471557617188e+01
5.971638107299804688e+01
7.036495971679687500e+01
4.333845901489257812e+01
4.919695663452148438e+01
4.396465682983398438e+01
4.766026306152343750e+01
6.504255676269531250e+01
7.475069427490234375e+01
5.113500976562500000e+01
3.664874267578125000e+01
3.771765136718750000e+01
4.946791458129882812e+01
5.062985992431640625e+01
3.440036392211914062e+01
5.901019287109375000e+01
4.991577148437500000e+01
5.773652648925781250e+01
5.966015625000000000e+01
7.878768920898437500e+01
5.016750335693359375e+01
6.611633300781250000e+01
3.658027648925781250e+01
5.488397216796875000e+01
6.259040069580078125e+01
7.748771667480468750e+01
5.584428405761718750e+01
5.822615814208984375e+01
6.526689910888671875e+01
5.901018905639648438e+01
4.848741149902343750e+01
4.849056243896484375e+01
4.113642120361328125e+01
4.015605926513671875e+01
5.257554626464843750e+01
6.040969467163085938e+01
4.148597717285156250e+01
4.246725463867187500e+01
5.388957214355468750e+01
9.192079162597656250e+01
3.754128265380859375e+01
4.990670776367187500e+01
4.150043106079101562e+01
5.159078216552734375e+01
6.144491195678710938e+01
3.920592117309570312e+01
6.747634124755859375e+01
3.945845794677734375e+01
6.901052856445312500e+01
5.569604110717773438e+01
6.160420608520507812e+01
5.682157897949218750e+01
4.107251739501953125e+01
6.854531097412109375e+01
6.548933410644531250e+01
4.689113998413085938e+01
3.940385437011718750e+01
6.839172363281250000e+01
5.996252441406250000e+01
6.227611541748046875e+01
3.200284576416015625e+01
8.211094665527343750e+01
4.121965789794921875e+01
4.779505157470703125e+01
6.038914489746093750e+01
4.379439163208007812e+01
6.239442825317382812e+01
4.009655380249023438e+01
6.944749450683593750e+01
5.002727508544921875e+01
4.643553543090820312e+01
5.021997833251953125e+01
5.155256271362304688e+01
7.187371826171875000e+01
5.825012588500976562e+01
3.012730598449707031e+01
3.927147674560546875e+01
5.063863754272460938e+01
4.780707168579101562e+01
8.299443817138671875e+01
5.225760650634765625e+01
6.339356994628906250e+01
8.336164855957031250e+01
5.192314147949218750e+01
4.485945892333984375e+01
5.984793472290039062e+01
3.000000000000000000e+01
5.155256271362304688e+01
6.700050354003906250e+01
4.396104812622070312e+01
5.193071365356445312e+01
4.636851501464843750e+01
7.194573211669921875e+01
5.789604187011718750e+01
6.856774139404296875e+01
6.192989730834960938e+01
3.416875457763671875e+01
6.757382965087890625e+01
3.329206848144531250e+01
7.098994445800781250e+01
3.477838516235351562e+01
5.423781204223632812e+01
5.532191848754882812e+01
4.687973785400390625e+01
5.000048828125000000e+01
4.768688201904296875e+01
6.851986694335937500e+01
4.287389755249023438e+01
7.748771667480468750e+01
4.933693695068359375e+01
3.898617553710937500e+01
3.869944763183593750e+01
5.377832794189453125e+01
4.220146942138671875e+01
4.017292404174804688e+01
6.041511535644531250e+01
7.045761108398437500e+01
5.046608734130859375e+01
3.760101318359375000e+01
3.623548126220703125e+01
6.194073486328125000e+01
5.334361267089843750e+01
5.299829483032226562e+01
5.646091461181640625e+01
6.127832031250000000e+01
5.044929504394531250e+01
4.314014434814453125e+01
3.681717681884765625e+01
4.425822448730468750e+01
4.938768768310546875e+01
5.262305831909179688e+01
3.846726989746093750e+01
3.917110443115234375e+01
4.245071411132812500e+01
3.442516708374023438e+01
7.884736633300781250e+01
4.506717681884765625e+01
6.837342834472656250e+01
4.933693695068359375e+01
6.879653930664062500e+01
4.252531814575195312e+01
5.734597396850585938e+01
5.498736572265625000e+01
3.849139404296875000e+01
4.372784423828125000e+01
6.876303863525390625e+01
3.000000000000000000e+01
8.096050262451171875e+01
5.952828979492187500e+01
4.561688232421875000e+01
4.611577224731445312e+01
7.572163391113281250e+01
3.333560943603515625e+01
3.966098785400390625e+01
6.834600830078125000e+01
4.945982360839843750e+01
8.304402923583984375e+01
8.653977203369140625e+01
3.105820083618164062e+01
6.745161437988281250e+01
9.902128601074218750e+01
4.845208740234375000e+01
5.743195343017578125e+01
5.122370147705078125e+01
5.916949844360351562e+01
8.444557952880859375e+01
5.683922195434570312e+01
5.367631912231445312e+01
6.776953125000000000e+01
4.597949218750000000e+01
5.400636291503906250e+01
3.000000000000000000e+01
5.374336242675781250e+01
3.783678436279296875e+01
5.265661621093750000e+01
3.000000000000000000e+01
7.160153198242187500e+01
5.429840469360351562e+01
4.716826248168945312e+01
3.840665817260742188e+01
5.942951965332031250e+01
5.284595489501953125e+01
5.562163543701171875e+01
6.563070678710937500e+01
8.020057678222656250e+01
5.520031356811523438e+01
5.283769226074218750e+01
4.714314651489257812e+01
4.937925338745117188e+01
3.732038879394531250e+01
5.682157897949218750e+01
3.264063262939453125e+01
3.783055496215820312e+01
5.045039367675781250e+01
4.655760192871093750e+01
3.460460662841796875e+01
4.448524475097656250e+01
5.177071380615234375e+01
5.436726379394531250e+01
4.059464263916015625e+01
4.391767883300781250e+01
6.212906646728515625e+01
5.178872299194335938e+01
8.462525939941406250e+01
8.433332824707031250e+01
4.903633499145507812e+01
4.861739349365234375e+01
5.183526611328125000e+01
5.223651885986328125e+01
3.106505966186523438e+01
4.212738037109375000e+01
6.798454284667968750e+01
6.356804656982421875e+01
5.444987869262695312e+01
3.921928024291992188e+01
4.401644897460937500e+01
6.009629058837890625e+01
3.875712585449218750e+01
4.771620941162109375e+01
5.627890396118164062e+01
5.534228897094726562e+01
4.704866027832031250e+01
5.815545654296875000e+01
3.378929901123046875e+01
7.201698303222656250e+01
5.787904357910156250e+01
4.125217437744140625e+01
5.248927307128906250e+01
3.882688903808593750e+01
4.233699035644531250e+01
5.538087463378906250e+01
4.234762573242187500e+01
4.404289245605468750e+01
6.129465103149414062e+01
4.206842422485351562e+01
3.868257141113281250e+01
5.369823455810546875e+01
4.024620819091796875e+01
3.000000000000000000e+01
7.257270812988281250e+01
6.132440567016601562e+01
5.709640502929687500e+01
3.699687957763671875e+01
5.661450958251953125e+01
7.880457305908203125e+01
7.410920715332031250e+01
5.378173828125000000e+01
4.713994216918945312e+01
3.824752807617187500e+01
4.643908309936523438e+01
6.417013549804687500e+01
3.835274887084960938e+01
4.308679199218750000e+01
5.163029098510742188e+01
6.199032592773437500e+01
4.524411773681640625e+01
5.281095123291015625e+01
5.143623352050781250e+01
7.757026672363281250e+01
3.897407150268554688e+01
8.038937377929687500e+01
8.355011749267578125e+01
5.170409393310546875e+01
4.795614624023437500e+01
5.536116409301757812e+01
7.066854858398437500e+01
6.980612182617187500e+01
3.528997802734375000e+01
5.966728210449218750e+01
4.985797119140625000e+01
4.102807998657226562e+01
5.002366638183593750e+01
6.762928771972656250e+01
4.459321212768554688e+01
5.972695922851562500e+01
5.428326034545898438e+01
5.872999191284179688e+01
3.987222290039062500e+01
3.748827362060546875e+01
5.364780807495117188e+01
8.976155853271484375e+01
4.776983642578125000e+01
4.547416687011718750e+01
5.023266601562500000e+01
5.200839996337890625e+01
4.438991165161132812e+01
5.637670516967773438e+01
5.433862304687500000e+01
9.711125183105468750e+01
4.986456298828125000e+01
4.729039382934570312e+01
7.921849060058593750e+01
6.384684753417968750e+01
6.825599670410156250e+01
3.149024581909179688e+01
3.868454360961914062e+01
5.274952316284179688e+01
3.970703125000000000e+01
4.835086059570312500e+01
3.043430519104003906e+01
4.108811950683593750e+01
4.670570373535156250e+01
3.474050903320312500e+01
4.905342864990234375e+01
3.586901473999023438e+01
7.753718566894531250e+01
4.239797973632812500e+01
4.090410614013671875e+01
4.058537673950195312e+01
3.581761932373046875e+01
3.391881561279296875e+01
5.706859970092773438e+01
6.461289978027343750e+01
4.208865356445312500e+01
3.816201019287109375e+01
3.339220428466796875e+01
4.596842193603515625e+01
6.334396362304687500e+01
5.083256530761718750e+01
6.854530334472656250e+01
5.289366149902343750e+01
6.263134002685546875e+01
4.841964721679687500e+01
4.988896179199218750e+01
6.258749008178710938e+01
4.542964935302734375e+01
4.388206481933593750e+01
5.715240097045898438e+01
4.832546234130859375e+01
5.474106597900390625e+01
3.194350433349609375e+01
3.847103881835937500e+01
6.111517715454101562e+01
4.018204498291015625e+01
6.152287292480468750e+01
7.410908508300781250e+01
7.624203491210937500e+01
6.195707702636718750e+01
5.971822357177734375e+01
6.023816680908203125e+01
4.670570373535156250e+01
4.391393280029296875e+01
5.726346206665039062e+01
5.557637786865234375e+01
6.233679199218750000e+01
4.861858749389648438e+01
4.352356338500976562e+01
3.820975112915039062e+01
5.861340332031250000e+01
7.277453613281250000e+01
4.490173339843750000e+01
4.171346282958984375e+01
4.003860473632812500e+01
3.707399749755859375e+01
4.547192764282226562e+01
4.062569427490234375e+01
5.395930480957031250e+01
5.016912078857421875e+01
4.131719207763671875e+01
6.178257751464843750e+01
5.466397094726562500e+01
3.000000000000000000e+01
5.114160156250000000e+01
4.846380615234375000e+01
3.540526580810546875e+01
3.819966506958007812e+01
4.378525543212890625e+01
5.280273818969726562e+01
4.532372665405273438e+01
4.920228576660156250e+01
4.390660095214843750e+01
6.132342529296875000e+01
4.859869384765625000e+01
6.714012145996093750e+01
3.644191741943359375e+01
3.773231124877929688e+01
4.338145446777343750e+01
3.532865905761718750e+01
5.089027786254882812e+01
5.754897308349609375e+01
6.762928771972656250e+01
4.640300750732421875e+01
4.392263793945312500e+01
3.392450714111328125e+01
7.684478759765625000e+01
5.742523574829101562e+01
4.307928848266601562e+01
7.277453613281250000e+01
6.541535949707031250e+01
4.882180023193359375e+01
3.885391998291015625e+01
4.796495056152343750e+01
9.055801391601562500e+01
8.331262969970703125e+01
5.218028640747070312e+01
8.720835113525390625e+01
5.736916351318359375e+01
3.328850936889648438e+01
7.387174987792968750e+01
4.790328216552734375e+01
5.085211944580078125e+01
7.329967498779296875e+01
3.546047973632812500e+01
3.343210220336914062e+01
1.042379455566406250e+02
4.383166122436523438e+01
5.098643112182617188e+01
5.147119903564453125e+01
4.642224502563476562e+01
3.871869659423828125e+01
4.503209686279296875e+01
9.902128601074218750e+01
4.665229034423828125e+01
3.839622116088867188e+01
9.009587097167968750e+01
5.117002868652343750e+01
3.000000000000000000e+01
7.459271240234375000e+01
5.062995147705078125e+01
5.597193908691406250e+01
3.643354797363281250e+01
4.824775695800781250e+01
4.476803970336914062e+01
3.751355743408203125e+01
4.384178161621093750e+01
4.762138748168945312e+01
5.704903030395507812e+01
5.811502075195312500e+01
4.634777069091796875e+01
4.917652130126953125e+01
4.373766708374023438e+01
5.603516769409179688e+01
5.626443862915039062e+01
5.665257263183593750e+01
5.057219696044921875e+01
4.365290832519531250e+01
3.564865875244140625e+01
4.260333633422851562e+01
3.000000000000000000e+01
3.714777755737304688e+01
5.354502105712890625e+01
4.344788360595703125e+01
5.444987487792968750e+01
4.222066497802734375e+01
4.968309020996093750e+01
5.211905670166015625e+01
4.938495254516601562e+01
5.672224807739257812e+01
9.228585815429687500e+01
5.623193740844726562e+01
5.422873687744140625e+01
4.134952545166015625e+01
7.738711547851562500e+01
5.694436645507812500e+01
3.285413360595703125e+01
3.406944274902343750e+01
5.321545791625976562e+01
7.103739929199218750e+01
3.847386169433593750e+01
3.977568817138671875e+01
3.739825439453125000e+01
5.122943115234375000e+01
4.909935760498046875e+01
4.356898498535156250e+01
6.081076812744140625e+01
4.506212234497070312e+01
5.624069976806640625e+01
4.816957092285156250e+01
6.488266754150390625e+01
3.596456146240234375e+01
3.736592864990234375e+01
3.000000000000000000e+01
3.217324829101562500e+01
5.687984085083007812e+01
3.891987228393554688e+01
3.196249389648437500e+01
4.926411437988281250e+01
4.932858276367187500e+01
3.715703201293945312e+01
4.224780654907226562e+01
3.000000000000000000e+01
4.223979949951171875e+01
4.496852874755859375e+01
4.519816589355468750e+01
