5.624093627929687500e+01
5.876572418212890625e+01
3.428861999511718750e+01
3.993208312988281250e+01
7.513288879394531250e+01
6.304035949707031250e+01
3.271407699584960938e+01
6.843321228027343750e+01
5.457829284667968750e+01
9.701383209228515625e+01
5.248775100708007812e+01
1.334055633544921875e+02
4.796537780761718750e+01
4.878298187255859375e+01
4.123627471923828125e+01
6.349903488159179688e+01
6.412713623046875000e+01
4.105330276489257812e+01
4.135824584960937500e+01
1.394650115966796875e+02
3.805887985229492188e+01
9.429615783691406250e+01
3.000000000000000000e+01
4.323325729370117188e+01
3.728293228149414062e+01
6.836016845703125000e+01
3.000000000000000000e+01
7.062278747558593750e+01
1.841520996093750000e+02
6.215200424194335938e+01
5.859632873535156250e+01
4.611655807495117188e+01
4.316807174682617188e+01
9.841108703613281250e+01
7.206993103027343750e+01
8.437135314941406250e+01
6.397998809814453125e+01
5.424893188476562500e+01
4.693846511840820312e+01
4.918843460083007812e+01
4.250822067260742188e+01
3.292129135131835938e+01
4.812383270263671875e+01
4.198799896240234375e+01
3.014665222167968750e+01
3.897446441650390625e+01
4.251419067382812500e+01
6.006697082519531250e+01
1.206242904663085938e+02
7.580715942382812500e+01
4.769455718994140625e+01
3.472865676879882812e+01
7.032406616210937500e+01
4.405574035644531250e+01
9.843922424316406250e+01
4.677640151977539062e+01
7.145839691162109375e+01
4.784517288208007812e+01
7.039428710937500000e+01
7.454113769531250000e+01
5.270837020874023438e+01
7.632593536376953125e+01
4.483365631103515625e+01
9.080091094970703125e+01
9.163583374023437500e+01
5.900216674804687500e+01
4.728603363037109375e+01
3.000000000000000000e+01
5.277470397949218750e+01
5.252205657958984375e+01
5.474834060668945312e+01
3.849379730224609375e+01
1.059835662841796875e+02
3.734317016601562500e+01
5.456292724609375000e+01
3.610970306396484375e+01
4.724868774414062500e+01
4.031764984130859375e+01
4.603938293457031250e+01
5.828382873535156250e+01
3.732030487060546875e+01
6.412713623046875000e+01
4.954142761230468750e+01
1.123661804199218750e+02
9.804494476318359375e+01
3.956111145019531250e+01
3.865232849121093750e+01
5.257172775268554688e+01
4.796537780761718750e+01
5.864118957519531250e+01
4.026117706298828125e+01
5.009563446044921875e+01
6.636109924316406250e+01
5.399181365966796875e+01
1.031803436279296875e+02
8.887744140625000000e+01
6.563477325439453125e+01
3.605547332763671875e+01
7.821298980712890625e+01
4.072666931152343750e+01
1.027967681884765625e+02
7.471038055419921875e+01
1.647420349121093750e+02
3.000000000000000000e+01
4.639804077148437500e+01
8.275329589843750000e+01
3.528332901000976562e+01
5.125225830078125000e+01
5.672836303710937500e+01
3.000000000000000000e+01
3.849320983886718750e+01
3.000000000000000000e+01
7.769595336914062500e+01
1.119257354736328125e+02
4.098370361328125000e+01
4.368594360351562500e+01
9.119738769531250000e+01
5.179355239868164062e+01
7.374481201171875000e+01
5.217578887939453125e+01
4.677538299560546875e+01
5.131671905517578125e+01
3.857596588134765625e+01
4.107427597045898438e+01
4.330707550048828125e+01
4.687015151977539062e+01
6.669184875488281250e+01
6.457797241210937500e+01
4.506472778320312500e+01
4.800008392333984375e+01
4.661460113525390625e+01
1.014340744018554688e+02
5.553240966796875000e+01
3.000000000000000000e+01
5.227597427368164062e+01
4.835227966308593750e+01
1.041704101562500000e+02
4.652134323120117188e+01
4.680099105834960938e+01
8.258309936523437500e+01
4.556665802001953125e+01
9.809323120117187500e+01
8.191264343261718750e+01
5.926990890502929688e+01
7.513777160644531250e+01
4.597072219848632812e+01
9.577339935302734375e+01
1.053063812255859375e+02
6.474504089355468750e+01
1.125734405517578125e+02
6.237982559204101562e+01
7.206885528564453125e+01
6.039555358886718750e+01
8.690283203125000000e+01
4.059091949462890625e+01
1.235935516357421875e+02
3.743801879882812500e+01
1.328735504150390625e+02
4.342745971679687500e+01
5.085630798339843750e+01
3.522634124755859375e+01
5.802898788452148438e+01
4.419000244140625000e+01
3.573018646240234375e+01
6.828010559082031250e+01
4.352161788940429688e+01
6.823969268798828125e+01
5.259017944335937500e+01
3.189525985717773438e+01
1.360917205810546875e+02
4.858861541748046875e+01
4.214705657958984375e+01
3.587635040283203125e+01
3.000000000000000000e+01
5.413284301757812500e+01
5.753435134887695312e+01
3.959375762939453125e+01
4.681187057495117188e+01
6.855603027343750000e+01
5.418449783325195312e+01
7.000921630859375000e+01
6.106129074096679688e+01
6.970572662353515625e+01
5.406447219848632812e+01
4.029403686523437500e+01
3.117108917236328125e+01
4.195715332031250000e+01
8.278505706787109375e+01
5.918341827392578125e+01
4.745000076293945312e+01
5.086579513549804688e+01
5.751794433593750000e+01
5.149553298950195312e+01
3.629636383056640625e+01
4.726573562622070312e+01
4.948148345947265625e+01
4.198300933837890625e+01
8.309184265136718750e+01
1.359990234375000000e+02
5.371112442016601562e+01
4.347425842285156250e+01
1.159920806884765625e+02
7.392807006835937500e+01
3.000000000000000000e+01
5.811069488525390625e+01
3.431402969360351562e+01
5.723519897460937500e+01
5.194094085693359375e+01
1.154281616210937500e+02
3.352102661132812500e+01
4.817427062988281250e+01
1.025217437744140625e+02
4.307351303100585938e+01
4.917151260375976562e+01
3.609861755371093750e+01
5.413093185424804688e+01
5.498702239990234375e+01
5.775524139404296875e+01
4.637548446655273438e+01
4.339468765258789062e+01
3.480936813354492188e+01
7.421073150634765625e+01
8.382611083984375000e+01
3.989797210693359375e+01
3.766057205200195312e+01
3.682099151611328125e+01
6.050994873046875000e+01
1.103280639648437500e+02
6.140698242187500000e+01
1.155082702636718750e+02
3.679542541503906250e+01
5.392879486083984375e+01
5.919898223876953125e+01
3.959335327148437500e+01
4.378992462158203125e+01
5.784729003906250000e+01
4.418127059936523438e+01
4.731597137451171875e+01
6.781636047363281250e+01
5.932003021240234375e+01
4.119573974609375000e+01
1.163735733032226562e+02
9.864221954345703125e+01
7.079222106933593750e+01
9.568856811523437500e+01
3.590462493896484375e+01
4.777898406982421875e+01
1.334800567626953125e+02
1.586180419921875000e+02
5.352703094482421875e+01
6.884320068359375000e+01
4.247675323486328125e+01
5.534558486938476562e+01
9.976515197753906250e+01
4.864055633544921875e+01
5.651676559448242188e+01
4.267150878906250000e+01
4.220140838623046875e+01
3.708243942260742188e+01
1.407219085693359375e+02
5.304723358154296875e+01
5.936746978759765625e+01
4.035892486572265625e+01
4.705019760131835938e+01
1.222432403564453125e+02
5.472393035888671875e+01
1.326388092041015625e+02
7.058976745605468750e+01
6.648847961425781250e+01
5.892700958251953125e+01
5.610987854003906250e+01
4.935839080810546875e+01
7.079222106933593750e+01
6.614030456542968750e+01
1.586038360595703125e+02
3.312348175048828125e+01
6.238332366943359375e+01
8.089089965820312500e+01
9.589482879638671875e+01
9.156188964843750000e+01
6.798301696777343750e+01
6.749157714843750000e+01
6.398346710205078125e+01
4.422792053222656250e+01
6.231851196289062500e+01
3.906122970581054688e+01
3.000000000000000000e+01
6.272584915161132812e+01
4.146627807617187500e+01
3.341167449951171875e+01
4.096220779418945312e+01
3.193114089965820312e+01
3.357716369628906250e+01
7.880240631103515625e+01
4.065469741821289062e+01
3.000000000000000000e+01
4.982983398437500000e+01
5.028660964965820312e+01
4.497093963623046875e+01
5.804664611816406250e+01
4.428401947021484375e+01
3.000000000000000000e+01
3.865304565429687500e+01
7.800804138183593750e+01
6.518296813964843750e+01
4.269844055175781250e+01
7.820365142822265625e+01
7.309736633300781250e+01
7.107833099365234375e+01
1.149852600097656250e+02
1.254684906005859375e+02
3.195004272460937500e+01
1.006164703369140625e+02
9.532011413574218750e+01
1.027217712402343750e+02
4.083567047119140625e+01
3.619419097900390625e+01
1.066045227050781250e+02
5.977391815185546875e+01
7.821298217773437500e+01
4.134912109375000000e+01
4.949089050292968750e+01
4.244175720214843750e+01
5.001091766357421875e+01
3.737772369384765625e+01
3.909326934814453125e+01
4.114080810546875000e+01
3.648958587646484375e+01
1.059835662841796875e+02
3.320590972900390625e+01
7.157383728027343750e+01
4.902095031738281250e+01
4.550532150268554688e+01
4.787944412231445312e+01
4.836214447021484375e+01
4.866023635864257812e+01
6.538892364501953125e+01
4.766910552978515625e+01
3.000000000000000000e+01
3.491271972656250000e+01
5.654531097412109375e+01
8.112856292724609375e+01
4.488427734375000000e+01
7.107833099365234375e+01
4.752229690551757812e+01
4.885368347167968750e+01
1.605195922851562500e+02
3.923326873779296875e+01
3.699294662475585938e+01
1.074162750244140625e+02
1.472948150634765625e+02
1.744719543457031250e+02
5.258559417724609375e+01
7.632593536376953125e+01
3.000000000000000000e+01
8.772481536865234375e+01
5.844486236572265625e+01
3.455331420898437500e+01
1.453856811523437500e+02
5.671569442749023438e+01
6.944641113281250000e+01
1.150978088378906250e+02
5.592827606201171875e+01
7.341821289062500000e+01
1.076127471923828125e+02
3.531017303466796875e+01
7.640325164794921875e+01
1.242779769897460938e+02
3.000000000000000000e+01
6.080183029174804688e+01
6.218041610717773438e+01
4.936423492431640625e+01
1.026607055664062500e+02
1.274477691650390625e+02
4.380643463134765625e+01
1.182889709472656250e+02
8.917591857910156250e+01
6.215200424194335938e+01
7.340026855468750000e+01
7.420981597900390625e+01
3.000000000000000000e+01
3.000000000000000000e+01
3.000000000000000000e+01
4.629266357421875000e+01
6.650271606445312500e+01
9.864221954345703125e+01
5.219308471679687500e+01
5.125478363037109375e+01
4.262955474853515625e+01
2.624466247558593750e+02
4.127786254882812500e+01
4.627959823608398438e+01
3.724651336669921875e+01
3.000000000000000000e+01
3.899034118652343750e+01
6.618409729003906250e+01
7.977885437011718750e+01
9.435571289062500000e+01
6.362645721435546875e+01
4.064646148681640625e+01
5.157493972778320312e+01
4.547034835815429688e+01
1.412912902832031250e+02
3.598998260498046875e+01
4.747631072998046875e+01
5.069198608398437500e+01
4.030342864990234375e+01
6.196608734130859375e+01
5.790557479858398438e+01
1.348386230468750000e+02
7.536831665039062500e+01
8.943543243408203125e+01
5.516085433959960938e+01
4.399140167236328125e+01
7.102593231201171875e+01
3.221030807495117188e+01
6.691201782226562500e+01
7.125514221191406250e+01
3.000000000000000000e+01
3.457417678833007812e+01
9.412806701660156250e+01
3.000000000000000000e+01
4.434969329833984375e+01
1.373407440185546875e+02
6.742248535156250000e+01
4.668173599243164062e+01
6.668917846679687500e+01
4.063830566406250000e+01
6.138875198364257812e+01
9.355759429931640625e+01
5.379975891113281250e+01
7.157383728027343750e+01
2.022331695556640625e+02
5.001091766357421875e+01
1.172925186157226562e+02
4.972541046142578125e+01
4.823072052001953125e+01
9.437402343750000000e+01
7.062278747558593750e+01
5.562104415893554688e+01
6.996348571777343750e+01
3.000000000000000000e+01
6.410244750976562500e+01
5.884701919555664062e+01
7.219840240478515625e+01
4.329904174804687500e+01
5.865463638305664062e+01
6.633013153076171875e+01
9.300254058837890625e+01
1.014916839599609375e+02
5.660506439208984375e+01
6.039555358886718750e+01
5.534942626953125000e+01
5.456187438964843750e+01
6.920954132080078125e+01
3.000000000000000000e+01
9.584281921386718750e+01
9.004036712646484375e+01
3.084538078308105469e+01
7.650044250488281250e+01
8.624369812011718750e+01
5.165509796142578125e+01
4.545557403564453125e+01
4.759118652343750000e+01
4.470773696899414062e+01
1.951831054687500000e+02
3.138503074645996094e+01
5.195245742797851562e+01
5.124574279785156250e+01
4.257147979736328125e+01
9.498550415039062500e+01
3.953385925292968750e+01
4.727944183349609375e+01
1.369279479980468750e+02
6.518296813964843750e+01
8.320056152343750000e+01
4.585315322875976562e+01
4.140133666992187500e+01
5.960988616943359375e+01
9.063602447509765625e+01
8.453448486328125000e+01
8.148590087890625000e+01
7.527294921875000000e+01
3.144997215270996094e+01
7.272762298583984375e+01
8.630979919433593750e+01
5.202985382080078125e+01
4.917151260375976562e+01
7.294177246093750000e+01
1.012927398681640625e+02
6.237253570556640625e+01
6.247874450683593750e+01
4.445570373535156250e+01
3.000000000000000000e+01
3.706389999389648438e+01
3.432568359375000000e+01
3.296934127807617188e+01
3.350872039794921875e+01
3.000000000000000000e+01
5.282188415527343750e+01
4.967440795898437500e+01
4.556362152099609375e+01
7.188442993164062500e+01
5.428226852416992188e+01
4.215118789672851562e+01
4.170315170288085938e+01
5.049218750000000000e+01
5.912789154052734375e+01
3.413149261474609375e+01
3.337910461425781250e+01
5.233855438232421875e+01
3.988610458374023438e+01
5.743573760986328125e+01
3.000000000000000000e+01
5.203449249267578125e+01
3.000000000000000000e+01
4.123627090454101562e+01
1.147158660888671875e+02
5.030086898803710938e+01
3.674938964843750000e+01
6.182771301269531250e+01
4.747631072998046875e+01
7.152335357666015625e+01
4.647720336914062500e+01
5.328218841552734375e+01
1.228354034423828125e+02
4.570408630371093750e+01
1.295538635253906250e+02
1.236627349853515625e+02
3.858404922485351562e+01
3.341299819946289062e+01
9.505657958984375000e+01
4.179102706909179688e+01
6.479853820800781250e+01
4.035892486572265625e+01
1.654287109375000000e+02
4.156618499755859375e+01
6.544827270507812500e+01
5.338732910156250000e+01
3.000000000000000000e+01
4.810867691040039062e+01
1.067373352050781250e+02
4.517103958129882812e+01
6.886145019531250000e+01
4.915771102905273438e+01
3.820334243774414062e+01
3.700757980346679688e+01
5.249590301513671875e+01
5.195313262939453125e+01
4.329518127441406250e+01
4.040891647338867188e+01
4.003171539306640625e+01
4.212797927856445312e+01
4.684449005126953125e+01
4.053104019165039062e+01
4.650999450683593750e+01
5.357986450195312500e+01
5.125225830078125000e+01
7.067126464843750000e+01
1.154281616210937500e+02
6.029521942138671875e+01
1.087058715820312500e+02
7.887205505371093750e+01
1.047430114746093750e+02
3.804825592041015625e+01
5.883589935302734375e+01
5.701684188842773438e+01
3.801518630981445312e+01
7.417340850830078125e+01
7.145645904541015625e+01
7.887699890136718750e+01
7.370513153076171875e+01
4.098370361328125000e+01
5.047508239746093750e+01
5.868472290039062500e+01
8.433447265625000000e+01
5.013132858276367188e+01
6.018361663818359375e+01
4.946011734008789062e+01
4.017078018188476562e+01
9.776591491699218750e+01
4.026117706298828125e+01
4.764917755126953125e+01
4.275343704223632812e+01
5.035646820068359375e+01
6.757147216796875000e+01
9.167823028564453125e+01
4.363594055175781250e+01
3.407553100585937500e+01
3.370275878906250000e+01
9.435571289062500000e+01
6.025696945190429688e+01
4.314435577392578125e+01
5.495762252807617188e+01
5.402930068969726562e+01
5.262746047973632812e+01
5.766697692871093750e+01
5.713955307006835938e+01
6.632208251953125000e+01
3.851470947265625000e+01
5.751187896728515625e+01
7.008587646484375000e+01
8.368379974365234375e+01
8.306282043457031250e+01
4.573627090454101562e+01
3.785029983520507812e+01
7.440615081787109375e+01
7.581775665283203125e+01
4.911806488037109375e+01
5.268007278442382812e+01
6.260543823242187500e+01
3.588168716430664062e+01
6.071280670166015625e+01
3.612146377563476562e+01
3.000000000000000000e+01
4.824071884155273438e+01
7.092097473144531250e+01
6.633013153076171875e+01
4.864079284667968750e+01
5.304727554321289062e+01
3.748865509033203125e+01
7.486285400390625000e+01
1.017880554199218750e+02
6.276459503173828125e+01
3.339302444458007812e+01
1.047430114746093750e+02
5.258559417724609375e+01
6.870402526855468750e+01
1.012927398681640625e+02
4.031858062744140625e+01
3.752555847167968750e+01
7.673620605468750000e+01
3.027285766601562500e+01
4.475830459594726562e+01
2.303274993896484375e+02
4.382846069335937500e+01
3.000000000000000000e+01
4.089451599121093750e+01
1.337690429687500000e+02
6.368780136108398438e+01
5.847651672363281250e+01
1.031618270874023438e+02
4.887384033203125000e+01
1.232352371215820312e+02
8.334828948974609375e+01
9.172319793701171875e+01
3.389604949951171875e+01
4.536582183837890625e+01
6.668572235107421875e+01
7.235664367675781250e+01
6.536618041992187500e+01
4.766910552978515625e+01
5.275340270996093750e+01
4.200034332275390625e+01
4.462077331542968750e+01
5.771327972412109375e+01
4.843523025512695312e+01
4.034909820556640625e+01
7.221032714843750000e+01
7.920584106445312500e+01
3.921482086181640625e+01
3.205871963500976562e+01
5.303079986572265625e+01
3.000000000000000000e+01
4.754722595214843750e+01
1.110771179199218750e+02
5.387507247924804688e+01
8.096826171875000000e+01
5.261944580078125000e+01
4.319815826416015625e+01
3.722971725463867188e+01
9.809323120117187500e+01
6.575617218017578125e+01
7.857861328125000000e+01
9.853562164306640625e+01
5.661647033691406250e+01
4.323565292358398438e+01
4.044368362426757812e+01
4.725776672363281250e+01
5.982834243774414062e+01
6.497438812255859375e+01
1.951831054687500000e+02
5.306556701660156250e+01
6.100864028930664062e+01
5.712662887573242188e+01
6.510902404785156250e+01
4.543324661254882812e+01
5.148542022705078125e+01
5.748800277709960938e+01
7.308297729492187500e+01
1.211195526123046875e+02
3.000000000000000000e+01
3.229931259155273438e+01
6.651580810546875000e+01
1.058140106201171875e+02
6.815330505371093750e+01
1.295538635253906250e+02
3.524644851684570312e+01
5.638068389892578125e+01
5.063771820068359375e+01
7.019384002685546875e+01
1.733417968750000000e+02
7.017237854003906250e+01
5.240084075927734375e+01
6.943225097656250000e+01
3.831301879882812500e+01
4.285395431518554688e+01
7.712169647216796875e+01
3.790141677856445312e+01
3.666622543334960938e+01
5.642014312744140625e+01
8.388471221923828125e+01
5.838130950927734375e+01
9.112106323242187500e+01
4.028184509277343750e+01
4.792348480224609375e+01
5.977391815185546875e+01
7.468667602539062500e+01
5.850449752807617188e+01
4.542919540405273438e+01
4.712894439697265625e+01
4.061007308959960938e+01
3.000000000000000000e+01
3.598998260498046875e+01
4.290774536132812500e+01
6.679347229003906250e+01
6.742248535156250000e+01
3.784022903442382812e+01
3.000000000000000000e+01
4.332195281982421875e+01
4.627959823608398438e+01
3.347143554687500000e+01
1.244293365478515625e+02
3.000000000000000000e+01
6.971763610839843750e+01
9.050637817382812500e+01
4.119107055664062500e+01
3.000000000000000000e+01
4.061641693115234375e+01
5.085630798339843750e+01
6.777353668212890625e+01
5.642546844482421875e+01
5.379638290405273438e+01
5.448991775512695312e+01
6.026889419555664062e+01
6.133042144775390625e+01
4.120586776733398438e+01
7.431713867187500000e+01
3.719419860839843750e+01
5.960988616943359375e+01
5.963700866699218750e+01
3.730937957763671875e+01
4.183567428588867188e+01
5.880750656127929688e+01
5.679893875122070312e+01
4.755975723266601562e+01
4.497093582153320312e+01
5.433430480957031250e+01
5.403004074096679688e+01
6.997579956054687500e+01
7.499692535400390625e+01
5.528614044189453125e+01
8.831985473632812500e+01
4.464104461669921875e+01
5.932003021240234375e+01
4.516148376464843750e+01
6.579237365722656250e+01
7.434476470947265625e+01
6.316451644897460938e+01
8.485082244873046875e+01
3.826919555664062500e+01
8.249247741699218750e+01
4.726427459716796875e+01
5.468398284912109375e+01
9.997174072265625000e+01
1.394650115966796875e+02
9.988748168945312500e+01
4.331100845336914062e+01
3.193192100524902344e+01
4.623221206665039062e+01
4.414184570312500000e+01
1.014916839599609375e+02
7.634241485595703125e+01
6.102167510986328125e+01
9.905339050292968750e+01
5.303079986572265625e+01
4.884622192382812500e+01
3.000000000000000000e+01
5.765567779541015625e+01
5.744546508789062500e+01
3.901876831054687500e+01
4.103836059570312500e+01
8.307975006103515625e+01
6.107188415527343750e+01
4.320793914794921875e+01
8.386255645751953125e+01
3.649266052246093750e+01
3.775513458251953125e+01
5.252205657958984375e+01
4.418581390380859375e+01
4.823159027099609375e+01
4.542919540405273438e+01
1.793731689453125000e+02
6.697303009033203125e+01
4.969830322265625000e+01
4.359146881103515625e+01
5.462882232666015625e+01
1.120029449462890625e+02
3.938292694091796875e+01
4.677884292602539062e+01
7.003128051757812500e+01
4.034909820556640625e+01
7.241580963134765625e+01
4.558249282836914062e+01
6.699099731445312500e+01
5.359486389160156250e+01
5.174279403686523438e+01
3.916925430297851562e+01
3.770833587646484375e+01
4.664808654785156250e+01
5.438206100463867188e+01
1.988312072753906250e+02
4.625660324096679688e+01
4.710641479492187500e+01
7.318184661865234375e+01
5.558280181884765625e+01
4.687451934814453125e+01
3.079528236389160156e+01
4.251121139526367188e+01
5.197590255737304688e+01
3.491351318359375000e+01
4.786589050292968750e+01
5.897560119628906250e+01
4.169872283935546875e+01
4.368666076660156250e+01
3.000000000000000000e+01
3.858404922485351562e+01
4.632850646972656250e+01
3.370123672485351562e+01
5.688444519042968750e+01
6.631681823730468750e+01
3.349919128417968750e+01
4.718690109252929688e+01
4.982983398437500000e+01
7.396767425537109375e+01
4.180999374389648438e+01
1.060341567993164062e+02
3.338604736328125000e+01
8.148590087890625000e+01
8.884710693359375000e+01
4.254202270507812500e+01
9.997174072265625000e+01
3.000000000000000000e+01
4.870697021484375000e+01
4.143423080444335938e+01
4.197695159912109375e+01
1.169745941162109375e+02
5.754338073730468750e+01
3.577717971801757812e+01
6.948246765136718750e+01
3.961886596679687500e+01
1.052047271728515625e+02
6.152339553833007812e+01
4.891862487792968750e+01
4.903432464599609375e+01
7.667359924316406250e+01
8.151699066162109375e+01
7.923132324218750000e+01
6.833493041992187500e+01
3.900034332275390625e+01
3.984903717041015625e+01
4.881627655029296875e+01
7.673086547851562500e+01
1.030742797851562500e+02
7.820266723632812500e+01
1.261845245361328125e+02
6.147595596313476562e+01
4.146101379394531250e+01
6.452318572998046875e+01
3.000000000000000000e+01
5.482384490966796875e+01
3.000000000000000000e+01
3.000000000000000000e+01
7.311395263671875000e+01
1.263840332031250000e+02
5.555223846435546875e+01
3.000000000000000000e+01
4.990123367309570312e+01
6.758755493164062500e+01
3.872881698608398438e+01
4.848982238769531250e+01
6.497438812255859375e+01
4.261020278930664062e+01
7.727814483642578125e+01
4.285395812988281250e+01
5.826115798950195312e+01
5.503670501708984375e+01
3.299281311035156250e+01
4.362219238281250000e+01
5.403753662109375000e+01
3.767922973632812500e+01
6.638622283935546875e+01
7.264322662353515625e+01
5.515043640136718750e+01
9.568856811523437500e+01
5.433037185668945312e+01
3.159606361389160156e+01
4.073262405395507812e+01
4.072879791259765625e+01
4.077418518066406250e+01
4.052872848510742188e+01
3.892010879516601562e+01
3.492508697509765625e+01
8.550927734375000000e+01
4.064646148681640625e+01
3.252978897094726562e+01
9.300254821777343750e+01
7.411154174804687500e+01
4.134246444702148438e+01
6.244564819335937500e+01
8.026700592041015625e+01
4.556362152099609375e+01
4.539987945556640625e+01
1.049362411499023438e+02
4.234332275390625000e+01
7.695503997802734375e+01
4.603938293457031250e+01
3.000000000000000000e+01
5.864118957519531250e+01
5.109278106689453125e+01
4.019662094116210938e+01
5.362194061279296875e+01
4.355789566040039062e+01
5.282386398315429688e+01
4.352551269531250000e+01
5.671569442749023438e+01
3.000000000000000000e+01
3.868579864501953125e+01
7.342555236816406250e+01
8.861956787109375000e+01
3.908728027343750000e+01
1.007146835327148438e+02
5.235911560058593750e+01
3.768723297119140625e+01
8.377874755859375000e+01
9.204679870605468750e+01
4.397784423828125000e+01
6.173320007324218750e+01
3.273867797851562500e+01
4.542958068847656250e+01
3.048014640808105469e+01
6.498336791992187500e+01
4.829292297363281250e+01
4.075996017456054688e+01
4.585315322875976562e+01
5.410140991210937500e+01
6.326109695434570312e+01
3.476445007324218750e+01
6.367711639404296875e+01
5.552494812011718750e+01
5.217578506469726562e+01
7.679656982421875000e+01
7.182611083984375000e+01
3.926107406616210938e+01
5.475125885009765625e+01
3.247498703002929688e+01
5.503828811645507812e+01
6.669184112548828125e+01
8.545507812500000000e+01
6.699099731445312500e+01
4.827311706542968750e+01
6.809624481201171875e+01
6.367711639404296875e+01
4.118045043945312500e+01
5.150477600097656250e+01
3.385933685302734375e+01
4.478678894042968750e+01
6.085730743408203125e+01
5.983604049682617188e+01
3.110154533386230469e+01
5.304723358154296875e+01
5.232123565673828125e+01
4.404338073730468750e+01
3.000000000000000000e+01
5.587145233154296875e+01
3.996770095825195312e+01
4.866187286376953125e+01
6.886491394042968750e+01
3.705568313598632812e+01
5.813299942016601562e+01
3.491017532348632812e+01
7.309018707275390625e+01
6.842720031738281250e+01
4.088840484619140625e+01
4.040008544921875000e+01
4.123503875732421875e+01
9.858273315429687500e+01
7.829961395263671875e+01
3.184469413757324219e+01
4.615789794921875000e+01
5.647049331665039062e+01
5.498076248168945312e+01
4.347425842285156250e+01
3.335795211791992188e+01
7.944718933105468750e+01
3.992432022094726562e+01
3.900122070312500000e+01
4.663493728637695312e+01
4.221072387695312500e+01
6.858823394775390625e+01
3.000000000000000000e+01
9.437402343750000000e+01
6.559509277343750000e+01
4.817427062988281250e+01
4.432981109619140625e+01
4.998655700683593750e+01
3.912847137451171875e+01
5.447904968261718750e+01
3.193192100524902344e+01
4.258267593383789062e+01
4.538388824462890625e+01
5.260368347167968750e+01
6.010845184326171875e+01
5.424893188476562500e+01
7.401234436035156250e+01
5.788821411132812500e+01
5.719445037841796875e+01
4.623458099365234375e+01
3.000000000000000000e+01
3.000000000000000000e+01
4.998655700683593750e+01
8.485082244873046875e+01
4.695272827148437500e+01
4.822875976562500000e+01
3.000000000000000000e+01
7.087368774414062500e+01
5.428561782836914062e+01
8.403576660156250000e+01
3.842149353027343750e+01
3.354953002929687500e+01
5.353432464599609375e+01
3.000000000000000000e+01
4.623329925537109375e+01
3.547330856323242188e+01
4.914519882202148438e+01
3.025145149230957031e+01
3.000000000000000000e+01
3.569313049316406250e+01
4.432987213134765625e+01
7.430781555175781250e+01
4.391769409179687500e+01
8.545507812500000000e+01
5.618269348144531250e+01
4.230747222900390625e+01
3.953378295898437500e+01
3.829230499267578125e+01
3.339633178710937500e+01
4.409228897094726562e+01
5.808153533935546875e+01
7.977885437011718750e+01
5.328218841552734375e+01
4.066403961181640625e+01
4.917098236083984375e+01
7.891271972656250000e+01
5.241758346557617188e+01
4.366184234619140625e+01
3.000000000000000000e+01
3.000000000000000000e+01
3.917102813720703125e+01
3.730937957763671875e+01
5.835727691650390625e+01
4.004144287109375000e+01
4.205027389526367188e+01
3.867933654785156250e+01
3.519820404052734375e+01
3.601778793334960938e+01
4.990854644775390625e+01
3.449638748168945312e+01
6.407038879394531250e+01
4.726345062255859375e+01
8.258309936523437500e+01
5.618269348144531250e+01
6.912781524658203125e+01
3.000000000000000000e+01
4.091811370849609375e+01
4.126782989501953125e+01
3.142528343200683594e+01
4.384767150878906250e+01
7.428633880615234375e+01
3.000000000000000000e+01
5.596800613403320312e+01
4.790660858154296875e+01
3.341299819946289062e+01
5.345959854125976562e+01
6.362645339965820312e+01
4.074371337890625000e+01
3.984705352783203125e+01
7.739908599853515625e+01
4.983274078369140625e+01
7.667359161376953125e+01
8.458038330078125000e+01
3.000000000000000000e+01
7.219470214843750000e+01
3.585065460205078125e+01
5.562104415893554688e+01
4.705360794067382812e+01
4.297819519042968750e+01
5.784729003906250000e+01
5.790557861328125000e+01
3.921205139160156250e+01
6.225215911865234375e+01
7.768911743164062500e+01
3.564957427978515625e+01
7.210330200195312500e+01
3.554762268066406250e+01
3.000000000000000000e+01
3.711141967773437500e+01
5.208002471923828125e+01
3.037155151367187500e+01
6.811384582519531250e+01
4.694340515136718750e+01
4.710641479492187500e+01
4.760636901855468750e+01
5.142623901367187500e+01
4.047889328002929688e+01
3.006937217712402344e+01
7.096318817138671875e+01
3.709364318847656250e+01
4.672259902954101562e+01
5.457540893554687500e+01
6.662817382812500000e+01
4.533924102783203125e+01
4.754100418090820312e+01
4.040008163452148438e+01
3.000000000000000000e+01
3.834619903564453125e+01
3.744988250732421875e+01
3.779229354858398438e+01
3.000000000000000000e+01
4.069041061401367188e+01
6.651580810546875000e+01
3.746224212646484375e+01
4.329518127441406250e+01
4.780088043212890625e+01
7.325408935546875000e+01
5.200511932373046875e+01
6.777091979980468750e+01
1.103812637329101562e+02
4.895460510253906250e+01
4.214705657958984375e+01
3.682246398925781250e+01
4.970191955566406250e+01
3.850344085693359375e+01
4.570818328857421875e+01
6.966897583007812500e+01
9.853562164306640625e+01
3.758575439453125000e+01
3.972409820556640625e+01
4.684917068481445312e+01
4.627237319946289062e+01
3.876548385620117188e+01
4.810867691040039062e+01
4.418581390380859375e+01
5.255049133300781250e+01
3.000000000000000000e+01
5.733347320556640625e+01
3.781389999389648438e+01
5.768966293334960938e+01
6.071280670166015625e+01
4.289892959594726562e+01
4.805839538574218750e+01
5.175754928588867188e+01
3.273686218261718750e+01
5.589223098754882812e+01
4.340527343750000000e+01
4.410870361328125000e+01
6.815330505371093750e+01
4.395121002197265625e+01
4.307407379150390625e+01
4.543324661254882812e+01
5.026069641113281250e+01
3.000000000000000000e+01
5.902056121826171875e+01
3.382791137695312500e+01
4.897640228271484375e+01
3.728895187377929688e+01
4.628948974609375000e+01
5.669677734375000000e+01
5.074843215942382812e+01
5.349483871459960938e+01
4.201010131835937500e+01
3.000000000000000000e+01
5.294512176513671875e+01
6.520059204101562500e+01
3.804825592041015625e+01
3.785935592651367188e+01
5.436234283447265625e+01
5.717578887939453125e+01
5.344855880737304688e+01
6.007952880859375000e+01
4.077150344848632812e+01
7.085791015625000000e+01
3.918737792968750000e+01
1.016318435668945312e+02
8.681112670898437500e+01
4.753316116333007812e+01
4.983115386962890625e+01
3.116026687622070312e+01
6.361371612548828125e+01
3.499416351318359375e+01
3.887116622924804688e+01
7.767415618896484375e+01
3.982572555541992188e+01
4.280615997314453125e+01
5.304191207885742188e+01
9.941278076171875000e+01
4.079366302490234375e+01
4.367594909667968750e+01
3.467266464233398438e+01
4.992047882080078125e+01
3.871268463134765625e+01
3.395894241333007812e+01
4.622813415527343750e+01
8.715922546386718750e+01
5.378299331665039062e+01
5.055002975463867188e+01
3.503018569946289062e+01
5.655986785888671875e+01
3.985111618041992188e+01
4.512285614013671875e+01
5.527592849731445312e+01
1.060341567993164062e+02
5.629814147949218750e+01
6.998071289062500000e+01
6.826350402832031250e+01
6.435164642333984375e+01
6.435189819335937500e+01
3.000000000000000000e+01
4.107860565185546875e+01
5.657538604736328125e+01
4.175981521606445312e+01
3.264416885375976562e+01
4.076265335083007812e+01
3.920484161376953125e+01
3.900475692749023438e+01
3.410805892944335938e+01
3.824451828002929688e+01
4.531024932861328125e+01
7.290536499023437500e+01
4.731793212890625000e+01
3.271267318725585938e+01
4.882966613769531250e+01
3.354867935180664062e+01
4.178210449218750000e+01
4.994793701171875000e+01
8.191264343261718750e+01
4.727849578857421875e+01
4.878298187255859375e+01
3.000000000000000000e+01
7.272762298583984375e+01
5.740065383911132812e+01
3.000000000000000000e+01
9.858273315429687500e+01
3.608672332763671875e+01
1.056233215332031250e+02
3.491679382324218750e+01
6.218581771850585938e+01
6.598219299316406250e+01
4.499215698242187500e+01
3.168898582458496094e+01
4.275044631958007812e+01
5.044340896606445312e+01
4.399140167236328125e+01
5.057555007934570312e+01
4.385173034667968750e+01
3.444497299194335938e+01
4.128307342529296875e+01
7.241580963134765625e+01
6.583747863769531250e+01
7.309736633300781250e+01
4.963272857666015625e+01
4.145269012451171875e+01
5.681100463867187500e+01
3.900475692749023438e+01
5.333628845214843750e+01
4.803014373779296875e+01
5.518019866943359375e+01
4.240238952636718750e+01
4.681267929077148438e+01
4.222755432128906250e+01
3.918585586547851562e+01
3.000000000000000000e+01
7.832939147949218750e+01
3.731897354125976562e+01
3.464521408081054688e+01
3.000000000000000000e+01
4.293852615356445312e+01
4.640433502197265625e+01
3.039109420776367188e+01
4.885368347167968750e+01
3.042560005187988281e+01
3.106107330322265625e+01
5.406447219848632812e+01
6.948246765136718750e+01
3.000000000000000000e+01
5.747008895874023438e+01
4.852045822143554688e+01
4.041648483276367188e+01
4.105596160888671875e+01
5.704559326171875000e+01
4.170963287353515625e+01
4.079281616210937500e+01
4.735702133178710938e+01
5.961582946777343750e+01
3.379180145263671875e+01
4.182014846801757812e+01
3.298432159423828125e+01
3.963241577148437500e+01
3.347751617431640625e+01
3.000000000000000000e+01
3.561831665039062500e+01
5.562786865234375000e+01
5.171854019165039062e+01
9.941278076171875000e+01
4.984297561645507812e+01
3.000000000000000000e+01
3.020020675659179688e+01
8.459243774414062500e+01
3.000000000000000000e+01
4.501938629150390625e+01
7.832939147949218750e+01
5.425220870971679688e+01
4.079561614990234375e+01
4.317249679565429688e+01
5.282188415527343750e+01
9.865655517578125000e+01
9.057354736328125000e+01
5.458811950683593750e+01
6.916545104980468750e+01
3.000000000000000000e+01
3.279271316528320312e+01
5.955528640747070312e+01
4.156781768798828125e+01
5.447734069824218750e+01
5.904660034179687500e+01
4.086668395996093750e+01
3.117500877380371094e+01
6.145388793945312500e+01
3.948690414428710938e+01
5.309514236450195312e+01
5.288340759277343750e+01
4.920318603515625000e+01
3.273800277709960938e+01
3.339302062988281250e+01
3.585065460205078125e+01
3.639469528198242188e+01
4.085504913330078125e+01
8.089021301269531250e+01
4.663771057128906250e+01
4.029927444458007812e+01
7.361412811279296875e+01
5.749698638916015625e+01
3.530822372436523438e+01
3.759674835205078125e+01
4.475198364257812500e+01
4.777060699462890625e+01
3.760219573974609375e+01
3.315591049194335938e+01
4.669214630126953125e+01
6.464111328125000000e+01
5.990242385864257812e+01
5.320847320556640625e+01
3.000000000000000000e+01
3.922715759277343750e+01
3.972606277465820312e+01
3.672913360595703125e+01
5.782904052734375000e+01
3.696640777587890625e+01
4.716541290283203125e+01
3.000000000000000000e+01
4.313293838500976562e+01
3.607841110229492188e+01
3.895586395263671875e+01
5.414743041992187500e+01
4.669775390625000000e+01
3.758575439453125000e+01
4.823159027099609375e+01
4.274899291992187500e+01
3.886403656005859375e+01
5.595749282836914062e+01
3.348238372802734375e+01
6.892378234863281250e+01
4.335295486450195312e+01
4.318515777587890625e+01
4.207094192504882812e+01
7.396768188476562500e+01
4.865561676025390625e+01
3.835995483398437500e+01
3.000000000000000000e+01
3.990149688720703125e+01
6.002507019042968750e+01
4.468598937988281250e+01
4.148953628540039062e+01
3.066477394104003906e+01
3.000000000000000000e+01
3.664004516601562500e+01
3.366658401489257812e+01
4.605150604248046875e+01
4.218572998046875000e+01
6.428134918212890625e+01
4.089073181152343750e+01
6.580668640136718750e+01
4.230804443359375000e+01
3.939668273925781250e+01
6.072955703735351562e+01
3.692419433593750000e+01
5.045411682128906250e+01
3.248921966552734375e+01
3.211935424804687500e+01
4.719784545898437500e+01
5.313510894775390625e+01
3.182058525085449219e+01
3.750499725341796875e+01
3.000000000000000000e+01
3.481921005249023438e+01
3.729870223999023438e+01
3.961238479614257812e+01
