4.791141510009765625e+01
5.671818542480468750e+01
3.876803207397460938e+01
4.038864135742187500e+01
6.664622497558593750e+01
6.840879821777343750e+01
3.000000000000000000e+01
8.652799987792968750e+01
5.179201889038085938e+01
1.219827117919921875e+02
5.078134918212890625e+01
1.387928619384765625e+02
4.748977279663085938e+01
4.506177520751953125e+01
3.000000000000000000e+01
7.074092102050781250e+01
6.298843383789062500e+01
4.174185943603515625e+01
4.034078216552734375e+01
1.195997390747070312e+02
3.915374374389648438e+01
8.805638122558593750e+01
3.954941940307617188e+01
4.871953582763671875e+01
5.513710021972656250e+01
7.280165863037109375e+01
3.835784912109375000e+01
7.056758117675781250e+01
1.942525634765625000e+02
6.759444427490234375e+01
5.881455230712890625e+01
4.613446044921875000e+01
4.359550857543945312e+01
1.383681335449218750e+02
7.780889129638671875e+01
9.277001190185546875e+01
6.628607177734375000e+01
5.397924804687500000e+01
4.483665847778320312e+01
5.526145935058593750e+01
4.289936828613281250e+01
4.750827789306640625e+01
4.894128036499023438e+01
4.572830200195312500e+01
3.395207214355468750e+01
3.005225372314453125e+01
5.883675765991210938e+01
6.253108596801757812e+01
1.250105514526367188e+02
5.937145233154296875e+01
4.164444351196289062e+01
3.000000000000000000e+01
5.519997406005859375e+01
4.079655456542968750e+01
8.262411499023437500e+01
4.725058364868164062e+01
6.906162261962890625e+01
4.441696548461914062e+01
5.497272491455078125e+01
6.197413635253906250e+01
5.684497070312500000e+01
7.086182403564453125e+01
4.032171249389648438e+01
6.884980773925781250e+01
1.017057495117187500e+02
5.032889556884765625e+01
5.102875518798828125e+01
3.000000000000000000e+01
4.752903747558593750e+01
5.055489349365234375e+01
5.873302841186523438e+01
4.085511779785156250e+01
1.306861877441406250e+02
4.689858627319335938e+01
7.013111877441406250e+01
7.046765136718750000e+01
4.736462783813476562e+01
5.422330856323242188e+01
4.603947448730468750e+01
7.046321105957031250e+01
3.515968704223632812e+01
6.298843002319335938e+01
4.979876708984375000e+01
8.366290283203125000e+01
8.318395996093750000e+01
3.789041900634765625e+01
4.091566085815429688e+01
4.651543807983398438e+01
4.748977279663085938e+01
5.179947662353515625e+01
4.473274993896484375e+01
4.707128906250000000e+01
6.412027740478515625e+01
5.327354049682617188e+01
1.179676971435546875e+02
1.060233154296875000e+02
6.841331481933593750e+01
3.913336944580078125e+01
1.146440582275390625e+02
4.714372253417968750e+01
8.419386291503906250e+01
6.961660003662109375e+01
1.487773437500000000e+02
3.888353347778320312e+01
4.583760070800781250e+01
7.512312316894531250e+01
3.034778022766113281e+01
5.967472457885742188e+01
5.052017593383789062e+01
4.180488586425781250e+01
4.627275848388671875e+01
3.627845001220703125e+01
6.932186889648437500e+01
8.828105926513671875e+01
3.887434768676757812e+01
4.180666732788085938e+01
9.004519653320312500e+01
4.961712265014648438e+01
6.701965332031250000e+01
4.530350875854492188e+01
5.102642440795898438e+01
4.835268402099609375e+01
3.214184570312500000e+01
4.266371917724609375e+01
3.748022460937500000e+01
4.353676605224609375e+01
7.459252929687500000e+01
5.784645080566406250e+01
4.264081192016601562e+01
4.857499694824218750e+01
5.213090515136718750e+01
9.463865661621093750e+01
7.118939208984375000e+01
4.019882202148437500e+01
6.306018829345703125e+01
4.828756713867187500e+01
1.066561203002929688e+02
4.274539184570312500e+01
4.318674087524414062e+01
6.853305816650390625e+01
4.268771743774414062e+01
1.094313049316406250e+02
8.061128234863281250e+01
5.090587997436523438e+01
7.286049652099609375e+01
4.265042877197265625e+01
8.669337463378906250e+01
9.919303131103515625e+01
6.287308120727539062e+01
1.544178771972656250e+02
5.863263702392578125e+01
7.633460998535156250e+01
5.141200256347656250e+01
8.859194946289062500e+01
4.437392425537109375e+01
1.114710235595703125e+02
3.838879394531250000e+01
1.226096191406250000e+02
4.540757751464843750e+01
7.046090698242187500e+01
3.795689773559570312e+01
5.662725830078125000e+01
4.759874343872070312e+01
3.901951217651367188e+01
6.761165618896484375e+01
3.987810897827148438e+01
6.900888061523437500e+01
5.056647109985351562e+01
3.938430786132812500e+01
1.383544769287109375e+02
4.590433502197265625e+01
3.496360015869140625e+01
3.506135177612304688e+01
3.000000000000000000e+01
4.713504791259765625e+01
7.624046325683593750e+01
5.457369995117187500e+01
4.374068450927734375e+01
6.497009277343750000e+01
5.831710433959960938e+01
6.766355133056640625e+01
6.167689132690429688e+01
7.991728210449218750e+01
6.127832794189453125e+01
4.167709732055664062e+01
3.829965972900390625e+01
3.135609436035156250e+01
7.576336669921875000e+01
5.355939483642578125e+01
4.380767822265625000e+01
5.392572021484375000e+01
6.849944305419921875e+01
4.612805557250976562e+01
3.893755722045898438e+01
4.720358657836914062e+01
3.703846359252929688e+01
4.450481033325195312e+01
8.532434082031250000e+01
1.242448348999023438e+02
7.015167236328125000e+01
5.873316955566406250e+01
8.870199584960937500e+01
6.837346649169921875e+01
3.000000000000000000e+01
5.479661178588867188e+01
4.202686309814453125e+01
5.964326477050781250e+01
6.423195648193359375e+01
1.395114746093750000e+02
3.816638565063476562e+01
5.051388931274414062e+01
8.367999267578125000e+01
4.338494110107421875e+01
3.847595977783203125e+01
3.649337005615234375e+01
3.809815216064453125e+01
6.538901519775390625e+01
5.367785644531250000e+01
5.328998947143554688e+01
4.118669128417968750e+01
3.817898559570312500e+01
6.743529510498046875e+01
7.781010437011718750e+01
4.179969406127929688e+01
4.062287902832031250e+01
4.022972106933593750e+01
5.191418838500976562e+01
9.843534851074218750e+01
5.631919097900390625e+01
8.010881805419921875e+01
3.885061645507812500e+01
4.722808074951171875e+01
5.411386871337890625e+01
3.303910446166992188e+01
4.759223937988281250e+01
6.575802612304687500e+01
4.463979339599609375e+01
4.798295211791992188e+01
6.383824920654296875e+01
5.921319580078125000e+01
4.332021331787109375e+01
1.158550109863281250e+02
7.617917633056640625e+01
6.834737396240234375e+01
8.307182312011718750e+01
4.663980865478515625e+01
5.198169326782226562e+01
1.249031524658203125e+02
1.539895324707031250e+02
5.043783950805664062e+01
5.733744812011718750e+01
3.973551940917968750e+01
5.444251251220703125e+01
1.061452331542968750e+02
5.190035247802734375e+01
7.000535583496093750e+01
4.775908279418945312e+01
4.034584808349609375e+01
4.140921783447265625e+01
1.557847747802734375e+02
5.281150436401367188e+01
5.932239151000976562e+01
7.720494842529296875e+01
4.852497863769531250e+01
1.529752807617187500e+02
5.164143753051757812e+01
1.438196411132812500e+02
7.285903167724609375e+01
6.277087783813476562e+01
7.315690612792968750e+01
5.895685195922851562e+01
4.774574279785156250e+01
6.834737396240234375e+01
7.222288513183593750e+01
1.038809280395507812e+02
3.000000000000000000e+01
6.101132583618164062e+01
7.433373260498046875e+01
8.896017456054687500e+01
8.584959411621093750e+01
6.156477737426757812e+01
5.877427673339843750e+01
7.043595886230468750e+01
4.264496231079101562e+01
6.633503723144531250e+01
3.552869415283203125e+01
4.213257598876953125e+01
5.979138183593750000e+01
3.770758819580078125e+01
3.809221267700195312e+01
4.081359100341796875e+01
5.099148941040039062e+01
3.440761566162109375e+01
7.464042663574218750e+01
3.651448822021484375e+01
4.220269393920898438e+01
5.187654113769531250e+01
4.266297912597656250e+01
4.752253723144531250e+01
6.538296508789062500e+01
6.488822937011718750e+01
3.420320510864257812e+01
3.668250656127929688e+01
7.250415039062500000e+01
6.634851074218750000e+01
3.994390106201171875e+01
7.687109375000000000e+01
7.045728302001953125e+01
6.943099975585937500e+01
9.140734863281250000e+01
1.331169128417968750e+02
3.783172988891601562e+01
9.133119964599609375e+01
7.692090606689453125e+01
9.403993225097656250e+01
4.130109786987304688e+01
3.807236480712890625e+01
1.239093627929687500e+02
6.319610595703125000e+01
1.146440582275390625e+02
4.443898010253906250e+01
5.223939514160156250e+01
5.942507934570312500e+01
4.474923706054687500e+01
3.487078857421875000e+01
4.014786529541015625e+01
4.184792327880859375e+01
3.644852066040039062e+01
1.306861877441406250e+02
3.000000000000000000e+01
7.660723876953125000e+01
5.032197570800781250e+01
6.986148834228515625e+01
4.571464538574218750e+01
5.007061767578125000e+01
4.824137115478515625e+01
7.002357482910156250e+01
5.675688552856445312e+01
3.000000000000000000e+01
3.547777938842773438e+01
5.173383331298828125e+01
7.580197906494140625e+01
4.461127090454101562e+01
6.943099975585937500e+01
4.520461273193359375e+01
5.193855285644531250e+01
1.218736953735351562e+02
4.052408599853515625e+01
4.650017547607421875e+01
9.937187957763671875e+01
1.507765960693359375e+02
1.756002349853515625e+02
5.721270751953125000e+01
7.086182403564453125e+01
3.621522140502929688e+01
7.851447296142578125e+01
5.419418334960937500e+01
3.570148849487304688e+01
1.092959213256835938e+02
4.947613143920898438e+01
6.829541015625000000e+01
1.212241058349609375e+02
6.341315460205078125e+01
6.209046173095703125e+01
9.495657348632812500e+01
3.212717819213867188e+01
6.419444274902343750e+01
1.170279312133789062e+02
3.845439147949218750e+01
5.404617309570312500e+01
5.818691253662109375e+01
4.953652191162109375e+01
9.852244567871093750e+01
1.176336898803710938e+02
5.731812286376953125e+01
9.947249603271484375e+01
7.686978149414062500e+01
6.759444427490234375e+01
6.997497558593750000e+01
7.527649688720703125e+01
3.000000000000000000e+01
3.000000000000000000e+01
3.000000000000000000e+01
4.984208297729492188e+01
5.926743316650390625e+01
7.617917633056640625e+01
4.603635406494140625e+01
4.358029937744140625e+01
3.113368034362792969e+01
2.776573486328125000e+02
5.309958648681640625e+01
4.830068206787109375e+01
3.747753906250000000e+01
3.000000000000000000e+01
4.211134338378906250e+01
7.214521789550781250e+01
6.987210083007812500e+01
9.151722717285156250e+01
7.379238891601562500e+01
5.633004760742187500e+01
5.137125396728515625e+01
4.291918182373046875e+01
1.709179992675781250e+02
4.656370544433593750e+01
4.187494277954101562e+01
7.275908660888671875e+01
3.836414718627929688e+01
6.742184448242187500e+01
5.755381393432617188e+01
1.407651672363281250e+02
7.556047821044921875e+01
8.108659362792968750e+01
6.655870056152343750e+01
4.489009475708007812e+01
6.918852233886718750e+01
3.899716949462890625e+01
7.681123352050781250e+01
8.960629272460937500e+01
3.034253311157226562e+01
3.784762191772460938e+01
7.585551452636718750e+01
3.000000000000000000e+01
3.978403472900390625e+01
1.319295043945312500e+02
6.941220092773437500e+01
5.720518112182617188e+01
6.265893554687500000e+01
4.290211105346679688e+01
6.242385482788085938e+01
8.738813018798828125e+01
4.686763763427734375e+01
7.660723876953125000e+01
1.816654205322265625e+02
4.474923706054687500e+01
1.040336303710937500e+02
4.921438217163085938e+01
5.660207748413085938e+01
8.206015014648437500e+01
7.056758117675781250e+01
5.690352630615234375e+01
6.611494445800781250e+01
3.602384948730468750e+01
5.859276580810546875e+01
5.155364990234375000e+01
5.586155700683593750e+01
3.728201293945312500e+01
5.839774322509765625e+01
6.331232833862304688e+01
1.687205810546875000e+02
9.692285919189453125e+01
4.926900482177734375e+01
5.141200256347656250e+01
5.227879714965820312e+01
5.213761901855468750e+01
7.540281677246093750e+01
3.000000000000000000e+01
8.307427978515625000e+01
7.975884246826171875e+01
4.024081039428710938e+01
1.099963455200195312e+02
9.932104492187500000e+01
5.875469589233398438e+01
4.778336334228515625e+01
4.935395431518554688e+01
4.180491638183593750e+01
2.050383605957031250e+02
3.613468170166015625e+01
4.805748748779296875e+01
5.045829391479492188e+01
4.472128677368164062e+01
1.065193481445312500e+02
4.203818893432617188e+01
5.059895324707031250e+01
1.331192779541015625e+02
6.634851074218750000e+01
8.255140686035156250e+01
6.076271820068359375e+01
4.153752899169921875e+01
6.115160369873046875e+01
8.791996002197265625e+01
7.928246307373046875e+01
7.557511901855468750e+01
7.296797180175781250e+01
3.417791748046875000e+01
8.883471679687500000e+01
8.315519714355468750e+01
5.149252700805664062e+01
3.847595977783203125e+01
6.539549255371093750e+01
9.716970825195312500e+01
7.282297515869140625e+01
5.489704132080078125e+01
4.871815109252929688e+01
3.249988174438476562e+01
3.793990707397460938e+01
3.000000000000000000e+01
4.333581542968750000e+01
3.010070800781250000e+01
5.344898605346679688e+01
5.398561096191406250e+01
4.966004943847656250e+01
4.323670959472656250e+01
7.253708648681640625e+01
6.221150970458984375e+01
3.576770401000976562e+01
4.100119781494140625e+01
5.290084457397460938e+01
5.262783813476562500e+01
3.000000000000000000e+01
3.484687042236328125e+01
9.126230621337890625e+01
3.937163543701171875e+01
5.619589996337890625e+01
3.000000000000000000e+01
5.757642745971679688e+01
4.003381347656250000e+01
3.000000000000000000e+01
1.189827575683593750e+02
5.274172973632812500e+01
3.740282440185546875e+01
7.606412506103515625e+01
4.187494277954101562e+01
6.485315704345703125e+01
5.220172119140625000e+01
5.002172470092773438e+01
1.107829666137695312e+02
4.768167877197265625e+01
1.439026031494140625e+02
1.082236862182617188e+02
3.828926467895507812e+01
4.162636947631835938e+01
8.714855957031250000e+01
4.624864196777343750e+01
6.241488647460937500e+01
7.720494842529296875e+01
1.990222930908203125e+02
5.439295959472656250e+01
7.503594970703125000e+01
5.519150543212890625e+01
3.646517562866210938e+01
4.770976638793945312e+01
1.004935760498046875e+02
4.735141372680664062e+01
7.742231750488281250e+01
5.856174850463867188e+01
3.853121948242187500e+01
4.428082275390625000e+01
4.539090728759765625e+01
4.512268066406250000e+01
4.076737213134765625e+01
4.139065170288085938e+01
3.484365463256835938e+01
4.106225204467773438e+01
4.169522476196289062e+01
4.837826919555664062e+01
4.467486572265625000e+01
5.685702514648437500e+01
5.967472076416015625e+01
7.758821105957031250e+01
1.395114593505859375e+02
6.626966094970703125e+01
1.017396240234375000e+02
7.974649047851562500e+01
1.129826965332031250e+02
4.094611358642578125e+01
4.360109710693359375e+01
7.438905334472656250e+01
4.043900299072265625e+01
5.933353805541992188e+01
7.977194976806640625e+01
6.521539306640625000e+01
7.277006530761718750e+01
3.887435150146484375e+01
4.616119766235351562e+01
5.653429794311523438e+01
1.028967208862304688e+02
3.838117218017578125e+01
5.489588928222656250e+01
4.281517410278320312e+01
4.187515258789062500e+01
9.104866027832031250e+01
4.473274612426757812e+01
4.868060684204101562e+01
4.145439910888671875e+01
4.580522537231445312e+01
7.632759094238281250e+01
1.058111343383789062e+02
4.411664581298828125e+01
4.068782806396484375e+01
3.553577804565429688e+01
9.151722717285156250e+01
6.229272460937500000e+01
4.346884918212890625e+01
5.352679443359375000e+01
6.211418914794921875e+01
4.146720123291015625e+01
5.271916961669921875e+01
6.218569183349609375e+01
6.571208953857421875e+01
3.620090484619140625e+01
6.801441955566406250e+01
5.900310516357421875e+01
8.080604553222656250e+01
6.767378234863281250e+01
4.220423507690429688e+01
3.651950073242187500e+01
6.270778656005859375e+01
7.517039489746093750e+01
4.850297927856445312e+01
6.081367492675781250e+01
5.454683303833007812e+01
3.802024841308593750e+01
5.918042373657226562e+01
6.172392272949218750e+01
3.155397415161132812e+01
5.496108627319335938e+01
6.871845245361328125e+01
6.331232833862304688e+01
6.019075775146484375e+01
5.922315979003906250e+01
3.144575691223144531e+01
6.503273010253906250e+01
1.088994827270507812e+02
5.639932250976562500e+01
4.056998062133789062e+01
1.129826965332031250e+02
5.721270751953125000e+01
6.081336212158203125e+01
9.716970825195312500e+01
4.323526763916015625e+01
3.248520660400390625e+01
7.994073486328125000e+01
3.000000000000000000e+01
4.521620941162109375e+01
1.887319488525390625e+02
4.901562500000000000e+01
3.000000000000000000e+01
4.612770843505859375e+01
1.271072387695312500e+02
7.928785705566406250e+01
4.969687271118164062e+01
1.092080612182617188e+02
4.313320922851562500e+01
1.120276794433593750e+02
7.163520812988281250e+01
1.113352890014648438e+02
4.989267730712890625e+01
4.140209960937500000e+01
9.683177185058593750e+01
7.162479400634765625e+01
7.374395751953125000e+01
5.675688171386718750e+01
4.781677246093750000e+01
3.000000000000000000e+01
4.445408630371093750e+01
5.715805053710937500e+01
5.025598526000976562e+01
4.132266235351562500e+01
7.057036590576171875e+01
7.722540283203125000e+01
4.414373397827148438e+01
3.081035995483398438e+01
4.792439651489257812e+01
3.000000000000000000e+01
4.624244689941406250e+01
1.156699371337890625e+02
5.669379806518554688e+01
8.171506500244140625e+01
5.260763549804687500e+01
4.394547653198242188e+01
3.000000000000000000e+01
1.094313049316406250e+02
6.299020385742187500e+01
7.550929260253906250e+01
8.214362335205078125e+01
5.349938964843750000e+01
4.337668991088867188e+01
4.270199584960937500e+01
4.077512359619140625e+01
6.369744491577148438e+01
7.463180541992187500e+01
2.050383605957031250e+02
4.873292541503906250e+01
6.551164245605468750e+01
6.812166595458984375e+01
7.103205108642578125e+01
4.356563186645507812e+01
4.955577468872070312e+01
5.131098556518554688e+01
6.553096771240234375e+01
1.012677307128906250e+02
3.000000000000000000e+01
3.647546005249023438e+01
6.402771759033203125e+01
9.802534484863281250e+01
5.528913497924804688e+01
1.439025878906250000e+02
6.031901550292968750e+01
3.000000000000000000e+01
4.760379028320312500e+01
5.944975280761718750e+01
1.476374511718750000e+02
7.622389984130859375e+01
5.389915466308593750e+01
7.938948059082031250e+01
3.000000000000000000e+01
6.448856353759765625e+01
9.171600341796875000e+01
4.815446472167968750e+01
3.877970886230468750e+01
6.653503417968750000e+01
8.349867248535156250e+01
5.456723022460937500e+01
1.105048904418945312e+02
4.416459274291992188e+01
5.528314971923828125e+01
6.319610595703125000e+01
8.119788360595703125e+01
6.505073547363281250e+01
4.538936614990234375e+01
4.086497497558593750e+01
3.782277297973632812e+01
3.317056274414062500e+01
4.656370925903320312e+01
4.227024078369140625e+01
5.503885650634765625e+01
6.941220092773437500e+01
4.118438720703125000e+01
3.000000000000000000e+01
4.443060684204101562e+01
4.830067825317382812e+01
3.691696166992187500e+01
9.391242980957031250e+01
3.000000000000000000e+01
6.851152801513671875e+01
8.430669403076171875e+01
4.655897140502929688e+01
3.142740821838378906e+01
3.772872543334960938e+01
7.046090698242187500e+01
6.356869888305664062e+01
5.376155471801757812e+01
6.759352111816406250e+01
5.281419754028320312e+01
8.287935638427734375e+01
5.959355545043945312e+01
4.134693527221679688e+01
5.941686630249023438e+01
5.420932388305664062e+01
6.115160369873046875e+01
5.306551742553710938e+01
4.081291198730468750e+01
6.180513381958007812e+01
5.147316741943359375e+01
6.085827636718750000e+01
4.906520843505859375e+01
4.752253723144531250e+01
5.048242187500000000e+01
4.702050399780273438e+01
6.425926208496093750e+01
7.488233947753906250e+01
5.590178680419921875e+01
7.342633819580078125e+01
4.383993911743164062e+01
5.921319580078125000e+01
6.428617858886718750e+01
6.267282867431640625e+01
7.233091735839843750e+01
6.243870925903320312e+01
8.311821746826171875e+01
3.991556930541992188e+01
7.715881347656250000e+01
5.535680389404296875e+01
5.261091995239257812e+01
9.164079284667968750e+01
1.195997390747070312e+02
1.280639648437500000e+02
3.346701049804687500e+01
3.803445816040039062e+01
4.617484283447265625e+01
6.160575103759765625e+01
9.692285919189453125e+01
8.195172882080078125e+01
5.885826873779296875e+01
1.107045898437500000e+02
4.792439651489257812e+01
5.188964080810546875e+01
3.232789611816406250e+01
5.380157470703125000e+01
6.072066497802734375e+01
4.025693511962890625e+01
4.230051040649414062e+01
8.133573150634765625e+01
5.187180709838867188e+01
4.664925384521484375e+01
8.492480468750000000e+01
3.687075042724609375e+01
5.312170028686523438e+01
5.055489349365234375e+01
5.564580154418945312e+01
4.536465835571289062e+01
4.538936614990234375e+01
1.783012390136718750e+02
8.004982757568359375e+01
4.352629089355468750e+01
4.860167694091796875e+01
5.126974868774414062e+01
1.439842987060546875e+02
3.768228530883789062e+01
5.336581039428710938e+01
6.693644714355468750e+01
4.132266235351562500e+01
7.079467773437500000e+01
4.846470260620117188e+01
5.492201614379882812e+01
5.276466369628906250e+01
5.953290557861328125e+01
3.139009475708007812e+01
3.209720993041992188e+01
7.752860260009765625e+01
5.278028106689453125e+01
2.039267578125000000e+02
4.878960037231445312e+01
4.871108245849609375e+01
6.302098846435546875e+01
5.297127914428710938e+01
4.717588806152343750e+01
6.397375488281250000e+01
5.562592315673828125e+01
5.391216659545898438e+01
4.342130279541015625e+01
5.912096405029296875e+01
6.090747833251953125e+01
3.986787033081054688e+01
4.271247863769531250e+01
4.505580902099609375e+01
3.828926467895507812e+01
4.368106079101562500e+01
3.421401214599609375e+01
5.941965103149414062e+01
5.939886474609375000e+01
3.332799530029296875e+01
4.822229766845703125e+01
5.187653732299804688e+01
7.879866027832031250e+01
5.805642318725585938e+01
9.301900482177734375e+01
4.152673339843750000e+01
7.557511901855468750e+01
8.586830139160156250e+01
4.198394775390625000e+01
9.164080047607421875e+01
3.742355346679687500e+01
4.824969482421875000e+01
3.492077255249023438e+01
4.153684997558593750e+01
1.090530395507812500e+02
5.476751327514648438e+01
4.135897064208984375e+01
7.190068817138671875e+01
3.655851364135742188e+01
1.057696914672851562e+02
5.584074783325195312e+01
4.351433563232421875e+01
5.110147094726562500e+01
7.631179046630859375e+01
8.074099731445312500e+01
7.338214111328125000e+01
5.116853332519531250e+01
3.213363265991210938e+01
4.218401718139648438e+01
7.233099365234375000e+01
6.280735015869140625e+01
1.321203308105468750e+02
7.258417510986328125e+01
1.362008819580078125e+02
5.659427642822265625e+01
3.636391448974609375e+01
6.233469390869140625e+01
3.882339477539062500e+01
5.202472305297851562e+01
3.035420608520507812e+01
3.000000000000000000e+01
7.158818054199218750e+01
1.146037139892578125e+02
5.856902694702148438e+01
3.000000000000000000e+01
5.655078506469726562e+01
6.045638275146484375e+01
3.652993011474609375e+01
4.299034118652343750e+01
7.463180541992187500e+01
3.968774032592773438e+01
7.375557708740234375e+01
6.448856353759765625e+01
5.988729476928710938e+01
5.496041107177734375e+01
3.305252456665039062e+01
5.063613891601562500e+01
5.095243835449218750e+01
3.785203552246093750e+01
6.556066131591796875e+01
7.483607482910156250e+01
4.888697814941406250e+01
8.307183074951171875e+01
4.729965972900390625e+01
3.382259368896484375e+01
4.219337463378906250e+01
4.333665084838867188e+01
3.637806320190429688e+01
4.354763793945312500e+01
4.052750396728515625e+01
3.462200927734375000e+01
8.060383605957031250e+01
5.633004379272460938e+01
3.508148574829101562e+01
1.687205810546875000e+02
7.440342712402343750e+01
4.495138931274414062e+01
6.413603210449218750e+01
7.561754608154296875e+01
4.323670959472656250e+01
6.132451629638671875e+01
1.076623687744140625e+02
3.933044433593750000e+01
7.166943359375000000e+01
4.603947448730468750e+01
3.064774131774902344e+01
5.179947662353515625e+01
5.209381866455078125e+01
4.670192718505859375e+01
4.422683334350585938e+01
4.771523284912109375e+01
4.697901153564453125e+01
4.851911163330078125e+01
4.947613143920898438e+01
3.050875091552734375e+01
4.028355407714843750e+01
7.829745483398437500e+01
7.487989807128906250e+01
3.425621032714843750e+01
9.016426086425781250e+01
4.541197204589843750e+01
3.624076080322265625e+01
7.733680725097656250e+01
7.431463623046875000e+01
4.212805938720703125e+01
5.508741760253906250e+01
3.163185691833496094e+01
4.580374908447265625e+01
3.000000000000000000e+01
9.791412353515625000e+01
4.810101318359375000e+01
3.841381454467773438e+01
6.076271820068359375e+01
5.558122253417968750e+01
5.747990417480468750e+01
3.406103897094726562e+01
6.015543365478515625e+01
5.119309234619140625e+01
4.530350875854492188e+01
7.409231567382812500e+01
6.935311126708984375e+01
4.123731994628906250e+01
5.070854949951171875e+01
3.397858047485351562e+01
5.280030059814453125e+01
7.459252929687500000e+01
8.747986602783203125e+01
5.492201614379882812e+01
5.593089675903320312e+01
6.665003967285156250e+01
6.015543365478515625e+01
5.361888122558593750e+01
5.083773803710937500e+01
3.000000000000000000e+01
4.663459014892578125e+01
6.097820281982421875e+01
6.137342834472656250e+01
3.000000000000000000e+01
5.281150436401367188e+01
5.572685623168945312e+01
4.911483383178710938e+01
4.610590362548828125e+01
5.792582321166992188e+01
3.839749145507812500e+01
4.252506256103515625e+01
6.970265197753906250e+01
4.030615997314453125e+01
6.373616790771484375e+01
3.378588104248046875e+01
7.205497741699218750e+01
6.118849182128906250e+01
5.329861450195312500e+01
4.319244003295898438e+01
4.219100570678710938e+01
7.029566955566406250e+01
7.324649047851562500e+01
3.057581901550292969e+01
4.316202545166015625e+01
5.806977844238281250e+01
6.744807434082031250e+01
5.873316955566406250e+01
3.578881835937500000e+01
1.002038879394531250e+02
4.145900726318359375e+01
4.189226531982421875e+01
4.042116165161132812e+01
4.099087524414062500e+01
5.990461349487304688e+01
3.000000000000000000e+01
8.206014251708984375e+01
6.037424850463867188e+01
5.051388931274414062e+01
4.014551925659179688e+01
5.301293563842773438e+01
4.547426986694335938e+01
5.700998687744140625e+01
3.803445816040039062e+01
4.048288726806640625e+01
3.143335723876953125e+01
3.866225814819335938e+01
7.072659301757812500e+01
5.397924804687500000e+01
7.063903045654296875e+01
6.805879211425781250e+01
4.954449462890625000e+01
3.982839202880859375e+01
3.629324340820312500e+01
3.032387542724609375e+01
5.301293182373046875e+01
8.311821746826171875e+01
5.029370498657226562e+01
4.845159912109375000e+01
3.476537322998046875e+01
6.874130249023437500e+01
5.790235900878906250e+01
7.106058502197265625e+01
5.227359390258789062e+01
3.335805892944335938e+01
6.538020324707031250e+01
3.178598594665527344e+01
5.904248046875000000e+01
3.399885940551757812e+01
4.970535659790039062e+01
4.035577392578125000e+01
3.000000000000000000e+01
4.694142150878906250e+01
4.662021255493164062e+01
8.747366333007812500e+01
4.281522369384765625e+01
8.747985839843750000e+01
5.559082031250000000e+01
4.429837417602539062e+01
3.815568542480468750e+01
4.604912948608398438e+01
4.070490264892578125e+01
4.695629882812500000e+01
6.902743530273437500e+01
6.987210083007812500e+01
5.002172470092773438e+01
3.708715438842773438e+01
4.084622192382812500e+01
7.495478820800781250e+01
4.849099349975585938e+01
4.291856765747070312e+01
4.486839294433593750e+01
3.548132324218750000e+01
3.874319458007812500e+01
4.081291198730468750e+01
4.689509201049804688e+01
3.860666656494140625e+01
4.930326080322265625e+01
5.483428192138671875e+01
4.205970001220703125e+01
3.476351547241210938e+01
5.199002075195312500e+01
3.000000000000000000e+01
6.401976013183593750e+01
4.935944366455078125e+01
6.853305816650390625e+01
5.559082031250000000e+01
6.763349151611328125e+01
3.543989562988281250e+01
4.234671783447265625e+01
4.519425201416015625e+01
3.153740310668945312e+01
4.431792449951171875e+01
7.108167266845703125e+01
3.943924331665039062e+01
6.461694335937500000e+01
4.002523040771484375e+01
4.162636947631835938e+01
4.690947341918945312e+01
7.379238891601562500e+01
3.000000000000000000e+01
4.383007049560546875e+01
7.847570037841796875e+01
4.709818267822265625e+01
7.631179046630859375e+01
7.549038696289062500e+01
3.000000000000000000e+01
7.154192352294921875e+01
5.002524566650390625e+01
5.690352630615234375e+01
4.616600036621093750e+01
6.170633697509765625e+01
6.575802612304687500e+01
5.755381393432617188e+01
6.070996856689453125e+01
5.075058364868164062e+01
7.437377929687500000e+01
4.376489639282226562e+01
9.325776672363281250e+01
4.497334289550781250e+01
3.588058471679687500e+01
3.674192428588867188e+01
5.217465209960937500e+01
3.624629974365234375e+01
7.834049987792968750e+01
4.288815307617187500e+01
4.871108245849609375e+01
4.074853515625000000e+01
4.888774108886718750e+01
4.199095535278320312e+01
4.186527252197265625e+01
7.894207763671875000e+01
4.838291931152343750e+01
3.879854583740234375e+01
5.810353469848632812e+01
3.501651000976562500e+01
4.435892868041992188e+01
4.954635238647460938e+01
4.319244003295898438e+01
3.000000000000000000e+01
3.542809677124023438e+01
4.187117004394531250e+01
3.892430114746093750e+01
3.000000000000000000e+01
4.663872528076171875e+01
6.402771759033203125e+01
3.870240020751953125e+01
4.076737213134765625e+01
4.920056152343750000e+01
8.014014434814453125e+01
4.991148376464843750e+01
8.813600158691406250e+01
1.210047607421875000e+02
5.027506637573242188e+01
3.496360015869140625e+01
4.694393920898437500e+01
4.798367309570312500e+01
3.000000000000000000e+01
4.591360855102539062e+01
6.805949401855468750e+01
8.214362335205078125e+01
3.403011703491210938e+01
3.778069305419921875e+01
4.723521423339843750e+01
5.609044647216796875e+01
3.109941101074218750e+01
4.770976638793945312e+01
5.564580154418945312e+01
5.619015884399414062e+01
3.000000000000000000e+01
5.527364730834960938e+01
3.750080871582031250e+01
5.662725067138671875e+01
5.918042373657226562e+01
3.000000000000000000e+01
5.186087036132812500e+01
4.970617294311523438e+01
4.103829193115234375e+01
5.026653289794921875e+01
4.885030364990234375e+01
4.429051208496093750e+01
5.528913497924804688e+01
4.070061874389648438e+01
4.177285766601562500e+01
4.356563186645507812e+01
4.405271148681640625e+01
3.000000000000000000e+01
7.808088684082031250e+01
3.883158874511718750e+01
6.669949340820312500e+01
4.003411865234375000e+01
4.128651809692382812e+01
7.931185913085937500e+01
5.511200714111328125e+01
5.443061065673828125e+01
3.849922180175781250e+01
4.074173736572265625e+01
5.195027923583984375e+01
6.724433898925781250e+01
4.094611358642578125e+01
4.001823043823242188e+01
5.670874023437500000e+01
6.198887634277343750e+01
5.083953094482421875e+01
5.230682373046875000e+01
4.538613128662109375e+01
7.359517669677734375e+01
4.277814483642578125e+01
8.704203033447265625e+01
8.295864868164062500e+01
5.637585067749023438e+01
5.954799652099609375e+01
3.580822372436523438e+01
7.624104309082031250e+01
5.342729187011718750e+01
4.602217102050781250e+01
7.018408966064453125e+01
4.258580017089843750e+01
4.719745635986328125e+01
5.468849945068359375e+01
9.989974975585937500e+01
5.116945648193359375e+01
5.594326019287109375e+01
3.000000000000000000e+01
5.922120666503906250e+01
3.791660308837890625e+01
3.499546432495117188e+01
4.754045104980468750e+01
1.013212966918945312e+02
5.103937911987304688e+01
4.746980285644531250e+01
4.211447143554687500e+01
6.107304382324218750e+01
4.915005111694335938e+01
4.805120086669921875e+01
5.951735687255859375e+01
9.301900482177734375e+01
5.236175155639648438e+01
6.859056854248046875e+01
6.892662811279296875e+01
7.267568969726562500e+01
6.040917968750000000e+01
3.000000000000000000e+01
3.950786209106445312e+01
5.432058715820312500e+01
3.866072845458984375e+01
3.781270980834960938e+01
3.000000000000000000e+01
3.619547653198242188e+01
4.924211502075195312e+01
3.314440155029296875e+01
3.957779312133789062e+01
4.468745422363281250e+01
6.290248489379882812e+01
4.911131286621093750e+01
3.468233108520507812e+01
4.327989959716796875e+01
3.424514007568359375e+01
4.056266021728515625e+01
4.600454711914062500e+01
8.061128234863281250e+01
4.817260742187500000e+01
4.506177520751953125e+01
3.000000000000000000e+01
8.883471679687500000e+01
6.287527847290039062e+01
3.521863555908203125e+01
7.029566955566406250e+01
4.462029266357421875e+01
8.990818023681640625e+01
4.351273345947265625e+01
5.646373748779296875e+01
6.205308914184570312e+01
4.765992355346679688e+01
3.535549926757812500e+01
4.723182296752929688e+01
4.819964981079101562e+01
4.489009475708007812e+01
4.124795150756835938e+01
4.338796615600585938e+01
3.564779663085937500e+01
4.359464263916015625e+01
7.079467773437500000e+01
6.319420242309570312e+01
7.045728302001953125e+01
4.677476119995117188e+01
4.440473937988281250e+01
5.484242630004882812e+01
4.924211502075195312e+01
5.379077148437500000e+01
4.741352844238281250e+01
6.256856536865234375e+01
4.934357452392578125e+01
5.004068756103515625e+01
4.238579177856445312e+01
3.959402465820312500e+01
3.647925567626953125e+01
7.500424194335937500e+01
3.745977783203125000e+01
3.753006744384765625e+01
3.562680053710937500e+01
3.296422195434570312e+01
4.749241256713867188e+01
3.000000000000000000e+01
5.193855285644531250e+01
4.672731781005859375e+01
3.094532203674316406e+01
6.127833175659179688e+01
7.190068817138671875e+01
3.000000000000000000e+01
5.147286987304687500e+01
3.995597839355468750e+01
4.139765548706054688e+01
4.012841033935546875e+01
5.550220489501953125e+01
4.190487670898437500e+01
4.302246856689453125e+01
4.220359039306640625e+01
5.310845184326171875e+01
5.134879684448242188e+01
4.460745620727539062e+01
4.389788818359375000e+01
4.121173858642578125e+01
3.537657546997070312e+01
4.254868316650390625e+01
3.643077850341796875e+01
5.043227005004882812e+01
5.008506011962890625e+01
9.989974212646484375e+01
4.828997802734375000e+01
3.000000000000000000e+01
3.253017044067382812e+01
9.139283752441406250e+01
3.646517562866210938e+01
3.804816818237304688e+01
7.500424194335937500e+01
5.340071868896484375e+01
4.194278717041015625e+01
3.810341262817382812e+01
5.398560714721679688e+01
1.072174530029296875e+02
8.363603210449218750e+01
5.263839340209960938e+01
7.885907745361328125e+01
3.888353347778320312e+01
3.000000000000000000e+01
7.705004882812500000e+01
4.602831268310546875e+01
5.626511001586914062e+01
6.076059722900390625e+01
3.468993377685546875e+01
3.954022216796875000e+01
5.903910064697265625e+01
4.231584930419921875e+01
4.435153961181640625e+01
5.800997543334960938e+01
4.650491714477539062e+01
3.114547157287597656e+01
4.056998062133789062e+01
5.002524566650390625e+01
3.616025543212890625e+01
3.824200439453125000e+01
8.471282196044921875e+01
4.522788238525390625e+01
4.295251846313476562e+01
7.275325012207031250e+01
4.881633377075195312e+01
4.200593566894531250e+01
3.834624862670898438e+01
4.521364593505859375e+01
4.645339965820312500e+01
3.762363433837890625e+01
3.794446563720703125e+01
4.686145019531250000e+01
5.896122360229492188e+01
5.842821884155273438e+01
5.332865142822265625e+01
3.226474380493164062e+01
4.456850814819335938e+01
4.317001724243164062e+01
3.868228530883789062e+01
6.149744796752929688e+01
4.376919555664062500e+01
4.607366561889648438e+01
3.000000000000000000e+01
3.352579116821289062e+01
3.636296081542968750e+01
3.247362518310546875e+01
5.504846954345703125e+01
3.737865829467773438e+01
3.403011703491210938e+01
4.536465835571289062e+01
3.895600128173828125e+01
5.267950439453125000e+01
5.222322463989257812e+01
4.167472839355468750e+01
5.917876434326171875e+01
5.248485183715820312e+01
4.774975967407226562e+01
3.729339599609375000e+01
7.879866027832031250e+01
5.074711608886718750e+01
3.619764328002929688e+01
3.000000000000000000e+01
4.662139511108398438e+01
6.112476348876953125e+01
4.118859481811523438e+01
4.464651489257812500e+01
4.241860198974609375e+01
3.062973213195800781e+01
4.052676391601562500e+01
3.694050216674804688e+01
5.062486267089843750e+01
4.165431976318359375e+01
6.316717529296875000e+01
3.740523529052734375e+01
6.596177673339843750e+01
4.316703033447265625e+01
4.048107147216796875e+01
6.529300689697265625e+01
3.475540542602539062e+01
4.879174041748046875e+01
3.000000000000000000e+01
3.000000000000000000e+01
5.264660263061523438e+01
4.468064880371093750e+01
3.395605087280273438e+01
4.610710525512695312e+01
3.000000000000000000e+01
4.051581954956054688e+01
3.968225479125976562e+01
3.922678375244140625e+01
