4.386813354492187500e+01
5.938774108886718750e+01
4.058128356933593750e+01
3.939882659912109375e+01
5.981892395019531250e+01
7.452912902832031250e+01
3.000000000000000000e+01
1.166566925048828125e+02
5.412243652343750000e+01
1.173301391601562500e+02
4.475469970703125000e+01
1.356737365722656250e+02
5.742755889892578125e+01
3.971565246582031250e+01
4.448521423339843750e+01
6.991665649414062500e+01
6.437666320800781250e+01
3.932588195800781250e+01
4.148731613159179688e+01
1.151223449707031250e+02
3.864250564575195312e+01
7.700066375732421875e+01
3.000000000000000000e+01
5.953257751464843750e+01
5.687100982666015625e+01
8.178247070312500000e+01
4.641381072998046875e+01
6.327397918701171875e+01
1.813643951416015625e+02
7.919782257080078125e+01
6.177697753906250000e+01
5.222502517700195312e+01
5.914555740356445312e+01
1.318819274902343750e+02
9.545822143554687500e+01
7.287580871582031250e+01
6.597555541992187500e+01
5.088107299804687500e+01
4.339063262939453125e+01
8.354469299316406250e+01
3.929432678222656250e+01
4.407146453857421875e+01
4.857265472412109375e+01
4.687743759155273438e+01
3.520280456542968750e+01
3.000000000000000000e+01
5.975904846191406250e+01
6.193277359008789062e+01
1.396224975585937500e+02
5.206800079345703125e+01
4.134313964843750000e+01
3.214894485473632812e+01
5.262668609619140625e+01
3.968263626098632812e+01
8.542826843261718750e+01
4.280523300170898438e+01
8.704361724853515625e+01
4.842044448852539062e+01
5.706499481201171875e+01
5.692097473144531250e+01
5.254175567626953125e+01
6.012707901000976562e+01
3.883005523681640625e+01
6.091757202148437500e+01
8.757715606689453125e+01
4.583156585693359375e+01
5.365367889404296875e+01
3.000000000000000000e+01
4.405552673339843750e+01
6.792699432373046875e+01
6.567973327636718750e+01
3.796247100830078125e+01
1.577199707031250000e+02
5.240070343017578125e+01
6.036854171752929688e+01
6.513442230224609375e+01
5.342796325683593750e+01
6.330042648315429688e+01
4.647880172729492188e+01
7.367206573486328125e+01
3.559162902832031250e+01
6.437666320800781250e+01
5.044106292724609375e+01
7.309994506835937500e+01
7.544191741943359375e+01
4.406611633300781250e+01
3.718188476562500000e+01
4.404960632324218750e+01
5.742755889892578125e+01
4.967014312744140625e+01
4.608774566650390625e+01
3.673646545410156250e+01
7.890445709228515625e+01
5.172591781616210938e+01
1.163551254272460938e+02
1.084250030517578125e+02
5.400309371948242188e+01
4.129820251464843750e+01
9.658251953125000000e+01
4.118447494506835938e+01
7.838111877441406250e+01
6.713235473632812500e+01
1.291434173583984375e+02
4.652579498291015625e+01
4.379378128051757812e+01
6.481543731689453125e+01
3.429993820190429688e+01
5.665053939819335938e+01
4.173921966552734375e+01
4.025224304199218750e+01
4.662652206420898438e+01
5.017280578613281250e+01
6.892755126953125000e+01
7.441184997558593750e+01
4.285416412353515625e+01
3.685192871093750000e+01
1.118264465332031250e+02
4.639386367797851562e+01
6.891626739501953125e+01
5.606183242797851562e+01
4.259921646118164062e+01
4.753667068481445312e+01
4.184427642822265625e+01
4.307178497314453125e+01
3.828787231445312500e+01
5.015600967407226562e+01
7.232461547851562500e+01
6.716688537597656250e+01
4.476851654052734375e+01
6.658536529541015625e+01
4.297249603271484375e+01
9.043959808349609375e+01
7.829190826416015625e+01
6.332868957519531250e+01
6.294873809814453125e+01
6.047170257568359375e+01
9.818206787109375000e+01
4.137054824829101562e+01
3.782259368896484375e+01
6.013422012329101562e+01
4.427204132080078125e+01
9.892386627197265625e+01
6.771698760986328125e+01
5.410849761962890625e+01
7.263949584960937500e+01
4.276116180419921875e+01
7.446648406982421875e+01
1.012808609008789062e+02
6.427465820312500000e+01
1.416968383789062500e+02
6.419647216796875000e+01
7.585456085205078125e+01
4.650179290771484375e+01
8.699860382080078125e+01
5.679587936401367188e+01
9.580684661865234375e+01
4.690534591674804688e+01
1.094742431640625000e+02
4.095698928833007812e+01
5.734483337402343750e+01
3.699648666381835938e+01
7.304709625244140625e+01
5.539114379882812500e+01
4.282744979858398438e+01
6.543534851074218750e+01
4.608502578735351562e+01
6.843182373046875000e+01
4.925481414794921875e+01
3.838625717163085938e+01
1.570479888916015625e+02
6.236254501342773438e+01
4.375581741333007812e+01
4.463100051879882812e+01
3.000000000000000000e+01
4.983906555175781250e+01
7.743762969970703125e+01
4.724534606933593750e+01
4.241882324218750000e+01
6.813948059082031250e+01
5.174536132812500000e+01
5.970940780639648438e+01
6.423149108886718750e+01
7.089390563964843750e+01
6.342665100097656250e+01
4.291645431518554688e+01
4.894430160522460938e+01
3.000000000000000000e+01
8.634429168701171875e+01
4.514681243896484375e+01
4.917363739013671875e+01
5.650585556030273438e+01
6.760452270507812500e+01
5.192810821533203125e+01
3.952560424804687500e+01
5.862339019775390625e+01
5.042348098754882812e+01
6.401046752929687500e+01
7.143614196777343750e+01
9.427868652343750000e+01
7.420554351806640625e+01
6.057271957397460938e+01
7.856417083740234375e+01
6.467475128173828125e+01
3.000000000000000000e+01
5.980657577514648438e+01
4.384166717529296875e+01
5.808642196655273438e+01
8.874063110351562500e+01
1.504780273437500000e+02
4.090338897705078125e+01
4.721100997924804688e+01
7.204080200195312500e+01
4.596214294433593750e+01
4.256349945068359375e+01
3.526855850219726562e+01
4.634321975708007812e+01
6.915460968017578125e+01
5.127442550659179688e+01
5.294614410400390625e+01
4.231811523437500000e+01
3.825067901611328125e+01
5.465118026733398438e+01
8.742257690429687500e+01
4.223227691650390625e+01
4.044013214111328125e+01
3.630374145507812500e+01
5.498948669433593750e+01
8.448533630371093750e+01
5.882304000854492188e+01
9.626155090332031250e+01
3.681091308593750000e+01
4.451472091674804688e+01
5.080901336669921875e+01
5.799803543090820312e+01
4.412059020996093750e+01
6.124762725830078125e+01
4.306172180175781250e+01
4.922094345092773438e+01
6.219622802734375000e+01
5.534140014648437500e+01
4.253214263916015625e+01
1.320910339355468750e+02
6.423048400878906250e+01
6.978761291503906250e+01
8.212890625000000000e+01
4.321425247192382812e+01
5.918729782104492188e+01
1.134315948486328125e+02
2.106912536621093750e+02
4.725638580322265625e+01
5.314546203613281250e+01
4.242932510375976562e+01
5.145410156250000000e+01
9.982537841796875000e+01
4.310078430175781250e+01
6.512528991699218750e+01
4.850161743164062500e+01
3.830949401855468750e+01
3.000000000000000000e+01
1.427615509033203125e+02
4.936890792846679688e+01
5.988826751708984375e+01
5.840395355224609375e+01
4.108309936523437500e+01
1.518876953125000000e+02
5.380111694335937500e+01
1.174177398681640625e+02
7.302853393554687500e+01
5.379124069213867188e+01
6.597959899902343750e+01
6.085949325561523438e+01
5.563528060913085938e+01
6.978761291503906250e+01
6.452788543701171875e+01
8.599415588378906250e+01
3.000000000000000000e+01
6.038574218750000000e+01
7.309576416015625000e+01
8.989884948730468750e+01
8.367313385009765625e+01
6.347828292846679688e+01
6.848979187011718750e+01
5.743582916259765625e+01
4.187932586669921875e+01
6.604584503173828125e+01
3.743154907226562500e+01
5.175400161743164062e+01
5.419464111328125000e+01
4.430072402954101562e+01
4.594525909423828125e+01
4.419075775146484375e+01
6.719686126708984375e+01
3.271607589721679688e+01
7.097131347656250000e+01
4.087449645996093750e+01
3.987686538696289062e+01
5.222279739379882812e+01
6.190657424926757812e+01
5.108212661743164062e+01
6.491168212890625000e+01
8.121658325195312500e+01
3.007279968261718750e+01
3.976202011108398438e+01
6.985536193847656250e+01
6.569859313964843750e+01
3.900037002563476562e+01
7.952174377441406250e+01
7.083406066894531250e+01
6.908476257324218750e+01
8.620265960693359375e+01
1.133157882690429688e+02
4.143178939819335938e+01
9.034926605224609375e+01
6.558097839355468750e+01
9.495039367675781250e+01
4.424202728271484375e+01
3.792528915405273438e+01
1.049595108032226562e+02
5.994096755981445312e+01
9.658251953125000000e+01
4.351981735229492188e+01
4.816555786132812500e+01
4.252611541748046875e+01
4.652195358276367188e+01
3.898026275634765625e+01
3.519649124145507812e+01
3.666465377807617188e+01
3.859752655029296875e+01
1.577199707031250000e+02
3.885797119140625000e+01
8.052495574951171875e+01
4.446686172485351562e+01
6.022295379638671875e+01
4.229775619506835938e+01
4.389830017089843750e+01
4.703732299804687500e+01
7.759713745117187500e+01
5.297206497192382812e+01
3.000000000000000000e+01
3.441764450073242188e+01
4.909553527832031250e+01
9.872943115234375000e+01
3.372239685058593750e+01
6.908476257324218750e+01
4.321575164794921875e+01
5.490961456298828125e+01
9.640305328369140625e+01
4.809138107299804688e+01
4.292203140258789062e+01
8.056894683837890625e+01
1.255902786254882812e+02
1.505709533691406250e+02
7.014315032958984375e+01
6.012707901000976562e+01
4.960085678100585938e+01
7.012957763671875000e+01
5.132498931884765625e+01
3.773554611206054688e+01
9.611314392089843750e+01
5.315293502807617188e+01
8.019362640380859375e+01
1.231719207763671875e+02
6.009145355224609375e+01
6.939538574218750000e+01
8.235337829589843750e+01
4.272189331054687500e+01
8.072601318359375000e+01
1.107004013061523438e+02
4.645189666748046875e+01
5.483154296875000000e+01
5.739613342285156250e+01
4.198608016967773438e+01
9.851988220214843750e+01
1.244525756835937500e+02
5.941549301147460938e+01
8.845066070556640625e+01
7.038927459716796875e+01
7.919782257080078125e+01
7.848065185546875000e+01
6.602265167236328125e+01
4.912583160400390625e+01
4.124692153930664062e+01
4.200238037109375000e+01
6.388113784790039062e+01
5.268709182739257812e+01
6.423048400878906250e+01
4.736141586303710938e+01
5.152259063720703125e+01
3.980110931396484375e+01
2.294823455810546875e+02
4.811237335205078125e+01
4.875055694580078125e+01
3.596707916259765625e+01
3.000000000000000000e+01
4.334493255615234375e+01
6.229436492919921875e+01
7.076528930664062500e+01
8.051006317138671875e+01
7.615510559082031250e+01
5.281479644775390625e+01
5.280803680419921875e+01
4.339246368408203125e+01
1.548209533691406250e+02
4.429146575927734375e+01
4.047796249389648438e+01
7.714222717285156250e+01
5.035469818115234375e+01
6.252606964111328125e+01
7.461114501953125000e+01
1.289251708984375000e+02
7.388418579101562500e+01
7.352683258056640625e+01
6.760612487792968750e+01
5.710622406005859375e+01
6.321419525146484375e+01
4.572070312500000000e+01
9.250883483886718750e+01
9.834023284912109375e+01
4.476294708251953125e+01
4.015382766723632812e+01
6.888165283203125000e+01
3.000000000000000000e+01
3.882390594482421875e+01
1.109985046386718750e+02
7.279380798339843750e+01
5.521652984619140625e+01
6.102051925659179688e+01
4.685365295410156250e+01
6.677127075195312500e+01
8.322012329101562500e+01
4.559860229492187500e+01
8.052495574951171875e+01
1.913387451171875000e+02
4.652194976806640625e+01
1.080438537597656250e+02
4.605658721923828125e+01
5.644490814208984375e+01
7.631646728515625000e+01
6.327397918701171875e+01
4.946199035644531250e+01
6.861366271972656250e+01
3.000000000000000000e+01
5.326996231079101562e+01
4.838953781127929688e+01
4.812420272827148438e+01
4.068405532836914062e+01
5.587032699584960938e+01
5.482977294921875000e+01
1.948281555175781250e+02
8.808605957031250000e+01
4.625279617309570312e+01
4.650179290771484375e+01
4.709200286865234375e+01
4.912881469726562500e+01
6.956824493408203125e+01
3.279071807861328125e+01
6.651601409912109375e+01
8.567283630371093750e+01
5.075775146484375000e+01
1.317283020019531250e+02
9.189578247070312500e+01
5.829088973999023438e+01
4.866743087768554688e+01
5.009951400756835938e+01
4.722134017944335938e+01
1.829150390625000000e+02
4.028827667236328125e+01
4.812031936645507812e+01
4.890688705444335938e+01
4.192273330688476562e+01
1.032672424316406250e+02
4.152568435668945312e+01
4.709694671630859375e+01
1.304107971191406250e+02
6.569859313964843750e+01
7.559870910644531250e+01
5.522834777832031250e+01
4.542319869995117188e+01
5.884440994262695312e+01
7.312170410156250000e+01
7.063728332519531250e+01
7.670464324951171875e+01
7.307374572753906250e+01
3.714851379394531250e+01
4.850075912475585938e+01
9.507270050048828125e+01
5.662318420410156250e+01
4.256349563598632812e+01
6.838774108886718750e+01
7.709223937988281250e+01
6.234808731079101562e+01
5.000743865966796875e+01
5.346747970581054688e+01
3.550093841552734375e+01
4.181026077270507812e+01
3.000000000000000000e+01
4.536568450927734375e+01
4.004508972167968750e+01
6.353822326660156250e+01
4.284487915039062500e+01
5.279227447509765625e+01
4.436818313598632812e+01
8.107713317871093750e+01
5.707841491699218750e+01
3.585322952270507812e+01
3.935749435424804688e+01
5.193370056152343750e+01
4.523622131347656250e+01
4.079393768310546875e+01
3.591125488281250000e+01
8.689093017578125000e+01
3.454731369018554688e+01
5.400175476074218750e+01
3.181165122985839844e+01
5.711894226074218750e+01
4.890016937255859375e+01
4.448521423339843750e+01
1.164614562988281250e+02
5.618140792846679688e+01
7.089617156982421875e+01
8.099702453613281250e+01
4.047796249389648438e+01
7.259419250488281250e+01
5.734548950195312500e+01
5.421760559082031250e+01
1.002019348144531250e+02
4.892200088500976562e+01
1.505241088867187500e+02
8.719129943847656250e+01
3.773921203613281250e+01
4.666922760009765625e+01
8.099696350097656250e+01
6.048600006103515625e+01
6.690832519531250000e+01
5.840395355224609375e+01
1.973801879882812500e+02
4.924693679809570312e+01
7.394525909423828125e+01
5.801879119873046875e+01
5.331710052490234375e+01
4.927437591552734375e+01
7.849410247802734375e+01
4.010805892944335938e+01
6.384676361083984375e+01
5.247027206420898438e+01
4.064919662475585938e+01
5.312182235717773438e+01
4.231251525878906250e+01
4.560097885131835938e+01
4.016236877441406250e+01
3.861904907226562500e+01
3.508843231201171875e+01
4.200240325927734375e+01
4.470103073120117188e+01
5.709267807006835938e+01
4.360023498535156250e+01
4.757523345947265625e+01
5.665053939819335938e+01
6.139886856079101562e+01
1.504780273437500000e+02
7.408657073974609375e+01
1.022076492309570312e+02
7.268197631835937500e+01
9.135566711425781250e+01
3.636169433593750000e+01
5.586026000976562500e+01
7.583648681640625000e+01
5.679001617431640625e+01
5.441366577148437500e+01
7.300167083740234375e+01
6.292043304443359375e+01
6.093245315551757812e+01
4.285416412353515625e+01
4.100294494628906250e+01
6.152237701416015625e+01
9.179119873046875000e+01
4.165603637695312500e+01
5.255876922607421875e+01
4.066670989990234375e+01
3.675887298583984375e+01
7.952320098876953125e+01
4.608774566650390625e+01
4.087860107421875000e+01
4.028049850463867188e+01
4.462841033935546875e+01
6.944315338134765625e+01
1.015831451416015625e+02
3.276961517333984375e+01
3.859408950805664062e+01
5.461861419677734375e+01
8.051006317138671875e+01
6.317102050781250000e+01
5.404594039916992188e+01
4.381681442260742188e+01
6.402697753906250000e+01
4.493984985351562500e+01
3.454869842529296875e+01
5.271789169311523438e+01
6.407777404785156250e+01
3.924382019042968750e+01
8.464707946777343750e+01
5.041497421264648438e+01
7.824281311035156250e+01
5.914520263671875000e+01
4.033667755126953125e+01
3.479232788085937500e+01
5.596875762939453125e+01
6.749268341064453125e+01
5.013632202148437500e+01
6.051199722290039062e+01
4.845465850830078125e+01
3.880859756469726562e+01
5.222747039794921875e+01
5.658163452148437500e+01
4.230273437500000000e+01
5.270534896850585938e+01
5.997809600830078125e+01
5.482977294921875000e+01
5.667520523071289062e+01
5.832725143432617188e+01
3.733470916748046875e+01
6.819578552246093750e+01
1.252356262207031250e+02
5.068740081787109375e+01
4.592282104492187500e+01
9.135566711425781250e+01
7.014315032958984375e+01
5.705013275146484375e+01
7.709223937988281250e+01
4.270314025878906250e+01
4.080091476440429688e+01
7.288720703125000000e+01
3.000000000000000000e+01
4.099272155761718750e+01
1.387095031738281250e+02
6.529872131347656250e+01
3.000000000000000000e+01
3.843394470214843750e+01
1.157969818115234375e+02
8.276997375488281250e+01
4.554546356201171875e+01
1.208291244506835938e+02
4.658451461791992188e+01
1.077463378906250000e+02
7.300831604003906250e+01
1.192051925659179688e+02
6.315670776367187500e+01
5.275849151611328125e+01
9.271345520019531250e+01
8.131649780273437500e+01
7.417472839355468750e+01
5.297206497192382812e+01
4.433004760742187500e+01
3.000000000000000000e+01
4.329509735107421875e+01
5.365929794311523438e+01
4.399654769897460938e+01
4.393292999267578125e+01
6.832837677001953125e+01
7.272422790527343750e+01
4.719599533081054688e+01
3.000000000000000000e+01
5.062050247192382812e+01
5.215821456909179688e+01
4.626572799682617188e+01
1.191718139648437500e+02
5.997436141967773438e+01
6.986330413818359375e+01
5.040908050537109375e+01
5.138548278808593750e+01
3.467362213134765625e+01
9.892386627197265625e+01
6.104272079467773438e+01
7.447243499755859375e+01
7.622798919677734375e+01
5.912101745605468750e+01
3.988804244995117188e+01
3.313661575317382812e+01
4.349275207519531250e+01
6.156245422363281250e+01
6.317485809326171875e+01
1.829150390625000000e+02
4.753731155395507812e+01
6.588639831542968750e+01
8.151252746582031250e+01
8.932987976074218750e+01
4.341289520263671875e+01
4.926469039916992188e+01
5.033227920532226562e+01
6.362353134155273438e+01
7.813130950927734375e+01
4.690941238403320312e+01
4.629022216796875000e+01
5.928885650634765625e+01
8.718201446533203125e+01
5.577484130859375000e+01
1.505241088867187500e+02
6.639660644531250000e+01
4.192609405517578125e+01
4.691216278076171875e+01
6.045790863037109375e+01
1.756961364746093750e+02
9.982126617431640625e+01
5.769227600097656250e+01
7.654437255859375000e+01
3.000000000000000000e+01
6.078314208984375000e+01
9.547164154052734375e+01
4.118741607666015625e+01
3.966498947143554688e+01
7.358813476562500000e+01
8.435528564453125000e+01
6.292452239990234375e+01
1.108596801757812500e+02
3.977466964721679688e+01
4.880385589599609375e+01
5.994096755981445312e+01
7.986384582519531250e+01
5.605930328369140625e+01
4.271234130859375000e+01
4.207990264892578125e+01
3.601722717285156250e+01
4.130546569824218750e+01
4.429146575927734375e+01
4.685853195190429688e+01
6.855329132080078125e+01
7.279380798339843750e+01
3.874729537963867188e+01
5.263963317871093750e+01
4.360555267333984375e+01
4.875055694580078125e+01
3.958870697021484375e+01
8.001482391357421875e+01
4.811618423461914062e+01
6.614663696289062500e+01
8.086029052734375000e+01
4.187130737304687500e+01
3.111647796630859375e+01
4.698012161254882812e+01
5.734483337402343750e+01
7.616355895996093750e+01
5.126076507568359375e+01
6.091322326660156250e+01
5.381650543212890625e+01
8.474524688720703125e+01
5.534646224975585938e+01
4.301486206054687500e+01
5.124536895751953125e+01
7.475726318359375000e+01
5.884440994262695312e+01
6.295591735839843750e+01
4.411899566650390625e+01
6.178916931152343750e+01
5.208300781250000000e+01
5.754958724975585938e+01
4.824298858642578125e+01
5.108212661743164062e+01
4.999969100952148438e+01
4.332555770874023438e+01
6.870544433593750000e+01
7.138780975341796875e+01
4.539693069458007812e+01
7.532223510742187500e+01
4.044995117187500000e+01
5.534140014648437500e+01
7.378295135498046875e+01
5.302779006958007812e+01
6.092097473144531250e+01
5.888447570800781250e+01
6.579382324218750000e+01
4.207237625122070312e+01
7.214975738525390625e+01
5.199496459960937500e+01
5.674396514892578125e+01
8.098837280273437500e+01
1.151223449707031250e+02
1.485487976074218750e+02
5.478004074096679688e+01
3.000000000000000000e+01
4.367163467407226562e+01
7.919566345214843750e+01
8.808605194091796875e+01
7.698628997802734375e+01
6.143372344970703125e+01
9.407521820068359375e+01
5.062050247192382812e+01
4.961234283447265625e+01
3.252171707153320312e+01
5.110391998291015625e+01
5.669538116455078125e+01
4.032515716552734375e+01
4.085680770874023438e+01
7.490077209472656250e+01
5.109423065185546875e+01
4.402677154541015625e+01
9.819752502441406250e+01
5.159236526489257812e+01
5.551884460449218750e+01
6.792699432373046875e+01
5.806362915039062500e+01
4.872889709472656250e+01
4.271234130859375000e+01
2.265550842285156250e+02
8.002734375000000000e+01
4.091638946533203125e+01
5.321451950073242188e+01
5.302169036865234375e+01
1.261877899169921875e+02
3.991139221191406250e+01
4.949848937988281250e+01
6.315258407592773438e+01
4.393292999267578125e+01
6.893802642822265625e+01
5.393549346923828125e+01
5.118599319458007812e+01
5.942482757568359375e+01
6.303733825683593750e+01
5.448580551147460938e+01
4.668117523193359375e+01
5.948030853271484375e+01
6.851784515380859375e+01
1.671183776855468750e+02
5.475820922851562500e+01
4.580732727050781250e+01
6.101874542236328125e+01
6.053038024902343750e+01
4.472357940673828125e+01
8.097987365722656250e+01
6.197167205810546875e+01
5.156127929687500000e+01
4.792531585693359375e+01
7.775354766845703125e+01
6.811764526367187500e+01
3.921407699584960938e+01
4.385678100585937500e+01
6.239943695068359375e+01
3.773921203613281250e+01
4.128045654296875000e+01
3.404017639160156250e+01
8.088153076171875000e+01
5.515576934814453125e+01
3.271342086791992188e+01
4.926616668701171875e+01
5.222279739379882812e+01
8.423832702636718750e+01
8.470539855957031250e+01
9.335244750976562500e+01
5.913154983520507812e+01
7.670464324951171875e+01
7.556995391845703125e+01
4.018842315673828125e+01
8.098837280273437500e+01
4.658959197998046875e+01
4.091855239868164062e+01
4.259603881835937500e+01
4.211659240722656250e+01
1.298844757080078125e+02
6.095545196533203125e+01
3.891979217529296875e+01
6.149010467529296875e+01
3.195055007934570312e+01
1.055419845581054688e+02
6.992065429687500000e+01
4.268512344360351562e+01
4.890217208862304688e+01
8.202452850341796875e+01
7.498563385009765625e+01
7.593167114257812500e+01
4.553762054443359375e+01
3.344101333618164062e+01
4.394289398193359375e+01
5.301367187500000000e+01
5.875691223144531250e+01
1.084496994018554688e+02
9.858785247802734375e+01
1.340230102539062500e+02
5.727847290039062500e+01
4.038770294189453125e+01
5.569772338867187500e+01
3.623162078857421875e+01
6.058546829223632812e+01
3.000000000000000000e+01
3.000000000000000000e+01
6.032403564453125000e+01
1.247579345703125000e+02
5.277517318725585938e+01
3.000000000000000000e+01
5.245259475708007812e+01
5.991642379760742188e+01
3.988507080078125000e+01
4.581857299804687500e+01
6.317485809326171875e+01
4.576707458496093750e+01
8.428280639648437500e+01
6.078314208984375000e+01
4.761309051513671875e+01
5.209829711914062500e+01
3.918827819824218750e+01
5.528033828735351562e+01
4.841044616699218750e+01
5.633251190185546875e+01
5.929298782348632812e+01
8.882392120361328125e+01
5.040265655517578125e+01
8.212890625000000000e+01
5.694624710083007812e+01
3.984504699707031250e+01
6.198987579345703125e+01
4.742747497558593750e+01
4.343775558471679688e+01
4.565423583984375000e+01
4.120404052734375000e+01
3.796780395507812500e+01
8.584452819824218750e+01
5.281479644775390625e+01
4.106545257568359375e+01
1.948281555175781250e+02
8.078331756591796875e+01
4.291136550903320312e+01
5.767658996582031250e+01
6.135806274414062500e+01
4.436818695068359375e+01
5.206120300292968750e+01
1.025973663330078125e+02
4.982116317749023438e+01
6.021847915649414062e+01
4.647880172729492188e+01
3.885155868530273438e+01
4.967014312744140625e+01
6.474345397949218750e+01
4.646545410156250000e+01
4.998761749267578125e+01
4.986174011230468750e+01
4.943015670776367188e+01
5.068946075439453125e+01
5.315293502807617188e+01
3.647367858886718750e+01
4.125296020507812500e+01
6.400317382812500000e+01
7.230853271484375000e+01
3.960498046875000000e+01
9.085605621337890625e+01
4.182874679565429688e+01
4.046915054321289062e+01
6.757004547119140625e+01
7.126297760009765625e+01
4.218793487548828125e+01
5.032215499877929688e+01
3.000000000000000000e+01
4.567709350585937500e+01
5.141135787963867188e+01
8.808622741699218750e+01
4.961009216308593750e+01
3.488584136962890625e+01
5.522834777832031250e+01
5.006108093261718750e+01
4.850051498413085938e+01
3.204491424560546875e+01
5.193886184692382812e+01
5.170274353027343750e+01
5.606183242797851562e+01
6.297384262084960938e+01
8.573640441894531250e+01
3.816164779663085938e+01
5.449417495727539062e+01
3.832889556884765625e+01
4.955075454711914062e+01
7.232461547851562500e+01
8.035517883300781250e+01
5.118599319458007812e+01
5.709082794189453125e+01
6.483386230468750000e+01
5.193886566162109375e+01
4.579311370849609375e+01
4.854304885864257812e+01
3.000000000000000000e+01
3.764325332641601562e+01
5.276601409912109375e+01
6.028127288818359375e+01
3.592265701293945312e+01
4.936890792846679688e+01
5.739671325683593750e+01
9.527473449707031250e+01
3.804460906982421875e+01
5.635240554809570312e+01
3.113967323303222656e+01
5.615804672241210938e+01
5.950164794921875000e+01
4.229119110107421875e+01
6.487426757812500000e+01
3.681977844238281250e+01
7.102316284179687500e+01
6.149445343017578125e+01
6.212977981567382812e+01
5.134822845458984375e+01
3.946364974975585938e+01
6.789582061767578125e+01
7.056914520263671875e+01
4.266961288452148438e+01
4.267724609375000000e+01
6.903918457031250000e+01
6.139828491210937500e+01
6.057272338867187500e+01
3.409441757202148438e+01
8.958198547363281250e+01
4.302628326416015625e+01
4.960822677612304688e+01
4.957754135131835938e+01
4.568169403076171875e+01
5.774112701416015625e+01
3.000000000000000000e+01
7.631646728515625000e+01
5.634227371215820312e+01
4.721100997924804688e+01
4.110946273803710938e+01
4.875469970703125000e+01
6.837303924560546875e+01
6.528302001953125000e+01
3.000000000000000000e+01
3.994966888427734375e+01
3.940847015380859375e+01
4.123798370361328125e+01
8.134370422363281250e+01
5.088107299804687500e+01
6.483643341064453125e+01
7.918848419189453125e+01
5.085892105102539062e+01
4.200203704833984375e+01
4.453405380249023438e+01
3.000000000000000000e+01
4.875469970703125000e+01
6.579382324218750000e+01
4.165102386474609375e+01
4.965563583374023438e+01
3.983714294433593750e+01
8.317605590820312500e+01
5.873721313476562500e+01
6.534355926513671875e+01
5.454497909545898438e+01
3.182757759094238281e+01
6.474520111083984375e+01
3.149357414245605469e+01
7.139138031005859375e+01
3.223262786865234375e+01
5.388584899902343750e+01
4.708724975585937500e+01
3.000000000000000000e+01
4.684210968017578125e+01
4.348554611206054688e+01
8.211891937255859375e+01
4.465958023071289062e+01
8.035517883300781250e+01
4.678084945678710938e+01
4.091554260253906250e+01
3.910185241699218750e+01
5.109006881713867188e+01
3.860784149169921875e+01
3.937312698364257812e+01
5.776295471191406250e+01
7.076528930664062500e+01
5.421760559082031250e+01
4.154851531982421875e+01
4.535060501098632812e+01
6.874713134765625000e+01
5.345417785644531250e+01
4.959882354736328125e+01
4.979391479492187500e+01
4.165808868408203125e+01
4.811377716064453125e+01
4.411899566650390625e+01
4.159623336791992188e+01
4.965215301513671875e+01
4.050907516479492188e+01
5.195477294921875000e+01
3.912860107421875000e+01
3.452551651000976562e+01
4.672841262817382812e+01
3.905865478515625000e+01
6.562060546875000000e+01
5.356851196289062500e+01
6.013422012329101562e+01
4.678084945678710938e+01
7.078658294677734375e+01
3.980355072021484375e+01
5.588785552978515625e+01
5.274452972412109375e+01
3.302997207641601562e+01
4.506841659545898438e+01
7.313866424560546875e+01
3.000000000000000000e+01
6.110575866699218750e+01
5.792896270751953125e+01
4.666922760009765625e+01
4.221219635009765625e+01
7.615510559082031250e+01
3.205276870727539062e+01
4.061717987060546875e+01
6.770240783691406250e+01
4.655145645141601562e+01
8.202452850341796875e+01
7.958942413330078125e+01
3.000000000000000000e+01
7.622087860107421875e+01
7.171929168701171875e+01
4.946199035644531250e+01
5.345577621459960938e+01
5.710783767700195312e+01
6.124763107299804688e+01
7.461114501953125000e+01
5.637182617187500000e+01
6.040640258789062500e+01
6.860031127929687500e+01
4.770671844482421875e+01
6.779804992675781250e+01
4.145917129516601562e+01
4.752138900756835938e+01
3.844908523559570312e+01
4.897043228149414062e+01
3.708372497558593750e+01
6.828019714355468750e+01
5.130715942382812500e+01
4.580733108520507812e+01
3.870715332031250000e+01
4.862179565429687500e+01
4.445361328125000000e+01
4.443124008178710938e+01
7.127140808105468750e+01
6.167543792724609375e+01
4.622016143798828125e+01
5.334070587158203125e+01
4.713055801391601562e+01
4.710813140869140625e+01
4.322959136962890625e+01
5.134822845458984375e+01
3.085983085632324219e+01
3.490991973876953125e+01
4.419929122924804688e+01
5.100085067749023438e+01
3.309299087524414062e+01
4.633530044555664062e+01
5.928885650634765625e+01
4.596492004394531250e+01
4.016236877441406250e+01
4.286552810668945312e+01
6.383393096923828125e+01
4.834100341796875000e+01
7.490367126464843750e+01
9.860563659667968750e+01
4.986000061035156250e+01
4.375581741333007812e+01
4.704972839355468750e+01
4.933496093750000000e+01
3.000000000000000000e+01
4.344112777709960938e+01
6.227598571777343750e+01
7.622798919677734375e+01
5.381547546386718750e+01
3.839526367187500000e+01
4.297512054443359375e+01
5.708381271362304688e+01
3.514918136596679688e+01
4.927437591552734375e+01
5.806362915039062500e+01
5.716211700439453125e+01
4.811618423461914062e+01
5.711709594726562500e+01
3.413499069213867188e+01
5.452717208862304688e+01
5.222747039794921875e+01
4.834995651245117188e+01
5.001213836669921875e+01
4.320806884765625000e+01
3.839124298095703125e+01
6.681403350830078125e+01
4.370652008056640625e+01
4.443075561523437500e+01
5.577484130859375000e+01
3.944363021850585938e+01
3.836557006835937500e+01
4.341289520263671875e+01
4.299073791503906250e+01
3.000000000000000000e+01
7.597804260253906250e+01
5.270326232910156250e+01
5.547361755371093750e+01
3.906287002563476562e+01
3.831873321533203125e+01
7.374358367919921875e+01
7.220484924316406250e+01
5.501159286499023438e+01
5.762147903442382812e+01
4.179364395141601562e+01
4.748970413208007812e+01
5.851565551757812500e+01
3.636169433593750000e+01
4.451844024658203125e+01
4.870845031738281250e+01
6.429898071289062500e+01
4.306175231933593750e+01
4.979701614379882812e+01
4.244692611694335938e+01
7.758850860595703125e+01
3.952459716796875000e+01
8.540592956542968750e+01
7.874669647216796875e+01
5.706062316894531250e+01
4.527301788330078125e+01
5.429136276245117188e+01
7.285073852539062500e+01
7.307321929931640625e+01
3.617412567138671875e+01
6.203879547119140625e+01
4.546050643920898438e+01
3.680710983276367188e+01
5.376567077636718750e+01
6.719319152832031250e+01
4.780476760864257812e+01
5.967086029052734375e+01
4.149972152709960938e+01
6.432366943359375000e+01
3.544797515869140625e+01
4.067093658447265625e+01
5.287892150878906250e+01
9.660942840576171875e+01
5.135181427001953125e+01
4.235947418212890625e+01
3.119485092163085938e+01
6.590512847900390625e+01
4.293679046630859375e+01
4.995180892944335938e+01
5.244268035888671875e+01
9.335244750976562500e+01
5.181518173217773438e+01
4.942257690429687500e+01
7.727615356445312500e+01
6.632891845703125000e+01
6.908149719238281250e+01
3.000000000000000000e+01
3.631179046630859375e+01
5.237451553344726562e+01
3.906125640869140625e+01
4.527562332153320312e+01
3.278362274169921875e+01
3.134735679626464844e+01
4.130899047851562500e+01
3.140589714050292969e+01
4.135336303710937500e+01
4.228380584716796875e+01
7.400440216064453125e+01
4.610525512695312500e+01
3.549927520751953125e+01
4.359465789794921875e+01
3.532517623901367188e+01
3.000000000000000000e+01
4.908109283447265625e+01
6.771698760986328125e+01
4.260128784179687500e+01
3.971565246582031250e+01
3.000000000000000000e+01
4.850075912475585938e+01
6.252605056762695312e+01
3.976509094238281250e+01
6.789582824707031250e+01
4.712511825561523438e+01
7.599462890625000000e+01
4.214347076416015625e+01
5.200057220458984375e+01
5.867308807373046875e+01
4.375600814819335938e+01
3.627635955810546875e+01
5.543446350097656250e+01
5.210679626464843750e+01
5.710622406005859375e+01
4.245172119140625000e+01
4.087955474853515625e+01
5.800640487670898438e+01
4.409207153320312500e+01
6.893802642822265625e+01
7.797959136962890625e+01
7.083406066894531250e+01
5.649944686889648438e+01
4.442576217651367188e+01
4.779100799560546875e+01
4.130899047851562500e+01
4.111856460571289062e+01
5.101007843017578125e+01
5.298414993286132812e+01
5.307675170898437500e+01
4.757849502563476562e+01
4.525368881225585938e+01
3.845146179199218750e+01
4.400430679321289062e+01
7.511399078369140625e+01
3.724369812011718750e+01
4.058901977539062500e+01
3.846629333496093750e+01
3.497333145141601562e+01
4.602542495727539062e+01
3.640830230712890625e+01
5.490961456298828125e+01
4.616796875000000000e+01
3.058073043823242188e+01
6.342665100097656250e+01
6.149010467529296875e+01
3.000000000000000000e+01
5.180352783203125000e+01
4.867335510253906250e+01
3.954026794433593750e+01
3.931566619873046875e+01
4.788313674926757812e+01
4.550527954101562500e+01
4.071635055541992188e+01
4.069573211669921875e+01
4.279061126708984375e+01
5.622679901123046875e+01
4.680559539794921875e+01
4.740763092041015625e+01
3.738997650146484375e+01
3.397647094726562500e+01
4.046120452880859375e+01
3.401725387573242188e+01
4.817884445190429688e+01
5.463114929199218750e+01
6.719319915771484375e+01
6.236871719360351562e+01
3.080099105834960938e+01
3.779187774658203125e+01
8.824024200439453125e+01
5.331710052490234375e+01
4.088941192626953125e+01
7.511399078369140625e+01
5.270006561279296875e+01
4.895866394042968750e+01
3.706886291503906250e+01
4.284487915039062500e+01
9.855126953125000000e+01
8.829870605468750000e+01
4.804411697387695312e+01
9.243360137939453125e+01
4.652579498291015625e+01
3.000000000000000000e+01
9.021794128417968750e+01
4.407979583740234375e+01
4.737020874023437500e+01
6.113161468505859375e+01
3.269609069824218750e+01
3.414706039428710938e+01
8.156014251708984375e+01
3.146995544433593750e+01
4.558942031860351562e+01
4.851774597167968750e+01
4.649051666259765625e+01
3.393286132812500000e+01
4.592282104492187500e+01
7.171929168701171875e+01
4.485434722900390625e+01
3.653287124633789062e+01
8.190718841552734375e+01
4.377272033691406250e+01
3.000000000000000000e+01
7.513725280761718750e+01
4.573948669433593750e+01
4.590383911132812500e+01
3.298180389404296875e+01
4.799805831909179688e+01
4.849148559570312500e+01
4.150573730468750000e+01
4.055952453613281250e+01
4.680264282226562500e+01
5.071495437622070312e+01
5.434658432006835938e+01
4.552039337158203125e+01
4.119049072265625000e+01
4.971944427490234375e+01
4.306074142456054688e+01
5.384758758544921875e+01
5.687463378906250000e+01
5.425627899169921875e+01
4.049018096923828125e+01
3.497406005859375000e+01
3.857376861572265625e+01
3.000000000000000000e+01
4.026504516601562500e+01
5.414253234863281250e+01
4.153050231933593750e+01
5.381547546386718750e+01
4.872889709472656250e+01
4.733116912841796875e+01
5.276557540893554688e+01
4.587592315673828125e+01
5.810190582275390625e+01
7.982916259765625000e+01
5.354492187500000000e+01
4.324889755249023438e+01
3.601582336425781250e+01
8.423832702636718750e+01
5.105759811401367188e+01
3.495421600341796875e+01
3.742424011230468750e+01
5.364695739746093750e+01
6.867021179199218750e+01
4.154087829589843750e+01
4.170125579833984375e+01
3.000000000000000000e+01
4.406811141967773438e+01
4.694506835937500000e+01
4.137913131713867188e+01
5.283662796020507812e+01
4.608351135253906250e+01
5.949459075927734375e+01
4.428757095336914062e+01
4.938914489746093750e+01
4.181301116943359375e+01
3.907509231567382812e+01
5.869787979125976562e+01
3.303221511840820312e+01
4.622941970825195312e+01
3.000000000000000000e+01
3.000000000000000000e+01
5.010207748413085938e+01
4.896237945556640625e+01
3.458958435058593750e+01
4.701282119750976562e+01
3.113175010681152344e+01
4.143524932861328125e+01
4.361951828002929688e+01
3.480298614501953125e+01
