5.438600158691406250e+01
6.160646057128906250e+01
3.797526168823242188e+01
3.983594894409179688e+01
6.672980499267578125e+01
5.721806335449218750e+01
3.732389068603515625e+01
6.534434509277343750e+01
5.549649047851562500e+01
1.097134857177734375e+02
5.126295089721679688e+01
1.226534118652343750e+02
4.804815673828125000e+01
5.127674484252929688e+01
5.178424072265625000e+01
5.272572326660156250e+01
6.859599304199218750e+01
4.211058044433593750e+01
4.258285522460937500e+01
1.348544921875000000e+02
3.906631851196289062e+01
9.698137664794921875e+01
3.258184814453125000e+01
4.263622283935546875e+01
3.140555000305175781e+01
6.495526123046875000e+01
3.000000000000000000e+01
5.832189178466796875e+01
1.822382812500000000e+02
5.763796615600585938e+01
6.362416839599609375e+01
4.713294982910156250e+01
4.614109802246093750e+01
1.030895919799804688e+02
6.320676422119140625e+01
7.820216369628906250e+01
6.513883209228515625e+01
6.104183959960937500e+01
4.677531814575195312e+01
4.402005767822265625e+01
4.194833374023437500e+01
3.577878189086914062e+01
5.522939300537109375e+01
4.140740966796875000e+01
3.115907859802246094e+01
3.672852706909179688e+01
3.616484451293945312e+01
6.495753479003906250e+01
1.218813400268554688e+02
6.289582443237304688e+01
4.455133438110351562e+01
3.688445281982421875e+01
8.014637756347656250e+01
4.295191955566406250e+01
1.139936065673828125e+02
4.720848083496093750e+01
7.049260711669921875e+01
4.937179565429687500e+01
7.078777313232421875e+01
7.165361022949218750e+01
6.047154235839843750e+01
8.213339996337890625e+01
4.119240951538085938e+01
9.967424011230468750e+01
1.006079711914062500e+02
5.487074279785156250e+01
5.005210876464843750e+01
3.000000000000000000e+01
4.782565689086914062e+01
5.111743927001953125e+01
5.727744674682617188e+01
3.746701049804687500e+01
1.133479232788085938e+02
3.805126190185546875e+01
5.470314025878906250e+01
3.656257629394531250e+01
4.955154418945312500e+01
4.209531402587890625e+01
4.095943832397460938e+01
6.242230987548828125e+01
3.716638183593750000e+01
6.859599304199218750e+01
5.452016448974609375e+01
1.183621368408203125e+02
9.763970184326171875e+01
3.567454528808593750e+01
4.002657318115234375e+01
4.833708953857421875e+01
4.804815673828125000e+01
5.914143371582031250e+01
3.832257843017578125e+01
5.464261627197265625e+01
6.295826721191406250e+01
5.088476562500000000e+01
1.021940536499023438e+02
8.447943115234375000e+01
6.621398925781250000e+01
3.661301422119140625e+01
7.784645843505859375e+01
3.767178344726562500e+01
1.006009826660156250e+02
6.868652343750000000e+01
1.495553588867187500e+02
3.000000000000000000e+01
4.600141906738281250e+01
9.417956542968750000e+01
3.000000000000000000e+01
5.074122238159179688e+01
5.124298477172851562e+01
3.638818740844726562e+01
4.068326950073242188e+01
3.000000000000000000e+01
7.267736816406250000e+01
1.282982482910156250e+02
4.131011962890625000e+01
4.194543075561523438e+01
9.727338409423828125e+01
4.860659408569335938e+01
7.817684936523437500e+01
5.349974060058593750e+01
4.828686904907226562e+01
6.136506652832031250e+01
4.147229766845703125e+01
4.104120254516601562e+01
4.247761154174804688e+01
5.050885391235351562e+01
6.935118103027343750e+01
5.874920654296875000e+01
4.549286651611328125e+01
5.810963058471679688e+01
4.336979675292968750e+01
1.042175903320312500e+02
4.557843780517578125e+01
3.000000000000000000e+01
5.325421905517578125e+01
4.340846252441406250e+01
1.079349822998046875e+02
4.240548706054687500e+01
4.542256927490234375e+01
7.529720306396484375e+01
4.385506439208984375e+01
8.776227569580078125e+01
7.551002502441406250e+01
5.320060729980468750e+01
7.073104858398437500e+01
4.661632156372070312e+01
8.148440551757812500e+01
1.032568969726562500e+02
5.294221878051757812e+01
1.189579238891601562e+02
5.653003692626953125e+01
7.761872863769531250e+01
6.093837738037109375e+01
8.706536865234375000e+01
3.631111145019531250e+01
1.232938842773437500e+02
3.773674774169921875e+01
1.385850830078125000e+02
4.040198135375976562e+01
6.002598190307617188e+01
3.391088104248046875e+01
5.837157440185546875e+01
4.279363250732421875e+01
3.239915084838867188e+01
7.035288238525390625e+01
4.195547866821289062e+01
6.110977935791015625e+01
5.017092132568359375e+01
3.251291275024414062e+01
1.171343231201171875e+02
3.786412048339843750e+01
4.941244506835937500e+01
4.022485733032226562e+01
3.341627883911132812e+01
5.871275711059570312e+01
5.644853973388671875e+01
3.756420516967773438e+01
4.434292602539062500e+01
6.552864074707031250e+01
5.044501876831054688e+01
6.692579650878906250e+01
6.042130661010742188e+01
6.075715255737304688e+01
4.980248641967773438e+01
3.958465957641601562e+01
3.000000000000000000e+01
4.276729583740234375e+01
8.015036010742187500e+01
5.417677307128906250e+01
4.159270095825195312e+01
4.779284286499023438e+01
5.527312088012695312e+01
5.090023803710937500e+01
3.873609924316406250e+01
5.231802368164062500e+01
3.827235412597656250e+01
3.552597045898437500e+01
8.264094543457031250e+01
1.538652038574218750e+02
5.321283340454101562e+01
4.837562561035156250e+01
1.247224273681640625e+02
6.029800415039062500e+01
3.000000000000000000e+01
6.324981307983398438e+01
3.950905990600585938e+01
5.610120391845703125e+01
6.072181701660156250e+01
1.132386398315429688e+02
3.569093704223632812e+01
5.115316772460937500e+01
9.777723693847656250e+01
4.359720993041992188e+01
4.754586029052734375e+01
3.758648300170898438e+01
5.295079421997070312e+01
5.539386749267578125e+01
5.443255615234375000e+01
4.126336669921875000e+01
4.386620330810546875e+01
3.206081390380859375e+01
6.304151535034179688e+01
8.758052062988281250e+01
3.953096389770507812e+01
4.076512145996093750e+01
3.975772094726562500e+01
6.013417053222656250e+01
1.195864410400390625e+02
6.132880783081054688e+01
1.320675659179687500e+02
3.898725128173828125e+01
5.171773529052734375e+01
6.172727203369140625e+01
5.125817489624023438e+01
4.174230194091796875e+01
6.665847778320312500e+01
4.667766189575195312e+01
4.641957092285156250e+01
7.389840698242187500e+01
5.154737472534179688e+01
4.312746810913085938e+01
1.240243835449218750e+02
1.054447631835937500e+02
7.232453155517578125e+01
9.488298034667968750e+01
3.156854438781738281e+01
4.505149841308593750e+01
1.364327239990234375e+02
1.805583648681640625e+02
5.083782958984375000e+01
6.103517913818359375e+01
4.142369842529296875e+01
4.438076782226562500e+01
9.615587615966796875e+01
4.363095092773437500e+01
5.881967544555664062e+01
4.452890777587890625e+01
4.131166076660156250e+01
3.427909469604492188e+01
1.316530456542968750e+02
5.382091522216796875e+01
5.112288665771484375e+01
5.680962371826171875e+01
4.261485290527343750e+01
9.475320434570312500e+01
4.183569717407226562e+01
1.479739379882812500e+02
6.378430938720703125e+01
7.137835693359375000e+01
5.390217971801757812e+01
5.231013107299804688e+01
5.198594284057617188e+01
7.232453918457031250e+01
7.270754241943359375e+01
1.759063720703125000e+02
3.496818542480468750e+01
7.104475402832031250e+01
7.946466827392578125e+01
9.981601715087890625e+01
9.591120910644531250e+01
8.061485290527343750e+01
6.832963562011718750e+01
6.300990676879882812e+01
4.351098632812500000e+01
7.103685760498046875e+01
3.693443679809570312e+01
3.000000000000000000e+01
6.546731567382812500e+01
4.569312667846679688e+01
3.835917663574218750e+01
4.263274002075195312e+01
3.530001068115234375e+01
3.185529708862304688e+01
8.939289855957031250e+01
3.530757904052734375e+01
3.000000000000000000e+01
4.395664978027343750e+01
5.377973937988281250e+01
4.953961181640625000e+01
5.803213500976562500e+01
3.964419555664062500e+01
3.000000000000000000e+01
3.680234527587890625e+01
7.338742065429687500e+01
5.442861175537109375e+01
4.198468399047851562e+01
7.228854370117187500e+01
7.352574157714843750e+01
7.183068084716796875e+01
1.328315277099609375e+02
1.404300079345703125e+02
3.000000000000000000e+01
1.016031036376953125e+02
1.062220001220703125e+02
1.018901901245117188e+02
4.112343215942382812e+01
3.717537307739257812e+01
1.155052566528320312e+02
5.643592834472656250e+01
7.784645843505859375e+01
4.407885742187500000e+01
4.898171234130859375e+01
5.888655853271484375e+01
5.403230285644531250e+01
3.702838134765625000e+01
4.073153305053710938e+01
3.743969345092773438e+01
3.674266815185546875e+01
1.133479232788085938e+02
3.012152671813964844e+01
7.227375793457031250e+01
5.085377502441406250e+01
5.101835632324218750e+01
4.726040649414062500e+01
4.332130432128906250e+01
4.622407913208007812e+01
6.329789352416992188e+01
5.703306579589843750e+01
3.985841369628906250e+01
3.293884277343750000e+01
5.881345367431640625e+01
8.252631378173828125e+01
4.259877777099609375e+01
7.183068084716796875e+01
4.782326889038085938e+01
4.549539947509765625e+01
1.685002899169921875e+02
4.223047637939453125e+01
4.147918319702148438e+01
1.133708953857421875e+02
1.523956146240234375e+02
1.930129089355468750e+02
4.639519882202148438e+01
8.213339996337890625e+01
3.000000000000000000e+01
9.865875244140625000e+01
6.022040939331054688e+01
3.444148254394531250e+01
1.495546112060546875e+02
5.867566680908203125e+01
6.095606231689453125e+01
1.288561706542968750e+02
5.445408630371093750e+01
5.977511978149414062e+01
1.013281936645507812e+02
3.635004806518554688e+01
7.357107543945312500e+01
1.109927368164062500e+02
3.334548950195312500e+01
6.377064132690429688e+01
5.679784393310546875e+01
4.784025192260742188e+01
1.064766082763671875e+02
1.385573272705078125e+02
4.837480545043945312e+01
1.356520690917968750e+02
8.922489166259765625e+01
5.763796234130859375e+01
7.720262145996093750e+01
8.739221191406250000e+01
3.000000000000000000e+01
3.000000000000000000e+01
3.000000000000000000e+01
3.781464385986328125e+01
6.381810760498046875e+01
1.054447631835937500e+02
4.895442962646484375e+01
5.035641479492187500e+01
4.686328125000000000e+01
2.768186340332031250e+02
4.136811828613281250e+01
4.409746932983398438e+01
3.291848373413085938e+01
3.000000000000000000e+01
3.831086349487304688e+01
6.626985931396484375e+01
8.246775054931640625e+01
9.916710662841796875e+01
5.875219726562500000e+01
4.407945632934570312e+01
5.482880401611328125e+01
4.141724395751953125e+01
1.524733734130859375e+02
4.248803710937500000e+01
4.306340026855468750e+01
5.396545028686523438e+01
4.604720687866210938e+01
6.134113311767578125e+01
7.069683837890625000e+01
1.391428833007812500e+02
8.117375183105468750e+01
8.706165313720703125e+01
5.058396530151367188e+01
3.946569824218750000e+01
6.530422210693359375e+01
3.452613067626953125e+01
6.128665161132812500e+01
6.739311981201171875e+01
3.000000000000000000e+01
3.558553695678710938e+01
9.841540527343750000e+01
3.000000000000000000e+01
4.409370040893554688e+01
1.380443115234375000e+02
5.215708923339843750e+01
4.195492935180664062e+01
6.696295928955078125e+01
4.086998748779296875e+01
5.765537643432617188e+01
9.126859283447265625e+01
5.131468963623046875e+01
7.227375793457031250e+01
2.139870452880859375e+02
5.403230285644531250e+01
1.209104843139648438e+02
4.040789413452148438e+01
4.644329833984375000e+01
8.734963989257812500e+01
5.832188796997070312e+01
5.419157409667968750e+01
6.821633148193359375e+01
3.000000000000000000e+01
6.173195266723632812e+01
5.621437454223632812e+01
6.745367431640625000e+01
4.426676177978515625e+01
4.966530609130859375e+01
6.620895385742187500e+01
7.862930297851562500e+01
9.296642303466796875e+01
6.003112030029296875e+01
6.093837738037109375e+01
5.099875259399414062e+01
5.688231658935546875e+01
7.100869750976562500e+01
3.727412796020507812e+01
1.070196838378906250e+02
9.834376525878906250e+01
3.000000000000000000e+01
9.192428588867187500e+01
7.298217773437500000e+01
4.837440490722656250e+01
4.446350097656250000e+01
5.144144058227539062e+01
4.412087631225585938e+01
1.968399963378906250e+02
3.537785339355468750e+01
5.197249221801757812e+01
5.143970489501953125e+01
4.167813110351562500e+01
8.562979888916015625e+01
4.238770294189453125e+01
4.752460861206054688e+01
1.329702758789062500e+02
5.442861175537109375e+01
9.228469848632812500e+01
5.475703811645507812e+01
5.346334457397460938e+01
6.654630279541015625e+01
8.975791931152343750e+01
8.957057189941406250e+01
8.518194580078125000e+01
6.363268280029296875e+01
4.368571472167968750e+01
7.201856231689453125e+01
8.882957458496093750e+01
4.333006286621093750e+01
4.754586029052734375e+01
7.862010192871093750e+01
8.804474639892578125e+01
5.711009597778320312e+01
5.273642349243164062e+01
5.442146301269531250e+01
3.000000000000000000e+01
3.816596603393554688e+01
3.000000000000000000e+01
3.000000000000000000e+01
3.000000000000000000e+01
3.346703720092773438e+01
5.020225524902343750e+01
5.353805541992187500e+01
4.671826934814453125e+01
7.150824737548828125e+01
5.648076248168945312e+01
4.231617736816406250e+01
3.911646270751953125e+01
4.785572052001953125e+01
6.278632354736328125e+01
3.000000000000000000e+01
3.443013763427734375e+01
6.710714721679687500e+01
3.916462326049804688e+01
5.833350753784179688e+01
3.063594055175781250e+01
5.159864425659179688e+01
3.000000000000000000e+01
5.178424453735351562e+01
1.146079788208007812e+02
5.401933288574218750e+01
3.190224266052246094e+01
6.501962280273437500e+01
4.306340026855468750e+01
7.347251129150390625e+01
3.306875228881835938e+01
5.255087280273437500e+01
1.303138732910156250e+02
4.747996520996093750e+01
1.263232116699218750e+02
1.232508697509765625e+02
3.813050460815429688e+01
3.490460968017578125e+01
8.452110290527343750e+01
3.436085510253906250e+01
6.084836959838867188e+01
5.680962371826171875e+01
1.200215454101562500e+02
4.612283706665039062e+01
6.343110656738281250e+01
5.731594467163085938e+01
3.000000000000000000e+01
5.708474349975585938e+01
1.134341201782226562e+02
4.674684524536132812e+01
6.100194931030273438e+01
5.028071212768554688e+01
3.926936340332031250e+01
3.041713714599609375e+01
4.881428146362304688e+01
4.429521179199218750e+01
4.198437500000000000e+01
3.850212097167968750e+01
3.843002700805664062e+01
4.157794952392578125e+01
4.939212417602539062e+01
5.137216567993164062e+01
4.654334640502929688e+01
6.015747833251953125e+01
5.074122238159179688e+01
7.096527862548828125e+01
1.132386398315429688e+02
6.114804840087890625e+01
1.115121459960937500e+02
8.230218505859375000e+01
1.211540832519531250e+02
3.540821075439453125e+01
6.073184204101562500e+01
4.444318389892578125e+01
3.345988464355468750e+01
6.983923339843750000e+01
7.324766540527343750e+01
7.660037231445312500e+01
8.352597045898437500e+01
4.131011962890625000e+01
4.610615158081054688e+01
6.378145217895507812e+01
8.874637603759765625e+01
4.521296691894531250e+01
5.341569519042968750e+01
5.044924926757812500e+01
4.146047973632812500e+01
1.050802383422851562e+02
3.832257843017578125e+01
4.696795654296875000e+01
4.513498306274414062e+01
4.919457244873046875e+01
5.605363845825195312e+01
9.254010772705078125e+01
4.446829986572265625e+01
3.309587478637695312e+01
3.242210388183593750e+01
9.916710662841796875e+01
4.820086669921875000e+01
4.542354965209960938e+01
5.320758056640625000e+01
5.378628158569335938e+01
5.050144195556640625e+01
6.386409378051757812e+01
5.082968902587890625e+01
6.742211914062500000e+01
3.836960601806640625e+01
5.988103103637695312e+01
7.445434570312500000e+01
8.548334503173828125e+01
7.883113098144531250e+01
4.732670211791992188e+01
3.823766326904296875e+01
7.087858581542968750e+01
7.697367858886718750e+01
5.269381713867187500e+01
5.343975067138671875e+01
5.923011398315429688e+01
3.907596206665039062e+01
5.390391540527343750e+01
4.474230957031250000e+01
3.000000000000000000e+01
4.763295364379882812e+01
7.444777679443359375e+01
6.620895385742187500e+01
5.415782546997070312e+01
5.147703933715820312e+01
3.833030700683593750e+01
7.435167694091796875e+01
1.062049102783203125e+02
6.632604980468750000e+01
3.558158493041992188e+01
1.211540832519531250e+02
4.639519882202148438e+01
5.732682800292968750e+01
8.804474639892578125e+01
3.615741729736328125e+01
3.895566558837890625e+01
7.651403808593750000e+01
3.000000000000000000e+01
4.426363754272460938e+01
2.445594177246093750e+02
4.874857711791992188e+01
3.000000000000000000e+01
3.801266860961914062e+01
1.263120193481445312e+02
5.431288146972656250e+01
5.721982574462890625e+01
1.005319366455078125e+02
4.635579681396484375e+01
1.312816162109375000e+02
8.459576416015625000e+01
9.609533691406250000e+01
3.853061676025390625e+01
3.723114776611328125e+01
4.489203643798828125e+01
7.259893035888671875e+01
6.663690185546875000e+01
5.703306579589843750e+01
5.228603363037109375e+01
3.919952774047851562e+01
4.709488677978515625e+01
6.008456420898437500e+01
5.233021926879882812e+01
3.912014007568359375e+01
6.998045349121093750e+01
7.877989959716796875e+01
3.480471038818359375e+01
3.158146286010742188e+01
5.416598892211914062e+01
3.000000000000000000e+01
4.535748291015625000e+01
9.854114532470703125e+01
5.272768783569335938e+01
7.201198577880859375e+01
5.535010528564453125e+01
4.616704177856445312e+01
3.434635162353515625e+01
8.776227569580078125e+01
6.646800231933593750e+01
8.708277893066406250e+01
1.020783081054687500e+02
5.670057678222656250e+01
4.240278625488281250e+01
4.116491699218750000e+01
5.061507034301757812e+01
5.747273254394531250e+01
6.796481323242187500e+01
1.968399963378906250e+02
5.237171173095703125e+01
5.619374084472656250e+01
6.236270141601562500e+01
5.379557037353515625e+01
4.510070800781250000e+01
5.170640945434570312e+01
5.204087066650390625e+01
6.447473907470703125e+01
1.178564147949218750e+02
3.078274726867675781e+01
3.000000000000000000e+01
6.029658889770507812e+01
1.080313110351562500e+02
7.643534851074218750e+01
1.263232116699218750e+02
3.787873840332031250e+01
5.772076416015625000e+01
5.756828308105468750e+01
7.086726379394531250e+01
1.658142700195312500e+02
6.781222534179687500e+01
5.226887130737304688e+01
5.780050659179687500e+01
3.188700675964355469e+01
4.316038894653320312e+01
8.717149353027343750e+01
3.596862411499023438e+01
3.789996719360351562e+01
5.578366851806640625e+01
8.722653198242187500e+01
5.156309509277343750e+01
9.206014251708984375e+01
3.724740219116210938e+01
4.988267135620117188e+01
5.643592834472656250e+01
7.476641845703125000e+01
5.555742645263671875e+01
4.724171447753906250e+01
4.535629653930664062e+01
4.030223846435546875e+01
3.801188659667968750e+01
4.248803710937500000e+01
4.521442413330078125e+01
6.779547119140625000e+01
5.215708923339843750e+01
4.213167572021484375e+01
3.000000000000000000e+01
4.257088088989257812e+01
4.409746932983398438e+01
3.139744377136230469e+01
1.268107986450195312e+02
3.000000000000000000e+01
6.818978881835937500e+01
9.525357055664062500e+01
3.785335922241210938e+01
3.000000000000000000e+01
3.326113510131835938e+01
6.002598190307617188e+01
6.359329605102539062e+01
5.707781600952148438e+01
5.389770126342773438e+01
6.332199859619140625e+01
6.480793762207031250e+01
6.342517852783203125e+01
3.957784271240234375e+01
7.250170898437500000e+01
4.364806365966796875e+01
6.654630279541015625e+01
5.303763580322265625e+01
3.193846130371093750e+01
3.588149642944335938e+01
5.594894409179687500e+01
4.834642028808593750e+01
4.456838989257812500e+01
4.953961563110351562e+01
5.113842773437500000e+01
5.410339736938476562e+01
6.487781524658203125e+01
7.933955383300781250e+01
5.208480834960937500e+01
8.039753723144531250e+01
4.497805404663085938e+01
5.154737472534179688e+01
4.498004913330078125e+01
6.595648193359375000e+01
7.181683349609375000e+01
5.864369964599609375e+01
7.944816589355468750e+01
4.020724487304687500e+01
9.057575225830078125e+01
5.489915466308593750e+01
5.587450790405273438e+01
9.914586639404296875e+01
1.348544921875000000e+02
1.141643829345703125e+02
3.737593078613281250e+01
3.613135147094726562e+01
5.089576721191406250e+01
4.679577255249023438e+01
9.296642303466796875e+01
8.242393493652343750e+01
5.697838592529296875e+01
9.495796966552734375e+01
5.416598892211914062e+01
5.170729064941406250e+01
3.000000000000000000e+01
5.910149765014648438e+01
6.327777099609375000e+01
3.795630645751953125e+01
3.850638961791992188e+01
8.082859802246093750e+01
6.398711395263671875e+01
4.611135864257812500e+01
7.813449859619140625e+01
3.617959213256835938e+01
3.619676589965820312e+01
5.111743927001953125e+01
4.354930114746093750e+01
5.343247604370117188e+01
4.724171447753906250e+01
1.990140686035156250e+02
6.484982299804687500e+01
4.870747375488281250e+01
4.160531234741210938e+01
5.637729644775390625e+01
1.245120697021484375e+02
4.148735809326171875e+01
4.844969558715820312e+01
6.430996704101562500e+01
3.912014007568359375e+01
7.384343719482421875e+01
4.516740036010742188e+01
6.098863220214843750e+01
5.490446472167968750e+01
4.349935913085937500e+01
3.817963409423828125e+01
4.564248657226562500e+01
6.483218383789062500e+01
5.303334808349609375e+01
2.110578918457031250e+02
3.824405670166015625e+01
4.887891006469726562e+01
6.588870239257812500e+01
5.087232971191406250e+01
4.535826110839843750e+01
3.598429489135742188e+01
3.558983230590820312e+01
5.092858505249023438e+01
3.000000000000000000e+01
4.797724533081054688e+01
5.814622879028320312e+01
3.628195190429687500e+01
4.471578979492187500e+01
3.501509475708007812e+01
3.813050460815429688e+01
4.605677795410156250e+01
3.209157562255859375e+01
5.798503112792968750e+01
7.619454193115234375e+01
3.248305130004882812e+01
5.038132476806640625e+01
4.395664978027343750e+01
8.068185424804687500e+01
3.845353317260742188e+01
1.043293457031250000e+02
3.000000000000000000e+01
8.518194580078125000e+01
8.404385375976562500e+01
4.654688262939453125e+01
9.914586639404296875e+01
3.071464157104492188e+01
4.065014648437500000e+01
4.108666229248046875e+01
4.538305282592773438e+01
1.178070297241210938e+02
4.907583236694335938e+01
4.700290679931640625e+01
7.778726196289062500e+01
4.434647750854492188e+01
1.018580322265625000e+02
6.986634826660156250e+01
4.189720916748046875e+01
5.684458160400390625e+01
6.813684082031250000e+01
8.844682312011718750e+01
7.538758087158203125e+01
6.801294708251953125e+01
3.721360015869140625e+01
4.125332260131835938e+01
6.124474716186523438e+01
7.354417419433593750e+01
1.140635223388671875e+02
8.254703521728515625e+01
1.235645599365234375e+02
5.431019592285156250e+01
4.029734802246093750e+01
5.595494842529296875e+01
3.000000000000000000e+01
5.607778549194335938e+01
3.000000000000000000e+01
3.000000000000000000e+01
7.588327026367187500e+01
1.226404876708984375e+02
4.886614227294921875e+01
3.000000000000000000e+01
4.992003631591796875e+01
6.436592102050781250e+01
4.023051452636718750e+01
5.256867218017578125e+01
6.796481323242187500e+01
4.148175811767578125e+01
7.947931671142578125e+01
4.316038513183593750e+01
5.377999114990234375e+01
6.315293121337890625e+01
3.421265411376953125e+01
4.237233734130859375e+01
5.725720977783203125e+01
3.859128570556640625e+01
6.996815490722656250e+01
7.244467163085937500e+01
4.849468994140625000e+01
9.488298034667968750e+01
5.945941162109375000e+01
3.574253463745117188e+01
3.443413543701171875e+01
3.680327224731445312e+01
3.780602264404296875e+01
3.612593841552734375e+01
3.439556503295898438e+01
3.840000152587890625e+01
8.767855072021484375e+01
4.407945632934570312e+01
3.443797683715820312e+01
7.862930297851562500e+01
7.312607574462890625e+01
4.448260879516601562e+01
6.341814422607421875e+01
8.159046936035156250e+01
4.671826934814453125e+01
4.459733963012695312e+01
1.040551757812500000e+02
5.176627349853515625e+01
7.032466888427734375e+01
4.095943832397460938e+01
3.000000000000000000e+01
5.914143371582031250e+01
4.172849655151367188e+01
4.015623855590820312e+01
4.580426788330078125e+01
4.234435272216796875e+01
5.253097152709960938e+01
4.360202026367187500e+01
5.867566680908203125e+01
3.000000000000000000e+01
3.491755676269531250e+01
7.939384460449218750e+01
8.593610382080078125e+01
4.091575622558593750e+01
9.480162811279296875e+01
4.908435440063476562e+01
3.284668731689453125e+01
9.675631713867187500e+01
1.012834396362304688e+02
3.994009017944335938e+01
5.529443359375000000e+01
4.325756454467773438e+01
4.710015106201171875e+01
3.000000000000000000e+01
7.134953308105468750e+01
4.466375732421875000e+01
4.237212371826171875e+01
5.475703430175781250e+01
5.242609786987304688e+01
5.781134033203125000e+01
3.493663787841796875e+01
5.393930053710937500e+01
5.759246063232421875e+01
5.349973678588867188e+01
7.288952636718750000e+01
6.856110382080078125e+01
3.705353546142578125e+01
4.583100128173828125e+01
3.285274124145507812e+01
5.883798217773437500e+01
6.935118103027343750e+01
9.119705200195312500e+01
6.098863220214843750e+01
5.414266204833984375e+01
6.815609741210937500e+01
5.393930053710937500e+01
3.069124412536621094e+01
4.756294631958007812e+01
4.584495544433593750e+01
4.349198150634765625e+01
6.672819519042968750e+01
5.300352478027343750e+01
3.455038833618164062e+01
5.382091522216796875e+01
5.210514068603515625e+01
5.117662429809570312e+01
3.000000000000000000e+01
6.114342880249023438e+01
4.192713165283203125e+01
4.758382797241210938e+01
7.880641174316406250e+01
3.787591552734375000e+01
5.594933700561523438e+01
3.529561614990234375e+01
7.898625183105468750e+01
5.709151840209960938e+01
3.258396530151367188e+01
4.290402984619140625e+01
4.255660629272460938e+01
9.404870605468750000e+01
7.134024047851562500e+01
3.392281723022460938e+01
4.290519714355468750e+01
6.269933319091796875e+01
5.011932373046875000e+01
4.837562179565429688e+01
3.477320861816406250e+01
6.663375854492187500e+01
3.952376556396484375e+01
3.936784744262695312e+01
4.427647399902343750e+01
4.323557281494140625e+01
6.658493804931640625e+01
3.000000000000000000e+01
8.734963989257812500e+01
6.014403533935546875e+01
5.115316772460937500e+01
3.900951385498046875e+01
4.463452148437500000e+01
5.045918273925781250e+01
4.995879364013671875e+01
3.613135147094726562e+01
4.124865722656250000e+01
4.330400848388671875e+01
4.462478637695312500e+01
4.481563568115234375e+01
6.104183959960937500e+01
6.741923522949218750e+01
5.690602493286132812e+01
5.312538528442382812e+01
4.611761856079101562e+01
3.000000000000000000e+01
3.000000000000000000e+01
4.463452148437500000e+01
7.944816589355468750e+01
5.085828399658203125e+01
4.636832046508789062e+01
3.000000000000000000e+01
6.741777038574218750e+01
5.146081924438476562e+01
7.981973266601562500e+01
3.892160415649414062e+01
3.379506301879882812e+01
5.302656936645507812e+01
3.000000000000000000e+01
4.146627426147460938e+01
3.400009918212890625e+01
4.708043670654296875e+01
3.000000000000000000e+01
3.000000000000000000e+01
4.051288986206054688e+01
3.752860260009765625e+01
7.431866455078125000e+01
4.400279617309570312e+01
9.119705200195312500e+01
5.221245574951171875e+01
4.315995025634765625e+01
3.857762908935546875e+01
4.329698181152343750e+01
3.903125762939453125e+01
4.752776336669921875e+01
5.627027130126953125e+01
8.246775054931640625e+01
5.255087280273437500e+01
4.384557342529296875e+01
4.522646331787109375e+01
8.574264526367187500e+01
5.868888092041015625e+01
4.094554138183593750e+01
3.023124885559082031e+01
3.000000000000000000e+01
3.262330627441406250e+01
3.193846130371093750e+01
6.660687255859375000e+01
3.971836090087890625e+01
4.542477416992187500e+01
4.415997695922851562e+01
3.000000000000000000e+01
3.846732330322265625e+01
4.975935363769531250e+01
3.902858352661132812e+01
5.813532638549804688e+01
3.277552032470703125e+01
7.529720306396484375e+01
5.221245956420898438e+01
6.610660552978515625e+01
3.010127067565917969e+01
3.420445251464843750e+01
4.345684814453125000e+01
3.000000000000000000e+01
4.510726165771484375e+01
7.817677307128906250e+01
3.235477828979492188e+01
4.860005187988281250e+01
5.135522842407226562e+01
3.490460968017578125e+01
5.380565643310546875e+01
5.875219726562500000e+01
3.887401580810546875e+01
4.561217498779296875e+01
7.142749786376953125e+01
4.892377471923828125e+01
6.813684082031250000e+01
7.411471557617187500e+01
3.127379417419433594e+01
7.236296081542968750e+01
4.950269699096679688e+01
5.419157409667968750e+01
4.685779190063476562e+01
5.022586441040039062e+01
6.665847778320312500e+01
7.069683837890625000e+01
3.774267959594726562e+01
5.992522430419921875e+01
6.799641418457031250e+01
3.812910079956054688e+01
8.298561096191406250e+01
3.997298431396484375e+01
3.240282821655273438e+01
4.147544860839843750e+01
4.199692535400390625e+01
3.000000000000000000e+01
6.153440093994140625e+01
5.877178955078125000e+01
4.887890625000000000e+01
4.568921661376953125e+01
4.583041000366210938e+01
3.911593627929687500e+01
3.934897613525390625e+01
7.549177551269531250e+01
4.067900848388671875e+01
4.856873321533203125e+01
5.345167160034179688e+01
4.685656738281250000e+01
4.482096862792968750e+01
4.489367294311523438e+01
4.290403366088867188e+01
3.000000000000000000e+01
3.677237319946289062e+01
3.391408157348632812e+01
4.431201553344726562e+01
3.089023399353027344e+01
4.185572433471679688e+01
6.029658889770507812e+01
3.074997901916503906e+01
4.198437500000000000e+01
4.484137725830078125e+01
7.576993560791015625e+01
4.685985183715820312e+01
6.931439971923828125e+01
1.079609832763671875e+02
4.892984771728515625e+01
4.941244506835937500e+01
3.801266860961914062e+01
4.287436676025390625e+01
4.030200958251953125e+01
4.850635147094726562e+01
5.526699829101562500e+01
1.020783081054687500e+02
4.969607543945312500e+01
3.789067077636718750e+01
4.725409317016601562e+01
4.390522003173828125e+01
3.280715179443359375e+01
5.708473968505859375e+01
4.354930114746093750e+01
5.577968597412109375e+01
3.000000000000000000e+01
5.006746292114257812e+01
3.774967575073242188e+01
4.988203048706054688e+01
5.390391540527343750e+01
4.261427688598632812e+01
5.078940200805664062e+01
5.550143814086914062e+01
3.533785629272460938e+01
6.326470947265625000e+01
5.150534820556640625e+01
4.493986892700195312e+01
7.643534851074218750e+01
4.240125274658203125e+01
3.718483352661132812e+01
4.510070419311523438e+01
4.536140823364257812e+01
3.000000000000000000e+01
5.254302215576171875e+01
4.143900299072265625e+01
4.934843826293945312e+01
3.851032257080078125e+01
5.197947692871093750e+01
6.433022308349609375e+01
4.923538970947265625e+01
5.240251541137695312e+01
4.106648635864257812e+01
4.107392883300781250e+01
5.264768981933593750e+01
6.188433074951171875e+01
3.540821075439453125e+01
3.889646911621093750e+01
5.662155151367187500e+01
5.529446411132812500e+01
4.580734634399414062e+01
6.021792984008789062e+01
3.732110214233398438e+01
6.061279678344726562e+01
3.668795013427734375e+01
1.037296295166015625e+02
8.350737762451171875e+01
4.585163116455078125e+01
6.478242492675781250e+01
3.000000000000000000e+01
6.453979492187500000e+01
3.881962585449218750e+01
3.407417297363281250e+01
8.333657836914062500e+01
4.122547912597656250e+01
4.457398986816406250e+01
5.589624023437500000e+01
9.615399169921875000e+01
4.587084579467773438e+01
3.653511810302734375e+01
3.000000000000000000e+01
4.955865859985351562e+01
3.900116348266601562e+01
3.738792800903320312e+01
5.115663146972656250e+01
8.257897186279296875e+01
4.958943939208984375e+01
4.776536560058593750e+01
3.870833587646484375e+01
4.978558349609375000e+01
3.877020645141601562e+01
3.789388656616210938e+01
5.482413101196289062e+01
1.043293457031250000e+02
5.796247863769531250e+01
7.637883758544921875e+01
6.271197509765625000e+01
7.759378051757812500e+01
5.962301254272460938e+01
3.000000000000000000e+01
3.896790695190429688e+01
5.169625854492187500e+01
3.961922836303710938e+01
3.723973083496093750e+01
3.263206863403320312e+01
3.698126983642578125e+01
4.198871231079101562e+01
3.499489974975585938e+01
3.699858474731445312e+01
4.536770629882812500e+01
6.448680877685546875e+01
5.030881118774414062e+01
3.136371421813964844e+01
4.668847656250000000e+01
3.213097381591796875e+01
3.000000000000000000e+01
5.047815704345703125e+01
7.551003265380859375e+01
5.270281982421875000e+01
5.127674102783203125e+01
3.000000000000000000e+01
7.201856231689453125e+01
5.383409881591796875e+01
3.000000000000000000e+01
9.404869842529296875e+01
3.652355957031250000e+01
9.723168945312500000e+01
3.797980499267578125e+01
7.129135131835937500e+01
6.368319320678710938e+01
4.482083511352539062e+01
3.000000000000000000e+01
3.845660018920898438e+01
5.190423202514648438e+01
3.946569824218750000e+01
4.703652572631835938e+01
4.200360107421875000e+01
4.444289779663085938e+01
4.452362823486328125e+01
7.384343719482421875e+01
6.777996063232421875e+01
7.352574157714843750e+01
3.629497909545898438e+01
3.488951110839843750e+01
6.158457565307617188e+01
4.198871231079101562e+01
5.925901794433593750e+01
5.545873260498046875e+01
6.622244262695312500e+01
4.242285919189453125e+01
4.772570037841796875e+01
3.741289520263671875e+01
4.033338165283203125e+01
3.000000000000000000e+01
7.779945373535156250e+01
4.221250915527343750e+01
3.805522537231445312e+01
3.000000000000000000e+01
4.279368591308593750e+01
4.809264373779296875e+01
3.000000000000000000e+01
4.549539947509765625e+01
3.856115341186523438e+01
3.118654441833496094e+01
4.980249023437500000e+01
7.778726196289062500e+01
3.000000000000000000e+01
5.914150238037109375e+01
5.101928710937500000e+01
4.094844818115234375e+01
4.098637390136718750e+01
4.816868591308593750e+01
3.744965362548828125e+01
3.869093704223632812e+01
3.969961547851562500e+01
5.015158081054687500e+01
3.000000000000000000e+01
3.794026184082031250e+01
4.324558258056640625e+01
3.789918518066406250e+01
3.248962020874023438e+01
3.000000000000000000e+01
3.546291732788085938e+01
5.349013519287109375e+01
4.692455673217773438e+01
9.615399169921875000e+01
4.275080871582031250e+01
3.350731658935546875e+01
3.349032592773437500e+01
8.671697998046875000e+01
3.000000000000000000e+01
4.427740859985351562e+01
7.779945373535156250e+01
4.576352310180664062e+01
4.359871673583984375e+01
4.182326126098632812e+01
5.020225524902343750e+01
9.829853820800781250e+01
8.712925720214843750e+01
6.155359268188476562e+01
7.303733825683593750e+01
3.000000000000000000e+01
3.595378112792968750e+01
5.823197555541992188e+01
3.687807083129882812e+01
5.327774047851562500e+01
5.423460769653320312e+01
3.689888000488281250e+01
3.258267211914062500e+01
6.886492919921875000e+01
3.842862701416015625e+01
5.346315383911132812e+01
4.988180541992187500e+01
4.883178329467773438e+01
3.343414306640625000e+01
3.558158111572265625e+01
4.950269699096679688e+01
3.865061569213867188e+01
3.899123382568359375e+01
6.958218383789062500e+01
4.257369995117187500e+01
4.502510452270507812e+01
6.983382415771484375e+01
4.968545913696289062e+01
3.465072250366210938e+01
3.533974838256835938e+01
4.631233596801757812e+01
4.113658905029296875e+01
3.875775909423828125e+01
3.278711700439453125e+01
4.173410034179687500e+01
7.223498535156250000e+01
5.847952651977539062e+01
5.373310089111328125e+01
3.242987442016601562e+01
4.710565948486328125e+01
4.134922790527343750e+01
3.228659439086914062e+01
6.002856445312500000e+01
3.975412368774414062e+01
3.987468338012695312e+01
3.000000000000000000e+01
4.262968826293945312e+01
3.247398376464843750e+01
4.221212005615234375e+01
5.679824066162109375e+01
4.435121536254882812e+01
4.969607543945312500e+01
5.343247604370117188e+01
4.536766815185546875e+01
4.346276855468750000e+01
5.137991714477539062e+01
3.000000000000000000e+01
7.208570861816406250e+01
4.458097839355468750e+01
4.036050415039062500e+01
4.225084686279296875e+01
8.068184661865234375e+01
4.182550048828125000e+01
3.846019363403320312e+01
3.000000000000000000e+01
3.005468750000000000e+01
4.697813415527343750e+01
4.685623931884765625e+01
4.170974731445312500e+01
3.616988754272460938e+01
3.000000000000000000e+01
3.197004127502441406e+01
3.471321868896484375e+01
4.662876892089843750e+01
4.175573730468750000e+01
6.363109588623046875e+01
4.109625244140625000e+01
6.597219085693359375e+01
4.365817260742187500e+01
4.332002258300781250e+01
5.532829284667968750e+01
3.654940032958984375e+01
5.362435913085937500e+01
3.070377922058105469e+01
3.966353607177734375e+01
4.196045303344726562e+01
4.895011138916015625e+01
3.354556274414062500e+01
3.910869216918945312e+01
3.000000000000000000e+01
3.566744613647460938e+01
3.937071609497070312e+01
4.098068618774414062e+01
