5.662446212768554688e+01
6.305213928222656250e+01
3.886175155639648438e+01
3.813197708129882812e+01
7.333621215820312500e+01
6.352080535888671875e+01
3.255847549438476562e+01
6.775520324707031250e+01
6.189748382568359375e+01
1.224802398681640625e+02
5.014319610595703125e+01
1.178457031250000000e+02
4.589170074462890625e+01
4.635161972045898438e+01
4.889768981933593750e+01
5.264628601074218750e+01
7.001035308837890625e+01
4.173834991455078125e+01
3.915905761718750000e+01
1.406898345947265625e+02
3.996765518188476562e+01
8.699153900146484375e+01
3.023987579345703125e+01
4.226032257080078125e+01
3.256107330322265625e+01
6.868051147460937500e+01
3.000000000000000000e+01
5.332736206054687500e+01
1.912050018310546875e+02
5.910228729248046875e+01
6.123875045776367188e+01
4.813418579101562500e+01
4.805711746215820312e+01
1.039976425170898438e+02
4.885459899902343750e+01
6.774870300292968750e+01
6.854566192626953125e+01
5.524050140380859375e+01
4.615150833129882812e+01
3.855851745605468750e+01
4.621355819702148438e+01
3.484883117675781250e+01
5.021430206298828125e+01
4.198113632202148438e+01
3.000000000000000000e+01
4.030972671508789062e+01
3.796458816528320312e+01
6.598399353027343750e+01
1.123965454101562500e+02
7.074938201904296875e+01
4.531435394287109375e+01
4.047554397583007812e+01
7.753146362304687500e+01
4.808792877197265625e+01
1.030954895019531250e+02
4.213000488281250000e+01
6.625753021240234375e+01
4.703178024291992188e+01
7.617306518554687500e+01
6.753462219238281250e+01
6.158390426635742188e+01
8.845058441162109375e+01
4.128531265258789062e+01
9.813412475585937500e+01
9.903335571289062500e+01
5.689061737060546875e+01
4.853086471557617188e+01
3.000000000000000000e+01
4.884593200683593750e+01
4.799407196044921875e+01
6.390998840332031250e+01
3.660226058959960938e+01
9.395860290527343750e+01
3.111763572692871094e+01
6.157221221923828125e+01
3.985843658447265625e+01
4.554096984863281250e+01
4.002021789550781250e+01
4.362053298950195312e+01
6.578778076171875000e+01
3.710848617553710938e+01
7.001035308837890625e+01
5.373022460937500000e+01
1.213704986572265625e+02
1.135930633544921875e+02
3.076802444458007812e+01
3.884872055053710938e+01
4.966433715820312500e+01
4.589170074462890625e+01
6.033153533935546875e+01
4.289282989501953125e+01
5.119226455688476562e+01
6.490066528320312500e+01
5.162635040283203125e+01
1.003562011718750000e+02
9.534604644775390625e+01
6.626507568359375000e+01
3.774793243408203125e+01
7.018632507324218750e+01
4.079083251953125000e+01
9.816497039794921875e+01
6.099667358398437500e+01
1.601203613281250000e+02
3.172537612915039062e+01
4.667018127441406250e+01
8.427833557128906250e+01
3.075664901733398438e+01
5.391454696655273438e+01
5.469504165649414062e+01
3.000000000000000000e+01
3.897481155395507812e+01
3.000000000000000000e+01
7.120201873779296875e+01
1.345163574218750000e+02
4.154839324951171875e+01
4.332718658447265625e+01
9.676215362548828125e+01
5.031958007812500000e+01
8.644676208496093750e+01
4.817586898803710938e+01
4.836840820312500000e+01
6.396722412109375000e+01
4.002992630004882812e+01
3.785357666015625000e+01
4.248005676269531250e+01
5.457261657714843750e+01
6.147467041015625000e+01
5.467668151855468750e+01
4.120007705688476562e+01
5.584885787963867188e+01
4.155848312377929688e+01
1.078179321289062500e+02
5.663399887084960938e+01
3.000000000000000000e+01
5.668085861206054688e+01
4.177395629882812500e+01
1.188127746582031250e+02
4.389944458007812500e+01
4.646310424804687500e+01
7.771849060058593750e+01
4.576285171508789062e+01
9.267640686035156250e+01
6.509809112548828125e+01
6.266482925415039062e+01
6.796745300292968750e+01
4.800353240966796875e+01
8.455149078369140625e+01
9.019201660156250000e+01
5.555791091918945312e+01
1.152847900390625000e+02
5.091058731079101562e+01
7.616989135742187500e+01
6.021646881103515625e+01
7.817476654052734375e+01
3.935046768188476562e+01
1.204854049682617188e+02
3.677711868286132812e+01
1.418041229248046875e+02
4.187911987304687500e+01
5.749275970458984375e+01
3.534420394897460938e+01
6.032384490966796875e+01
4.288975906372070312e+01
3.412245178222656250e+01
7.484797668457031250e+01
4.053094482421875000e+01
6.436653137207031250e+01
5.210013961791992188e+01
3.158248901367187500e+01
1.212608947753906250e+02
3.616034698486328125e+01
5.054641723632812500e+01
3.637525939941406250e+01
3.000000000000000000e+01
5.926807403564453125e+01
5.834116363525390625e+01
4.025693893432617188e+01
4.963265609741210938e+01
6.370362854003906250e+01
5.308560943603515625e+01
7.534205627441406250e+01
5.980046844482421875e+01
6.490348815917968750e+01
6.184696960449218750e+01
4.078109741210937500e+01
3.000000000000000000e+01
4.323210144042968750e+01
6.153021240234375000e+01
5.093054962158203125e+01
4.435164260864257812e+01
4.562386322021484375e+01
5.785288238525390625e+01
5.413727188110351562e+01
4.200910186767578125e+01
4.588534927368164062e+01
3.665615081787109375e+01
4.161750411987304688e+01
8.815272521972656250e+01
1.574939880371093750e+02
5.044595336914062500e+01
6.040411376953125000e+01
1.213560791015625000e+02
7.153097534179687500e+01
4.230675125122070312e+01
5.885404968261718750e+01
3.712296295166015625e+01
5.665792846679687500e+01
4.537298965454101562e+01
1.173143157958984375e+02
3.934048461914062500e+01
4.983999633789062500e+01
9.910466003417968750e+01
4.268232727050781250e+01
4.499026107788085938e+01
3.686641311645507812e+01
5.030905151367187500e+01
3.650154876708984375e+01
5.818222045898437500e+01
4.374531173706054688e+01
4.074042510986328125e+01
3.319123840332031250e+01
5.927958297729492188e+01
9.214039611816406250e+01
3.856410980224609375e+01
4.361098098754882812e+01
4.022848510742187500e+01
5.907215499877929688e+01
1.110486679077148438e+02
6.108282852172851562e+01
1.342840881347656250e+02
3.825053024291992188e+01
5.308445739746093750e+01
6.722348022460937500e+01
4.839332199096679688e+01
3.552423095703125000e+01
6.848854064941406250e+01
4.606040954589843750e+01
4.903805541992187500e+01
6.916265869140625000e+01
5.377633285522460938e+01
4.456578445434570312e+01
1.191842651367187500e+02
1.057692337036132812e+02
6.772373962402343750e+01
9.409976196289062500e+01
3.323437500000000000e+01
4.955563354492187500e+01
1.398585815429687500e+02
1.770481262207031250e+02
5.513730621337890625e+01
6.420301818847656250e+01
4.202081298828125000e+01
4.709185028076171875e+01
1.015808868408203125e+02
4.464659118652343750e+01
5.787764739990234375e+01
4.496097564697265625e+01
4.161992645263671875e+01
3.495815277099609375e+01
1.388430175781250000e+02
7.885581970214843750e+01
5.442582702636718750e+01
5.502799224853515625e+01
4.293643188476562500e+01
1.127613830566406250e+02
4.977829360961914062e+01
1.625084533691406250e+02
6.010852050781250000e+01
7.220614624023437500e+01
5.505071258544921875e+01
5.603910064697265625e+01
5.179443359375000000e+01
6.772373962402343750e+01
6.918756103515625000e+01
1.903719177246093750e+02
3.855693054199218750e+01
7.468717956542968750e+01
8.536960601806640625e+01
8.850096893310546875e+01
1.027478790283203125e+02
7.899520874023437500e+01
7.048281860351562500e+01
6.428393554687500000e+01
4.698013305664062500e+01
7.928138732910156250e+01
3.819060516357421875e+01
3.058389091491699219e+01
6.653827667236328125e+01
3.970719528198242188e+01
4.228591918945312500e+01
3.750183868408203125e+01
3.000000000000000000e+01
3.000000000000000000e+01
9.626948547363281250e+01
3.520713043212890625e+01
3.189710617065429688e+01
5.027975463867187500e+01
5.570646667480468750e+01
5.502835845947265625e+01
5.865760421752929688e+01
4.238954162597656250e+01
3.000000000000000000e+01
3.832081222534179688e+01
6.731041717529296875e+01
6.682492065429687500e+01
4.191513824462890625e+01
7.821843719482421875e+01
7.627911376953125000e+01
6.629853820800781250e+01
1.450112915039062500e+02
1.545995178222656250e+02
3.000000000000000000e+01
1.043732147216796875e+02
1.096754684448242188e+02
8.995045471191406250e+01
4.186154937744140625e+01
3.672637557983398438e+01
1.344502563476562500e+02
5.835445785522460938e+01
7.018632507324218750e+01
4.308620834350585938e+01
5.526377105712890625e+01
5.094775390625000000e+01
4.769614410400390625e+01
3.661567306518554688e+01
4.128305816650390625e+01
4.083893585205078125e+01
3.450711059570312500e+01
9.395860290527343750e+01
3.000000000000000000e+01
6.781850433349609375e+01
4.739863204956054688e+01
4.881354522705078125e+01
4.763675308227539062e+01
4.165245819091796875e+01
4.704435348510742188e+01
7.263712310791015625e+01
5.611080932617187500e+01
3.043814468383789062e+01
3.541963195800781250e+01
5.540856170654296875e+01
7.644670104980468750e+01
4.330529022216796875e+01
6.629853820800781250e+01
4.812995910644531250e+01
4.450919342041015625e+01
1.681811828613281250e+02
4.129875946044921875e+01
4.396317291259765625e+01
1.191923217773437500e+02
1.608709259033203125e+02
1.963119812011718750e+02
4.999356079101562500e+01
8.845058441162109375e+01
3.066863441467285156e+01
9.820669555664062500e+01
6.505189514160156250e+01
3.706160354614257812e+01
1.504111785888671875e+02
6.131683349609375000e+01
5.882134246826171875e+01
1.304857330322265625e+02
5.584387969970703125e+01
6.506407165527343750e+01
9.980203247070312500e+01
3.350523376464843750e+01
7.572620391845703125e+01
1.057059936523437500e+02
3.000000000000000000e+01
5.880799484252929688e+01
5.666660690307617188e+01
5.082857894897460938e+01
1.058187103271484375e+02
1.459230194091796875e+02
4.688034057617187500e+01
1.388619689941406250e+02
8.625399780273437500e+01
5.910228729248046875e+01
7.319551086425781250e+01
8.072557067871093750e+01
3.000000000000000000e+01
3.800535202026367188e+01
3.000000000000000000e+01
4.330406951904296875e+01
6.615535736083984375e+01
1.057692337036132812e+02
4.599565505981445312e+01
4.826527404785156250e+01
4.830635833740234375e+01
2.856453857421875000e+02
3.675512695312500000e+01
4.141500854492187500e+01
3.181209564208984375e+01
3.000000000000000000e+01
3.954734802246093750e+01
6.620304870605468750e+01
7.248104858398437500e+01
1.011041870117187500e+02
4.717333602905273438e+01
4.330281448364257812e+01
5.266804885864257812e+01
4.238868713378906250e+01
1.542163238525390625e+02
4.492940139770507812e+01
4.518130874633789062e+01
6.449775695800781250e+01
4.904083251953125000e+01
5.992043685913085938e+01
7.536337280273437500e+01
1.457140045166015625e+02
7.769004821777343750e+01
8.518021392822265625e+01
5.304134750366210938e+01
3.920418548583984375e+01
6.713655853271484375e+01
3.000000000000000000e+01
6.813845062255859375e+01
6.986395263671875000e+01
3.000000000000000000e+01
3.550271224975585938e+01
9.150887298583984375e+01
3.000000000000000000e+01
4.415647125244140625e+01
1.437304077148437500e+02
5.634813308715820312e+01
4.147451019287109375e+01
7.268751525878906250e+01
4.287190628051757812e+01
5.042633819580078125e+01
9.143128967285156250e+01
5.789466857910156250e+01
6.781850433349609375e+01
2.059662170410156250e+02
4.769614410400390625e+01
1.257405853271484375e+02
4.238709640502929688e+01
4.927702331542968750e+01
8.076293945312500000e+01
5.332736206054687500e+01
6.021800613403320312e+01
6.792657470703125000e+01
3.000000000000000000e+01
7.143977355957031250e+01
5.950724411010742188e+01
7.217832946777343750e+01
4.091650009155273438e+01
5.270990753173828125e+01
6.884239196777343750e+01
8.579969024658203125e+01
8.928851318359375000e+01
6.408029174804687500e+01
6.021646881103515625e+01
5.235337448120117188e+01
5.172512817382812500e+01
7.589476013183593750e+01
3.000000000000000000e+01
1.070693893432617188e+02
1.011411209106445312e+02
3.004728317260742188e+01
1.080478744506835938e+02
7.923488616943359375e+01
4.639013671875000000e+01
4.641434860229492188e+01
4.874322509765625000e+01
4.786393737792968750e+01
1.970603942871093750e+02
3.000000000000000000e+01
5.146932983398437500e+01
5.490558242797851562e+01
3.960835266113281250e+01
9.973315429687500000e+01
4.032563781738281250e+01
4.163552093505859375e+01
1.407796478271484375e+02
6.682492065429687500e+01
9.069488525390625000e+01
4.573447418212890625e+01
5.409602355957031250e+01
7.306793212890625000e+01
8.867464447021484375e+01
9.111444091796875000e+01
9.296823120117187500e+01
6.972722625732421875e+01
3.868991851806640625e+01
7.301689910888671875e+01
9.181509399414062500e+01
4.362541961669921875e+01
4.499025726318359375e+01
7.975827026367187500e+01
8.393859863281250000e+01
6.053673553466796875e+01
5.639152526855468750e+01
5.081739044189453125e+01
3.099729156494140625e+01
3.761853027343750000e+01
3.231420135498046875e+01
3.000000000000000000e+01
3.000000000000000000e+01
3.000000000000000000e+01
4.349420166015625000e+01
5.063214874267578125e+01
4.484481811523437500e+01
7.605628967285156250e+01
5.872997283935546875e+01
4.299136352539062500e+01
3.971033477783203125e+01
4.863520812988281250e+01
6.129414367675781250e+01
3.000000000000000000e+01
3.271677780151367188e+01
6.947992706298828125e+01
4.068693542480468750e+01
5.849645996093750000e+01
3.807957458496093750e+01
5.369165802001953125e+01
3.000000000000000000e+01
4.889768981933593750e+01
1.238454589843750000e+02
5.055887603759765625e+01
3.691394805908203125e+01
6.312143707275390625e+01
4.518130874633789062e+01
7.319054412841796875e+01
3.591298294067382812e+01
5.398805999755859375e+01
1.268617248535156250e+02
4.800135421752929688e+01
1.193494796752929688e+02
1.219509887695312500e+02
3.726357269287109375e+01
3.080643272399902344e+01
8.361228179931640625e+01
3.578549575805664062e+01
6.152434539794921875e+01
5.502799224853515625e+01
1.209934082031250000e+02
4.495429611206054688e+01
6.822046661376953125e+01
5.128348159790039062e+01
3.000000000000000000e+01
5.597639465332031250e+01
1.129751586914062500e+02
5.657038116455078125e+01
5.861916351318359375e+01
7.049166107177734375e+01
3.618708038330078125e+01
3.195387840270996094e+01
5.403733825683593750e+01
4.655282592773437500e+01
4.207023239135742188e+01
4.305165100097656250e+01
3.877622985839843750e+01
3.998158264160156250e+01
5.101116561889648438e+01
4.938732147216796875e+01
4.181621932983398438e+01
5.792351531982421875e+01
5.391454696655273438e+01
7.072869110107421875e+01
1.173143234252929688e+02
6.177876281738281250e+01
1.125747222900390625e+02
8.687882995605468750e+01
1.304733428955078125e+02
4.002205657958984375e+01
6.360545349121093750e+01
4.023766708374023438e+01
3.000000000000000000e+01
7.493692779541015625e+01
7.431438446044921875e+01
8.365850067138671875e+01
8.443301391601562500e+01
4.154839324951171875e+01
4.709442901611328125e+01
6.014244079589843750e+01
8.553595733642578125e+01
4.695480728149414062e+01
5.224857330322265625e+01
4.881729125976562500e+01
3.958470916748046875e+01
1.052814331054687500e+02
4.289282989501953125e+01
5.370286560058593750e+01
4.117506408691406250e+01
4.601511383056640625e+01
5.065242767333984375e+01
9.123676300048828125e+01
3.875334167480468750e+01
3.326886367797851562e+01
3.703437805175781250e+01
1.011041870117187500e+02
5.325864410400390625e+01
4.821209716796875000e+01
5.673105621337890625e+01
5.726718902587890625e+01
4.679632568359375000e+01
6.029319763183593750e+01
5.151916122436523438e+01
6.622947692871093750e+01
3.659712982177734375e+01
5.596666336059570312e+01
6.920798492431640625e+01
8.126607513427734375e+01
8.198242950439453125e+01
5.088271331787109375e+01
3.521019744873046875e+01
7.076887512207031250e+01
7.063800048828125000e+01
5.238538742065429688e+01
5.295374679565429688e+01
6.090727996826171875e+01
4.257379150390625000e+01
5.617729187011718750e+01
4.184773254394531250e+01
3.000000000000000000e+01
5.182907104492187500e+01
7.445597839355468750e+01
6.884239196777343750e+01
5.527592468261718750e+01
5.213765335083007812e+01
3.637744903564453125e+01
8.310140991210937500e+01
1.063496856689453125e+02
7.333248901367187500e+01
4.412113189697265625e+01
1.304733581542968750e+02
4.999356079101562500e+01
6.358727645874023438e+01
8.393859863281250000e+01
3.849337005615234375e+01
4.209083557128906250e+01
6.920985412597656250e+01
3.302278900146484375e+01
4.110183715820312500e+01
2.338221130371093750e+02
4.320387268066406250e+01
4.421362686157226562e+01
4.295661544799804688e+01
1.274916687011718750e+02
5.747652053833007812e+01
5.494087219238281250e+01
1.073331604003906250e+02
4.926245117187500000e+01
1.375034027099609375e+02
7.451719665527343750e+01
9.136054992675781250e+01
3.485825729370117188e+01
3.903524398803710938e+01
6.407830810546875000e+01
6.958674621582031250e+01
6.684860229492187500e+01
5.611080932617187500e+01
5.069240188598632812e+01
3.000000000000000000e+01
4.867700576782226562e+01
6.297580718994140625e+01
4.902178192138671875e+01
4.011436462402343750e+01
7.240798187255859375e+01
7.750643920898437500e+01
3.916740417480468750e+01
3.432769775390625000e+01
5.404390716552734375e+01
3.000000000000000000e+01
4.673859405517578125e+01
1.116381378173828125e+02
5.016278839111328125e+01
6.833557128906250000e+01
5.383865356445312500e+01
3.885883712768554688e+01
3.416013717651367188e+01
9.267640686035156250e+01
6.593962097167968750e+01
7.796712493896484375e+01
1.109224777221679688e+02
5.841955184936523438e+01
4.966718292236328125e+01
3.684423446655273438e+01
5.797741699218750000e+01
4.994763946533203125e+01
6.670151519775390625e+01
1.970603942871093750e+02
5.183972930908203125e+01
6.056466293334960938e+01
5.943280029296875000e+01
5.294993972778320312e+01
4.780581665039062500e+01
5.530545043945312500e+01
5.200846862792968750e+01
6.128616333007812500e+01
1.006230621337890625e+02
3.034824752807617188e+01
3.000000000000000000e+01
5.459299087524414062e+01
1.149743423461914062e+02
7.324807739257812500e+01
1.193494796752929688e+02
3.076348876953125000e+01
5.696253585815429688e+01
5.317509841918945312e+01
7.359812927246093750e+01
1.589631042480468750e+02
5.777281951904296875e+01
5.268916702270507812e+01
5.329840850830078125e+01
3.182244873046875000e+01
4.485161209106445312e+01
8.349857330322265625e+01
3.577858734130859375e+01
3.702528381347656250e+01
5.795051574707031250e+01
7.604339599609375000e+01
5.241281509399414062e+01
9.746887969970703125e+01
3.702122497558593750e+01
4.497565078735351562e+01
5.835445785522460938e+01
7.808267211914062500e+01
5.035431671142578125e+01
4.759391021728515625e+01
4.291421890258789062e+01
4.131282424926757812e+01
3.833721923828125000e+01
4.492940139770507812e+01
4.275920104980468750e+01
7.177960968017578125e+01
5.634812927246093750e+01
3.723065567016601562e+01
3.000000000000000000e+01
4.304041671752929688e+01
4.141500854492187500e+01
3.526551437377929688e+01
1.333832244873046875e+02
3.000000000000000000e+01
5.743786621093750000e+01
9.988354492187500000e+01
3.911685180664062500e+01
3.000000000000000000e+01
3.000000000000000000e+01
5.749275970458984375e+01
6.390554046630859375e+01
5.652920150756835938e+01
5.787969207763671875e+01
5.812006378173828125e+01
7.101175689697265625e+01
6.122276306152343750e+01
3.900949859619140625e+01
7.570635986328125000e+01
5.071108245849609375e+01
7.306793212890625000e+01
4.871383666992187500e+01
3.461571121215820312e+01
3.898605346679687500e+01
5.493954086303710938e+01
5.423916625976562500e+01
4.476036071777343750e+01
5.502835845947265625e+01
5.350149536132812500e+01
5.342412948608398438e+01
6.346435928344726562e+01
8.729812622070312500e+01
5.521110534667968750e+01
7.719244384765625000e+01
4.455287170410156250e+01
5.377633666992187500e+01
4.263860702514648438e+01
6.790576171875000000e+01
8.055091857910156250e+01
5.783376693725585938e+01
8.661824798583984375e+01
4.082946014404296875e+01
8.779943847656250000e+01
5.095280456542968750e+01
6.216516876220703125e+01
1.045160675048828125e+02
1.406898498535156250e+02
1.236571655273437500e+02
3.326110839843750000e+01
3.596054077148437500e+01
5.210630035400390625e+01
6.578374481201171875e+01
8.928851318359375000e+01
8.935005187988281250e+01
5.256224060058593750e+01
9.677140808105468750e+01
5.404390716552734375e+01
5.014710235595703125e+01
3.079302024841308594e+01
5.972357177734375000e+01
6.294454956054687500e+01
3.686658859252929688e+01
4.060337066650390625e+01
8.154245758056640625e+01
6.712375640869140625e+01
4.488174819946289062e+01
7.676914215087890625e+01
3.140155029296875000e+01
4.319523239135742188e+01
4.799407196044921875e+01
4.634136962890625000e+01
5.735775375366210938e+01
4.759391021728515625e+01
2.013168029785156250e+02
5.541327667236328125e+01
4.991088485717773438e+01
3.924687957763671875e+01
5.670368576049804688e+01
1.312231903076171875e+02
3.739280700683593750e+01
4.342189788818359375e+01
5.806044387817382812e+01
4.011436462402343750e+01
8.398054504394531250e+01
4.017049407958984375e+01
6.370933151245117188e+01
5.432299804687500000e+01
4.671987533569335938e+01
4.111007690429687500e+01
4.770360565185546875e+01
5.660968017578125000e+01
5.593901443481445312e+01
2.219014587402343750e+02
3.791146850585937500e+01
4.825179290771484375e+01
6.709858703613281250e+01
5.075522994995117188e+01
4.796611785888671875e+01
3.801745223999023438e+01
3.187293815612792969e+01
5.179747772216796875e+01
3.000000000000000000e+01
5.247982788085937500e+01
6.037395477294921875e+01
3.920614624023437500e+01
4.420158767700195312e+01
3.912580108642578125e+01
3.726357269287109375e+01
4.359892272949218750e+01
3.266432189941406250e+01
5.950123977661132812e+01
7.831773376464843750e+01
3.287942886352539062e+01
4.394472503662109375e+01
5.027975463867187500e+01
8.550285339355468750e+01
4.040389251708984375e+01
9.723487854003906250e+01
3.422364807128906250e+01
9.296823120117187500e+01
8.164030456542968750e+01
4.397512817382812500e+01
1.045160675048828125e+02
3.557066726684570312e+01
4.810695648193359375e+01
4.069997787475585938e+01
4.337249755859375000e+01
1.141166610717773438e+02
4.916408920288085938e+01
4.713263702392578125e+01
7.827686309814453125e+01
4.296023559570312500e+01
1.009773559570312500e+02
7.184984588623046875e+01
4.516269683837890625e+01
5.340399932861328125e+01
7.372370910644531250e+01
8.476354980468750000e+01
6.967455291748046875e+01
7.089862823486328125e+01
3.489143753051757812e+01
3.402247619628906250e+01
5.456001663208007812e+01
8.203313446044921875e+01
1.217953491210937500e+02
7.339806365966796875e+01
1.313202056884765625e+02
4.467039108276367188e+01
4.154611587524414062e+01
5.583508300781250000e+01
3.000000000000000000e+01
5.585305023193359375e+01
3.000000000000000000e+01
3.000000000000000000e+01
7.545983123779296875e+01
1.085051116943359375e+02
6.147345352172851562e+01
3.000000000000000000e+01
5.188638305664062500e+01
6.412094879150390625e+01
3.945188140869140625e+01
5.140813446044921875e+01
6.670151519775390625e+01
4.277345275878906250e+01
7.655183410644531250e+01
4.485161590576171875e+01
5.800762557983398438e+01
6.220670318603515625e+01
3.851558303833007812e+01
3.000000000000000000e+01
5.562499618530273438e+01
3.910192108154296875e+01
6.347632598876953125e+01
7.900328826904296875e+01
4.986858367919921875e+01
9.409976959228515625e+01
6.802031707763671875e+01
3.641940307617187500e+01
3.478579330444335938e+01
3.812503814697265625e+01
3.000000000000000000e+01
3.944567108154296875e+01
3.031913185119628906e+01
3.884245681762695312e+01
8.972588348388671875e+01
4.330281448364257812e+01
3.384089279174804688e+01
8.579969024658203125e+01
7.372068786621093750e+01
4.341781234741210938e+01
6.204882812500000000e+01
8.447335815429687500e+01
4.484481811523437500e+01
4.455633926391601562e+01
1.097541198730468750e+02
5.109854507446289062e+01
6.701449584960937500e+01
4.362052917480468750e+01
3.008208465576171875e+01
6.033153152465820312e+01
3.948295974731445312e+01
4.077270507812500000e+01
4.920719909667968750e+01
3.765970993041992188e+01
4.892275619506835938e+01
4.067810821533203125e+01
6.131683349609375000e+01
3.000000000000000000e+01
3.432084655761718750e+01
7.988330078125000000e+01
7.861337280273437500e+01
4.025240707397460938e+01
9.746420288085937500e+01
5.083315277099609375e+01
3.140537834167480469e+01
9.802603912353515625e+01
9.828503417968750000e+01
4.158748245239257812e+01
6.361047744750976562e+01
3.517300796508789062e+01
3.908816146850585938e+01
4.671686553955078125e+01
8.320850372314453125e+01
5.372240066528320312e+01
4.124382019042968750e+01
4.573447799682617188e+01
5.352848815917968750e+01
6.159832000732421875e+01
3.409907531738281250e+01
5.948063659667968750e+01
5.328689956665039062e+01
4.817587280273437500e+01
7.337533569335937500e+01
8.067492675781250000e+01
3.440793609619140625e+01
5.188966751098632812e+01
3.491795349121093750e+01
5.795055770874023438e+01
6.147467041015625000e+01
9.620397949218750000e+01
6.370933151245117188e+01
5.366571426391601562e+01
6.563092041015625000e+01
5.948064041137695312e+01
3.635789489746093750e+01
4.841849899291992188e+01
4.682302856445312500e+01
4.867574691772460938e+01
6.720110321044921875e+01
5.356459045410156250e+01
3.100058174133300781e+01
7.885581970214843750e+01
4.864552307128906250e+01
7.452963256835937500e+01
3.000000000000000000e+01
5.992692565917968750e+01
3.934041595458984375e+01
5.040966033935546875e+01
7.208580017089843750e+01
3.680111312866210938e+01
5.360296630859375000e+01
3.547877120971679688e+01
7.723867797851562500e+01
6.410072326660156250e+01
3.128093528747558594e+01
4.681914520263671875e+01
4.091704559326171875e+01
8.458061218261718750e+01
7.800952148437500000e+01
3.100282859802246094e+01
4.609437561035156250e+01
6.544314575195312500e+01
5.129007720947265625e+01
6.040411376953125000e+01
3.232778167724609375e+01
6.863452148437500000e+01
4.036206817626953125e+01
3.924843215942382812e+01
4.745632171630859375e+01
4.477867126464843750e+01
6.795518493652343750e+01
3.000000000000000000e+01
8.076293945312500000e+01
5.562454986572265625e+01
4.983999633789062500e+01
4.129206848144531250e+01
4.888048171997070312e+01
5.016489410400390625e+01
4.919850158691406250e+01
3.596054077148437500e+01
4.110364532470703125e+01
3.721721649169921875e+01
5.502471160888671875e+01
5.342613220214843750e+01
5.524050140380859375e+01
7.205228424072265625e+01
5.030477142333984375e+01
5.307793426513671875e+01
4.818026733398437500e+01
3.000000000000000000e+01
3.531666946411132812e+01
4.888047790527343750e+01
8.661824798583984375e+01
5.085334777832031250e+01
4.847027587890625000e+01
3.000000000000000000e+01
6.721849822998046875e+01
5.789122772216796875e+01
8.156495666503906250e+01
3.696446228027343750e+01
3.344296264648437500e+01
5.320406341552734375e+01
3.340513610839843750e+01
4.475542831420898438e+01
3.426184844970703125e+01
5.149779891967773438e+01
3.000000000000000000e+01
3.000000000000000000e+01
3.774322509765625000e+01
4.133290100097656250e+01
7.418942260742187500e+01
4.306432723999023438e+01
9.620397949218750000e+01
5.613139724731445312e+01
4.222986221313476562e+01
4.019257736206054688e+01
4.278173828125000000e+01
3.330535888671875000e+01
4.431229019165039062e+01
5.828701019287109375e+01
7.248104858398437500e+01
5.398805999755859375e+01
4.798370361328125000e+01
4.385877227783203125e+01
8.378406524658203125e+01
5.241247558593750000e+01
4.437721633911132812e+01
3.333582687377929688e+01
3.000000000000000000e+01
3.444478988647460938e+01
3.461571121215820312e+01
6.483425903320312500e+01
3.000000000000000000e+01
4.427484130859375000e+01
4.191661071777343750e+01
3.000000000000000000e+01
3.874200057983398438e+01
5.057396697998046875e+01
4.213120269775390625e+01
7.369192504882812500e+01
3.000000000000000000e+01
7.771848297119140625e+01
5.613139724731445312e+01
6.228437042236328125e+01
3.000000000000000000e+01
3.260958862304687500e+01
5.812785339355468750e+01
3.000000000000000000e+01
4.619511795043945312e+01
7.297232818603515625e+01
3.314428329467773438e+01
5.257254028320312500e+01
5.229666137695312500e+01
3.080643272399902344e+01
5.620017242431640625e+01
4.717333602905273438e+01
3.336878585815429688e+01
4.058066940307617188e+01
7.651374816894531250e+01
5.242349243164062500e+01
7.372370910644531250e+01
8.277549743652343750e+01
3.000000000000000000e+01
5.891279220581054688e+01
3.000000000000000000e+01
6.021800994873046875e+01
4.829962539672851562e+01
4.728150558471679688e+01
6.848854064941406250e+01
7.536337280273437500e+01
3.877566528320312500e+01
5.980720901489257812e+01
6.406169128417968750e+01
3.511408233642578125e+01
7.972718811035156250e+01
4.375478363037109375e+01
3.054068756103515625e+01
4.233185577392578125e+01
4.424458312988281250e+01
3.000000000000000000e+01
6.799591827392578125e+01
4.887448883056640625e+01
4.825179290771484375e+01
4.665852355957031250e+01
4.922336578369140625e+01
5.029655838012695312e+01
4.069128417968750000e+01
8.018649291992187500e+01
4.250251007080078125e+01
3.695210647583007812e+01
5.725646972656250000e+01
4.639510726928710938e+01
4.591817092895507812e+01
4.078363418579101562e+01
4.681914520263671875e+01
3.000000000000000000e+01
3.440930938720703125e+01
3.431163024902343750e+01
3.843769454956054688e+01
3.000000000000000000e+01
4.292340469360351562e+01
5.459298706054687500e+01
3.000000000000000000e+01
4.207023239135742188e+01
4.305993652343750000e+01
7.664778137207031250e+01
4.777944946289062500e+01
6.787266540527343750e+01
1.039899902343750000e+02
5.109730529785156250e+01
5.054641723632812500e+01
3.839708328247070312e+01
4.644065475463867188e+01
3.899562835693359375e+01
4.546443176269531250e+01
5.418475723266601562e+01
1.109224777221679688e+02
3.948291778564453125e+01
3.611166000366210938e+01
4.797913360595703125e+01
5.226746368408203125e+01
3.360031890869140625e+01
5.597639846801757812e+01
4.634136962890625000e+01
5.650637817382812500e+01
3.000000000000000000e+01
5.003093338012695312e+01
3.781766891479492188e+01
5.360075378417968750e+01
5.617729187011718750e+01
3.157749176025390625e+01
5.065768432617187500e+01
5.471628952026367188e+01
3.000000000000000000e+01
4.833307647705078125e+01
5.008756256103515625e+01
4.535487365722656250e+01
7.324807739257812500e+01
4.168814468383789062e+01
3.797384643554687500e+01
4.780581665039062500e+01
4.528266143798828125e+01
4.230675125122070312e+01
5.422516632080078125e+01
3.923304748535156250e+01
4.732132339477539062e+01
3.533465576171875000e+01
5.147826385498046875e+01
6.515510559082031250e+01
4.702593612670898438e+01
5.432406997680664062e+01
4.051892089843750000e+01
4.118702316284179688e+01
5.118777465820312500e+01
6.606152343750000000e+01
4.002205657958984375e+01
3.861226654052734375e+01
5.672339248657226562e+01
5.193804550170898438e+01
4.725787353515625000e+01
6.847351837158203125e+01
4.329127883911132812e+01
5.847266387939453125e+01
3.756961059570312500e+01
1.001685943603515625e+02
7.824931335449218750e+01
4.411567306518554688e+01
6.130514526367187500e+01
3.000000000000000000e+01
6.862802886962890625e+01
4.172621154785156250e+01
3.735242843627929688e+01
8.266853332519531250e+01
4.534049987792968750e+01
4.946316146850585938e+01
5.328859710693359375e+01
9.701000213623046875e+01
3.892244338989257812e+01
4.088313293457031250e+01
3.000000000000000000e+01
4.587325286865234375e+01
4.028127288818359375e+01
3.388903808593750000e+01
4.973052978515625000e+01
7.069188690185546875e+01
5.303266525268554688e+01
4.370475006103515625e+01
3.539219284057617188e+01
4.895770263671875000e+01
4.329253768920898438e+01
4.741946792602539062e+01
5.667093276977539062e+01
9.723487854003906250e+01
5.206138610839843750e+01
8.240773773193359375e+01
5.625655746459960938e+01
6.919117736816406250e+01
5.913420104980468750e+01
3.000000000000000000e+01
3.812458801269531250e+01
5.493777084350585938e+01
3.857707595825195312e+01
4.270404815673828125e+01
3.202795410156250000e+01
3.834496307373046875e+01
3.118051147460937500e+01
3.344352722167968750e+01
3.609231567382812500e+01
4.431949234008789062e+01
6.825211334228515625e+01
4.963521957397460938e+01
3.319365310668945312e+01
4.728162384033203125e+01
3.391484451293945312e+01
3.000000000000000000e+01
4.717440032958984375e+01
6.509809112548828125e+01
4.899642181396484375e+01
4.635161972045898438e+01
3.000000000000000000e+01
7.301689910888671875e+01
6.007554626464843750e+01
3.000000000000000000e+01
8.458061218261718750e+01
3.552500152587890625e+01
1.037288589477539062e+02
3.738651275634765625e+01
7.551954650878906250e+01
6.169607925415039062e+01
4.289300155639648438e+01
3.000000000000000000e+01
3.049633789062500000e+01
5.741554641723632812e+01
3.920418548583984375e+01
4.586255645751953125e+01
4.010028839111328125e+01
3.000000000000000000e+01
4.307930374145507812e+01
8.398054504394531250e+01
7.329144287109375000e+01
7.627912139892578125e+01
3.752054595947265625e+01
3.520674514770507812e+01
5.706336975097656250e+01
3.118051338195800781e+01
5.536539459228515625e+01
5.015948486328125000e+01
6.179418182373046875e+01
4.287600326538085938e+01
4.779985809326171875e+01
3.799500656127929688e+01
4.141146850585937500e+01
3.000000000000000000e+01
7.667271423339843750e+01
3.857524108886718750e+01
3.713637924194335938e+01
3.123412704467773438e+01
4.306484985351562500e+01
4.901999282836914062e+01
3.245905685424804688e+01
4.450919342041015625e+01
4.098763275146484375e+01
3.000000000000000000e+01
6.184696960449218750e+01
7.827686309814453125e+01
3.000000000000000000e+01
6.475476837158203125e+01
5.475436401367187500e+01
3.982980346679687500e+01
4.248911666870117188e+01
4.955146789550781250e+01
3.699588394165039062e+01
3.947829437255859375e+01
4.198928070068359375e+01
4.730577850341796875e+01
3.107746887207031250e+01
3.605636978149414062e+01
4.703631210327148438e+01
4.137699127197265625e+01
3.249526214599609375e+01
3.061847305297851562e+01
3.576992034912109375e+01
5.283829879760742188e+01
4.411681365966796875e+01
9.701000976562500000e+01
4.312816238403320312e+01
3.272096633911132812e+01
3.011688423156738281e+01
7.789795684814453125e+01
3.000000000000000000e+01
4.222961425781250000e+01
7.667271423339843750e+01
4.762465286254882812e+01
4.074717712402343750e+01
4.306500625610351562e+01
4.349420166015625000e+01
1.060397949218750000e+02
8.323217773437500000e+01
6.028173065185546875e+01
7.976356506347656250e+01
3.172537422180175781e+01
3.390874481201171875e+01
6.476095581054687500e+01
4.048045730590820312e+01
5.279415512084960938e+01
6.006783294677734375e+01
4.009541320800781250e+01
3.294556808471679688e+01
7.295436096191406250e+01
3.533393859863281250e+01
5.250249481201171875e+01
4.978031921386718750e+01
4.687974548339843750e+01
3.132461357116699219e+01
4.412113189697265625e+01
3.000000000000000000e+01
3.290214920043945312e+01
4.295540237426757812e+01
7.509627532958984375e+01
3.852367782592773438e+01
4.769361877441406250e+01
7.199746704101562500e+01
5.215867233276367188e+01
4.030346298217773438e+01
3.636602783203125000e+01
4.638069915771484375e+01
3.878383255004882812e+01
3.995148849487304688e+01
3.000000000000000000e+01
4.164257049560546875e+01
7.202330780029296875e+01
6.289324951171875000e+01
5.422012329101562500e+01
3.000000000000000000e+01
4.919775772094726562e+01
3.819005584716796875e+01
3.191663742065429688e+01
6.264941406250000000e+01
3.829418182373046875e+01
3.667388153076171875e+01
3.516086959838867188e+01
3.237001037597656250e+01
4.471380615234375000e+01
3.000000000000000000e+01
5.362474060058593750e+01
4.144274139404296875e+01
3.948291778564453125e+01
5.735774993896484375e+01
4.853604888916015625e+01
4.202117538452148438e+01
5.116174316406250000e+01
3.000000000000000000e+01
7.217678833007812500e+01
5.084290313720703125e+01
4.297793579101562500e+01
4.389624404907226562e+01
8.550285339355468750e+01
4.384593200683593750e+01
3.666130447387695312e+01
3.000000000000000000e+01
3.310393905639648438e+01
5.215011596679687500e+01
4.670285034179687500e+01
4.390208053588867188e+01
4.006050109863281250e+01
3.000000000000000000e+01
3.000000000000000000e+01
3.423616790771484375e+01
5.059808349609375000e+01
4.189148712158203125e+01
6.138907623291015625e+01
4.470888519287109375e+01
6.958299255371093750e+01
4.307838439941406250e+01
4.763348007202148438e+01
5.980761718750000000e+01
3.333869934082031250e+01
5.296050262451171875e+01
3.000000000000000000e+01
3.411075973510742188e+01
4.005089950561523438e+01
4.745744323730468750e+01
3.554238510131835938e+01
3.374266815185546875e+01
3.097599792480468750e+01
3.866264343261718750e+01
3.688795089721679688e+01
4.222707366943359375e+01
