4.680730438232421875e+01
5.911353683471679688e+01
4.752941131591796875e+01
3.887513351440429688e+01
6.032755661010742188e+01
7.484106445312500000e+01
3.000000000000000000e+01
9.570438385009765625e+01
5.077767562866210938e+01
1.200584564208984375e+02
4.691934585571289062e+01
1.331014709472656250e+02
5.801116561889648438e+01
4.144308471679687500e+01
3.657562255859375000e+01
7.670811462402343750e+01
6.584181213378906250e+01
4.140784454345703125e+01
4.338217163085937500e+01
1.210027465820312500e+02
3.864455413818359375e+01
7.652188873291015625e+01
3.315452957153320312e+01
6.136660385131835938e+01
5.661725997924804688e+01
7.314920043945312500e+01
4.655114746093750000e+01
6.261911773681640625e+01
1.841674804687500000e+02
7.308921813964843750e+01
5.722818374633789062e+01
4.807460021972656250e+01
5.658409118652343750e+01
1.389783935546875000e+02
8.714025878906250000e+01
7.970354461669921875e+01
6.440789031982421875e+01
4.923015213012695312e+01
4.625381469726562500e+01
7.378755187988281250e+01
4.339224243164062500e+01
4.622307205200195312e+01
4.802760314941406250e+01
4.564731597900390625e+01
3.362577819824218750e+01
3.000000000000000000e+01
5.378429031372070312e+01
6.162414932250976562e+01
1.373274536132812500e+02
5.929976654052734375e+01
4.088970565795898438e+01
3.467991256713867188e+01
5.487522506713867188e+01
4.253177642822265625e+01
8.883686065673828125e+01
4.431266403198242188e+01
7.939967346191406250e+01
4.942103958129882812e+01
5.361850357055664062e+01
5.777159118652343750e+01
5.671828842163085938e+01
6.091125869750976562e+01
4.045076370239257812e+01
6.387919235229492188e+01
9.306744384765625000e+01
4.937343597412109375e+01
5.356784439086914062e+01
3.043184280395507812e+01
4.497917556762695312e+01
6.415476989746093750e+01
6.750120544433593750e+01
4.184860992431640625e+01
1.585516815185546875e+02
5.560878753662109375e+01
6.568412780761718750e+01
6.610543823242187500e+01
5.306913757324218750e+01
5.916891098022460938e+01
4.689683532714843750e+01
7.548407745361328125e+01
3.600055313110351562e+01
6.584181213378906250e+01
5.133290100097656250e+01
7.674969482421875000e+01
7.874674987792968750e+01
4.435165786743164062e+01
3.489301300048828125e+01
4.641660308837890625e+01
5.801116561889648438e+01
5.273443984985351562e+01
4.978286743164062500e+01
4.178954315185546875e+01
7.046656799316406250e+01
5.660684204101562500e+01
1.241103820800781250e+02
1.127251892089843750e+02
6.350157165527343750e+01
4.101761627197265625e+01
9.965315246582031250e+01
4.915773391723632812e+01
8.323024749755859375e+01
6.998518371582031250e+01
1.440055847167968750e+02
4.726968383789062500e+01
4.575823593139648438e+01
6.622541809082031250e+01
3.000000000000000000e+01
5.611131286621093750e+01
4.464634704589843750e+01
3.709074401855468750e+01
4.793239974975585938e+01
4.744477081298828125e+01
7.003902435302734375e+01
8.248212432861328125e+01
4.671158599853515625e+01
3.928004455566406250e+01
1.017652893066406250e+02
4.755661773681640625e+01
7.290579223632812500e+01
5.621255493164062500e+01
4.541424942016601562e+01
4.919291305541992188e+01
4.552904129028320312e+01
4.627930831909179688e+01
3.947798919677734375e+01
4.952932739257812500e+01
7.827081298828125000e+01
6.299814605712890625e+01
4.526799011230468750e+01
7.151177978515625000e+01
5.156534576416015625e+01
9.487432861328125000e+01
8.300337219238281250e+01
5.209662246704101562e+01
6.720983886718750000e+01
5.959463500976562500e+01
1.059002685546875000e+02
4.388911819458007812e+01
4.175821685791015625e+01
6.011554718017578125e+01
4.111585998535156250e+01
1.109345092773437500e+02
6.799880981445312500e+01
5.250447082519531250e+01
7.455875396728515625e+01
4.065588378906250000e+01
7.324089050292968750e+01
9.905317687988281250e+01
5.969336700439453125e+01
1.431872863769531250e+02
6.555826568603515625e+01
7.989763641357421875e+01
5.151766967773437500e+01
8.472947692871093750e+01
5.707066726684570312e+01
1.007504577636718750e+02
4.705698776245117188e+01
1.183737792968750000e+02
4.011225891113281250e+01
6.059330368041992188e+01
4.004669189453125000e+01
6.613780975341796875e+01
5.646496582031250000e+01
4.165037536621093750e+01
7.133724212646484375e+01
4.697531127929687500e+01
6.159967041015625000e+01
4.985194396972656250e+01
4.137937927246093750e+01
1.533265686035156250e+02
5.462624740600585938e+01
4.416213607788085938e+01
4.296735382080078125e+01
3.000000000000000000e+01
4.911343765258789062e+01
8.616030120849609375e+01
4.437193298339843750e+01
4.059457397460937500e+01
7.119015502929687500e+01
5.495642089843750000e+01
6.425444030761718750e+01
7.147062683105468750e+01
6.971733093261718750e+01
6.378413009643554688e+01
4.544888305664062500e+01
3.764447402954101562e+01
3.000000000000000000e+01
8.086307525634765625e+01
5.357100677490234375e+01
4.615712356567382812e+01
5.820990371704101562e+01
6.399674224853515625e+01
5.370442199707031250e+01
3.850486755371093750e+01
5.795292663574218750e+01
3.013455772399902344e+01
6.746226501464843750e+01
8.089636230468750000e+01
1.098308563232421875e+02
7.734106445312500000e+01
6.464068603515625000e+01
8.648745727539062500e+01
7.584928131103515625e+01
3.000000000000000000e+01
5.921039962768554688e+01
4.382028579711914062e+01
5.847089004516601562e+01
8.868621063232421875e+01
1.588730468750000000e+02
4.081596755981445312e+01
5.132197952270507812e+01
7.301721191406250000e+01
4.739011001586914062e+01
4.645793533325195312e+01
3.623190307617187500e+01
4.343797302246093750e+01
6.427671813964843750e+01
5.320500564575195312e+01
4.992318725585937500e+01
4.472277069091796875e+01
3.880392456054687500e+01
5.989660263061523438e+01
9.019631195068359375e+01
4.363648223876953125e+01
3.967420196533203125e+01
3.622063064575195312e+01
6.104481887817382812e+01
9.134622955322265625e+01
6.261757278442382812e+01
9.262754821777343750e+01
3.823207473754882812e+01
4.751202392578125000e+01
5.331393432617187500e+01
4.658517456054687500e+01
4.471839141845703125e+01
6.557671356201171875e+01
4.411648178100585938e+01
4.830968475341796875e+01
6.880603027343750000e+01
5.972262191772460938e+01
4.166933059692382812e+01
1.263283691406250000e+02
6.700614166259765625e+01
6.665023040771484375e+01
8.426022338867187500e+01
4.832142639160156250e+01
5.259491729736328125e+01
1.099943618774414062e+02
1.902958374023437500e+02
4.767515563964843750e+01
5.410568618774414062e+01
4.263387680053710938e+01
5.401279830932617188e+01
9.818663024902343750e+01
4.775887680053710938e+01
8.162384796142578125e+01
5.469123077392578125e+01
3.958908843994140625e+01
3.830551528930664062e+01
1.513994445800781250e+02
5.464754867553710938e+01
5.938049316406250000e+01
6.655416870117187500e+01
4.635054397583007812e+01
1.392635498046875000e+02
5.270016479492187500e+01
1.298904724121093750e+02
7.731549835205078125e+01
6.233636474609375000e+01
6.983238983154296875e+01
6.110895538330078125e+01
5.185693359375000000e+01
6.665022277832031250e+01
6.910950469970703125e+01
8.540554809570312500e+01
3.121133995056152344e+01
5.912355804443359375e+01
7.518397521972656250e+01
9.318054199218750000e+01
9.328215026855468750e+01
6.255633544921875000e+01
6.658000183105468750e+01
6.372130584716796875e+01
4.621894454956054688e+01
6.379135131835937500e+01
3.823265457153320312e+01
4.499721527099609375e+01
5.647951126098632812e+01
4.322990798950195312e+01
4.715296173095703125e+01
4.485597991943359375e+01
6.421972656250000000e+01
3.383456420898437500e+01
6.936738586425781250e+01
3.868634414672851562e+01
4.115519714355468750e+01
5.071650695800781250e+01
5.320264434814453125e+01
5.046100997924804688e+01
7.314442443847656250e+01
8.359922790527343750e+01
3.130826377868652344e+01
3.360160827636718750e+01
7.301078796386718750e+01
6.508960723876953125e+01
3.969147109985351562e+01
7.630249023437500000e+01
7.219461059570312500e+01
7.399215698242187500e+01
9.487889099121093750e+01
1.248083114624023438e+02
3.648371124267578125e+01
8.963865661621093750e+01
7.015312957763671875e+01
9.666569519042968750e+01
4.768431472778320312e+01
3.891300201416015625e+01
1.158030548095703125e+02
5.854598236083984375e+01
9.965315246582031250e+01
4.432253646850585938e+01
5.038951492309570312e+01
5.035065078735351562e+01
4.766963577270507812e+01
3.699246597290039062e+01
3.715552139282226562e+01
4.064856719970703125e+01
3.981466674804687500e+01
1.585516815185546875e+02
3.776623916625976562e+01
8.400366973876953125e+01
4.674796676635742188e+01
7.072396850585937500e+01
4.582392883300781250e+01
4.079376220703125000e+01
4.917534637451171875e+01
8.162971496582031250e+01
5.662708282470703125e+01
3.187430381774902344e+01
3.433689880371093750e+01
4.846098327636718750e+01
8.963967132568359375e+01
3.715975952148437500e+01
7.399216461181640625e+01
4.542691421508789062e+01
6.335040664672851562e+01
9.584398651123046875e+01
5.030906677246093750e+01
4.073629379272460938e+01
8.654283905029296875e+01
1.350076293945312500e+02
1.542395019531250000e+02
6.085816192626953125e+01
6.091125869750976562e+01
4.111289978027343750e+01
6.861423492431640625e+01
5.565951156616210938e+01
3.928583526611328125e+01
9.917649841308593750e+01
5.118944931030273438e+01
7.375063323974609375e+01
1.314554901123046875e+02
6.174344253540039062e+01
6.631369018554687500e+01
8.824404144287109375e+01
3.733279800415039062e+01
7.417913055419921875e+01
1.216336593627929688e+02
4.692447662353515625e+01
5.267308807373046875e+01
5.904604339599609375e+01
4.301432800292968750e+01
9.951972961425781250e+01
1.295994415283203125e+02
5.805560684204101562e+01
9.839268493652343750e+01
7.625846099853515625e+01
7.308921813964843750e+01
7.014362335205078125e+01
6.770863342285156250e+01
3.627235031127929688e+01
3.803829956054687500e+01
3.970415496826171875e+01
5.958792114257812500e+01
5.600336074829101562e+01
6.700614166259765625e+01
4.988032531738281250e+01
4.786858749389648438e+01
4.009892272949218750e+01
2.441791381835937500e+02
5.173693084716796875e+01
4.864788818359375000e+01
3.619463348388671875e+01
3.000000000000000000e+01
4.240324401855468750e+01
6.795114898681640625e+01
6.833654022216796875e+01
7.877066802978515625e+01
7.212362670898437500e+01
5.593842697143554688e+01
5.743267059326171875e+01
4.387940216064453125e+01
1.564628753662109375e+02
4.760163116455078125e+01
4.096665954589843750e+01
6.444020080566406250e+01
5.036651611328125000e+01
6.616625976562500000e+01
6.267655944824218750e+01
1.351226501464843750e+02
7.888477325439453125e+01
8.014120483398437500e+01
7.111215972900390625e+01
5.385910034179687500e+01
7.465842437744140625e+01
4.916391754150390625e+01
7.107664489746093750e+01
9.387218475341796875e+01
4.286790466308593750e+01
3.903984069824218750e+01
7.797859191894531250e+01
3.000000000000000000e+01
4.001042175292968750e+01
1.114314422607421875e+02
6.999088287353515625e+01
6.120017242431640625e+01
6.534077453613281250e+01
4.549471282958984375e+01
7.393269348144531250e+01
8.525660705566406250e+01
4.811942672729492188e+01
8.400366210937500000e+01
1.986534118652343750e+02
4.766963577270507812e+01
1.160466461181640625e+02
4.716047286987304688e+01
5.562872314453125000e+01
7.721780395507812500e+01
6.261911773681640625e+01
5.564373397827148438e+01
6.922062683105468750e+01
3.000000000000000000e+01
5.586283111572265625e+01
5.006866455078125000e+01
5.097755050659179688e+01
4.170674133300781250e+01
5.449203491210937500e+01
5.607332229614257812e+01
1.984163818359375000e+02
9.200320434570312500e+01
4.888843536376953125e+01
5.151766967773437500e+01
5.044829177856445312e+01
5.137045669555664062e+01
7.500502777099609375e+01
3.194198226928710938e+01
7.447927856445312500e+01
8.543325805664062500e+01
5.152759552001953125e+01
1.337089538574218750e+02
1.032337951660156250e+02
6.197639083862304688e+01
5.003312683105468750e+01
5.258496475219726562e+01
4.802656555175781250e+01
1.907853240966796875e+02
3.814250946044921875e+01
5.161766052246093750e+01
5.308373260498046875e+01
4.487848663330078125e+01
1.123964233398437500e+02
4.494305419921875000e+01
4.852408981323242188e+01
1.340546722412109375e+02
6.508959960937500000e+01
8.373497009277343750e+01
5.714072418212890625e+01
4.498765182495117188e+01
5.779796981811523438e+01
7.673802947998046875e+01
7.363317871093750000e+01
7.356589508056640625e+01
7.006745910644531250e+01
4.351364135742187500e+01
4.584262084960937500e+01
9.397521972656250000e+01
5.384014511108398438e+01
4.645793533325195312e+01
6.825929260253906250e+01
7.770240783691406250e+01
6.032834625244140625e+01
5.081166076660156250e+01
5.485153198242187500e+01
3.500661468505859375e+01
4.192972183227539062e+01
3.032707214355468750e+01
4.082609176635742188e+01
4.062994766235351562e+01
6.392291259765625000e+01
4.515086364746093750e+01
5.650266265869140625e+01
4.583578491210937500e+01
7.315995788574218750e+01
6.032261657714843750e+01
3.741490173339843750e+01
4.110665512084960938e+01
5.511235809326171875e+01
4.917926788330078125e+01
3.000000000000000000e+01
3.709626770019531250e+01
8.886732482910156250e+01
3.602104187011718750e+01
5.678467559814453125e+01
3.356118774414062500e+01
6.166799926757812500e+01
4.984388732910156250e+01
3.657561874389648438e+01
1.157451171875000000e+02
5.661298370361328125e+01
5.656457519531250000e+01
9.126156616210937500e+01
4.096666336059570312e+01
6.848818969726562500e+01
5.588507461547851562e+01
5.396203231811523438e+01
1.084146347045898438e+02
5.411313247680664062e+01
1.604859619140625000e+02
9.320791625976562500e+01
3.703096389770507812e+01
4.656860351562500000e+01
8.335793304443359375e+01
5.865954589843750000e+01
6.215742492675781250e+01
6.655416870117187500e+01
1.957268981933593750e+02
5.215224456787109375e+01
7.734440612792968750e+01
5.747967147827148438e+01
4.920172500610351562e+01
5.053852081298828125e+01
8.342604064941406250e+01
3.898661041259765625e+01
6.427899169921875000e+01
5.939666748046875000e+01
4.154410171508789062e+01
4.662429809570312500e+01
4.614414215087890625e+01
4.659391021728515625e+01
4.080128479003906250e+01
3.912602233886718750e+01
3.762909698486328125e+01
4.223323822021484375e+01
4.553304290771484375e+01
5.469917678833007812e+01
4.526279449462890625e+01
4.766831970214843750e+01
5.611131286621093750e+01
7.039839172363281250e+01
1.588730468750000000e+02
7.281435394287109375e+01
1.028356475830078125e+02
7.138343048095703125e+01
1.076946716308593750e+02
3.664054489135742188e+01
5.366777420043945312e+01
6.523265075683593750e+01
5.009876251220703125e+01
5.705084991455078125e+01
8.436268615722656250e+01
6.526882171630859375e+01
6.598698425292968750e+01
4.671158599853515625e+01
4.505487060546875000e+01
6.476693725585937500e+01
9.487104797363281250e+01
4.524734497070312500e+01
5.700176239013671875e+01
4.341579818725585938e+01
4.031135559082031250e+01
8.749331665039062500e+01
4.978286743164062500e+01
4.478060531616210938e+01
4.172675323486328125e+01
4.757267379760742188e+01
8.058679962158203125e+01
1.109490814208984375e+02
3.754019165039062500e+01
3.957921600341796875e+01
5.004776382446289062e+01
7.877066802978515625e+01
6.099274063110351562e+01
5.079723358154296875e+01
4.702850723266601562e+01
6.852873229980468750e+01
4.952583312988281250e+01
4.337559127807617188e+01
5.730849456787109375e+01
6.734758758544921875e+01
4.172008514404296875e+01
7.870833587646484375e+01
5.822344589233398438e+01
7.736912536621093750e+01
6.054698944091796875e+01
4.198080062866210938e+01
3.349462509155273438e+01
5.413613891601562500e+01
6.712884521484375000e+01
5.441014099121093750e+01
6.376567840576171875e+01
5.138598632812500000e+01
3.844676589965820312e+01
6.096607208251953125e+01
5.934064483642578125e+01
4.091763687133789062e+01
5.575109863281250000e+01
6.494099426269531250e+01
5.607332229614257812e+01
5.830947875976562500e+01
6.338274383544921875e+01
3.839157104492187500e+01
6.844658660888671875e+01
1.255712051391601562e+02
5.565021514892578125e+01
4.824980926513671875e+01
1.076946716308593750e+02
6.085816192626953125e+01
5.377355575561523438e+01
7.770240020751953125e+01
4.310141754150390625e+01
3.706536865234375000e+01
7.277247619628906250e+01
3.000000000000000000e+01
4.309162902832031250e+01
1.444881286621093750e+02
7.517948913574218750e+01
3.000000000000000000e+01
4.401371383666992188e+01
1.305121459960937500e+02
8.576129913330078125e+01
4.622275924682617188e+01
1.198472747802734375e+02
4.786398315429687500e+01
1.170473556518554688e+02
7.177233123779296875e+01
1.253742904663085938e+02
6.004293441772460938e+01
5.152123260498046875e+01
9.107722473144531250e+01
8.587664794921875000e+01
7.938932800292968750e+01
5.662708282470703125e+01
4.759997558593750000e+01
3.000000000000000000e+01
4.415885543823242188e+01
5.945074462890625000e+01
4.669623947143554688e+01
4.017721557617187500e+01
7.763237762451171875e+01
7.020767974853515625e+01
4.944812011718750000e+01
3.130908393859863281e+01
5.007258605957031250e+01
4.604328155517578125e+01
4.740696716308593750e+01
1.122742691040039062e+02
5.650720214843750000e+01
6.817499542236328125e+01
5.493929290771484375e+01
4.701171875000000000e+01
3.484511184692382812e+01
1.109345092773437500e+02
6.882522583007812500e+01
7.292553710937500000e+01
7.586636352539062500e+01
5.563547515869140625e+01
4.073891448974609375e+01
3.690400695800781250e+01
4.237013244628906250e+01
5.964977264404296875e+01
6.708078765869140625e+01
1.907853240966796875e+02
4.765738296508789062e+01
6.763961029052734375e+01
7.954739379882812500e+01
8.512457275390625000e+01
3.820674133300781250e+01
5.113206481933593750e+01
5.117905807495117188e+01
6.410908508300781250e+01
7.345230865478515625e+01
3.829613494873046875e+01
4.076060104370117188e+01
6.424470520019531250e+01
9.649467468261718750e+01
5.693395233154296875e+01
1.604859619140625000e+02
6.943763732910156250e+01
3.665357208251953125e+01
4.896930313110351562e+01
6.260351943969726562e+01
1.619531555175781250e+02
9.412892150878906250e+01
6.186110687255859375e+01
7.052526092529296875e+01
3.000000000000000000e+01
6.342344284057617188e+01
9.596826934814453125e+01
4.578876113891601562e+01
4.140544891357421875e+01
7.625772094726562500e+01
8.734186553955078125e+01
6.151086425781250000e+01
1.148425140380859375e+02
4.131450653076171875e+01
5.285403060913085938e+01
5.854598617553710938e+01
8.084162902832031250e+01
5.524065399169921875e+01
4.430490112304687500e+01
4.350123977661132812e+01
3.391089248657226562e+01
3.748103332519531250e+01
4.760163116455078125e+01
4.861187744140625000e+01
7.163810729980468750e+01
6.999088287353515625e+01
4.645977020263671875e+01
4.955017852783203125e+01
4.729870605468750000e+01
4.864788436889648438e+01
3.895823287963867188e+01
8.028688049316406250e+01
4.328259277343750000e+01
7.039909362792968750e+01
7.871671295166015625e+01
4.771751785278320312e+01
3.000000000000000000e+01
3.245291137695312500e+01
6.059330368041992188e+01
6.803096008300781250e+01
5.456529617309570312e+01
6.594586181640625000e+01
5.256615829467773438e+01
8.741233825683593750e+01
5.384846878051757812e+01
4.175550460815429688e+01
5.443826675415039062e+01
4.788127899169921875e+01
5.779796981811523438e+01
6.148110961914062500e+01
4.472635650634765625e+01
6.315868377685546875e+01
5.228774642944335938e+01
5.511737823486328125e+01
4.977911376953125000e+01
5.046100616455078125e+01
5.191367721557617188e+01
4.730682373046875000e+01
7.004989624023437500e+01
7.717338562011718750e+01
5.121973419189453125e+01
7.672682189941406250e+01
4.177738571166992188e+01
5.972262191772460938e+01
7.306316375732421875e+01
5.540295410156250000e+01
6.655714416503906250e+01
6.173463439941406250e+01
7.419213867187500000e+01
4.415576553344726562e+01
7.596087646484375000e+01
5.258514785766601562e+01
5.753573989868164062e+01
8.052320098876953125e+01
1.210027465820312500e+02
1.391681518554687500e+02
4.478417968750000000e+01
3.254325485229492188e+01
4.248491287231445312e+01
7.395388793945312500e+01
9.200319671630859375e+01
8.565351104736328125e+01
6.418918609619140625e+01
1.089868011474609375e+02
5.007258605957031250e+01
5.336239624023437500e+01
3.040419006347656250e+01
5.598097991943359375e+01
6.263588714599609375e+01
4.074482727050781250e+01
4.495165252685546875e+01
9.118759155273437500e+01
5.791475677490234375e+01
4.881635284423828125e+01
8.822067260742187500e+01
5.152758407592773438e+01
5.752301025390625000e+01
6.415476989746093750e+01
5.799334716796875000e+01
5.197806549072265625e+01
4.430490112304687500e+01
2.101103820800781250e+02
8.253204345703125000e+01
4.292627334594726562e+01
5.453360748291015625e+01
5.720862579345703125e+01
1.324449005126953125e+02
4.137941741943359375e+01
5.143994903564453125e+01
6.524066925048828125e+01
4.017721176147460938e+01
7.461749267578125000e+01
6.740991210937500000e+01
5.273021697998046875e+01
5.637529373168945312e+01
5.691464614868164062e+01
4.361471557617187500e+01
3.615166473388671875e+01
6.652917480468750000e+01
5.662429046630859375e+01
1.862272644042968750e+02
4.914004516601562500e+01
4.428866195678710938e+01
5.994536209106445312e+01
6.154687500000000000e+01
4.655307006835937500e+01
7.866673278808593750e+01
6.446378326416015625e+01
5.441450500488281250e+01
4.298345947265625000e+01
6.920896911621093750e+01
6.524462890625000000e+01
3.596599578857421875e+01
4.297058105468750000e+01
6.406172180175781250e+01
3.703096389770507812e+01
4.255159378051757812e+01
3.406522369384765625e+01
6.133859634399414062e+01
5.907839202880859375e+01
3.455548858642578125e+01
5.041297531127929688e+01
5.071650695800781250e+01
7.834162139892578125e+01
8.036721038818359375e+01
9.579833984375000000e+01
5.089268875122070312e+01
7.356588745117187500e+01
8.077123260498046875e+01
3.984301376342773438e+01
8.052320098876953125e+01
4.517986297607421875e+01
4.590128707885742188e+01
4.210604476928710938e+01
4.380839920043945312e+01
1.210904388427734375e+02
6.021333694458007812e+01
3.562504577636718750e+01
6.824260711669921875e+01
3.443791961669921875e+01
1.103847198486328125e+02
6.828359985351562500e+01
4.065868377685546875e+01
5.042108535766601562e+01
7.957205963134765625e+01
8.064274597167968750e+01
8.013526916503906250e+01
4.759944534301757812e+01
3.431554031372070312e+01
4.303032684326171875e+01
5.590778350830078125e+01
6.105758666992187500e+01
1.331893310546875000e+02
8.953986358642578125e+01
1.342772521972656250e+02
5.738537979125976562e+01
3.627398300170898438e+01
5.086556625366210938e+01
3.831548309326171875e+01
5.592724609375000000e+01
3.000000000000000000e+01
3.000000000000000000e+01
6.525456237792968750e+01
1.221195373535156250e+02
4.928485488891601562e+01
3.000000000000000000e+01
5.605382537841796875e+01
6.277185821533203125e+01
3.857981872558593750e+01
4.464006042480468750e+01
6.708078765869140625e+01
4.604374694824218750e+01
7.969074249267578125e+01
6.342344284057617188e+01
4.916783523559570312e+01
5.558288574218750000e+01
3.592652130126953125e+01
5.596134567260742188e+01
5.015698242187500000e+01
4.425278472900390625e+01
6.679854583740234375e+01
8.541359710693359375e+01
5.052532958984375000e+01
8.426022338867187500e+01
4.765623092651367188e+01
4.169713592529296875e+01
5.842136383056640625e+01
4.632167816162109375e+01
4.228046798706054688e+01
4.659433746337890625e+01
4.025215911865234375e+01
3.673160171508789062e+01
8.928988647460937500e+01
5.593842697143554688e+01
4.334442901611328125e+01
1.984163818359375000e+02
7.643411254882812500e+01
4.692881393432617188e+01
6.436605834960937500e+01
6.409251403808593750e+01
4.583578491210937500e+01
5.726521682739257812e+01
1.117597732543945312e+02
5.098147583007812500e+01
6.788789367675781250e+01
4.689683532714843750e+01
3.845291900634765625e+01
5.273443984985351562e+01
6.233152389526367188e+01
5.292750930786132812e+01
4.693099975585937500e+01
5.525722503662109375e+01
4.998697280883789062e+01
5.033433532714843750e+01
5.118944931030273438e+01
3.773720550537109375e+01
4.180029678344726562e+01
6.134267807006835938e+01
7.721912384033203125e+01
4.203550720214843750e+01
8.932133483886718750e+01
4.420763015747070312e+01
4.497426986694335938e+01
7.553690338134765625e+01
7.453877258300781250e+01
4.381690216064453125e+01
5.194068527221679688e+01
3.992682647705078125e+01
4.890527725219726562e+01
5.198900604248046875e+01
9.648808288574218750e+01
4.741990661621093750e+01
4.076833724975585938e+01
5.714072799682617188e+01
5.156139373779296875e+01
5.256450271606445312e+01
3.376129913330078125e+01
5.417955780029296875e+01
5.462297821044921875e+01
5.621255493164062500e+01
6.379272842407226562e+01
8.515600585937500000e+01
4.029665756225585938e+01
5.750322341918945312e+01
3.832945632934570312e+01
5.253216171264648438e+01
7.827081298828125000e+01
7.305213928222656250e+01
5.273021697998046875e+01
5.879970550537109375e+01
6.916246795654296875e+01
5.417955780029296875e+01
5.216841125488281250e+01
5.081707763671875000e+01
3.000000000000000000e+01
4.074137878417968750e+01
5.747501373291015625e+01
7.024103546142578125e+01
3.365863418579101562e+01
5.464754867553710938e+01
5.828384399414062500e+01
8.188621520996093750e+01
4.309595489501953125e+01
5.886875152587890625e+01
3.488103866577148438e+01
5.414113235473632812e+01
6.230986404418945312e+01
4.421099472045898438e+01
6.650783538818359375e+01
3.786851501464843750e+01
7.520966339111328125e+01
6.057115173339843750e+01
7.429337310791015625e+01
4.350715637207031250e+01
4.109477996826171875e+01
6.498593139648437500e+01
7.257611083984375000e+01
3.945179748535156250e+01
4.227671051025390625e+01
6.422417449951171875e+01
7.046801757812500000e+01
6.464068603515625000e+01
3.784579849243164062e+01
8.886284637451171875e+01
4.193679809570312500e+01
4.928544235229492188e+01
4.636934661865234375e+01
4.446530914306640625e+01
5.662651062011718750e+01
3.671628570556640625e+01
7.721780395507812500e+01
5.807766723632812500e+01
5.132197952270507812e+01
4.050618743896484375e+01
4.990240478515625000e+01
6.221380233764648438e+01
6.456291198730468750e+01
3.254325485229492188e+01
3.952529907226562500e+01
3.203134536743164062e+01
3.981195831298828125e+01
7.913132476806640625e+01
4.923015213012695312e+01
6.643858337402343750e+01
7.472521209716796875e+01
5.075795745849609375e+01
3.805245208740234375e+01
3.725017547607421875e+01
3.000000000000000000e+01
4.990240478515625000e+01
7.419213867187500000e+01
4.830599212646484375e+01
4.863550567626953125e+01
4.301557922363281250e+01
7.964176940917968750e+01
5.913173675537109375e+01
7.796207427978515625e+01
5.548643112182617188e+01
3.343156051635742188e+01
6.666535949707031250e+01
3.407008743286132812e+01
7.023775482177734375e+01
3.437136077880859375e+01
4.934734344482421875e+01
4.359079360961914062e+01
3.000000000000000000e+01
4.676170730590820312e+01
4.415001678466796875e+01
8.574265289306640625e+01
4.532403564453125000e+01
7.305213928222656250e+01
4.754968643188476562e+01
4.174787902832031250e+01
4.308465957641601562e+01
4.744262695312500000e+01
4.038179779052734375e+01
4.373924636840820312e+01
6.728491210937500000e+01
6.833654022216796875e+01
5.396203231811523438e+01
4.306436538696289062e+01
4.719579696655273438e+01
7.655145263671875000e+01
5.089979934692382812e+01
4.628295135498046875e+01
4.999350738525390625e+01
3.978808212280273438e+01
4.078774261474609375e+01
4.472635650634765625e+01
4.513294601440429688e+01
4.680416107177734375e+01
4.648801422119140625e+01
5.117136383056640625e+01
3.939827728271484375e+01
3.488154220581054688e+01
5.280241012573242188e+01
3.742100524902343750e+01
7.903416442871093750e+01
5.388526153564453125e+01
6.011554336547851562e+01
4.754968643188476562e+01
7.358285522460937500e+01
3.790349197387695312e+01
4.700315093994140625e+01
4.785264587402343750e+01
3.069328689575195312e+01
4.405298614501953125e+01
6.810079193115234375e+01
3.000000000000000000e+01
6.120723724365234375e+01
5.170707702636718750e+01
4.656860351562500000e+01
4.708198547363281250e+01
7.212362670898437500e+01
3.000000000000000000e+01
4.124545669555664062e+01
7.759059143066406250e+01
4.996584320068359375e+01
7.957205963134765625e+01
7.900489807128906250e+01
3.000000000000000000e+01
7.863244628906250000e+01
7.726040649414062500e+01
5.564373397827148438e+01
5.266542816162109375e+01
5.769425201416015625e+01
6.557671356201171875e+01
6.267655944824218750e+01
5.788091278076171875e+01
5.825321578979492188e+01
7.017446899414062500e+01
4.913230133056640625e+01
7.946394348144531250e+01
3.000000000000000000e+01
4.456157684326171875e+01
4.082502365112304688e+01
4.893541717529296875e+01
4.447176361083984375e+01
6.640767669677734375e+01
4.421768188476562500e+01
4.428866195678710938e+01
4.102412033081054688e+01
4.829663085937500000e+01
4.769577026367187500e+01
4.900598526000976562e+01
7.946268463134765625e+01
5.016699981689453125e+01
4.283717346191406250e+01
5.396101760864257812e+01
4.036428833007812500e+01
5.198469924926757812e+01
4.527493286132812500e+01
4.350715637207031250e+01
3.549112701416015625e+01
3.705123901367187500e+01
4.684378051757812500e+01
5.292424011230468750e+01
3.000000000000000000e+01
4.569305419921875000e+01
6.424470520019531250e+01
4.390824508666992188e+01
4.080128097534179688e+01
4.626760482788085938e+01
7.461877441406250000e+01
4.543864059448242188e+01
8.053308868408203125e+01
1.030913391113281250e+02
5.411692047119140625e+01
4.416213607788085938e+01
4.713466644287109375e+01
4.744901275634765625e+01
3.000000000000000000e+01
4.579522705078125000e+01
5.846262359619140625e+01
7.586636352539062500e+01
4.795680236816406250e+01
3.721908950805664062e+01
4.508239746093750000e+01
5.821528625488281250e+01
3.000000000000000000e+01
5.053852081298828125e+01
5.799334716796875000e+01
5.808064651489257812e+01
4.328259277343750000e+01
5.925473785400390625e+01
3.567967987060546875e+01
5.360250854492187500e+01
6.096607208251953125e+01
4.115911102294921875e+01
5.282553100585937500e+01
4.789097595214843750e+01
4.370227813720703125e+01
6.875860595703125000e+01
4.756592559814453125e+01
4.772922515869140625e+01
5.693395233154296875e+01
4.271678924560546875e+01
4.456578826904296875e+01
3.820674514770507812e+01
4.316212463378906250e+01
3.000000000000000000e+01
7.694657897949218750e+01
5.212475967407226562e+01
6.193189239501953125e+01
4.020532989501953125e+01
4.180923080444335938e+01
7.759741973876953125e+01
6.339240646362304688e+01
5.396504974365234375e+01
5.469942474365234375e+01
4.774143981933593750e+01
4.951632690429687500e+01
6.152682495117187500e+01
3.664054489135742188e+01
4.559760284423828125e+01
5.324679565429687500e+01
6.875873565673828125e+01
4.443453979492187500e+01
5.396519470214843750e+01
3.945431900024414062e+01
6.898786926269531250e+01
4.049798583984375000e+01
8.838931274414062500e+01
8.481717681884765625e+01
6.086351013183593750e+01
4.952275848388671875e+01
4.851331329345703125e+01
7.278388214111328125e+01
6.642252349853515625e+01
4.262247848510742188e+01
6.649428558349609375e+01
4.859058380126953125e+01
4.088446426391601562e+01
5.707101058959960938e+01
6.572572326660156250e+01
5.028351593017578125e+01
5.778547668457031250e+01
3.000000000000000000e+01
7.071731567382812500e+01
3.772512435913085938e+01
4.290547561645507812e+01
4.744258499145507812e+01
1.013432540893554688e+02
5.027313613891601562e+01
4.245895767211914062e+01
3.287886428833007812e+01
6.574030303955078125e+01
4.728472137451171875e+01
4.689810562133789062e+01
5.455268859863281250e+01
9.579833984375000000e+01
5.377188873291015625e+01
5.280339813232421875e+01
7.722568511962890625e+01
6.541459655761718750e+01
6.669057464599609375e+01
3.000000000000000000e+01
3.795172882080078125e+01
5.499452590942382812e+01
3.895528411865234375e+01
4.922741317749023438e+01
3.318753051757812500e+01
3.030722427368164062e+01
3.000000000000000000e+01
3.342284011840820312e+01
4.235619735717773438e+01
4.323213195800781250e+01
7.232926940917968750e+01
4.821692657470703125e+01
4.025717163085937500e+01
4.401087570190429688e+01
3.836456298828125000e+01
3.000000000000000000e+01
5.018054962158203125e+01
6.799880981445312500e+01
4.484542846679687500e+01
4.144308471679687500e+01
3.000000000000000000e+01
4.584262084960937500e+01
5.710430526733398438e+01
3.883701324462890625e+01
6.498593139648437500e+01
4.591752624511718750e+01
7.627590942382812500e+01
4.243824005126953125e+01
5.154918289184570312e+01
5.741904449462890625e+01
4.760781860351562500e+01
3.207866668701171875e+01
5.324785614013671875e+01
5.623981094360351562e+01
5.385910034179687500e+01
3.671722412109375000e+01
4.003147888183593750e+01
4.875374984741210938e+01
4.741526031494140625e+01
7.461749267578125000e+01
6.883382415771484375e+01
7.219461059570312500e+01
5.109238433837890625e+01
4.018116760253906250e+01
4.574884414672851562e+01
3.000000000000000000e+01
4.538201904296875000e+01
4.425975036621093750e+01
5.747859191894531250e+01
5.616584777832031250e+01
4.942302703857421875e+01
4.511886596679687500e+01
3.860737609863281250e+01
4.074350738525390625e+01
7.703602600097656250e+01
3.513736724853515625e+01
4.016764068603515625e+01
4.129711151123046875e+01
3.516760635375976562e+01
4.773487091064453125e+01
3.169014739990234375e+01
6.335041046142578125e+01
4.850678253173828125e+01
3.130802726745605469e+01
6.378412628173828125e+01
6.824260711669921875e+01
3.000000000000000000e+01
4.943164062500000000e+01
4.510981750488281250e+01
4.060727691650390625e+01
4.199845123291015625e+01
4.875215148925781250e+01
4.513963699340820312e+01
4.287258911132812500e+01
4.121360778808593750e+01
4.347468948364257812e+01
5.785177612304687500e+01
4.556460571289062500e+01
5.384392547607421875e+01
3.794451904296875000e+01
3.524599456787109375e+01
4.399658966064453125e+01
3.546925735473632812e+01
5.155072784423828125e+01
5.547329711914062500e+01
6.572572326660156250e+01
6.600918579101562500e+01
3.000000000000000000e+01
3.732796096801757812e+01
9.216942596435546875e+01
4.920172882080078125e+01
4.244633102416992188e+01
7.703601837158203125e+01
4.960445404052734375e+01
5.110369873046875000e+01
4.041941070556640625e+01
4.515086364746093750e+01
9.951377868652343750e+01
8.450239562988281250e+01
5.188322448730468750e+01
8.394598388671875000e+01
4.726968383789062500e+01
3.000000000000000000e+01
8.323112487792968750e+01
5.028393554687500000e+01
5.081607818603515625e+01
5.952191543579101562e+01
3.500901412963867188e+01
3.760389709472656250e+01
8.326473236083984375e+01
3.757220458984375000e+01
4.692235183715820312e+01
5.742579269409179688e+01
4.606255340576171875e+01
3.168824005126953125e+01
4.824980926513671875e+01
7.726039886474609375e+01
4.545492172241210938e+01
3.913582992553710938e+01
8.768920135498046875e+01
4.082959365844726562e+01
3.000000000000000000e+01
7.881742858886718750e+01
4.700021743774414062e+01
3.520574951171875000e+01
3.617783355712890625e+01
4.854944229125976562e+01
4.816677093505859375e+01
4.240607070922851562e+01
4.255520248413085938e+01
4.880027008056640625e+01
5.449288177490234375e+01
5.577670288085937500e+01
4.925555801391601562e+01
4.012074279785156250e+01
5.372118377685546875e+01
3.964036560058593750e+01
5.873851013183593750e+01
5.795986175537109375e+01
5.442925262451171875e+01
4.569742965698242188e+01
3.000000000000000000e+01
4.013871765136718750e+01
3.000000000000000000e+01
3.505560302734375000e+01
6.137395095825195312e+01
4.241416931152343750e+01
4.795680236816406250e+01
5.197806549072265625e+01
4.319487762451171875e+01
5.583166503906250000e+01
4.776934814453125000e+01
5.512718582153320312e+01
8.442358398437500000e+01
6.187149810791015625e+01
4.071009826660156250e+01
3.801990509033203125e+01
7.834161376953125000e+01
5.089832305908203125e+01
3.388115310668945312e+01
3.020598983764648438e+01
5.181827545166015625e+01
6.415844726562500000e+01
4.306188964843750000e+01
4.869307327270507812e+01
3.815494537353515625e+01
3.358834075927734375e+01
4.636457824707031250e+01
4.142179107666015625e+01
5.349633026123046875e+01
4.332732009887695312e+01
6.127846527099609375e+01
4.182829284667968750e+01
5.472879791259765625e+01
4.175460815429687500e+01
3.876871490478515625e+01
5.886166000366210938e+01
3.402066421508789062e+01
4.862136840820312500e+01
3.000000000000000000e+01
3.000000000000000000e+01
5.144569778442382812e+01
5.005744171142578125e+01
3.596811294555664062e+01
4.839006805419921875e+01
3.000000000000000000e+01
3.995120620727539062e+01
4.173549652099609375e+01
4.054162216186523438e+01
