529	0	468	34
559	0	589	113
398	0	429	74
501	0	523	64
399	0	498	30
796	0	795	47
733	0	699	34
381	0	355	85
791	0	731	98
413	0	442	37
343	0	344	33
500	0	469	44
434	0	404	36
790	0	820	31
400	0	398	32
377	0	406	35
682	0	590	46
710	0	862	67
590	0	374	31
775	0	744	38
428	0	487	36
535	0	536	46
610	0	671	63
698	0	733	42
347	0	351	36
640	0	733	34
522	0	548	34
468	0	380	67
638	0	669	42
346	0	375	30
652	0	503	44
706	0	708	90
651	0	772	31
277	0	306	33
320	0	348	43
793	0	704	34
734	0	584	33
435	0	494	74
517	0	485	37
468	0	558	31
709	0	651	55
734	0	852	34
432	0	430	75
498	0	466	68
824	0	795	51
589	0	500	74
351	0	292	31
530	0	469	36
475	0	473	67
827	0	828	125
645	0	705	50
651	0	649	69
729	0	671	103
532	0	593	34
706	0	617	32
351	0	411	36
589	0	533	30
314	0	283	44
433	0	494	69
488	0	515	32
582	0	432	34
800	0	863	53
652	0	566	32
706	0	797	96
638	0	488	31
435	0	460	34
706	0	645	48
589	0	471	41
791	0	702	38
595	0	681	32
622	0	621	72
639	0	671	35
652	0	593	78
468	0	377	38
375	0	348	41
559	0	374	33
638	0	578	62
832	0	774	48
676	0	644	40
670	0	642	41
792	0	794	30
596	0	535	33
651	0	442	30
586	0	585	36
822	0	821	49
561	0	475	38
556	0	496	39
552	0	431	32
349	0	441	32
743	0	710	38
442	0	591	38
381	0	590	30
703	0	764	34
729	0	701	76
612	0	705	39
528	0	560	116
791	0	819	33
404	0	340	46
678	0	589	42
768	0	828	96
460	0	461	45
318	0	498	31
472	0	535	34
345	0	315	65
652	0	589	70
503	0	441	55
826	0	827	51
769	0	681	35
404	0	433	137
651	0	706	43
459	0	398	95
681	0	832	33
471	0	469	142
460	0	398	31
535	0	502	38
773	0	834	36
367	0	428	33
371	0	400	34
436	0	346	47
832	0	710	102
502	0	503	81
678	0	738	75
561	0	527	43
527	0	528	93
583	0	642	30
561	0	529	39
284	0	283	31
554	0	614	46
680	0	827	33
379	0	498	59
704	0	675	49
795	0	827	93
711	0	680	59
373	0	402	64
616	0	591	38
527	0	618	52
651	0	653	42
539	0	538	37
575	0	545	56
704	0	613	43
767	0	735	44
10	0	11	31
636	0	637	37
500	0	443	30
40	0	43	31
666	0	637	30
524	0	618	35
642	0	734	35
471	0	467	48
680	0	527	31
530	0	619	84
700	0	707	30
549	0	552	34
706	0	734	70
552	0	611	34
791	0	669	33
731	0	822	40
561	0	650	56
373	0	463	67
706	0	738	74
492	0	372	46
403	0	432	54
562	0	532	45
500	0	621	34
669	0	667	32
492	0	612	48
521	0	551	67
431	0	494	40
732	0	699	35
346	0	381	42
642	0	668	31
743	0	833	34
519	0	459	30
518	0	549	50
500	0	530	138
318	0	349	47
768	0	765	39
581	0	551	53
767	0	764	32
768	0	734	39
714	0	803	43
610	0	578	48
802	0	831	49
639	0	580	30
533	0	505	32
644	0	705	104
552	0	547	42
828	0	738	44
684	0	592	33
550	0	578	31
821	0	732	30
647	0	675	45
458	0	398	34
826	0	767	39
473	0	532	67
468	0	412	35
561	0	468	32
702	0	459	39
313	0	285	32
439	0	380	64
729	0	639	86
534	0	562	48
710	0	677	41
465	0	464	33
707	0	619	42
378	0	318	35
582	0	583	77
408	0	468	66
621	0	619	106
464	0	524	38
498	0	470	51
530	0	473	47
831	0	862	30
501	0	470	80
306	0	367	35
548	0	698	40
379	0	439	55
578	0	791	30
381	0	351	68
381	0	560	37
730	0	459	34
375	0	373	52
499	0	460	35
535	0	561	41
518	0	578	54
635	0	697	41
852	0	790	30
497	0	619	37
441	0	502	47
758	0	668	32
704	0	703	60
432	0	468	36
562	0	530	34
766	0	797	52
549	0	548	42
351	0	348	33
589	0	557	42
348	0	379	98
285	0	346	45
824	0	793	31
422	0	482	35
502	0	651	41
433	0	401	50
404	0	371	76
740	0	802	57
316	0	346	44
675	0	735	42
792	0	733	63
648	0	501	31
794	0	793	49
530	0	475	33
700	0	667	51
617	0	678	35
796	0	737	38
316	0	285	35
375	0	465	38
529	0	561	44
652	0	714	90
536	0	537	39
582	0	523	111
530	0	501	96
460	0	459	62
378	0	468	69
650	0	530	48
465	0	433	35
797	0	799	74
595	0	680	68
796	0	768	59
644	0	552	43
640	0	610	46
485	0	424	100
463	0	430	82
486	0	459	43
522	0	498	47
439	0	459	35
488	0	484	39
431	0	459	89
439	0	589	35
530	0	588	32
798	0	766	46
464	0	468	40
530	0	592	48
700	0	704	41
587	0	591	32
612	0	614	61
246	0	247	35
442	0	530	33
680	0	620	77
733	0	763	74
797	0	709	31
466	0	437	32
530	0	411	38
534	0	591	100
713	0	620	38
729	0	697	47
410	0	412	30
826	0	828	49
619	0	742	38
674	0	704	127
459	0	424	43
579	0	550	51
614	0	619	32
652	0	497	37
710	0	707	61
608	0	546	32
620	0	681	44
794	0	705	38
671	0	728	45
595	0	682	40
590	0	469	47
582	0	548	32
559	0	499	65
460	0	463	55
428	0	459	104
700	0	761	49
704	0	797	31
681	0	709	70
610	0	640	55
649	0	589	60
610	0	670	30
549	0	551	30
766	0	795	48
436	0	345	31
558	0	530	50
794	0	767	37
283	0	344	32
425	0	459	75
347	0	377	37
577	0	578	31
378	0	348	31
678	0	708	106
348	0	468	64
699	0	759	65
373	0	430	31
704	0	731	31
715	0	743	46
677	0	459	34
620	0	618	71
648	0	589	100
493	0	494	41
791	0	728	38
430	0	431	89
433	0	461	45
671	0	703	31
534	0	803	30
534	0	497	36
793	0	823	69
402	0	435	30
590	0	710	36
707	0	678	96
680	0	652	119
590	0	563	44
698	0	731	48
799	0	827	44
527	0	558	43
313	0	404	37
592	0	684	30
400	0	431	51
405	0	406	40
610	0	608	91
589	0	503	40
565	0	533	49
652	0	713	83
551	0	582	82
732	0	759	61
595	0	652	37
740	0	773	36
523	0	467	30
349	0	320	68
729	0	669	84
833	0	800	41
468	0	373	31
349	0	289	31
400	0	459	56
674	0	854	30
619	0	528	136
533	0	622	30
764	0	763	34
673	0	674	55
772	0	743	83
591	0	680	105
561	0	618	42
485	0	666	42
651	0	593	47
531	0	565	36
347	0	380	33
699	0	641	31
536	0	596	34
612	0	583	59
714	0	685	76
703	0	702	50
523	0	431	32
707	0	795	45
545	0	575	63
434	0	402	42
532	0	563	69
682	0	532	39
468	0	287	30
833	0	802	100
710	0	652	53
374	0	498	37
528	0	651	40
738	0	707	96
535	0	563	35
642	0	674	56
381	0	382	119
648	0	646	71
466	0	494	31
375	0	406	39
616	0	647	38
640	0	670	49
708	0	742	36
502	0	443	56
345	0	344	69
582	0	612	126
802	0	501	41
381	0	468	41
551	0	581	37
797	0	801	31
575	0	516	30
760	0	794	36
592	0	626	30
500	0	595	38
345	0	404	96
618	0	557	31
794	0	795	54
743	0	772	80
733	0	822	63
607	0	608	32
610	0	641	56
612	0	640	107
672	0	582	35
710	0	709	120
827	0	459	42
489	0	458	45
730	0	671	83
734	0	761	57
763	0	704	31
593	0	590	35
474	0	472	83
366	0	459	31
678	0	649	108
681	0	560	53
456	0	516	35
522	0	463	40
619	0	460	30
611	0	674	30
283	0	284	47
677	0	705	37
402	0	374	53
548	0	580	56
667	0	635	45
376	0	404	36
608	0	666	46
470	0	497	38
502	0	474	96
497	0	498	82
566	0	500	32
734	0	824	65
792	0	734	31
769	0	737	45
431	0	498	39
580	0	699	31
431	0	402	50
459	0	732	32
503	0	471	114
697	0	667	38
621	0	589	50
713	0	773	58
789	0	761	30
530	0	533	41
668	0	701	40
461	0	521	36
503	0	562	44
733	0	797	36
491	0	461	64
744	0	862	33
670	0	699	32
674	0	616	36
698	0	638	32
821	0	733	42
619	0	557	49
402	0	429	36
640	0	699	77
503	0	468	33
733	0	459	44
671	0	641	93
503	0	414	65
469	0	503	37
500	0	470	39
578	0	488	53
404	0	434	36
498	0	591	52
679	0	561	44
432	0	400	60
700	0	703	45
731	0	698	53
472	0	344	32
707	0	704	62
492	0	524	58
651	0	714	134
714	0	802	86
642	0	644	46
521	0	549	35
400	0	491	33
705	0	645	39
595	0	593	40
742	0	679	31
379	0	350	46
798	0	679	32
532	0	536	40
346	0	256	30
527	0	585	46
436	0	497	43
641	0	582	37
736	0	705	35
703	0	672	34
739	0	709	36
620	0	558	31
648	0	561	30
773	0	714	79
742	0	680	53
622	0	531	56
528	0	590	87
827	0	799	45
795	0	768	32
676	0	619	34
539	0	537	69
536	0	539	51
468	0	378	43
317	0	346	35
643	0	523	33
471	0	438	31
527	0	531	57
531	0	593	49
457	0	487	39
575	0	546	37
534	0	681	39
608	0	518	40
557	0	498	34
682	0	591	89
534	0	505	32
349	0	378	85
528	0	707	36
344	0	374	38
827	0	824	72
701	0	643	43
706	0	767	63
315	0	346	51
649	0	560	51
375	0	408	31
286	0	346	54
582	0	521	86
464	0	375	37
768	0	827	107
773	0	684	34
768	0	773	32
493	0	522	42
560	0	652	88
616	0	590	40
736	0	735	40
468	0	652	31
709	0	738	56
459	0	578	31
531	0	502	218
612	0	550	31
798	0	802	48
498	0	618	39
530	0	529	33
380	0	381	69
652	0	530	60
290	0	350	47
456	0	488	49
651	0	459	34
530	0	442	46
498	0	348	33
821	0	852	34
652	0	680	90
652	0	774	50
736	0	768	32
640	0	701	39
584	0	585	31
534	0	475	46
563	0	562	56
619	0	682	66
442	0	502	35
554	0	582	30
427	0	428	39
714	0	684	77
618	0	650	56
792	0	762	34
436	0	405	34
619	0	710	41
345	0	318	39
745	0	743	33
803	0	714	50
546	0	485	50
499	0	459	63
652	0	685	92
468	0	464	34
539	0	534	40
471	0	344	43
668	0	612	40
503	0	651	38
827	0	766	44
494	0	554	48
435	0	433	111
561	0	411	30
455	0	337	30
410	0	380	34
12	0	10	52
398	0	428	65
640	0	550	30
787	0	698	39
557	0	559	42
582	0	732	43
500	0	473	49
472	0	532	44
702	0	731	42
468	0	406	65
452	0	459	36
667	0	700	46
475	0	471	136
414	0	503	61
707	0	647	65
681	0	772	72
485	0	486	74
443	0	590	33
581	0	459	32
797	0	824	47
546	0	516	35
650	0	708	34
591	0	344	38
344	0	468	32
648	0	558	38
667	0	669	37
433	0	372	62
347	0	408	32
801	0	769	32
561	0	649	34
616	0	644	46
414	0	471	41
561	0	469	35
582	0	643	82
533	0	536	69
620	0	622	66
344	0	531	35
642	0	702	51
531	0	710	30
595	0	501	36
347	0	404	52
546	0	459	34
827	0	735	30
825	0	767	31
791	0	761	113
642	0	581	41
822	0	789	50
527	0	460	33
764	0	791	47
578	0	667	36
472	0	414	32
547	0	667	32
494	0	431	43
677	0	498	34
608	0	606	33
669	0	701	33
378	0	380	76
497	0	529	30
552	0	674	38
406	0	467	34
502	0	381	38
648	0	678	129
704	0	735	43
678	0	705	36
459	0	347	31
558	0	497	30
674	0	676	45
471	0	411	70
404	0	459	39
523	0	344	43
582	0	459	51
822	0	612	35
681	0	706	45
774	0	591	30
589	0	562	35
707	0	710	52
540	0	480	31
374	0	468	30
613	0	645	38
547	0	521	32
381	0	319	42
315	0	314	57
468	0	499	57
758	0	730	46
475	0	501	51
381	0	348	35
563	0	595	45
792	0	763	44
773	0	708	31
682	0	710	42
380	0	349	49
635	0	758	37
499	0	411	32
759	0	667	40
795	0	735	59
381	0	531	50
673	0	703	37
646	0	619	60
464	0	459	75
546	0	548	44
501	0	355	36
612	0	670	57
528	0	471	63
590	0	503	50
703	0	612	37
758	0	760	73
578	0	549	52
469	0	531	48
346	0	459	51
698	0	640	44
684	0	743	31
647	0	680	36
503	0	652	65
522	0	462	36
682	0	679	51
737	0	766	31
614	0	645	44
492	0	491	41
823	0	822	47
803	0	774	33
584	0	704	37
498	0	560	37
432	0	522	55
533	0	590	57
350	0	378	31
798	0	796	98
671	0	699	68
524	0	493	46
800	0	861	30
461	0	460	64
459	0	456	43
774	0	682	38
735	0	823	66
502	0	533	95
745	0	802	35
528	0	459	48
619	0	713	43
737	0	797	68
649	0	620	43
642	0	640	49
504	0	503	33
699	0	697	35
640	0	672	30
714	0	745	66
319	0	348	67
795	0	736	35
502	0	652	38
489	0	459	75
484	0	514	48
710	0	738	57
735	0	674	37
579	0	548	63
563	0	535	35
589	0	707	44
561	0	679	36
714	0	652	122
608	0	488	62
582	0	522	91
561	0	470	30
531	0	622	62
580	0	522	74
314	0	313	45
493	0	553	38
671	0	791	37
736	0	706	40
436	0	471	30
674	0	729	35
733	0	794	71
744	0	685	65
381	0	412	45
773	0	744	76
471	0	503	149
501	0	561	134
676	0	705	37
561	0	442	48
591	0	498	46
639	0	669	44
560	0	706	31
501	0	534	117
532	0	503	71
467	0	469	87
644	0	580	32
467	0	405	31
475	0	503	68
590	0	709	36
613	0	674	70
484	0	481	48
254	0	284	34
714	0	743	78
349	0	531	32
374	0	375	60
589	0	587	44
522	0	642	45
592	0	596	43
644	0	827	31
708	0	832	31
707	0	729	32
502	0	470	39
563	0	622	38
548	0	638	37
586	0	618	45
405	0	346	35
522	0	551	64
619	0	380	31
827	0	823	46
679	0	681	82
439	0	559	31
287	0	348	46
795	0	798	52
578	0	698	42
522	0	464	34
459	0	433	48
501	0	559	58
644	0	671	33
707	0	559	38
622	0	684	53
733	0	760	49
652	0	501	96
612	0	673	75
591	0	566	70
533	0	535	114
494	0	375	32
652	0	684	125
674	0	764	30
733	0	821	32
441	0	473	61
580	0	581	59
373	0	435	47
684	0	685	45
374	0	404	69
582	0	552	102
666	0	667	84
833	0	773	72
761	0	762	37
102	0	100	31
498	0	344	52
515	0	548	33
471	0	527	30
671	0	734	33
412	0	472	30
680	0	706	61
468	0	591	48
561	0	472	94
398	0	427	39
619	0	645	32
436	0	466	36
711	0	681	49
652	0	562	46
517	0	488	53
469	0	410	32
708	0	704	45
672	0	702	41
583	0	613	51
503	0	680	33
704	0	701	47
400	0	463	47
789	0	758	63
617	0	559	40
680	0	590	87
759	0	794	39
710	0	590	43
527	0	591	82
676	0	736	32
729	0	635	32
643	0	642	55
707	0	711	30
591	0	588	48
315	0	347	42
500	0	468	64
704	0	614	37
674	0	646	52
684	0	774	42
591	0	685	30
561	0	622	86
532	0	471	53
801	0	708	30
344	0	502	32
758	0	700	39
522	0	582	98
647	0	590	34
498	0	588	41
531	0	506	38
379	0	408	30
650	0	682	69
501	0	710	40
644	0	642	57
459	0	429	41
652	0	499	37
772	0	862	84
529	0	530	33
827	0	797	210
498	0	708	31
674	0	612	72
487	0	367	34
617	0	591	38
559	0	558	65
521	0	554	30
700	0	640	91
563	0	590	41
640	0	791	41
734	0	644	99
583	0	614	30
469	0	381	32
729	0	788	41
797	0	793	46
558	0	678	31
670	0	641	51
616	0	527	53
471	0	374	41
734	0	731	62
674	0	705	105
379	0	471	35
521	0	431	31
675	0	645	37
677	0	710	32
464	0	434	39
559	0	534	34
729	0	761	59
710	0	771	81
593	0	624	30
764	0	797	30
347	0	345	93
533	0	652	62
350	0	347	55
502	0	505	33
560	0	617	33
707	0	705	89
679	0	588	40
398	0	396	31
435	0	313	32
532	0	474	36
711	0	742	45
702	0	642	67
740	0	772	74
381	0	440	38
527	0	523	52
793	0	852	31
681	0	685	30
773	0	827	30
677	0	769	32
386	0	441	31
700	0	793	32
613	0	610	30
641	0	640	39
528	0	466	31
537	0	566	139
758	0	697	37
528	0	500	72
645	0	584	30
684	0	531	31
522	0	433	45
773	0	680	45
518	0	580	32
700	0	641	69
374	0	459	70
346	0	317	32
501	0	348	32
501	0	382	50
710	0	802	146
500	0	494	36
619	0	532	36
522	0	643	39
738	0	766	33
821	0	729	39
560	0	497	64
703	0	642	36
612	0	729	30
759	0	821	31
411	0	468	52
824	0	796	30
620	0	499	30
639	0	612	47
471	0	349	35
216	0	217	65
558	0	648	45
531	0	411	53
489	0	430	30
470	0	501	65
406	0	459	36
674	0	707	72
468	0	503	36
613	0	553	31
709	0	531	38
414	0	473	30
670	0	701	40
536	0	560	39
681	0	471	30
760	0	730	95
612	0	524	40
441	0	443	83
440	0	501	40
704	0	827	30
468	0	318	37
666	0	459	35
484	0	574	52
706	0	736	34
681	0	803	50
379	0	351	30
494	0	460	53
714	0	592	31
701	0	459	31
589	0	620	104
593	0	619	32
775	0	681	36
801	0	742	61
439	0	381	46
702	0	729	40
461	0	430	31
500	0	531	202
549	0	521	39
706	0	644	57
582	0	524	39
531	0	713	31
703	0	674	62
414	0	442	31
468	0	433	62
622	0	620	55
861	0	802	51
671	0	639	46
566	0	501	58
502	0	475	47
619	0	622	71
527	0	500	58
502	0	380	30
491	0	460	76
772	0	531	47
833	0	803	56
461	0	431	40
828	0	798	134
530	0	528	60
374	0	344	32
487	0	485	31
523	0	581	30
802	0	619	37
583	0	612	47
822	0	763	38
768	0	802	40
728	0	788	42
735	0	764	89
405	0	433	47
682	0	620	37
347	0	435	39
700	0	702	68
760	0	704	33
767	0	733	31
734	0	672	41
515	0	575	89
534	0	592	70
561	0	595	86
618	0	644	30
643	0	582	50
536	0	503	39
560	0	475	43
826	0	824	37
619	0	529	59
527	0	468	47
531	0	494	35
580	0	550	52
674	0	738	32
576	0	578	33
729	0	640	99
825	0	797	40
708	0	652	32
443	0	442	62
559	0	619	87
561	0	684	42
649	0	588	32
617	0	618	67
797	0	705	39
548	0	576	55
367	0	337	36
765	0	706	35
714	0	800	35
380	0	378	51
772	0	619	68
798	0	769	106
832	0	798	34
768	0	589	33
462	0	522	56
681	0	802	43
472	0	411	46
734	0	762	42
591	0	621	106
459	0	485	79
492	0	459	44
548	0	487	40
730	0	759	100
442	0	413	37
682	0	533	39
677	0	649	46
642	0	671	116
559	0	473	34
588	0	527	57
793	0	764	43
651	0	535	30
518	0	547	89
374	0	435	44
490	0	491	41
462	0	463	56
500	0	566	30
464	0	373	37
349	0	287	37
707	0	769	54
648	0	681	47
492	0	430	52
433	0	524	40
706	0	589	32
730	0	700	168
456	0	459	75
613	0	704	31
560	0	536	38
613	0	524	30
528	0	533	30
738	0	648	40
498	0	432	32
641	0	581	37
344	0	285	34
379	0	318	45
790	0	761	56
590	0	561	144
547	0	545	33
411	0	502	49
399	0	398	38
576	0	548	40
743	0	619	41
320	0	349	56
762	0	822	71
290	0	349	37
530	0	651	52
674	0	701	42
551	0	523	51
708	0	459	38
590	0	565	42
591	0	558	31
734	0	673	56
745	0	652	43
536	0	534	75
672	0	611	30
533	0	621	30
618	0	617	58
714	0	682	64
558	0	561	37
338	0	367	46
381	0	500	38
527	0	587	46
375	0	402	31
429	0	344	50
468	0	529	33
462	0	523	74
575	0	544	35
497	0	530	37
531	0	620	52
400	0	432	33
471	0	532	71
313	0	283	57
502	0	589	38
461	0	344	31
590	0	472	67
468	0	375	42
531	0	743	31
768	0	737	81
497	0	559	35
617	0	707	30
472	0	476	38
374	0	313	33
379	0	409	31
532	0	682	43
682	0	803	30
468	0	381	57
651	0	744	107
734	0	677	33
827	0	767	127
443	0	500	46
700	0	759	60
468	0	500	77
474	0	534	33
612	0	613	109
433	0	465	36
743	0	652	52
707	0	617	31
439	0	470	40
768	0	769	233
619	0	616	38
500	0	682	34
769	0	739	135
591	0	709	47
350	0	381	75
795	0	705	36
591	0	648	53
674	0	524	30
531	0	459	41
765	0	797	50
287	0	346	49
611	0	610	39
827	0	826	74
713	0	832	33
548	0	546	47
408	0	439	50
306	0	337	46
468	0	405	33
774	0	714	75
674	0	671	53
764	0	767	32
667	0	729	59
531	0	498	70
590	0	586	31
413	0	503	34
737	0	706	56
345	0	436	31
580	0	548	43
678	0	528	33
731	0	674	37
565	0	531	44
382	0	412	39
486	0	515	37
459	0	498	311
348	0	375	31
283	0	313	56
503	0	502	86
531	0	470	47
435	0	437	37
678	0	675	35
500	0	381	46
441	0	410	45
500	0	561	87
588	0	587	55
441	0	590	37
612	0	609	59
590	0	617	35
669	0	459	35
464	0	433	151
802	0	589	30
681	0	745	36
482	0	483	45
643	0	671	58
831	0	773	37
710	0	739	57
440	0	411	34
794	0	764	44
349	0	438	34
10	0	43	34
650	0	707	30
646	0	648	60
380	0	351	30
493	0	460	30
802	0	863	37
431	0	522	31
471	0	590	87
531	0	707	68
680	0	769	55
430	0	462	42
768	0	735	33
863	0	773	33
349	0	439	37
431	0	374	35
381	0	469	39
732	0	758	48
531	0	591	270
431	0	404	36
761	0	730	36
402	0	405	30
648	0	559	60
610	0	613	43
614	0	644	102
593	0	652	59
347	0	469	32
349	0	379	103
805	0	774	68
492	0	433	43
575	0	606	41
551	0	524	40
500	0	652	66
803	0	772	110
527	0	471	37
502	0	497	45
589	0	374	30
768	0	739	58
522	0	429	32
493	0	521	45
619	0	523	35
765	0	768	42
732	0	730	71
523	0	527	65
503	0	536	45
441	0	383	51
742	0	773	105
612	0	762	51
680	0	534	37
560	0	440	41
680	0	798	53
743	0	801	45
524	0	613	31
794	0	733	52
774	0	775	38
503	0	382	30
734	0	823	83
608	0	699	39
680	0	647	33
378	0	346	40
646	0	618	36
742	0	740	32
539	0	566	88
639	0	699	54
703	0	704	56
764	0	823	43
459	0	466	55
533	0	562	50
704	0	459	35
492	0	461	58
773	0	619	69
787	0	728	42
494	0	495	35
385	0	503	55
583	0	644	32
733	0	701	42
467	0	374	44
689	0	566	38
467	0	470	36
429	0	398	61
731	0	703	33
767	0	769	75
534	0	563	94
534	0	443	30
704	0	643	51
381	0	380	118
442	0	474	45
409	0	468	36
608	0	667	85
767	0	677	30
376	0	378	70
710	0	833	43
608	0	609	45
558	0	618	69
381	0	498	75
383	0	441	37
593	0	563	34
772	0	681	90
612	0	619	33
531	0	563	78
501	0	802	37
375	0	468	41
592	0	472	36
193	0	106	33
713	0	590	32
636	0	608	31
647	0	679	50
772	0	708	31
769	0	802	53
761	0	728	37
832	0	714	40
697	0	758	33
502	0	595	32
528	0	530	64
617	0	648	48
736	0	737	37
460	0	433	33
402	0	523	32
550	0	552	49
613	0	611	65
515	0	544	47
580	0	729	44
773	0	648	38
516	0	459	31
698	0	548	47
429	0	397	34
761	0	758	32
405	0	373	36
728	0	789	31
527	0	499	37
794	0	796	36
652	0	650	72
381	0	591	45
491	0	552	39
710	0	740	39
733	0	729	91
705	0	736	34
797	0	707	61
619	0	706	36
744	0	684	55
704	0	708	39
405	0	434	37
595	0	563	47
374	0	378	31
852	0	733	30
681	0	708	63
522	0	521	126
702	0	643	55
651	0	742	37
737	0	827	37
651	0	529	36
832	0	834	40
610	0	582	31
792	0	793	49
442	0	412	39
684	0	715	37
789	0	821	44
498	0	464	30
798	0	678	38
730	0	824	33
759	0	730	74
471	0	412	70
523	0	528	110
349	0	316	36
589	0	528	142
460	0	492	42
554	0	613	35
773	0	560	37
744	0	802	71
501	0	680	74
435	0	344	40
563	0	502	46
619	0	561	108
487	0	547	56
561	0	473	51
795	0	764	32
644	0	648	37
498	0	530	51
427	0	367	46
443	0	383	31
698	0	790	38
346	0	468	38
501	0	618	36
498	0	557	32
729	0	762	44
562	0	619	33
484	0	573	59
472	0	412	40
795	0	766	31
620	0	503	30
435	0	284	46
700	0	638	30
533	0	619	38
616	0	619	50
433	0	344	61
773	0	800	91
679	0	591	56
759	0	879	35
797	0	829	30
531	0	566	54
454	0	515	33
772	0	831	42
528	0	499	51
346	0	377	33
580	0	644	37
548	0	575	31
681	0	534	31
578	0	729	42
677	0	709	40
469	0	499	53
728	0	639	30
494	0	468	41
548	0	459	83
439	0	374	41
796	0	794	57
648	0	500	41
474	0	591	37
619	0	533	46
593	0	560	43
701	0	642	71
580	0	670	30
745	0	714	54
433	0	435	71
438	0	498	52
537	0	538	35
575	0	636	37
382	0	501	39
488	0	491	30
672	0	732	84
618	0	560	69
698	0	671	49
430	0	374	31
833	0	832	80
587	0	558	31
481	0	452	39
581	0	578	33
471	0	592	48
606	0	607	30
348	0	320	56
588	0	618	102
523	0	498	67
706	0	765	33
521	0	613	32
620	0	592	59
651	0	715	35
682	0	802	41
659	0	566	40
608	0	759	47
619	0	562	30
767	0	766	67
406	0	404	41
737	0	738	53
534	0	652	56
552	0	584	47
708	0	772	30
485	0	454	113
366	0	338	31
774	0	832	38
529	0	527	40
473	0	441	49
523	0	559	32
467	0	459	55
347	0	374	30
374	0	402	32
439	0	497	41
595	0	592	67
759	0	793	31
800	0	862	112
485	0	456	120
474	0	501	64
668	0	699	107
772	0	591	31
537	0	507	40
651	0	802	54
674	0	614	57
554	0	552	32
706	0	648	30
246	0	216	44
797	0	825	34
582	0	613	92
430	0	490	50
469	0	459	32
617	0	527	36
367	0	306	44
702	0	791	34
768	0	705	34
704	0	764	47
589	0	585	33
590	0	592	123
432	0	435	32
366	0	306	33
378	0	498	32
461	0	464	45
518	0	460	30
471	0	500	117
642	0	610	38
743	0	682	50
669	0	700	57
646	0	527	30
652	0	773	32
522	0	491	91
482	0	485	49
744	0	743	74
797	0	768	137
366	0	337	39
708	0	739	51
616	0	586	44
707	0	501	33
649	0	681	47
590	0	530	127
502	0	528	44
700	0	642	66
547	0	552	31
790	0	759	102
256	0	316	39
649	0	652	30
588	0	561	34
667	0	665	39
559	0	497	55
566	0	569	42
423	0	484	49
530	0	618	43
642	0	733	42
738	0	799	55
433	0	405	38
761	0	732	35
671	0	668	36
621	0	652	135
538	0	506	47
733	0	735	68
506	0	536	30
438	0	500	34
349	0	411	35
503	0	474	153
825	0	824	45
500	0	442	50
679	0	621	36
432	0	373	55
414	0	385	32
590	0	494	38
707	0	648	79
503	0	530	60
644	0	677	39
828	0	799	60
768	0	680	40
379	0	410	34
459	0	612	65
713	0	531	48
762	0	758	38
428	0	427	43
560	0	621	67
607	0	606	31
732	0	705	32
760	0	761	36
561	0	563	116
560	0	680	92
528	0	592	33
673	0	642	50
790	0	821	57
408	0	498	30
798	0	832	37
580	0	700	34
404	0	374	71
684	0	591	39
646	0	614	30
671	0	729	95
760	0	671	38
651	0	560	133
436	0	434	32
678	0	797	36
607	0	666	46
668	0	608	49
521	0	581	46
580	0	613	35
535	0	501	32
372	0	431	41
561	0	536	40
621	0	501	62
758	0	699	47
433	0	493	32
401	0	463	33
434	0	431	77
559	0	533	32
531	0	650	37
561	0	588	38
701	0	705	40
530	0	589	76
591	0	499	55
501	0	593	40
638	0	608	45
642	0	705	33
700	0	612	44
484	0	483	39
431	0	462	47
490	0	430	38
349	0	317	38
413	0	441	85
743	0	862	36
527	0	467	31
285	0	435	30
432	0	464	70
500	0	559	58
734	0	730	39
546	0	575	36
489	0	518	92
586	0	590	35
700	0	734	51
349	0	347	84
531	0	649	33
467	0	437	47
854	0	824	32
346	0	315	40
558	0	617	37
708	0	649	36
710	0	682	49
579	0	580	63
483	0	482	44
685	0	619	33
528	0	680	35
459	0	428	56
382	0	411	53
482	0	453	34
466	0	498	96
534	0	539	30
515	0	424	38
700	0	706	32
591	0	710	64
595	0	535	47
680	0	471	31
707	0	732	31
768	0	459	39
862	0	831	34
710	0	650	46
591	0	713	58
560	0	558	87
833	0	862	44
441	0	500	43
425	0	455	32
471	0	591	138
803	0	833	56
644	0	522	63
639	0	578	37
499	0	530	77
345	0	468	36
773	0	801	114
709	0	681	57
376	0	375	32
313	0	372	31
710	0	649	36
767	0	710	31
531	0	469	40
787	0	759	35
436	0	469	49
563	0	532	54
732	0	790	50
402	0	461	32
730	0	761	50
733	0	703	92
588	0	591	58
527	0	496	57
591	0	535	48
522	0	523	116
707	0	644	43
620	0	649	55
552	0	642	59
739	0	708	46
637	0	606	42
699	0	733	31
833	0	710	51
580	0	551	45
773	0	501	42
554	0	644	35
497	0	589	45
472	0	561	75
464	0	374	41
566	0	530	34
825	0	828	36
503	0	475	142
468	0	534	34
730	0	762	33
699	0	760	45
684	0	652	106
378	0	404	34
705	0	827	39
523	0	501	60
650	0	620	95
431	0	432	104
610	0	666	30
529	0	591	31
732	0	704	81
521	0	612	75
551	0	521	52
315	0	285	54
430	0	491	37
582	0	580	94
621	0	561	88
680	0	622	66
713	0	652	127
498	0	558	41
460	0	344	68
344	0	372	31
699	0	639	68
532	0	680	35
455	0	425	31
379	0	404	32
742	0	709	34
680	0	503	36
424	0	515	31
644	0	498	33
469	0	466	33
374	0	464	31
346	0	284	31
561	0	566	50
582	0	492	45
590	0	497	53
827	0	887	37
640	0	668	41
474	0	505	31
470	0	441	42
596	0	591	37
798	0	707	43
527	0	586	38
706	0	681	41
589	0	472	32
459	0	497	39
707	0	737	58
375	0	316	37
700	0	669	57
735	0	825	36
644	0	583	31
537	0	531	40
613	0	643	59
474	0	475	84
626	0	596	32
484	0	424	31
635	0	575	66
503	0	504	51
503	0	411	38
611	0	641	60
503	0	383	47
443	0	591	31
671	0	702	50
730	0	612	35
591	0	474	36
383	0	443	31
739	0	768	51
669	0	639	50
487	0	428	48
347	0	406	54
587	0	590	38
731	0	701	61
560	0	707	40
486	0	516	48
791	0	760	110
579	0	581	38
133	0	193	42
764	0	824	34
551	0	612	65
582	0	491	31
523	0	491	61
464	0	372	31
640	0	579	35
442	0	472	45
454	0	485	83
505	0	503	39
550	0	523	30
620	0	374	33
285	0	345	62
373	0	372	51
681	0	742	66
647	0	646	59
798	0	768	157
560	0	535	44
579	0	549	31
560	0	644	30
761	0	733	52
700	0	643	35
435	0	346	33
307	0	338	30
547	0	485	46
744	0	501	30
698	0	668	98
679	0	618	50
596	0	626	33
635	0	612	30
559	0	527	63
618	0	592	31
608	0	459	81
797	0	802	34
463	0	432	221
491	0	489	32
381	0	530	30
553	0	524	34
285	0	316	62
471	0	383	31
589	0	470	31
773	0	561	31
498	0	459	194
528	0	619	119
378	0	379	65
767	0	708	46
404	0	348	32
432	0	374	50
766	0	767	64
534	0	502	138
652	0	561	93
520	0	521	33
773	0	768	35
610	0	638	54
680	0	618	47
310	0	459	30
833	0	772	63
619	0	502	37
667	0	606	40
589	0	647	33
441	0	344	30
828	0	797	121
619	0	678	57
443	0	441	107
744	0	715	37
461	0	459	43
649	0	682	32
527	0	617	33
679	0	676	32
700	0	666	42
677	0	644	43
531	0	558	34
589	0	498	60
651	0	678	31
432	0	403	38
434	0	437	31
411	0	439	50
549	0	550	33
729	0	699	108
498	0	442	38
492	0	460	58
288	0	349	31
684	0	714	48
461	0	491	42
515	0	547	36
766	0	798	42
589	0	622	52
774	0	651	31
672	0	612	145
459	0	614	33
491	0	493	34
558	0	590	66
411	0	349	53
530	0	499	51
344	0	430	35
681	0	622	42
768	0	795	46
675	0	676	37
472	0	468	43
442	0	441	84
849	0	789	46
772	0	771	74
612	0	584	40
318	0	346	36
470	0	468	88
473	0	560	68
803	0	773	99
499	0	379	36
791	0	459	35
574	0	575	35
732	0	640	41
318	0	287	30
548	0	429	30
590	0	475	37
485	0	337	40
467	0	471	42
706	0	651	38
499	0	501	59
521	0	491	107
581	0	582	62
311	0	313	33
582	0	733	30
347	0	288	42
713	0	714	49
411	0	383	47
822	0	823	61
590	0	773	32
608	0	582	32
680	0	772	58
558	0	588	85
617	0	587	35
561	0	709	33
372	0	313	35
616	0	498	33
700	0	791	61
734	0	763	116
795	0	734	51
650	0	590	79
485	0	483	45
701	0	699	48
348	0	349	147
552	0	613	51
488	0	398	58
637	0	548	30
642	0	459	54
648	0	651	47
759	0	758	112
473	0	590	52
430	0	428	45
500	0	620	30
559	0	648	46
681	0	713	58
682	0	714	62
762	0	761	47
283	0	253	38
399	0	430	60
535	0	503	56
762	0	730	39
643	0	733	37
798	0	795	46
460	0	430	55
703	0	705	36
548	0	578	101
706	0	796	32
638	0	728	34
650	0	561	67
773	0	863	41
560	0	559	140
516	0	545	31
488	0	549	73
480	0	481	66
411	0	344	41
351	0	349	38
612	0	552	91
649	0	708	37
464	0	466	45
435	0	459	52
768	0	706	72
620	0	595	34
622	0	501	48
744	0	745	59
681	0	648	36
492	0	522	135
591	0	497	54
471	0	530	109
613	0	705	43
760	0	824	30
673	0	671	38
758	0	667	56
589	0	530	72
651	0	558	30
405	0	436	38
591	0	708	35
531	0	523	69
862	0	803	55
504	0	474	53
433	0	492	54
744	0	680	33
674	0	675	74
534	0	559	41
678	0	739	33
580	0	492	31
590	0	616	37
681	0	710	108
669	0	638	52
648	0	709	39
285	0	287	31
463	0	494	44
589	0	681	60
744	0	591	30
498	0	439	51
849	0	759	34
463	0	522	72
432	0	404	56
669	0	699	46
832	0	771	47
482	0	484	53
635	0	666	50
619	0	646	50
643	0	612	131
732	0	823	34
646	0	674	54
531	0	505	37
741	0	710	62
408	0	375	33
442	0	560	31
644	0	672	53
499	0	470	47
552	0	498	34
527	0	648	37
642	0	521	32
768	0	677	44
705	0	701	30
729	0	580	39
521	0	760	34
531	0	475	55
532	0	534	94
521	0	578	35
675	0	677	39
523	0	580	36
349	0	350	88
502	0	591	117
706	0	528	31
537	0	539	45
591	0	469	31
345	0	498	53
641	0	670	37
318	0	348	34
759	0	700	62
412	0	382	40
461	0	402	35
617	0	586	30
501	0	590	120
441	0	472	68
472	0	504	35
317	0	348	37
580	0	638	40
789	0	759	45
553	0	493	45
471	0	651	42
569	0	566	41
595	0	566	89
888	0	827	40
714	0	774	62
622	0	590	63
488	0	579	33
483	0	484	83
677	0	708	84
375	0	459	83
698	0	732	31
612	0	553	63
592	0	503	78
537	0	535	44
590	0	473	52
617	0	589	58
551	0	580	47
432	0	523	50
620	0	647	31
675	0	705	42
590	0	498	55
635	0	485	55
698	0	459	55
797	0	677	42
861	0	773	39
470	0	500	33
671	0	672	69
485	0	548	71
498	0	438	30
485	0	635	34
613	0	522	41
612	0	498	30
706	0	459	44
498	0	431	31
436	0	437	50
802	0	503	30
794	0	854	38
742	0	832	41
734	0	459	41
403	0	375	30
497	0	459	39
706	0	679	42
681	0	707	49
742	0	619	59
487	0	546	44
698	0	666	88
773	0	591	59
590	0	682	41
530	0	620	52
580	0	611	64
591	0	827	37
414	0	474	31
515	0	454	33
534	0	504	76
582	0	644	64
591	0	769	42
642	0	608	34
471	0	410	37
652	0	710	54
732	0	763	50
639	0	640	45
644	0	528	31
792	0	789	33
548	0	579	75
345	0	313	59
768	0	801	34
802	0	680	36
552	0	493	48
649	0	707	30
435	0	468	79
760	0	640	36
647	0	797	50
277	0	246	33
439	0	438	72
348	0	318	64
471	0	562	43
465	0	494	44
475	0	472	63
549	0	608	31
772	0	714	39
612	0	702	70
501	0	412	61
608	0	576	33
734	0	759	32
618	0	588	94
824	0	794	69
535	0	534	65
762	0	793	37
411	0	382	83
824	0	822	45
640	0	731	32
584	0	582	60
531	0	559	108
714	0	619	33
745	0	681	70
468	0	470	153
515	0	574	30
398	0	459	96
797	0	680	35
531	0	471	205
646	0	616	64
767	0	739	35
652	0	563	38
651	0	503	53
651	0	684	120
828	0	859	39
347	0	344	76
559	0	652	43
708	0	647	41
375	0	435	74
638	0	459	37
683	0	652	30
471	0	446	44
797	0	791	30
313	0	345	76
591	0	707	55
648	0	617	57
472	0	497	44
459	0	430	49
787	0	729	38
738	0	679	40
499	0	502	49
441	0	355	93
497	0	560	31
498	0	522	33
471	0	681	38
591	0	626	33
404	0	344	42
790	0	731	55
491	0	432	40
791	0	797	32
774	0	803	34
763	0	822	32
768	0	648	37
822	0	758	31
698	0	578	41
791	0	850	93
734	0	758	38
472	0	559	30
494	0	523	121
581	0	552	61
522	0	493	46
460	0	521	35
685	0	745	30
472	0	652	32
672	0	733	49
674	0	703	57
375	0	523	45
795	0	794	55
796	0	824	30
498	0	347	37
680	0	502	51
502	0	468	49
596	0	595	49
485	0	517	40
732	0	821	39
728	0	459	36
469	0	411	37
459	0	488	89
411	0	443	35
644	0	733	82
646	0	528	34
652	0	622	125
731	0	733	135
287	0	345	34
674	0	643	86
528	0	439	45
739	0	710	47
528	0	557	67
552	0	583	62
638	0	612	52
681	0	497	32
475	0	443	35
672	0	640	31
582	0	460	31
832	0	708	44
562	0	503	41
773	0	713	74
684	0	745	36
647	0	708	37
435	0	314	31
578	0	576	40
459	0	395	36
485	0	636	30
411	0	413	34
498	0	527	70
680	0	589	63
430	0	461	33
501	0	535	47
679	0	589	60
435	0	315	33
472	0	500	59
550	0	491	46
565	0	592	34
728	0	698	155
644	0	732	43
697	0	729	58
589	0	529	63
405	0	464	49
740	0	771	51
705	0	733	51
468	0	432	41
862	0	802	171
499	0	498	41
441	0	467	32
790	0	762	31
651	0	530	75
485	0	344	31
707	0	675	41
470	0	590	31
745	0	744	57
348	0	315	45
772	0	769	39
834	0	862	36
732	0	644	51
337	0	338	36
698	0	791	46
618	0	528	67
605	0	666	40
728	0	669	33
704	0	673	42
560	0	534	71
498	0	441	41
620	0	497	32
591	0	502	102
704	0	705	70
285	0	347	30
592	0	590	122
487	0	486	32
501	0	648	38
668	0	727	32
682	0	534	30
522	0	580	49
671	0	580	42
471	0	620	37
433	0	497	32
734	0	646	32
607	0	667	35
578	0	550	66
758	0	731	54
547	0	580	32
501	0	468	63
682	0	650	52
528	0	473	31
565	0	534	68
619	0	652	118
827	0	706	54
709	0	739	47
590	0	533	47
821	0	789	45
744	0	533	32
793	0	790	32
566	0	473	30
728	0	608	36
538	0	536	32
584	0	612	34
649	0	591	43
287	0	318	32
501	0	498	73
566	0	659	76
835	0	802	35
710	0	561	34
699	0	610	31
705	0	764	38
769	0	591	37
588	0	620	47
315	0	345	62
499	0	527	36
344	0	432	30
524	0	555	36
411	0	472	51
533	0	500	59
226	0	286	44
566	0	531	68
650	0	618	73
493	0	552	32
619	0	584	31
494	0	552	32
677	0	589	40
738	0	767	79
652	0	679	35
731	0	699	41
698	0	612	40
566	0	596	166
439	0	382	33
827	0	677	30
701	0	673	30
475	0	591	42
412	0	501	45
709	0	650	30
494	0	493	48
517	0	547	48
862	0	800	58
350	0	316	34
648	0	620	37
424	0	459	49
676	0	674	32
552	0	492	40
589	0	468	47
323	0	351	37
532	0	473	41
706	0	700	32
679	0	531	32
704	0	698	31
732	0	734	113
738	0	796	43
546	0	547	44
560	0	472	66
463	0	461	53
406	0	347	44
503	0	590	35
502	0	374	32
837	0	774	32
469	0	560	42
534	0	651	53
646	0	705	64
403	0	431	36
534	0	535	68
344	0	345	45
403	0	374	38
652	0	653	33
377	0	468	32
435	0	373	45
729	0	731	135
589	0	558	87
617	0	590	42
652	0	772	32
485	0	459	89
732	0	674	39
738	0	678	71
674	0	645	54
469	0	530	46
429	0	488	40
595	0	651	35
468	0	589	56
530	0	590	117
638	0	699	42
802	0	771	56
619	0	743	30
482	0	481	85
635	0	637	48
500	0	523	41
498	0	316	71
765	0	764	39
428	0	430	39
619	0	803	34
466	0	527	38
499	0	589	42
381	0	352	35
468	0	443	37
522	0	461	43
791	0	788	38
436	0	404	40
707	0	796	32
535	0	595	56
566	0	567	37
736	0	797	39
733	0	761	67
677	0	827	34
592	0	535	32
682	0	684	37
649	0	619	128
645	0	614	33
797	0	798	220
592	0	594	49
651	0	563	37
499	0	561	52
488	0	429	59
578	0	609	34
531	0	682	81
794	0	798	39
534	0	537	46
595	0	560	78
620	0	472	32
527	0	529	35
651	0	745	39
522	0	613	43
679	0	498	31
498	0	381	56
677	0	768	41
557	0	619	47
468	0	345	36
822	0	734	50
728	0	578	35
651	0	499	59
591	0	586	38
824	0	735	33
642	0	580	45
488	0	546	30
498	0	346	45
379	0	319	68
306	0	307	38
827	0	729	33
475	0	532	36
523	0	644	38
732	0	792	60
798	0	680	32
590	0	652	90
591	0	617	32
414	0	472	32
383	0	503	36
788	0	791	47
554	0	494	33
521	0	460	43
610	0	612	87
424	0	395	30
464	0	467	31
652	0	803	36
490	0	459	67
619	0	772	38
497	0	469	43
552	0	524	56
563	0	530	36
882	0	791	30
705	0	675	55
337	0	485	37
678	0	710	47
442	0	411	49
474	0	443	37
518	0	487	52
652	0	683	52
488	0	456	63
502	0	344	34
794	0	760	32
680	0	714	34
561	0	474	44
612	0	639	55
731	0	734	69
523	0	492	92
411	0	560	35
484	0	453	35
547	0	517	34
350	0	411	43
531	0	474	52
580	0	523	57
644	0	647	50
788	0	758	43
671	0	698	51
349	0	351	57
486	0	456	55
800	0	773	83
488	0	457	35
590	0	529	46
406	0	433	33
443	0	474	61
559	0	472	36
677	0	646	96
578	0	518	54
642	0	790	32
791	0	882	72
402	0	431	68
319	0	379	45
790	0	792	34
729	0	672	36
768	0	709	60
621	0	682	84
620	0	498	32
591	0	528	81
464	0	403	46
516	0	547	38
704	0	677	33
459	0	316	42
521	0	584	32
827	0	765	42
650	0	622	38
472	0	560	81
642	0	522	51
492	0	580	32
365	0	366	34
768	0	791	30
375	0	460	59
455	0	459	48
494	0	464	49
320	0	350	31
854	0	827	36
759	0	792	31
592	0	562	92
284	0	316	32
588	0	617	60
608	0	549	33
345	0	319	35
791	0	787	32
760	0	699	39
678	0	588	35
529	0	498	47
498	0	651	42
771	0	772	62
373	0	283	41
443	0	473	62
460	0	429	51
254	0	314	41
592	0	501	84
503	0	469	30
411	0	380	118
761	0	731	60
367	0	366	49
310	0	344	31
377	0	347	30
462	0	521	33
482	0	480	37
524	0	498	56
487	0	518	43
433	0	432	112
743	0	681	126
642	0	707	30
459	0	454	33
620	0	501	52
677	0	588	31
730	0	668	35
649	0	768	32
427	0	488	42
608	0	638	84
431	0	523	41
699	0	667	69
827	0	822	33
472	0	441	63
706	0	647	71
442	0	503	45
682	0	707	35
578	0	608	145
375	0	494	34
648	0	618	92
463	0	435	30
406	0	316	34
404	0	464	74
558	0	501	32
345	0	374	50
522	0	431	34
553	0	494	35
528	0	586	35
536	0	535	47
560	0	442	46
472	0	528	38
794	0	797	96
547	0	607	35
498	0	380	58
379	0	469	43
467	0	468	95
501	0	622	43
515	0	516	47
287	0	347	44
827	0	791	34
592	0	528	30
729	0	608	51
547	0	518	80
559	0	592	35
533	0	471	60
733	0	728	31
528	0	618	98
595	0	562	37
616	0	677	32
793	0	824	32
580	0	609	31
523	0	375	34
366	0	365	33
702	0	673	36
705	0	768	39
284	0	313	46
501	0	773	32
575	0	666	44
502	0	681	45
641	0	791	33
379	0	441	33
488	0	517	67
608	0	580	86
401	0	433	31
493	0	433	33
381	0	443	43
459	0	523	34
403	0	464	53
642	0	582	93
759	0	640	37
641	0	699	30
666	0	636	57
367	0	334	33
580	0	582	81
595	0	503	36
535	0	537	44
595	0	474	31
521	0	432	43
554	0	585	34
527	0	556	41
699	0	701	43
644	0	794	45
699	0	702	31
584	0	614	76
471	0	528	62
759	0	731	60
498	0	587	31
610	0	611	39
650	0	588	36
682	0	501	59
650	0	498	35
553	0	523	73
438	0	436	63
704	0	793	31
405	0	374	52
484	0	545	35
671	0	701	125
764	0	704	43
412	0	471	40
533	0	474	59
524	0	585	39
439	0	471	92
314	0	344	48
671	0	733	59
734	0	701	35
412	0	411	71
443	0	475	40
432	0	521	33
592	0	619	88
682	0	685	37
432	0	372	40
607	0	547	39
640	0	698	44
768	0	796	64
713	0	774	42
522	0	524	96
681	0	775	52
851	0	791	53
459	0	671	31
735	0	798	31
735	0	734	86
790	0	819	38
459	0	487	31
557	0	588	41
468	0	344	30
644	0	612	96
596	0	536	32
744	0	651	50
515	0	484	56
494	0	463	30
668	0	728	79
412	0	442	31
532	0	472	47
590	0	562	55
619	0	617	61
674	0	700	42
800	0	831	69
372	0	373	50
794	0	735	54
743	0	714	74
705	0	794	32
461	0	498	49
862	0	681	30
619	0	744	49
791	0	642	34
678	0	591	31
590	0	468	51
760	0	701	36
350	0	290	34
537	0	596	38
402	0	460	34
379	0	320	37
524	0	497	39
377	0	408	34
492	0	582	42
608	0	640	60
680	0	562	30
677	0	680	51
584	0	613	53
698	0	787	39
596	0	565	36
651	0	497	38
769	0	797	68
706	0	675	63
763	0	732	62
561	0	528	61
556	0	527	38
652	0	709	30
433	0	468	50
667	0	758	32
499	0	468	52
767	0	647	34
460	0	400	46
733	0	705	52
320	0	319	41
699	0	666	58
650	0	649	64
498	0	435	36
828	0	825	35
744	0	772	51
760	0	700	101
523	0	612	76
521	0	580	76
406	0	349	33
821	0	790	61
734	0	612	44
347	0	287	85
494	0	462	30
677	0	560	35
582	0	640	33
404	0	346	56
464	0	465	32
588	0	679	36
733	0	792	49
614	0	583	32
582	0	614	40
648	0	769	39
682	0	681	99
524	0	464	41
639	0	668	36
565	0	563	64
563	0	560	62
760	0	698	34
483	0	423	64
489	0	548	56
674	0	708	36
460	0	374	54
773	0	803	115
464	0	430	41
344	0	348	40
768	0	729	30
534	0	680	38
676	0	708	32
732	0	523	36
761	0	790	35
651	0	713	144
468	0	590	38
707	0	797	69
584	0	554	78
408	0	438	32
373	0	403	70
621	0	743	36
594	0	534	30
348	0	317	55
768	0	738	202
550	0	521	48
699	0	608	35
438	0	347	39
666	0	698	75
730	0	669	35
681	0	590	57
528	0	561	60
593	0	562	30
471	0	474	157
499	0	380	45
765	0	705	30
645	0	706	49
796	0	826	36
763	0	758	34
737	0	767	73
707	0	709	42
652	0	707	33
617	0	647	52
459	0	431	36
490	0	429	32
534	0	442	36
674	0	733	87
552	0	459	74
374	0	405	38
824	0	459	30
671	0	582	46
545	0	546	30
647	0	767	33
521	0	461	47
800	0	834	30
678	0	709	91
707	0	590	33
528	0	677	31
502	0	590	41
684	0	619	32
468	0	523	46
433	0	345	30
500	0	529	56
560	0	443	34
797	0	708	32
862	0	773	89
471	0	566	45
620	0	530	58
536	0	566	96
644	0	707	44
350	0	318	42
832	0	739	45
374	0	372	31
402	0	375	30
681	0	679	104
676	0	647	99
582	0	642	111
534	0	471	57
733	0	768	30
707	0	459	40
589	0	523	41
648	0	591	56
474	0	532	33
557	0	589	40
536	0	591	44
494	0	432	48
406	0	374	40
618	0	648	85
430	0	398	54
590	0	651	124
558	0	591	55
700	0	790	73
733	0	584	32
592	0	652	143
473	0	563	36
702	0	672	60
216	0	247	38
823	0	793	49
589	0	586	44
737	0	768	48
798	0	801	41
497	0	500	57
528	0	652	38
285	0	286	35
515	0	546	30
590	0	620	122
380	0	438	31
612	0	703	44
827	0	707	39
497	0	651	40
531	0	648	42
854	0	822	31
500	0	618	34
468	0	530	42
708	0	681	41
561	0	710	46
824	0	823	36
485	0	545	203
712	0	681	31
702	0	700	56
456	0	487	50
499	0	651	50
733	0	731	105
431	0	372	34
524	0	554	72
345	0	348	100
643	0	702	38
504	0	414	34
533	0	593	47
489	0	549	41
316	0	344	72
499	0	440	37
618	0	530	32
666	0	606	44
651	0	595	54
705	0	704	62
636	0	666	53
589	0	527	72
590	0	566	32
533	0	680	33
591	0	622	117
436	0	433	42
828	0	769	33
350	0	344	36
677	0	676	99
822	0	731	35
578	0	639	45
529	0	589	52
285	0	314	37
529	0	619	64
760	0	728	62
561	0	537	32
374	0	345	50
534	0	536	63
565	0	560	34
700	0	731	102
824	0	791	39
666	0	668	61
588	0	648	54
620	0	528	47
501	0	380	40
521	0	582	68
589	0	595	33
668	0	638	42
734	0	827	51
582	0	493	39
622	0	563	43
473	0	498	37
608	0	698	72
460	0	490	67
552	0	548	59
560	0	681	49
680	0	651	240
641	0	700	50
793	0	792	45
534	0	564	35
678	0	681	33
612	0	791	33
729	0	760	160
380	0	318	30
404	0	375	201
560	0	649	64
345	0	283	38
647	0	827	32
650	0	619	172
704	0	729	30
432	0	459	72
547	0	608	37
534	0	499	33
402	0	372	59
669	0	578	33
501	0	595	60
714	0	651	74
425	0	485	155
671	0	759	37
666	0	608	55
732	0	698	32
618	0	652	35
666	0	699	38
791	0	700	55
613	0	583	52
711	0	773	38
468	0	460	48
703	0	732	67
561	0	498	43
469	0	379	42
350	0	319	47
772	0	684	33
315	0	316	43
474	0	498	30
560	0	523	36
283	0	343	32
803	0	713	33
489	0	491	31
827	0	888	39
669	0	671	52
402	0	432	67
316	0	287	37
588	0	586	43
582	0	610	32
610	0	579	61
760	0	732	60
707	0	589	38
380	0	471	34
374	0	343	35
641	0	672	39
467	0	404	31
651	0	803	50
640	0	578	42
344	0	497	31
553	0	552	37
744	0	682	38
803	0	619	38
642	0	552	40
494	0	521	42
534	0	538	35
381	0	439	38
735	0	737	38
589	0	678	51
306	0	247	31
802	0	708	34
475	0	502	47
428	0	398	78
497	0	494	42
618	0	621	46
313	0	344	53
442	0	385	54
789	0	822	60
680	0	559	60
366	0	367	40
583	0	524	33
380	0	441	47
645	0	646	64
561	0	534	138
492	0	371	32
486	0	487	33
797	0	794	78
559	0	651	46
368	0	369	35
545	0	459	36
480	0	540	52
614	0	612	36
709	0	710	63
674	0	827	32
652	0	344	39
552	0	522	128
532	0	618	30
314	0	284	52
530	0	470	36
580	0	642	38
803	0	501	41
531	0	501	280
432	0	460	59
796	0	798	97
443	0	414	36
503	0	472	151
560	0	648	53
463	0	373	43
503	0	561	72
698	0	730	47
822	0	762	31
468	0	494	31
583	0	523	94
427	0	459	70
464	0	523	61
584	0	523	37
622	0	560	61
612	0	701	49
494	0	524	52
619	0	560	152
346	0	348	161
758	0	788	34
483	0	513	31
344	0	373	46
434	0	464	44
522	0	344	42
560	0	468	56
557	0	560	46
485	0	366	33
642	0	643	54
351	0	350	45
702	0	640	31
765	0	733	33
640	0	608	46
349	0	318	97
766	0	827	38
471	0	535	32
380	0	468	32
697	0	698	55
373	0	378	36
822	0	793	76
826	0	798	44
797	0	767	147
704	0	700	66
646	0	560	31
316	0	498	66
521	0	522	138
614	0	674	66
677	0	675	45
510	0	480	31
651	0	681	187
733	0	673	37
652	0	523	30
773	0	711	39
704	0	702	42
463	0	403	61
682	0	708	30
475	0	504	74
668	0	459	46
469	0	497	63
379	0	346	33
531	0	530	130
489	0	488	59
651	0	532	50
459	0	582	32
531	0	382	31
644	0	702	31
552	0	732	45
429	0	372	37
680	0	710	158
562	0	560	104
759	0	698	84
733	0	706	39
680	0	767	34
313	0	459	31
468	0	437	51
734	0	613	37
801	0	774	30
684	0	681	33
824	0	853	35
473	0	500	42
430	0	372	31
474	0	471	146
316	0	347	37
823	0	734	68
652	0	502	54
554	0	523	51
532	0	619	34
621	0	592	91
433	0	313	30
346	0	316	76
276	0	306	41
651	0	621	152
493	0	524	39
743	0	802	97
500	0	592	38
561	0	592	191
731	0	732	101
472	0	530	77
522	0	612	103
737	0	798	47
431	0	552	32
671	0	610	48
535	0	591	32
622	0	593	69
733	0	758	36
431	0	521	30
637	0	578	31
433	0	406	30
559	0	588	55
666	0	729	52
347	0	315	48
649	0	590	64
738	0	737	66
411	0	442	62
741	0	802	34
503	0	498	47
472	0	529	34
522	0	460	50
527	0	589	48
822	0	733	74
765	0	794	40
382	0	381	78
559	0	679	31
501	0	620	47
684	0	713	34
583	0	521	33
374	0	433	38
767	0	828	33
769	0	828	31
501	0	439	38
681	0	769	35
652	0	595	35
616	0	587	39
876	0	845	35
398	0	344	35
565	0	535	41
437	0	439	30
762	0	729	47
501	0	374	36
498	0	375	43
566	0	591	66
349	0	345	36
679	0	652	52
596	0	627	32
523	0	464	58
316	0	315	30
471	0	618	42
469	0	589	48
733	0	795	30
700	0	699	80
344	0	402	33
435	0	374	50
862	0	739	39
802	0	769	44
731	0	762	44
701	0	707	38
460	0	488	30
471	0	559	61
589	0	679	73
790	0	733	66
397	0	429	43
405	0	498	31
681	0	649	70
671	0	670	70
637	0	635	36
742	0	800	31
434	0	436	47
557	0	531	36
586	0	587	33
379	0	349	92
764	0	827	32
494	0	491	37
767	0	826	32
441	0	380	83
471	0	652	41
763	0	793	35
350	0	498	46
791	0	671	51
703	0	459	37
521	0	524	61
591	0	441	47
315	0	284	36
711	0	772	38
528	0	503	48
715	0	744	47
481	0	484	60
651	0	652	327
618	0	531	45
762	0	612	50
705	0	735	81
758	0	822	32
794	0	824	67
768	0	651	34
641	0	459	38
643	0	703	36
791	0	820	38
431	0	399	34
532	0	681	40
411	0	498	77
790	0	793	43
434	0	405	33
471	0	379	47
759	0	789	43
595	0	534	48
488	0	578	45
472	0	469	36
459	0	500	31
433	0	491	32
714	0	681	64
674	0	673	43
614	0	586	30
729	0	734	40
498	0	561	41
531	0	651	140
791	0	824	37
580	0	459	45
734	0	798	35
483	0	363	49
590	0	532	40
561	0	497	43
618	0	500	42
552	0	706	36
619	0	586	39
430	0	403	32
313	0	316	42
702	0	671	49
285	0	315	53
774	0	619	39
522	0	584	38
247	0	246	69
411	0	531	35
678	0	590	31
398	0	400	42
679	0	560	49
491	0	400	34
618	0	680	40
733	0	674	90
455	0	485	126
592	0	624	36
613	0	584	45
435	0	497	41
822	0	827	37
518	0	608	51
491	0	523	68
575	0	576	42
514	0	485	32
470	0	530	36
728	0	791	49
621	0	650	63
794	0	765	35
792	0	852	52
552	0	494	30
490	0	522	30
700	0	639	48
435	0	402	35
491	0	459	59
560	0	527	84
348	0	316	95
430	0	402	47
682	0	621	46
350	0	287	31
521	0	498	40
532	0	652	41
345	0	346	62
795	0	824	34
651	0	683	63
548	0	550	44
803	0	744	46
531	0	440	38
381	0	413	42
247	0	306	39
618	0	561	35
501	0	500	143
675	0	707	32
498	0	502	48
710	0	769	59
484	0	516	38
738	0	459	31
790	0	758	72
590	0	442	39
651	0	774	69
473	0	475	101
732	0	701	65
502	0	534	121
402	0	459	73
701	0	672	70
534	0	473	57
581	0	642	30
680	0	619	127
733	0	614	34
794	0	736	39
344	0	313	30
493	0	498	30
348	0	345	130
531	0	443	57
699	0	638	38
464	0	402	47
647	0	649	39
537	0	505	32
668	0	697	41
677	0	617	51
850	0	791	56
734	0	702	45
313	0	343	44
644	0	735	39
534	0	595	71
528	0	468	98
464	0	432	90
375	0	346	39
709	0	591	48
790	0	698	38
706	0	680	41
468	0	319	35
528	0	440	30
499	0	591	50
438	0	528	30
428	0	488	112
674	0	672	71
411	0	381	130
373	0	344	76
487	0	459	50
523	0	551	60
373	0	284	37
641	0	642	72
767	0	827	142
501	0	410	31
368	0	367	45
559	0	650	30
619	0	714	38
595	0	561	60
461	0	494	30
314	0	374	31
762	0	790	40
503	0	595	68
832	0	619	32
677	0	618	52
474	0	590	33
560	0	769	36
576	0	697	32
530	0	471	70
349	0	288	37
527	0	557	67
533	0	475	50
582	0	671	36
789	0	760	34
649	0	647	44
797	0	822	34
730	0	641	37
744	0	800	56
533	0	498	31
561	0	530	109
682	0	683	33
578	0	580	62
595	0	744	30
832	0	800	92
431	0	428	34
705	0	674	76
459	0	427	35
592	0	533	69
534	0	773	30
612	0	734	39
677	0	798	40
742	0	803	58
404	0	406	68
441	0	356	41
673	0	672	43
414	0	441	101
584	0	583	42
642	0	672	88
473	0	474	60
471	0	523	33
345	0	284	48
414	0	412	33
640	0	580	54
879	0	789	60
678	0	676	69
547	0	549	37
738	0	649	31
402	0	494	31
649	0	561	37
559	0	617	33
621	0	679	31
682	0	774	33
501	0	537	31
731	0	671	85
672	0	734	30
728	0	640	32
314	0	345	73
799	0	797	70
612	0	460	34
466	0	467	49
704	0	584	43
430	0	344	53
464	0	522	41
485	0	515	157
769	0	708	84
768	0	678	62
381	0	347	35
459	0	432	48
459	0	528	31
402	0	430	39
557	0	591	33
550	0	580	66
590	0	648	72
738	0	802	46
713	0	501	52
733	0	730	82
827	0	854	53
701	0	729	78
380	0	498	86
528	0	472	31
441	0	413	64
644	0	619	39
884	0	854	38
411	0	410	68
379	0	382	32
554	0	522	48
346	0	379	48
344	0	471	32
805	0	744	43
345	0	349	36
338	0	337	45
619	0	644	49
802	0	743	97
635	0	729	35
461	0	432	45
552	0	344	32
619	0	738	32
500	0	532	63
595	0	590	52
611	0	644	36
801	0	773	135
589	0	459	34
286	0	106	33
620	0	652	101
592	0	559	48
497	0	493	30
521	0	430	38
381	0	501	68
589	0	646	30
831	0	772	35
591	0	596	43
646	0	647	63
769	0	679	30
523	0	589	40
796	0	797	102
343	0	433	34
593	0	622	44
442	0	531	45
474	0	533	47
348	0	378	41
592	0	471	47
613	0	554	38
535	0	532	31
677	0	559	37
313	0	315	41
558	0	619	92
762	0	728	34
708	0	651	42
443	0	498	39
642	0	641	74
345	0	343	30
635	0	667	46
404	0	345	61
547	0	578	55
862	0	833	54
427	0	398	41
732	0	764	30
699	0	758	39
773	0	862	119
619	0	500	56
581	0	612	88
318	0	288	31
529	0	528	52
460	0	428	36
563	0	593	64
484	0	515	53
644	0	615	35
701	0	612	49
667	0	698	108
468	0	618	47
500	0	374	32
733	0	640	33
545	0	515	68
772	0	651	39
554	0	583	36
373	0	343	63
642	0	698	32
527	0	588	44
759	0	760	117
728	0	758	136
608	0	729	66
801	0	800	45
710	0	531	45
650	0	532	31
608	0	637	77
734	0	769	30
471	0	355	43
430	0	434	40
620	0	648	43
620	0	589	112
679	0	682	45
532	0	595	42
620	0	500	42
593	0	565	34
485	0	487	53
591	0	382	31
566	0	560	51
681	0	502	46
531	0	374	42
700	0	728	95
441	0	474	45
706	0	704	82
196	0	316	33
464	0	462	49
590	0	743	34
439	0	441	65
472	0	501	258
682	0	559	31
503	0	444	45
588	0	680	30
742	0	772	64
760	0	762	42
742	0	743	39
499	0	374	46
650	0	531	73
619	0	472	35
284	0	345	35
670	0	700	65
668	0	671	31
708	0	798	53
465	0	404	31
824	0	854	41
558	0	468	32
532	0	561	141
587	0	589	40
582	0	584	49
430	0	498	46
554	0	498	33
503	0	592	74
678	0	617	38
460	0	432	47
835	0	681	63
744	0	714	73
618	0	590	112
702	0	703	51
765	0	796	32
432	0	493	37
472	0	651	35
669	0	641	32
670	0	729	80
405	0	432	31
470	0	531	35
651	0	559	61
552	0	521	179
288	0	319	33
589	0	648	87
681	0	500	35
566	0	503	42
617	0	558	36
344	0	501	40
679	0	590	60
480	0	450	39
581	0	608	31
790	0	852	40
700	0	608	49
590	0	534	56
400	0	399	50
774	0	652	32
588	0	616	43
441	0	351	35
503	0	535	81
441	0	382	66
372	0	344	55
515	0	488	35
592	0	534	76
319	0	350	38
708	0	498	36
619	0	592	86
484	0	572	30
738	0	708	95
485	0	576	35
707	0	798	53
828	0	768	66
344	0	460	106
796	0	765	33
379	0	468	70
822	0	824	48
533	0	566	66
587	0	616	30
531	0	562	81
796	0	828	51
702	0	733	94
734	0	700	49
679	0	647	40
647	0	674	31
639	0	728	38
587	0	618	32
345	0	459	62
701	0	706	32
591	0	532	81
590	0	622	46
705	0	677	40
680	0	708	82
765	0	824	32
666	0	635	32
347	0	379	81
552	0	612	85
485	0	426	43
709	0	768	50
680	0	774	39
518	0	546	32
459	0	698	32
729	0	790	89
590	0	535	30
369	0	398	31
583	0	554	37
674	0	552	41
583	0	584	36
651	0	472	32
729	0	459	30
767	0	796	89
527	0	374	46
759	0	768	30
488	0	430	32
591	0	616	49
411	0	473	30
758	0	789	63
535	0	565	68
411	0	501	77
345	0	378	31
313	0	346	49
612	0	638	43
553	0	612	48
729	0	879	38
734	0	703	89
531	0	536	57
682	0	744	30
373	0	374	71
435	0	347	42
649	0	706	32
668	0	639	51
581	0	583	40
437	0	467	33
500	0	651	64
736	0	767	35
614	0	733	32
698	0	758	96
560	0	682	57
459	0	468	32
801	0	831	39
589	0	592	65
524	0	462	34
435	0	405	55
469	0	619	30
681	0	501	68
762	0	768	37
822	0	761	53
587	0	588	34
474	0	502	72
674	0	459	48
592	0	680	47
501	0	350	35
619	0	768	36
648	0	707	61
469	0	559	39
591	0	411	38
430	0	521	32
438	0	467	31
461	0	463	68
578	0	668	53
579	0	608	72
534	0	530	65
620	0	651	96
799	0	798	50
559	0	532	42
435	0	345	71
852	0	732	77
501	0	443	52
622	0	680	44
708	0	769	75
610	0	639	81
459	0	463	39
378	0	375	53
743	0	590	33
367	0	397	30
701	0	704	38
501	0	414	31
346	0	319	34
708	0	768	92
585	0	586	33
591	0	473	75
674	0	706	56
536	0	565	48
767	0	794	45
346	0	318	44
618	0	797	31
522	0	489	30
832	0	681	43
684	0	595	46
528	0	522	30
622	0	650	32
639	0	608	41
644	0	616	65
734	0	642	43
430	0	494	32
474	0	473	89
651	0	711	46
348	0	287	50
619	0	647	45
771	0	800	32
578	0	699	37
652	0	618	42
671	0	760	39
619	0	802	40
492	0	552	74
706	0	498	32
827	0	773	30
610	0	609	59
648	0	768	43
699	0	790	42
732	0	582	32
620	0	650	94
566	0	532	37
822	0	459	30
464	0	405	37
730	0	731	138
480	0	510	34
372	0	492	36
488	0	399	59
502	0	529	36
685	0	595	38
521	0	488	33
759	0	734	37
469	0	528	59
790	0	729	95
533	0	442	32
469	0	501	64
488	0	458	91
643	0	673	44
591	0	803	33
406	0	380	34
432	0	429	51
374	0	346	38
735	0	767	68
498	0	460	140
744	0	775	45
469	0	471	132
501	0	565	39
729	0	787	40
705	0	708	64
373	0	459	49
548	0	428	31
649	0	559	40
651	0	590	160
699	0	671	56
708	0	737	51
790	0	822	66
682	0	680	130
499	0	503	38
700	0	827	30
465	0	405	64
432	0	491	37
438	0	379	44
537	0	534	40
290	0	319	33
827	0	769	56
475	0	442	30
349	0	290	51
533	0	443	43
522	0	619	30
611	0	459	33
379	0	321	33
649	0	679	101
613	0	608	30
643	0	644	110
561	0	651	127
710	0	680	134
802	0	648	32
566	0	471	31
429	0	402	35
537	0	565	35
685	0	714	44
501	0	709	32
560	0	562	99
801	0	681	37
463	0	523	56
467	0	464	32
701	0	640	41
647	0	589	39
559	0	470	35
682	0	589	41
678	0	767	38
590	0	679	61
488	0	486	44
482	0	459	35
729	0	758	125
529	0	497	38
502	0	498	71
673	0	641	31
498	0	429	34
832	0	803	119
791	0	767	30
491	0	431	37
536	0	538	36
727	0	698	32
378	0	347	54
768	0	742	35
346	0	404	59
591	0	773	55
732	0	762	117
651	0	618	65
700	0	701	152
552	0	553	37
674	0	647	35
833	0	801	36
651	0	562	43
562	0	565	30
318	0	347	46
468	0	619	40
367	0	338	42
439	0	379	66
769	0	706	41
468	0	374	63
467	0	527	34
700	0	459	37
560	0	596	37
560	0	503	75
517	0	487	40
466	0	435	47
502	0	682	31
524	0	494	45
276	0	277	32
768	0	710	41
701	0	731	73
406	0	435	44
650	0	528	36
797	0	734	32
485	0	482	49
485	0	334	31
484	0	459	40
827	0	738	46
709	0	682	31
652	0	559	39
494	0	466	38
648	0	560	46
609	0	608	31
641	0	611	39
349	0	382	31
433	0	522	71
403	0	463	43
403	0	344	35
463	0	462	60
413	0	443	36
548	0	545	51
345	0	287	57
698	0	727	51
713	0	592	31
401	0	431	31
435	0	436	57
489	0	460	35
313	0	348	42
514	0	574	36
641	0	612	210
619	0	499	46
406	0	436	47
502	0	562	50
699	0	669	50
611	0	580	44
531	0	560	181
582	0	554	36
344	0	433	39
473	0	561	51
612	0	733	55
414	0	411	33
285	0	344	32
491	0	551	50
619	0	530	88
647	0	619	63
675	0	584	30
674	0	651	34
440	0	468	53
376	0	408	33
442	0	501	68
822	0	760	43
587	0	528	32
500	0	560	140
552	0	643	41
713	0	681	75
709	0	619	34
641	0	701	46
648	0	619	111
608	0	671	46
369	0	459	37
432	0	344	46
642	0	613	45
707	0	591	49
402	0	371	33
704	0	612	55
621	0	681	64
383	0	411	54
414	0	504	38
469	0	436	36
561	0	773	35
638	0	548	33
500	0	619	57
397	0	428	31
591	0	594	49
622	0	562	41
522	0	583	35
677	0	738	41
561	0	648	30
560	0	557	43
667	0	612	30
528	0	529	61
467	0	500	30
558	0	587	40
763	0	759	57
592	0	621	49
441	0	381	125
790	0	700	59
467	0	406	40
612	0	700	38
497	0	499	41
462	0	493	32
397	0	398	48
433	0	460	65
772	0	709	37
862	0	834	51
316	0	406	36
439	0	442	30
772	0	682	34
589	0	677	56
431	0	463	155
560	0	679	59
640	0	728	31
529	0	500	43
738	0	739	72
681	0	768	39
674	0	794	35
595	0	714	30
827	0	832	32
627	0	566	44
826	0	796	41
708	0	619	40
561	0	707	41
698	0	701	39
547	0	488	58
636	0	459	31
196	0	254	34
641	0	729	39
651	0	534	65
834	0	832	30
590	0	560	250
474	0	504	91
612	0	645	37
648	0	710	38
589	0	532	35
503	0	413	55
566	0	506	34
617	0	619	73
345	0	433	44
580	0	521	61
474	0	442	44
531	0	803	39
561	0	596	35
638	0	639	31
429	0	427	37
521	0	400	30
428	0	489	39
485	0	488	72
614	0	611	30
411	0	355	59
666	0	696	35
612	0	579	48
402	0	434	32
791	0	762	110
529	0	588	36
714	0	591	47
772	0	713	50
613	0	552	44
763	0	640	38
681	0	589	56
642	0	730	35
575	0	605	41
346	0	378	45
468	0	348	69
651	0	441	36
734	0	797	51
642	0	523	36
734	0	765	60
313	0	347	35
802	0	827	34
696	0	667	33
800	0	771	47
560	0	618	94
707	0	682	30
590	0	593	57
680	0	648	68
802	0	774	97
682	0	743	42
575	0	515	45
527	0	501	64
650	0	560	102
452	0	481	38
760	0	822	41
700	0	610	40
438	0	380	30
549	0	488	63
743	0	745	36
536	0	506	36
488	0	427	61
347	0	436	31
454	0	484	64
705	0	738	37
402	0	464	46
680	0	591	124
800	0	833	77
379	0	501	36
774	0	531	36
458	0	429	38
652	0	649	41
698	0	760	39
862	0	743	38
707	0	646	51
575	0	574	34
588	0	678	41
762	0	763	30
435	0	375	45
466	0	468	39
559	0	471	53
587	0	677	36
652	0	531	146
494	0	527	37
700	0	668	60
671	0	673	40
524	0	614	35
306	0	276	33
399	0	488	46
674	0	523	43
767	0	797	177
411	0	441	99
727	0	724	54
699	0	729	131
461	0	522	41
707	0	767	56
433	0	374	80
461	0	523	36
732	0	552	35
514	0	484	45
558	0	531	41
651	0	743	83
680	0	773	85
682	0	560	45
702	0	760	33
589	0	469	37
344	0	431	44
609	0	580	33
621	0	500	36
619	0	459	49
733	0	765	31
412	0	381	49
287	0	316	49
473	0	595	44
678	0	707	85
560	0	678	31
430	0	459	57
552	0	527	30
619	0	685	31
740	0	832	50
797	0	735	31
670	0	668	41
681	0	835	33
284	0	373	31
744	0	803	31
501	0	536	33
762	0	733	59
666	0	607	31
531	0	537	31
527	0	590	38
622	0	681	42
381	0	441	101
490	0	488	32
528	0	678	30
710	0	651	70
772	0	680	40
801	0	803	64
499	0	652	36
455	0	456	40
380	0	410	32
644	0	764	49
459	0	455	35
465	0	497	32
617	0	620	46
378	0	374	43
501	0	562	63
503	0	591	94
500	0	439	36
706	0	798	49
642	0	673	43
473	0	472	87
441	0	442	84
471	0	380	49
706	0	674	71
485	0	484	69
375	0	374	57
531	0	589	118
734	0	822	53
618	0	559	50
463	0	372	58
590	0	714	34
736	0	676	35
668	0	548	32
467	0	379	33
790	0	728	59
792	0	761	36
700	0	674	54
769	0	677	35
498	0	468	99
652	0	534	47
468	0	466	60
797	0	736	30
714	0	595	33
483	0	459	31
560	0	708	35
499	0	533	32
441	0	530	33
586	0	527	71
635	0	698	30
802	0	834	59
759	0	697	32
580	0	578	68
613	0	612	91
411	0	351	60
404	0	401	37
590	0	558	66
618	0	707	42
497	0	561	36
429	0	369	56
404	0	315	34
670	0	698	39
522	0	732	38
733	0	522	33
774	0	743	44
802	0	714	67
791	0	732	86
709	0	679	74
559	0	500	72
518	0	548	80
471	0	444	41
346	0	374	36
497	0	531	69
486	0	488	48
431	0	433	122
431	0	460	48
801	0	743	39
608	0	669	36
443	0	533	36
347	0	378	59
676	0	645	32
743	0	531	35
704	0	671	43
705	0	700	37
468	0	502	54
498	0	503	47
729	0	728	137
372	0	343	31
617	0	644	30
595	0	502	33
758	0	734	31
516	0	546	43
740	0	801	48
550	0	522	39
500	0	533	63
411	0	471	70
792	0	790	40
583	0	674	34
373	0	313	41
520	0	579	39
590	0	647	40
472	0	533	58
734	0	732	127
503	0	681	31
612	0	667	43
773	0	771	62
503	0	566	50
787	0	758	64
760	0	759	128
579	0	610	42
443	0	412	43
472	0	470	41
758	0	733	33
498	0	524	34
503	0	531	194
464	0	461	38
652	0	528	40
459	0	552	38
674	0	793	32
822	0	792	55
284	0	314	52
381	0	502	42
428	0	460	32
283	0	282	45
588	0	651	33
469	0	472	38
565	0	566	77
761	0	822	40
701	0	733	57
382	0	471	44
713	0	621	31
348	0	347	98
459	0	644	45
500	0	590	100
428	0	397	33
372	0	378	33
652	0	802	44
735	0	736	41
534	0	374	38
516	0	575	37
551	0	459	39
498	0	378	32
438	0	381	47
705	0	737	35
578	0	638	87
405	0	435	72
402	0	400	39
530	0	559	69
475	0	566	31
560	0	622	51
706	0	729	36
557	0	527	51
473	0	381	31
492	0	400	43
621	0	503	30
515	0	549	37
485	0	605	30
471	0	436	33
714	0	775	32
706	0	769	30
547	0	486	32
547	0	546	45
522	0	375	36
580	0	671	43
499	0	469	56
733	0	700	55
644	0	460	54
773	0	805	51
