5.160580062866210938e+01
6.897396087646484375e+01
3.527081298828125000e+01
4.071141052246093750e+01
7.452075195312500000e+01
6.345145034790039062e+01
3.000000000000000000e+01
7.963264465332031250e+01
6.511859893798828125e+01
1.183348846435546875e+02
4.939778900146484375e+01
1.551451416015625000e+02
4.759264373779296875e+01
5.077182388305664062e+01
4.754001235961914062e+01
4.977314376831054688e+01
7.133175659179687500e+01
4.059182357788085938e+01
4.211429595947265625e+01
1.357533874511718750e+02
3.583342742919921875e+01
9.198950195312500000e+01
3.000000000000000000e+01
3.107575225830078125e+01
4.879612731933593750e+01
7.562753295898437500e+01
3.000000000000000000e+01
7.856431579589843750e+01
1.836818542480468750e+02
6.065360641479492188e+01
6.317208099365234375e+01
4.463397216796875000e+01
4.313126754760742188e+01
1.120631256103515625e+02
5.568317794799804688e+01
8.788612365722656250e+01
6.314937210083007812e+01
6.030612182617187500e+01
4.316745376586914062e+01
3.564402008056640625e+01
4.167974853515625000e+01
3.570075988769531250e+01
4.868394470214843750e+01
3.989865875244140625e+01
3.000000000000000000e+01
3.377640914916992188e+01
3.931458282470703125e+01
6.059769821166992188e+01
1.325156555175781250e+02
6.722352600097656250e+01
3.988392639160156250e+01
3.669193267822265625e+01
7.375267028808593750e+01
4.289463424682617188e+01
9.560496520996093750e+01
4.667499542236328125e+01
7.166935729980468750e+01
4.778416442871093750e+01
7.218681335449218750e+01
7.596989440917968750e+01
5.465015411376953125e+01
7.692562866210937500e+01
4.254503631591796875e+01
8.983882141113281250e+01
9.634880828857421875e+01
5.430139541625976562e+01
4.319913864135742188e+01
3.000000000000000000e+01
4.793104553222656250e+01
4.067239761352539062e+01
5.452877044677734375e+01
3.676718902587890625e+01
1.146210250854492188e+02
3.467355728149414062e+01
5.959468460083007812e+01
4.019497299194335938e+01
5.326296234130859375e+01
4.494800949096679688e+01
4.796585845947265625e+01
5.741091918945312500e+01
3.669189071655273438e+01
7.133175659179687500e+01
5.110755157470703125e+01
1.120159912109375000e+02
9.559320068359375000e+01
3.142527580261230469e+01
4.314580535888671875e+01
4.815310668945312500e+01
4.759264373779296875e+01
5.445367431640625000e+01
3.844469070434570312e+01
4.414265060424804688e+01
6.420800781250000000e+01
5.475782775878906250e+01
1.011455841064453125e+02
8.863359069824218750e+01
6.452054595947265625e+01
3.682378768920898438e+01
9.169842529296875000e+01
3.887733840942382812e+01
9.679288482666015625e+01
7.809315490722656250e+01
1.468950805664062500e+02
3.000000000000000000e+01
4.396321868896484375e+01
8.119719696044921875e+01
3.000000000000000000e+01
5.138497924804687500e+01
5.123163604736328125e+01
3.355457305908203125e+01
3.901668167114257812e+01
3.000000000000000000e+01
7.291819763183593750e+01
1.145237197875976562e+02
4.112365722656250000e+01
4.132130432128906250e+01
9.645394897460937500e+01
4.931009674072265625e+01
7.189366912841796875e+01
5.364080810546875000e+01
4.552371597290039062e+01
5.221004486083984375e+01
5.584215545654296875e+01
3.660707855224609375e+01
4.327391052246093750e+01
4.674691009521484375e+01
7.683557128906250000e+01
6.380028533935546875e+01
4.513368225097656250e+01
4.896047592163085938e+01
4.236352539062500000e+01
1.118910827636718750e+02
5.628415679931640625e+01
3.000000000000000000e+01
5.775427246093750000e+01
5.458323287963867188e+01
1.036408538818359375e+02
4.383788299560546875e+01
4.411339950561523438e+01
7.409335327148437500e+01
4.199935531616210938e+01
9.348803710937500000e+01
8.257402038574218750e+01
6.310363769531250000e+01
7.167037963867187500e+01
4.588842391967773438e+01
8.600495910644531250e+01
1.007274169921875000e+02
6.365973663330078125e+01
1.216210250854492188e+02
6.064030456542968750e+01
7.710865783691406250e+01
5.747867202758789062e+01
9.170158386230468750e+01
5.936026000976562500e+01
1.215202178955078125e+02
3.524670410156250000e+01
1.295228424072265625e+02
4.057681274414062500e+01
6.498800659179687500e+01
3.590187454223632812e+01
5.194160461425781250e+01
4.305677795410156250e+01
3.436561203002929688e+01
7.193590545654296875e+01
4.364788055419921875e+01
6.696002960205078125e+01
5.029706573486328125e+01
3.040607452392578125e+01
1.229449462890625000e+02
3.911717224121093750e+01
4.039388275146484375e+01
3.343307876586914062e+01
3.000000000000000000e+01
5.386317443847656250e+01
5.428664398193359375e+01
4.426371383666992188e+01
4.896182250976562500e+01
6.941432189941406250e+01
5.424267196655273438e+01
6.790901947021484375e+01
5.368576812744140625e+01
6.859767150878906250e+01
5.207363510131835938e+01
3.974853515625000000e+01
3.414170837402343750e+01
4.869362640380859375e+01
7.422088623046875000e+01
5.273439025878906250e+01
4.930987930297851562e+01
4.952636718750000000e+01
6.814765930175781250e+01
6.076754760742187500e+01
4.462990570068359375e+01
4.344141006469726562e+01
5.638519287109375000e+01
3.824240493774414062e+01
8.090170288085937500e+01
1.405436706542968750e+02
5.310588836669921875e+01
5.192943191528320312e+01
1.144649887084960938e+02
7.202729797363281250e+01
3.000000000000000000e+01
5.326763534545898438e+01
3.812705230712890625e+01
5.449816894531250000e+01
5.439378738403320312e+01
1.235314712524414062e+02
3.561768722534179688e+01
5.031390380859375000e+01
9.586382293701171875e+01
4.577881622314453125e+01
4.610254669189453125e+01
3.547625350952148438e+01
5.381156921386718750e+01
5.360337829589843750e+01
5.800194168090820312e+01
4.517776870727539062e+01
4.497511672973632812e+01
3.620000839233398438e+01
6.150711441040039062e+01
1.042992095947265625e+02
3.917512512207031250e+01
4.619106292724609375e+01
3.578725433349609375e+01
5.987002944946289062e+01
1.097854995727539062e+02
5.858669662475585938e+01
1.225103302001953125e+02
3.532598495483398438e+01
5.176787567138671875e+01
6.058797454833984375e+01
3.678052520751953125e+01
4.660186386108398438e+01
6.291085052490234375e+01
4.358982849121093750e+01
4.241299438476562500e+01
7.636305236816406250e+01
5.171336364746093750e+01
4.172068023681640625e+01
1.270565719604492188e+02
9.960450744628906250e+01
7.034481048583984375e+01
9.426353454589843750e+01
3.452412796020507812e+01
4.585933303833007812e+01
1.461318206787109375e+02
1.772452392578125000e+02
4.543360900878906250e+01
6.230805969238281250e+01
3.934687805175781250e+01
5.245738601684570312e+01
1.060530395507812500e+02
4.353369903564453125e+01
5.531208801269531250e+01
4.124732208251953125e+01
4.097036743164062500e+01
3.264849090576171875e+01
1.451835784912109375e+02
6.984698486328125000e+01
5.662745666503906250e+01
5.793742370605468750e+01
4.500907516479492188e+01
1.352768096923828125e+02
5.544173431396484375e+01
1.316864013671875000e+02
6.730512237548828125e+01
6.000471878051757812e+01
6.929711914062500000e+01
5.717002868652343750e+01
4.779937744140625000e+01
7.034481048583984375e+01
6.547537231445312500e+01
1.457034149169921875e+02
3.206962203979492188e+01
7.207410430908203125e+01
7.953775024414062500e+01
9.489881896972656250e+01
9.148203277587890625e+01
7.574580383300781250e+01
7.294622802734375000e+01
6.563206481933593750e+01
4.245854949951171875e+01
6.256001281738281250e+01
3.519184112548828125e+01
3.000000000000000000e+01
6.460715484619140625e+01
4.113148498535156250e+01
3.387913513183593750e+01
4.261283111572265625e+01
3.753721618652343750e+01
4.541650772094726562e+01
7.931459045410156250e+01
3.388430786132812500e+01
3.000000000000000000e+01
6.344723129272460938e+01
5.976286315917968750e+01
5.672924804687500000e+01
5.260161590576171875e+01
4.516136932373046875e+01
3.272837448120117188e+01
3.743114852905273438e+01
8.610094451904296875e+01
7.620997619628906250e+01
3.977970886230468750e+01
7.504804229736328125e+01
9.182846069335937500e+01
7.022188568115234375e+01
1.176817474365234375e+02
1.532696838378906250e+02
3.000000000000000000e+01
8.942365264892578125e+01
9.830716705322265625e+01
9.634156799316406250e+01
4.110862731933593750e+01
3.573099517822265625e+01
1.289497680664062500e+02
5.903010177612304688e+01
9.169842529296875000e+01
4.783900833129882812e+01
4.836206817626953125e+01
5.284603881835937500e+01
5.305385589599609375e+01
3.794448852539062500e+01
3.264091110229492188e+01
3.895616149902343750e+01
3.565117645263671875e+01
1.146210174560546875e+02
3.186474800109863281e+01
7.359790039062500000e+01
5.131143569946289062e+01
4.638385772705078125e+01
4.475294113159179688e+01
4.959599304199218750e+01
4.673202514648437500e+01
6.816430664062500000e+01
5.300749206542968750e+01
3.011801528930664062e+01
3.469087219238281250e+01
5.471468734741210938e+01
8.947508239746093750e+01
3.825342941284179688e+01
7.022188568115234375e+01
4.768047332763671875e+01
4.389158630371093750e+01
1.520530242919921875e+02
3.881893920898437500e+01
5.098386764526367188e+01
1.075552215576171875e+02
1.521507873535156250e+02
1.806086730957031250e+02
5.064906692504882812e+01
7.692562866210937500e+01
3.000000000000000000e+01
9.175707244873046875e+01
5.432593917846679688e+01
3.267350006103515625e+01
1.372765197753906250e+02
5.584582138061523438e+01
7.007603454589843750e+01
1.081115722656250000e+02
5.273433303833007812e+01
6.926445007324218750e+01
1.042131500244140625e+02
4.319168853759765625e+01
7.617684936523437500e+01
1.128792877197265625e+02
3.215396499633789062e+01
6.444402313232421875e+01
5.393334579467773438e+01
4.949539566040039062e+01
1.016939697265625000e+02
1.218573455810546875e+02
4.822446441650390625e+01
1.265308761596679688e+02
8.570171356201171875e+01
6.065361022949218750e+01
7.945698547363281250e+01
7.557731628417968750e+01
3.000000000000000000e+01
4.094236755371093750e+01
3.000000000000000000e+01
4.783895874023437500e+01
6.458901977539062500e+01
9.960450744628906250e+01
5.207341384887695312e+01
5.224096679687500000e+01
3.897506713867187500e+01
2.696306762695312500e+02
3.876604843139648438e+01
4.125164031982421875e+01
3.156570053100585938e+01
3.000000000000000000e+01
3.670829010009765625e+01
6.436169433593750000e+01
7.836504364013671875e+01
9.755077362060546875e+01
5.904764556884765625e+01
4.664815139770507812e+01
5.140254974365234375e+01
4.097701263427734375e+01
1.445294189453125000e+02
4.419375610351562500e+01
4.153438949584960938e+01
6.131267547607421875e+01
3.829732513427734375e+01
5.756267929077148438e+01
6.935903930664062500e+01
1.303543701171875000e+02
7.674993133544921875e+01
8.083794403076171875e+01
5.207164764404296875e+01
4.279338836669921875e+01
6.321269226074218750e+01
3.000000000000000000e+01
7.796154785156250000e+01
7.040686035156250000e+01
3.000000000000000000e+01
3.696678161621093750e+01
8.458605194091796875e+01
3.000000000000000000e+01
4.290783691406250000e+01
1.417160339355468750e+02
6.440519714355468750e+01
5.011062622070312500e+01
6.279202270507812500e+01
4.238741302490234375e+01
6.336029815673828125e+01
9.063259124755859375e+01
5.499718475341796875e+01
7.359790039062500000e+01
2.064652862548828125e+02
5.305385971069335938e+01
1.142530288696289062e+02
4.549429321289062500e+01
4.493525695800781250e+01
1.017778778076171875e+02
7.856431579589843750e+01
5.226274871826171875e+01
6.865093994140625000e+01
3.016072463989257812e+01
6.235322570800781250e+01
5.556838989257812500e+01
6.609660339355468750e+01
4.197765731811523438e+01
5.384088134765625000e+01
6.557605743408203125e+01
9.689448547363281250e+01
9.325024414062500000e+01
5.757141113281250000e+01
5.747867202758789062e+01
5.417319869995117188e+01
5.742561340332031250e+01
6.599090576171875000e+01
3.356428146362304688e+01
9.762168884277343750e+01
8.939558410644531250e+01
3.849816894531250000e+01
9.333828735351562500e+01
7.888975524902343750e+01
5.368916320800781250e+01
4.641576004028320312e+01
4.742387390136718750e+01
4.180490493774414062e+01
1.933984680175781250e+02
3.000000000000000000e+01
4.899067687988281250e+01
4.980828094482421875e+01
4.017596054077148438e+01
9.276850891113281250e+01
4.004127883911132812e+01
4.997725677490234375e+01
1.319626159667968750e+02
7.620997619628906250e+01
8.307922363281250000e+01
4.588653564453125000e+01
4.392385482788085938e+01
5.910880279541015625e+01
8.586370086669921875e+01
8.644890594482421875e+01
8.416397094726562500e+01
7.361696624755859375e+01
3.275645065307617188e+01
7.326306152343750000e+01
7.253353881835937500e+01
4.732226943969726562e+01
4.610254669189453125e+01
6.987332153320312500e+01
9.658231353759765625e+01
6.220686340332031250e+01
5.729344177246093750e+01
4.643156433105468750e+01
3.000000000000000000e+01
3.537059783935546875e+01
3.443932723999023438e+01
3.000000000000000000e+01
3.000000000000000000e+01
3.081266784667968750e+01
5.381674194335937500e+01
4.695851135253906250e+01
4.333822250366210938e+01
7.242336273193359375e+01
5.526556015014648438e+01
3.844870758056640625e+01
3.793601989746093750e+01
4.833438873291015625e+01
5.819406890869140625e+01
3.000000000000000000e+01
3.255972290039062500e+01
6.575233459472656250e+01
3.828617477416992188e+01
5.907888031005859375e+01
3.000000000000000000e+01
5.224170303344726562e+01
3.000000000000000000e+01
4.754000854492187500e+01
1.099611968994140625e+02
5.621458816528320312e+01
3.000000000000000000e+01
8.115428924560546875e+01
4.153438949584960938e+01
6.596693420410156250e+01
4.235580444335937500e+01
4.589314651489257812e+01
1.183979492187500000e+02
4.282845306396484375e+01
1.388565216064453125e+02
1.216779022216796875e+02
3.621997451782226562e+01
3.476821899414062500e+01
8.843177032470703125e+01
3.695960998535156250e+01
5.900307464599609375e+01
5.793742370605468750e+01
1.640723571777343750e+02
4.850272369384765625e+01
6.486744689941406250e+01
5.303924560546875000e+01
3.000000000000000000e+01
5.426308441162109375e+01
1.114319686889648438e+02
4.618523788452148438e+01
6.835683441162109375e+01
6.463359832763671875e+01
4.011383056640625000e+01
3.602524566650390625e+01
5.212783050537109375e+01
4.774921417236328125e+01
4.031955337524414062e+01
3.969436645507812500e+01
3.632720184326171875e+01
3.957788848876953125e+01
4.679036331176757812e+01
4.751321411132812500e+01
4.758626174926757812e+01
5.418298339843750000e+01
5.138497924804687500e+01
6.399267196655273438e+01
1.235314788818359375e+02
5.720988082885742188e+01
9.741200256347656250e+01
7.529488372802734375e+01
1.060324707031250000e+02
3.681642913818359375e+01
5.633870697021484375e+01
6.415446472167968750e+01
3.489789199829101562e+01
7.124218750000000000e+01
7.148237609863281250e+01
7.792596435546875000e+01
7.740162658691406250e+01
4.112365722656250000e+01
4.830568695068359375e+01
6.109382629394531250e+01
8.840232086181640625e+01
4.235245513916015625e+01
6.092332839965820312e+01
4.836568832397460938e+01
3.660362625122070312e+01
1.046990737915039062e+02
3.844469070434570312e+01
4.798486328125000000e+01
4.317442321777343750e+01
4.955887222290039062e+01
6.263968276977539062e+01
9.007077026367187500e+01
3.798952484130859375e+01
3.328861618041992188e+01
3.279873657226562500e+01
9.755077362060546875e+01
5.354409790039062500e+01
4.711725616455078125e+01
5.021351242065429688e+01
5.121881866455078125e+01
4.989274978637695312e+01
4.957624053955078125e+01
5.376800918579101562e+01
6.581158447265625000e+01
3.779906082153320312e+01
6.172894287109375000e+01
6.427571105957031250e+01
8.470459747314453125e+01
7.872386169433593750e+01
4.440908050537109375e+01
3.888627624511718750e+01
6.928907012939453125e+01
6.852629089355468750e+01
4.789801788330078125e+01
6.498539733886718750e+01
6.038890838623046875e+01
4.451530075073242188e+01
5.645483398437500000e+01
4.336291122436523438e+01
3.000000000000000000e+01
4.685170364379882812e+01
7.335934448242187500e+01
6.557606506347656250e+01
5.179151153564453125e+01
5.290090942382812500e+01
3.646845245361328125e+01
7.361260986328125000e+01
1.068650970458984375e+02
6.313315963745117188e+01
3.516668319702148438e+01
1.060324707031250000e+02
5.064907073974609375e+01
6.858086395263671875e+01
9.658231353759765625e+01
3.787580108642578125e+01
3.438575744628906250e+01
7.690515136718750000e+01
3.000000000000000000e+01
4.515106582641601562e+01
2.323940277099609375e+02
4.810948562622070312e+01
3.213279724121093750e+01
4.052163314819335938e+01
1.267582702636718750e+02
5.891842651367187500e+01
5.113666152954101562e+01
9.334951019287109375e+01
4.471215438842773438e+01
1.239875411987304688e+02
8.010009002685546875e+01
1.099027557373046875e+02
3.906797027587890625e+01
4.168218231201171875e+01
7.114900970458984375e+01
7.271246337890625000e+01
6.913249969482421875e+01
5.300749206542968750e+01
5.296181488037109375e+01
3.821421813964843750e+01
4.597583389282226562e+01
6.012607574462890625e+01
5.858134841918945312e+01
4.238359451293945312e+01
6.822297668457031250e+01
7.745224761962890625e+01
5.287593460083007812e+01
3.000000000000000000e+01
5.350968170166015625e+01
3.584430313110351562e+01
4.471054077148437500e+01
1.021689147949218750e+02
4.754027557373046875e+01
7.253544616699218750e+01
5.334150695800781250e+01
3.658377075195312500e+01
3.642545318603515625e+01
9.348804473876953125e+01
6.451106262207031250e+01
8.255447387695312500e+01
9.818024444580078125e+01
5.570854187011718750e+01
4.304696273803710938e+01
4.440351486206054688e+01
5.420713424682617188e+01
6.271164321899414062e+01
6.611557006835937500e+01
1.933984680175781250e+02
5.132418823242187500e+01
5.239334869384765625e+01
6.185332489013671875e+01
7.159685516357421875e+01
4.053157424926757812e+01
5.172505187988281250e+01
5.123742675781250000e+01
7.385660552978515625e+01
1.171316223144531250e+02
3.208861541748046875e+01
3.000000000000000000e+01
6.193023681640625000e+01
1.076011657714843750e+02
7.071286010742187500e+01
1.388565216064453125e+02
3.748526763916015625e+01
5.826766967773437500e+01
5.087811279296875000e+01
7.903216552734375000e+01
1.724272003173828125e+02
6.505493927001953125e+01
4.975906372070312500e+01
6.271793365478515625e+01
3.000000000000000000e+01
4.637211227416992188e+01
8.230088806152343750e+01
3.999686431884765625e+01
3.503045654296875000e+01
5.573127365112304688e+01
8.444326782226562500e+01
5.355234527587890625e+01
8.488548278808593750e+01
4.109083938598632812e+01
4.370420074462890625e+01
5.903010177612304688e+01
7.906851196289062500e+01
5.284944152832031250e+01
4.688364410400390625e+01
4.819044494628906250e+01
3.993587875366210938e+01
3.725549697875976562e+01
4.419375610351562500e+01
4.500300979614257812e+01
7.219891357421875000e+01
6.440519714355468750e+01
3.308152389526367188e+01
3.000000000000000000e+01
4.803423690795898438e+01
4.125164031982421875e+01
3.119979667663574219e+01
1.175923080444335938e+02
3.464476776123046875e+01
6.172706222534179688e+01
1.024223480224609375e+02
4.133993148803710938e+01
3.200617599487304688e+01
3.717108535766601562e+01
6.498800659179687500e+01
6.853572082519531250e+01
5.438609695434570312e+01
5.325304412841796875e+01
5.489942932128906250e+01
7.461076354980468750e+01
6.002008819580078125e+01
3.819270324707031250e+01
6.705908203125000000e+01
4.356582260131835938e+01
5.910880279541015625e+01
5.361743545532226562e+01
3.496778488159179688e+01
4.188629913330078125e+01
5.447930908203125000e+01
5.894807434082031250e+01
4.521023941040039062e+01
5.672924804687500000e+01
4.931124877929687500e+01
5.147891998291015625e+01
6.644876861572265625e+01
7.405852508544921875e+01
5.287406158447265625e+01
8.031884002685546875e+01
4.405305099487304688e+01
5.171336364746093750e+01
4.685476684570312500e+01
6.544009399414062500e+01
7.363618469238281250e+01
5.607873916625976562e+01
8.172706604003906250e+01
3.845904922485351562e+01
8.540297698974609375e+01
5.253128814697265625e+01
5.338863372802734375e+01
9.020108032226562500e+01
1.357533874511718750e+02
1.210687866210937500e+02
3.465328979492187500e+01
3.121155548095703125e+01
5.566773986816406250e+01
5.932619857788085938e+01
9.325024414062500000e+01
7.648044586181640625e+01
5.439605331420898438e+01
8.416496276855468750e+01
5.350968170166015625e+01
5.072750091552734375e+01
3.035698890686035156e+01
5.689119338989257812e+01
6.288175582885742188e+01
4.166921997070312500e+01
3.837586212158203125e+01
7.536880493164062500e+01
5.940788650512695312e+01
3.941015625000000000e+01
9.019227600097656250e+01
3.455729675292968750e+01
3.640446090698242188e+01
4.067239761352539062e+01
5.381523132324218750e+01
4.697179412841796875e+01
4.688364410400390625e+01
1.989851837158203125e+02
7.001439666748046875e+01
4.708224487304687500e+01
4.254894256591796875e+01
5.315375518798828125e+01
1.379355926513671875e+02
4.003608703613281250e+01
4.745087814331054688e+01
6.474169921875000000e+01
4.238359451293945312e+01
7.050831604003906250e+01
4.017203903198242188e+01
6.220735168457031250e+01
5.359991455078125000e+01
4.803331375122070312e+01
3.000000000000000000e+01
4.201589965820312500e+01
6.367792510986328125e+01
5.289311218261718750e+01
1.913097229003906250e+02
3.845332336425781250e+01
4.955301284790039062e+01
6.824401092529296875e+01
5.111678695678710938e+01
4.556596755981445312e+01
3.586614608764648438e+01
4.477293777465820312e+01
5.270757293701171875e+01
3.000000000000000000e+01
4.431478500366210938e+01
6.161402893066406250e+01
4.400261306762695312e+01
4.575559997558593750e+01
3.223198318481445312e+01
3.621997451782226562e+01
4.203620147705078125e+01
3.314333724975585938e+01
5.503536987304687500e+01
6.857322692871093750e+01
3.163661003112792969e+01
4.980513763427734375e+01
6.344723129272460938e+01
7.307360839843750000e+01
4.107909393310546875e+01
1.034992065429687500e+02
4.321023559570312500e+01
8.416397857666015625e+01
8.275224304199218750e+01
3.844053649902343750e+01
9.020108032226562500e+01
3.448563385009765625e+01
4.608319854736328125e+01
4.250301742553710938e+01
4.111343765258789062e+01
1.029630889892578125e+02
5.438618469238281250e+01
4.350157928466796875e+01
7.723843383789062500e+01
3.110544967651367188e+01
1.014371948242187500e+02
6.643756103515625000e+01
4.436868286132812500e+01
5.148115158081054688e+01
6.791926574707031250e+01
8.499986267089843750e+01
7.517040252685546875e+01
6.271826171875000000e+01
3.142696952819824219e+01
3.433163452148437500e+01
6.281899642944335938e+01
7.830152893066406250e+01
1.060430679321289062e+02
8.027239227294921875e+01
1.193993072509765625e+02
6.662368011474609375e+01
4.233187103271484375e+01
6.442287445068359375e+01
3.000000000000000000e+01
5.100237274169921875e+01
3.000000000000000000e+01
3.000000000000000000e+01
7.493745422363281250e+01
1.197990722656250000e+02
5.691397857666015625e+01
4.340874862670898438e+01
5.197914886474609375e+01
6.366624450683593750e+01
3.691404342651367188e+01
4.697451019287109375e+01
6.611557006835937500e+01
4.332567977905273438e+01
7.314227294921875000e+01
4.637211227416992188e+01
5.548793792724609375e+01
5.539831542968750000e+01
3.811485290527343750e+01
4.069378280639648438e+01
5.563058090209960938e+01
3.805811691284179688e+01
7.596092224121093750e+01
7.015830230712890625e+01
4.870370483398437500e+01
9.426352691650390625e+01
6.217874908447265625e+01
3.611538314819335938e+01
3.897276306152343750e+01
3.683917617797851562e+01
3.970807647705078125e+01
3.898487091064453125e+01
3.232949066162109375e+01
3.584654617309570312e+01
8.930469512939453125e+01
4.664815139770507812e+01
3.452795791625976562e+01
9.689448547363281250e+01
7.239437103271484375e+01
4.313879394531250000e+01
6.130871200561523438e+01
8.594632720947265625e+01
4.333822250366210938e+01
5.016332244873046875e+01
1.059429321289062500e+02
4.846654129028320312e+01
7.209539794921875000e+01
4.796585845947265625e+01
3.000000000000000000e+01
5.445367050170898438e+01
4.149470520019531250e+01
4.357493591308593750e+01
4.617266082763671875e+01
5.532010650634765625e+01
4.867870330810546875e+01
4.048117065429687500e+01
5.584582138061523438e+01
3.000000000000000000e+01
3.965547943115234375e+01
7.414588165283203125e+01
8.388408660888671875e+01
5.744647979736328125e+01
1.078202667236328125e+02
4.878491592407226562e+01
3.889852905273437500e+01
8.365926361083984375e+01
9.279270935058593750e+01
3.930092620849609375e+01
6.411108398437500000e+01
3.411416625976562500e+01
5.177270889282226562e+01
3.311554718017578125e+01
8.159152221679687500e+01
4.766357421875000000e+01
5.012147521972656250e+01
4.588653182983398438e+01
5.249259185791015625e+01
5.974594116210937500e+01
3.206713867187500000e+01
5.753591156005859375e+01
5.795379638671875000e+01
5.364080810546875000e+01
7.371723175048828125e+01
6.935920715332031250e+01
3.450260162353515625e+01
5.288796615600585938e+01
3.277637100219726562e+01
5.784948730468750000e+01
7.683557128906250000e+01
9.552505493164062500e+01
6.220735168457031250e+01
5.000186920166015625e+01
6.440076446533203125e+01
5.753591156005859375e+01
3.522245025634765625e+01
4.834782028198242188e+01
3.427816009521484375e+01
4.447671890258789062e+01
6.563784790039062500e+01
5.631383132934570312e+01
3.000000000000000000e+01
6.984698486328125000e+01
5.316736984252929688e+01
5.791518020629882812e+01
3.329834365844726562e+01
5.828167724609375000e+01
3.396762084960937500e+01
4.408206558227539062e+01
6.975201416015625000e+01
3.900186157226562500e+01
6.124385070800781250e+01
3.262831497192382812e+01
7.292420959472656250e+01
6.551911926269531250e+01
3.396357345581054688e+01
4.528598785400390625e+01
3.926546096801757812e+01
9.036228179931640625e+01
7.691068267822265625e+01
3.000000000000000000e+01
4.725162887573242188e+01
5.902283477783203125e+01
5.242531204223632812e+01
5.192943191528320312e+01
3.000000000000000000e+01
8.529489135742187500e+01
4.447402191162109375e+01
3.922315597534179688e+01
4.347851181030273438e+01
5.054293823242187500e+01
6.262465286254882812e+01
3.000000000000000000e+01
1.017778778076171875e+02
6.297571563720703125e+01
5.031390380859375000e+01
4.081686401367187500e+01
5.101112365722656250e+01
3.643956375122070312e+01
4.958599090576171875e+01
3.121155548095703125e+01
3.862125396728515625e+01
4.116880798339843750e+01
6.598518371582031250e+01
6.068810653686523438e+01
6.030612182617187500e+01
7.368100738525390625e+01
4.699352264404296875e+01
5.258549499511718750e+01
4.758021163940429688e+01
3.000000000000000000e+01
3.000000000000000000e+01
5.101112365722656250e+01
8.172706604003906250e+01
4.741157150268554688e+01
4.360515213012695312e+01
3.000000000000000000e+01
7.142419433593750000e+01
5.182120513916015625e+01
7.645748901367187500e+01
4.192452239990234375e+01
3.076364135742187500e+01
6.497898864746093750e+01
3.128739356994628906e+01
5.067704010009765625e+01
3.294221496582031250e+01
5.390148162841796875e+01
3.000000000000000000e+01
3.000000000000000000e+01
4.213373947143554688e+01
3.865393829345703125e+01
7.374628448486328125e+01
4.484373474121093750e+01
9.552505493164062500e+01
5.311767196655273438e+01
4.188198852539062500e+01
3.895939636230468750e+01
3.717720794677734375e+01
3.584647750854492188e+01
4.130849838256835938e+01
6.529978942871093750e+01
7.836505126953125000e+01
4.589314651489257812e+01
4.213600540161132812e+01
5.100186920166015625e+01
7.766022491455078125e+01
4.584729766845703125e+01
3.955733871459960938e+01
3.310807800292968750e+01
3.000000000000000000e+01
4.061548233032226562e+01
3.496778869628906250e+01
5.972556686401367188e+01
4.962224578857421875e+01
4.384127807617187500e+01
4.993767166137695312e+01
3.440039825439453125e+01
3.294663238525390625e+01
5.186655044555664062e+01
3.370786285400390625e+01
7.944621276855468750e+01
4.519924545288085938e+01
7.409335327148437500e+01
5.311767196655273438e+01
6.586521911621093750e+01
3.000000000000000000e+01
3.925918960571289062e+01
6.919586181640625000e+01
3.000000000000000000e+01
4.883253860473632812e+01
6.962047576904296875e+01
3.000000000000000000e+01
5.177402496337890625e+01
4.702032470703125000e+01
3.476821899414062500e+01
5.296216201782226562e+01
5.904764556884765625e+01
4.130247879028320312e+01
4.471664047241210938e+01
7.211446380615234375e+01
4.666600799560546875e+01
6.791926574707031250e+01
7.973646545410156250e+01
3.000000000000000000e+01
6.123871994018554688e+01
4.195428466796875000e+01
5.226274871826171875e+01
5.227624130249023438e+01
5.458850097656250000e+01
6.291085052490234375e+01
6.935903930664062500e+01
4.061519622802734375e+01
6.985981750488281250e+01
6.817676544189453125e+01
3.813900375366210938e+01
8.444987487792968750e+01
4.112624359130859375e+01
3.000000000000000000e+01
3.837844467163085938e+01
4.717816162109375000e+01
3.000000000000000000e+01
7.282284545898437500e+01
5.288601684570312500e+01
4.955301284790039062e+01
4.511291885375976562e+01
4.748185729980468750e+01
4.582651901245117188e+01
3.031521797180175781e+01
7.105912017822265625e+01
4.170718383789062500e+01
4.682616424560546875e+01
5.273822784423828125e+01
5.930196380615234375e+01
4.514939117431640625e+01
4.762738800048828125e+01
4.528598785400390625e+01
3.000000000000000000e+01
3.623078918457031250e+01
3.551533508300781250e+01
4.427295684814453125e+01
3.917633819580078125e+01
4.285214996337890625e+01
6.193023681640625000e+01
3.224589920043945312e+01
4.031955337524414062e+01
4.841236114501953125e+01
6.859533691406250000e+01
5.287580490112304688e+01
7.499862670898437500e+01
1.145066528320312500e+02
4.937252426147460938e+01
4.039388275146484375e+01
3.910120010375976562e+01
4.178608703613281250e+01
3.597711181640625000e+01
4.370616531372070312e+01
6.521020507812500000e+01
9.818024444580078125e+01
4.095483779907226562e+01
3.586439895629882812e+01
4.410988616943359375e+01
4.557781600952148438e+01
3.545165634155273438e+01
5.426308441162109375e+01
5.381523132324218750e+01
5.009720993041992188e+01
3.464476776123046875e+01
5.677407836914062500e+01
3.544414520263671875e+01
5.578089141845703125e+01
5.645483398437500000e+01
3.194932365417480469e+01
5.063848876953125000e+01
5.202839660644531250e+01
3.525262832641601562e+01
6.005819702148437500e+01
4.915543746948242188e+01
4.456307220458984375e+01
7.071286010742187500e+01
4.151071548461914062e+01
3.761334609985351562e+01
4.053157424926757812e+01
5.084434509277343750e+01
3.000000000000000000e+01
6.488270568847656250e+01
3.000000000000000000e+01
4.544296646118164062e+01
3.849641799926757812e+01
4.517453002929687500e+01
6.646342468261718750e+01
4.156464767456054688e+01
5.174281692504882812e+01
5.074120330810546875e+01
3.090942382812500000e+01
5.214089965820312500e+01
5.896896362304687500e+01
3.681642913818359375e+01
3.923409271240234375e+01
5.155776977539062500e+01
5.871680450439453125e+01
4.995751953125000000e+01
6.007516860961914062e+01
3.722486495971679688e+01
6.576535034179687500e+01
4.015915679931640625e+01
1.020923767089843750e+02
8.217240142822265625e+01
5.046306228637695312e+01
6.383641052246093750e+01
3.000000000000000000e+01
6.986448669433593750e+01
4.590271759033203125e+01
3.726379013061523438e+01
7.966749572753906250e+01
3.670006942749023438e+01
4.128148269653320312e+01
5.375418090820312500e+01
1.028533401489257812e+02
4.483158874511718750e+01
4.534938812255859375e+01
3.000000000000000000e+01
5.458941650390625000e+01
3.609683227539062500e+01
3.612944793701171875e+01
5.222032928466796875e+01
7.624111938476562500e+01
5.209088516235351562e+01
5.042964553833007812e+01
3.557987594604492188e+01
6.752790832519531250e+01
3.668949508666992188e+01
4.426192092895507812e+01
5.667866897583007812e+01
1.034992141723632812e+02
5.877647399902343750e+01
7.528446960449218750e+01
7.198368835449218750e+01
7.298168945312500000e+01
6.121642684936523438e+01
3.000000000000000000e+01
3.733018875122070312e+01
5.225660705566406250e+01
3.794268798828125000e+01
3.511172103881835938e+01
4.296100616455078125e+01
3.762154769897460938e+01
5.549106597900390625e+01
3.243921661376953125e+01
3.672127151489257812e+01
4.609963989257812500e+01
6.944460296630859375e+01
4.682746124267578125e+01
3.152782058715820312e+01
4.854660034179687500e+01
3.506347274780273438e+01
3.796333312988281250e+01
5.223675537109375000e+01
8.257402038574218750e+01
5.042680740356445312e+01
5.077182769775390625e+01
3.000000000000000000e+01
7.326306152343750000e+01
6.119918441772460938e+01
3.000000000000000000e+01
9.036228179931640625e+01
3.657895660400390625e+01
1.057652130126953125e+02
3.828339385986328125e+01
6.215587997436523438e+01
5.980580139160156250e+01
4.295303726196289062e+01
3.173245429992675781e+01
4.062540817260742188e+01
4.963785934448242188e+01
4.279338836669921875e+01
5.351523590087890625e+01
4.323203277587890625e+01
3.000000000000000000e+01
4.234294891357421875e+01
7.050831604003906250e+01
6.751666259765625000e+01
9.182846832275390625e+01
4.393389892578125000e+01
3.496412277221679688e+01
5.245878219604492188e+01
5.549106979370117188e+01
5.185646057128906250e+01
5.430594635009765625e+01
5.512619018554687500e+01
3.871088790893554688e+01
4.526815795898437500e+01
3.734150314331054688e+01
3.745745086669921875e+01
3.000000000000000000e+01
7.952029418945312500e+01
3.220114898681640625e+01
3.740252304077148438e+01
3.305296707153320312e+01
3.909963607788085938e+01
4.791309356689453125e+01
3.000000000000000000e+01
4.389158630371093750e+01
3.973736572265625000e+01
3.000000000000000000e+01
5.207363510131835938e+01
7.723843383789062500e+01
3.000000000000000000e+01
6.654193878173828125e+01
4.597123718261718750e+01
4.185214233398437500e+01
3.926222991943359375e+01
5.610427856445312500e+01
3.386582565307617188e+01
3.740333938598632812e+01
4.375546646118164062e+01
5.570900726318359375e+01
3.701929092407226562e+01
3.522368240356445312e+01
3.600812530517578125e+01
3.922074127197265625e+01
3.414251708984375000e+01
3.000000000000000000e+01
3.358005523681640625e+01
5.219937133789062500e+01
4.628427124023437500e+01
1.028533401489257812e+02
4.271953964233398438e+01
3.000000000000000000e+01
3.221891021728515625e+01
8.591378784179687500e+01
3.000000000000000000e+01
4.396374511718750000e+01
7.952029418945312500e+01
5.178334808349609375e+01
4.063339996337890625e+01
4.100186920166015625e+01
5.381674194335937500e+01
1.107019729614257812e+02
8.589929199218750000e+01
5.511430358886718750e+01
7.278441619873046875e+01
3.000000000000000000e+01
3.459356689453125000e+01
7.212251281738281250e+01
3.895292663574218750e+01
5.185773086547851562e+01
5.706343078613281250e+01
3.963484954833984375e+01
3.468046951293945312e+01
6.710772705078125000e+01
3.793677139282226562e+01
4.912255859375000000e+01
6.564945983886718750e+01
4.769276428222656250e+01
3.294748687744140625e+01
3.516668319702148438e+01
4.195428466796875000e+01
3.250073623657226562e+01
3.895909881591796875e+01
6.961057281494140625e+01
3.800816345214843750e+01
3.507272338867187500e+01
7.174330902099609375e+01
5.381008148193359375e+01
4.115314483642578125e+01
3.512601852416992188e+01
4.584356689453125000e+01
4.467671585083007812e+01
3.750132751464843750e+01
3.412651443481445312e+01
3.973087310791015625e+01
6.749823760986328125e+01
6.393887329101562500e+01
5.413187408447265625e+01
3.000000000000000000e+01
4.557621383666992188e+01
3.279600524902343750e+01
3.942490005493164062e+01
5.301371002197265625e+01
4.644749450683593750e+01
4.399961853027343750e+01
3.000000000000000000e+01
4.904438781738281250e+01
3.525246047973632812e+01
4.120447921752929688e+01
5.844119644165039062e+01
4.694602203369140625e+01
4.095483779907226562e+01
4.697179412841796875e+01
4.075879669189453125e+01
4.485500335693359375e+01
5.203944015502929688e+01
3.000000000000000000e+01
6.235942840576171875e+01
4.455869293212890625e+01
4.148315429687500000e+01
3.881374359130859375e+01
7.307360839843750000e+01
4.688013458251953125e+01
3.822643280029296875e+01
4.552441406250000000e+01
3.546341323852539062e+01
5.809325027465820312e+01
4.268650054931640625e+01
4.075849533081054688e+01
3.740491485595703125e+01
3.000000000000000000e+01
3.637647247314453125e+01
3.254608917236328125e+01
4.713339614868164062e+01
4.084438323974609375e+01
6.450318908691406250e+01
5.262911605834960938e+01
6.796674346923828125e+01
4.366981887817382812e+01
4.776049041748046875e+01
5.442993164062500000e+01
3.452959060668945312e+01
4.661510467529296875e+01
3.274292755126953125e+01
3.000000000000000000e+01
4.840045166015625000e+01
4.949077606201171875e+01
3.000000000000000000e+01
4.085563278198242188e+01
3.042594528198242188e+01
4.040770339965820312e+01
3.630557250976562500e+01
3.976646804809570312e+01
4.400000000000000000e+01
6.200000000000000000e+01
3.700000000000000000e+01
3.200000000000000000e+01
1.040000000000000000e+02
4.600000000000000000e+01
3.600000000000000000e+01
9.200000000000000000e+01
7.500000000000000000e+01
1.530000000000000000e+02
3.900000000000000000e+01
9.000000000000000000e+01
4.200000000000000000e+01
7.600000000000000000e+01
3.600000000000000000e+01
6.100000000000000000e+01
6.300000000000000000e+01
3.300000000000000000e+01
3.300000000000000000e+01
2.180000000000000000e+02
4.200000000000000000e+01
1.350000000000000000e+02
4.800000000000000000e+01
3.600000000000000000e+01
4.900000000000000000e+01
6.400000000000000000e+01
3.400000000000000000e+01
6.300000000000000000e+01
2.020000000000000000e+02
5.700000000000000000e+01
9.100000000000000000e+01
6.500000000000000000e+01
3.900000000000000000e+01
1.200000000000000000e+02
6.900000000000000000e+01
3.900000000000000000e+01
8.100000000000000000e+01
6.200000000000000000e+01
4.300000000000000000e+01
4.100000000000000000e+01
3.500000000000000000e+01
3.200000000000000000e+01
4.500000000000000000e+01
1.180000000000000000e+02
5.000000000000000000e+01
3.400000000000000000e+01
3.900000000000000000e+01
7.000000000000000000e+01
2.580000000000000000e+02
3.200000000000000000e+01
4.300000000000000000e+01
3.100000000000000000e+01
1.010000000000000000e+02
4.200000000000000000e+01
1.300000000000000000e+02
3.500000000000000000e+01
6.500000000000000000e+01
4.500000000000000000e+01
6.100000000000000000e+01
2.010000000000000000e+02
3.200000000000000000e+01
1.050000000000000000e+02
4.000000000000000000e+01
9.600000000000000000e+01
1.260000000000000000e+02
6.400000000000000000e+01
5.300000000000000000e+01
3.100000000000000000e+01
4.900000000000000000e+01
7.400000000000000000e+01
5.100000000000000000e+01
7.000000000000000000e+01
2.020000000000000000e+02
3.200000000000000000e+01
7.400000000000000000e+01
3.200000000000000000e+01
5.100000000000000000e+01
5.600000000000000000e+01
3.500000000000000000e+01
6.100000000000000000e+01
4.500000000000000000e+01
3.800000000000000000e+01
6.400000000000000000e+01
1.820000000000000000e+02
9.900000000000000000e+01
6.500000000000000000e+01
3.700000000000000000e+01
5.300000000000000000e+01
7.800000000000000000e+01
6.300000000000000000e+01
5.700000000000000000e+01
4.300000000000000000e+01
4.900000000000000000e+01
5.800000000000000000e+01
8.900000000000000000e+01
8.400000000000000000e+01
8.700000000000000000e+01
4.500000000000000000e+01
7.500000000000000000e+01
3.900000000000000000e+01
1.180000000000000000e+02
4.700000000000000000e+01
1.370000000000000000e+02
3.700000000000000000e+01
3.900000000000000000e+01
1.380000000000000000e+02
3.900000000000000000e+01
5.600000000000000000e+01
3.800000000000000000e+01
3.500000000000000000e+01
4.000000000000000000e+01
3.100000000000000000e+01
8.400000000000000000e+01
1.400000000000000000e+02
4.600000000000000000e+01
4.800000000000000000e+01
1.690000000000000000e+02
6.000000000000000000e+01
1.030000000000000000e+02
7.300000000000000000e+01
4.900000000000000000e+01
1.710000000000000000e+02
3.500000000000000000e+01
4.200000000000000000e+01
3.800000000000000000e+01
5.400000000000000000e+01
8.400000000000000000e+01
4.700000000000000000e+01
3.700000000000000000e+01
7.100000000000000000e+01
3.000000000000000000e+01
1.010000000000000000e+02
6.600000000000000000e+01
3.100000000000000000e+01
7.800000000000000000e+01
3.000000000000000000e+01
9.600000000000000000e+01
3.200000000000000000e+01
3.100000000000000000e+01
1.330000000000000000e+02
3.800000000000000000e+01
1.030000000000000000e+02
8.900000000000000000e+01
3.500000000000000000e+01
7.500000000000000000e+01
9.100000000000000000e+01
8.200000000000000000e+01
5.500000000000000000e+01
3.100000000000000000e+01
7.100000000000000000e+01
6.200000000000000000e+01
6.900000000000000000e+01
6.500000000000000000e+01
1.160000000000000000e+02
4.600000000000000000e+01
1.020000000000000000e+02
3.600000000000000000e+01
1.400000000000000000e+02
3.000000000000000000e+01
8.900000000000000000e+01
4.300000000000000000e+01
7.600000000000000000e+01
3.700000000000000000e+01
3.400000000000000000e+01
9.800000000000000000e+01
3.000000000000000000e+01
4.600000000000000000e+01
7.700000000000000000e+01
3.500000000000000000e+01
1.240000000000000000e+02
3.000000000000000000e+01
3.600000000000000000e+01
3.000000000000000000e+01
3.100000000000000000e+01
7.600000000000000000e+01
5.600000000000000000e+01
4.400000000000000000e+01
6.700000000000000000e+01
1.300000000000000000e+02
4.100000000000000000e+01
1.180000000000000000e+02
6.100000000000000000e+01
4.600000000000000000e+01
3.300000000000000000e+01
3.300000000000000000e+01
3.100000000000000000e+01
3.800000000000000000e+01
7.600000000000000000e+01
4.500000000000000000e+01
3.300000000000000000e+01
7.000000000000000000e+01
6.800000000000000000e+01
6.200000000000000000e+01
4.000000000000000000e+01
8.100000000000000000e+01
3.000000000000000000e+01
5.500000000000000000e+01
7.500000000000000000e+01
1.290000000000000000e+02
7.100000000000000000e+01
5.800000000000000000e+01
1.480000000000000000e+02
1.250000000000000000e+02
5.800000000000000000e+01
4.100000000000000000e+01
4.400000000000000000e+01
4.000000000000000000e+01
8.000000000000000000e+01
1.040000000000000000e+02
4.700000000000000000e+01
4.500000000000000000e+01
5.400000000000000000e+01
3.500000000000000000e+01
3.800000000000000000e+01
3.400000000000000000e+01
5.100000000000000000e+01
6.800000000000000000e+01
8.500000000000000000e+01
3.300000000000000000e+01
3.500000000000000000e+01
3.100000000000000000e+01
6.300000000000000000e+01
1.440000000000000000e+02
4.000000000000000000e+01
4.900000000000000000e+01
3.300000000000000000e+01
9.700000000000000000e+01
1.470000000000000000e+02
4.400000000000000000e+01
9.900000000000000000e+01
3.700000000000000000e+01
7.300000000000000000e+01
8.500000000000000000e+01
3.000000000000000000e+01
3.100000000000000000e+01
7.200000000000000000e+01
3.000000000000000000e+01
4.600000000000000000e+01
8.700000000000000000e+01
5.900000000000000000e+01
3.600000000000000000e+01
1.110000000000000000e+02
2.290000000000000000e+02
5.600000000000000000e+01
1.070000000000000000e+02
3.100000000000000000e+01
4.400000000000000000e+01
1.170000000000000000e+02
1.870000000000000000e+02
4.400000000000000000e+01
6.400000000000000000e+01
3.600000000000000000e+01
4.000000000000000000e+01
6.200000000000000000e+01
4.200000000000000000e+01
5.700000000000000000e+01
5.200000000000000000e+01
5.800000000000000000e+01
3.900000000000000000e+01
2.500000000000000000e+02
8.900000000000000000e+01
9.200000000000000000e+01
6.600000000000000000e+01
3.400000000000000000e+01
1.050000000000000000e+02
4.700000000000000000e+01
2.160000000000000000e+02
4.700000000000000000e+01
6.600000000000000000e+01
3.600000000000000000e+01
5.500000000000000000e+01
5.000000000000000000e+01
6.600000000000000000e+01
5.200000000000000000e+01
2.210000000000000000e+02
3.300000000000000000e+01
9.300000000000000000e+01
1.070000000000000000e+02
1.380000000000000000e+02
1.000000000000000000e+02
5.600000000000000000e+01
5.900000000000000000e+01
6.600000000000000000e+01
4.000000000000000000e+01
8.800000000000000000e+01
4.700000000000000000e+01
3.000000000000000000e+01
4.000000000000000000e+01
3.800000000000000000e+01
4.600000000000000000e+01
4.400000000000000000e+01
3.400000000000000000e+01
3.800000000000000000e+01
1.140000000000000000e+02
4.100000000000000000e+01
3.200000000000000000e+01
3.200000000000000000e+01
4.100000000000000000e+01
5.500000000000000000e+01
4.300000000000000000e+01
9.300000000000000000e+01
3.700000000000000000e+01
4.600000000000000000e+01
8.200000000000000000e+01
1.610000000000000000e+02
3.300000000000000000e+01
1.110000000000000000e+02
1.070000000000000000e+02
7.200000000000000000e+01
1.360000000000000000e+02
1.660000000000000000e+02
3.200000000000000000e+01
1.340000000000000000e+02
7.900000000000000000e+01
9.500000000000000000e+01
5.300000000000000000e+01
5.600000000000000000e+01
1.650000000000000000e+02
5.800000000000000000e+01
7.400000000000000000e+01
5.800000000000000000e+01
5.600000000000000000e+01
7.500000000000000000e+01
3.100000000000000000e+01
3.000000000000000000e+01
3.400000000000000000e+01
3.200000000000000000e+01
4.100000000000000000e+01
1.910000000000000000e+02
3.200000000000000000e+01
1.110000000000000000e+02
3.300000000000000000e+01
3.100000000000000000e+01
7.800000000000000000e+01
5.100000000000000000e+01
5.300000000000000000e+01
1.240000000000000000e+02
3.700000000000000000e+01
3.100000000000000000e+01
3.900000000000000000e+01
6.300000000000000000e+01
9.600000000000000000e+01
3.300000000000000000e+01
9.600000000000000000e+01
5.000000000000000000e+01
4.600000000000000000e+01
1.380000000000000000e+02
3.200000000000000000e+01
4.700000000000000000e+01
8.900000000000000000e+01
2.130000000000000000e+02
2.020000000000000000e+02
3.100000000000000000e+01
1.660000000000000000e+02
3.900000000000000000e+01
1.460000000000000000e+02
6.000000000000000000e+01
4.700000000000000000e+01
1.450000000000000000e+02
8.200000000000000000e+01
4.300000000000000000e+01
1.850000000000000000e+02
4.300000000000000000e+01
6.200000000000000000e+01
1.260000000000000000e+02
4.000000000000000000e+01
1.090000000000000000e+02
1.070000000000000000e+02
3.000000000000000000e+01
4.000000000000000000e+01
4.200000000000000000e+01
4.800000000000000000e+01
1.590000000000000000e+02
1.710000000000000000e+02
3.100000000000000000e+01
2.620000000000000000e+02
1.060000000000000000e+02
7.100000000000000000e+01
6.500000000000000000e+01
8.600000000000000000e+01
3.400000000000000000e+01
3.500000000000000000e+01
3.200000000000000000e+01
3.700000000000000000e+01
1.120000000000000000e+02
1.720000000000000000e+02
6.400000000000000000e+01
4.500000000000000000e+01
5.200000000000000000e+01
2.640000000000000000e+02
5.600000000000000000e+01
3.800000000000000000e+01
3.100000000000000000e+01
3.100000000000000000e+01
5.600000000000000000e+01
6.600000000000000000e+01
7.900000000000000000e+01
1.270000000000000000e+02
6.200000000000000000e+01
5.100000000000000000e+01
4.000000000000000000e+01
4.300000000000000000e+01
2.270000000000000000e+02
3.800000000000000000e+01
4.200000000000000000e+01
1.070000000000000000e+02
3.300000000000000000e+01
5.400000000000000000e+01
3.100000000000000000e+01
2.070000000000000000e+02
7.800000000000000000e+01
7.700000000000000000e+01
5.000000000000000000e+01
6.300000000000000000e+01
6.400000000000000000e+01
3.300000000000000000e+01
6.000000000000000000e+01
9.500000000000000000e+01
3.200000000000000000e+01
3.600000000000000000e+01
1.040000000000000000e+02
3.500000000000000000e+01
3.600000000000000000e+01
1.140000000000000000e+02
4.200000000000000000e+01
4.600000000000000000e+01
7.200000000000000000e+01
3.900000000000000000e+01
5.200000000000000000e+01
9.500000000000000000e+01
3.900000000000000000e+01
7.100000000000000000e+01
2.430000000000000000e+02
3.100000000000000000e+01
1.400000000000000000e+02
5.000000000000000000e+01
3.100000000000000000e+01
1.000000000000000000e+02
6.800000000000000000e+01
3.900000000000000000e+01
6.500000000000000000e+01
4.600000000000000000e+01
9.300000000000000000e+01
8.100000000000000000e+01
1.610000000000000000e+02
3.600000000000000000e+01
8.200000000000000000e+01
7.400000000000000000e+01
1.870000000000000000e+02
1.090000000000000000e+02
7.400000000000000000e+01
7.800000000000000000e+01
5.800000000000000000e+01
4.600000000000000000e+01
1.040000000000000000e+02
4.700000000000000000e+01
1.730000000000000000e+02
1.150000000000000000e+02
3.900000000000000000e+01
1.110000000000000000e+02
4.400000000000000000e+01
4.800000000000000000e+01
3.900000000000000000e+01
4.200000000000000000e+01
5.600000000000000000e+01
1.580000000000000000e+02
3.400000000000000000e+01
3.400000000000000000e+01
6.500000000000000000e+01
5.400000000000000000e+01
1.060000000000000000e+02
3.000000000000000000e+01
5.000000000000000000e+01
1.440000000000000000e+02
1.600000000000000000e+02
6.700000000000000000e+01
4.000000000000000000e+01
5.100000000000000000e+01
6.900000000000000000e+01
6.900000000000000000e+01
9.800000000000000000e+01
4.600000000000000000e+01
4.700000000000000000e+01
4.400000000000000000e+01
5.400000000000000000e+01
8.400000000000000000e+01
6.400000000000000000e+01
3.600000000000000000e+01
8.600000000000000000e+01
9.500000000000000000e+01
4.300000000000000000e+01
4.200000000000000000e+01
4.800000000000000000e+01
3.300000000000000000e+01
5.100000000000000000e+01
3.100000000000000000e+01
3.200000000000000000e+01
3.900000000000000000e+01
3.600000000000000000e+01
6.900000000000000000e+01
5.200000000000000000e+01
3.400000000000000000e+01
7.600000000000000000e+01
5.900000000000000000e+01
4.900000000000000000e+01
6.900000000000000000e+01
5.700000000000000000e+01
9.300000000000000000e+01
3.900000000000000000e+01
3.200000000000000000e+01
4.500000000000000000e+01
4.100000000000000000e+01
3.600000000000000000e+01
4.200000000000000000e+01
6.200000000000000000e+01
4.100000000000000000e+01
3.300000000000000000e+01
1.140000000000000000e+02
3.900000000000000000e+01
6.500000000000000000e+01
7.800000000000000000e+01
3.900000000000000000e+01
9.000000000000000000e+01
4.400000000000000000e+01
5.000000000000000000e+01
1.350000000000000000e+02
5.000000000000000000e+01
1.000000000000000000e+02
2.100000000000000000e+02
4.100000000000000000e+01
4.100000000000000000e+01
7.100000000000000000e+01
3.500000000000000000e+01
5.100000000000000000e+01
4.900000000000000000e+01
2.050000000000000000e+02
5.600000000000000000e+01
4.600000000000000000e+01
6.100000000000000000e+01
3.300000000000000000e+01
7.600000000000000000e+01
1.110000000000000000e+02
3.000000000000000000e+01
6.400000000000000000e+01
5.600000000000000000e+01
3.400000000000000000e+01
3.400000000000000000e+01
3.400000000000000000e+01
6.000000000000000000e+01
3.300000000000000000e+01
4.800000000000000000e+01
3.200000000000000000e+01
4.200000000000000000e+01
6.200000000000000000e+01
4.900000000000000000e+01
3.200000000000000000e+01
5.000000000000000000e+01
5.300000000000000000e+01
7.500000000000000000e+01
1.180000000000000000e+02
5.700000000000000000e+01
1.190000000000000000e+02
9.200000000000000000e+01
1.050000000000000000e+02
5.300000000000000000e+01
4.600000000000000000e+01
4.600000000000000000e+01
6.900000000000000000e+01
6.400000000000000000e+01
7.200000000000000000e+01
6.700000000000000000e+01
1.070000000000000000e+02
4.600000000000000000e+01
4.300000000000000000e+01
7.200000000000000000e+01
8.300000000000000000e+01
6.300000000000000000e+01
5.900000000000000000e+01
5.400000000000000000e+01
3.500000000000000000e+01
5.700000000000000000e+01
3.800000000000000000e+01
5.000000000000000000e+01
3.400000000000000000e+01
4.000000000000000000e+01
5.200000000000000000e+01
7.000000000000000000e+01
5.300000000000000000e+01
3.000000000000000000e+01
3.500000000000000000e+01
1.400000000000000000e+02
6.500000000000000000e+01
3.900000000000000000e+01
4.600000000000000000e+01
8.100000000000000000e+01
5.000000000000000000e+01
4.900000000000000000e+01
3.100000000000000000e+01
7.500000000000000000e+01
5.200000000000000000e+01
5.400000000000000000e+01
6.100000000000000000e+01
1.680000000000000000e+02
6.800000000000000000e+01
5.400000000000000000e+01
3.400000000000000000e+01
7.700000000000000000e+01
5.700000000000000000e+01
4.400000000000000000e+01
5.700000000000000000e+01
3.300000000000000000e+01
3.800000000000000000e+01
4.300000000000000000e+01
3.700000000000000000e+01
5.600000000000000000e+01
5.100000000000000000e+01
5.200000000000000000e+01
7.200000000000000000e+01
7.400000000000000000e+01
4.500000000000000000e+01
4.000000000000000000e+01
9.300000000000000000e+01
1.490000000000000000e+02
7.800000000000000000e+01
4.800000000000000000e+01
8.700000000000000000e+01
5.600000000000000000e+01
3.400000000000000000e+01
1.350000000000000000e+02
3.600000000000000000e+01
4.000000000000000000e+01
5.900000000000000000e+01
3.200000000000000000e+01
3.300000000000000000e+01
1.890000000000000000e+02
4.700000000000000000e+01
4.200000000000000000e+01
3.500000000000000000e+01
1.310000000000000000e+02
4.900000000000000000e+01
7.000000000000000000e+01
1.190000000000000000e+02
5.600000000000000000e+01
1.810000000000000000e+02
8.400000000000000000e+01
1.380000000000000000e+02
3.400000000000000000e+01
4.700000000000000000e+01
1.110000000000000000e+02
6.600000000000000000e+01
5.500000000000000000e+01
4.000000000000000000e+01
5.700000000000000000e+01
3.800000000000000000e+01
4.200000000000000000e+01
4.800000000000000000e+01
4.500000000000000000e+01
3.300000000000000000e+01
7.200000000000000000e+01
9.400000000000000000e+01
3.100000000000000000e+01
3.100000000000000000e+01
6.100000000000000000e+01
3.500000000000000000e+01
5.600000000000000000e+01
1.100000000000000000e+02
8.400000000000000000e+01
6.400000000000000000e+01
5.600000000000000000e+01
6.000000000000000000e+01
4.500000000000000000e+01
1.010000000000000000e+02
6.200000000000000000e+01
1.170000000000000000e+02
8.700000000000000000e+01
5.600000000000000000e+01
6.500000000000000000e+01
4.500000000000000000e+01
3.500000000000000000e+01
6.600000000000000000e+01
7.300000000000000000e+01
2.550000000000000000e+02
6.200000000000000000e+01
5.500000000000000000e+01
5.700000000000000000e+01
4.700000000000000000e+01
3.500000000000000000e+01
1.050000000000000000e+02
5.000000000000000000e+01
4.500000000000000000e+01
4.400000000000000000e+01
3.500000000000000000e+01
3.100000000000000000e+01
4.800000000000000000e+01
1.420000000000000000e+02
8.900000000000000000e+01
1.180000000000000000e+02
3.000000000000000000e+01
4.200000000000000000e+01
3.000000000000000000e+01
1.060000000000000000e+02
1.370000000000000000e+02
6.400000000000000000e+01
6.300000000000000000e+01
4.100000000000000000e+01
3.100000000000000000e+01
5.700000000000000000e+01
8.000000000000000000e+01
3.400000000000000000e+01
3.900000000000000000e+01
3.200000000000000000e+01
7.100000000000000000e+01
4.200000000000000000e+01
7.800000000000000000e+01
3.100000000000000000e+01
5.400000000000000000e+01
6.200000000000000000e+01
3.100000000000000000e+01
3.200000000000000000e+01
3.300000000000000000e+01
9.700000000000000000e+01
3.200000000000000000e+01
4.600000000000000000e+01
3.000000000000000000e+01
3.700000000000000000e+01
5.200000000000000000e+01
4.300000000000000000e+01
3.800000000000000000e+01
4.400000000000000000e+01
5.300000000000000000e+01
4.500000000000000000e+01
5.100000000000000000e+01
1.380000000000000000e+02
4.200000000000000000e+01
6.300000000000000000e+01
9.000000000000000000e+01
4.100000000000000000e+01
5.100000000000000000e+01
4.100000000000000000e+01
3.600000000000000000e+01
5.600000000000000000e+01
5.800000000000000000e+01
4.700000000000000000e+01
6.800000000000000000e+01
7.100000000000000000e+01
5.000000000000000000e+01
3.300000000000000000e+01
6.300000000000000000e+01
5.400000000000000000e+01
6.800000000000000000e+01
4.000000000000000000e+01
4.300000000000000000e+01
5.100000000000000000e+01
5.300000000000000000e+01
3.200000000000000000e+01
4.400000000000000000e+01
3.400000000000000000e+01
5.500000000000000000e+01
5.300000000000000000e+01
1.010000000000000000e+02
1.070000000000000000e+02
3.200000000000000000e+01
1.020000000000000000e+02
3.300000000000000000e+01
4.700000000000000000e+01
3.900000000000000000e+01
3.500000000000000000e+01
1.180000000000000000e+02
6.000000000000000000e+01
8.300000000000000000e+01
3.300000000000000000e+01
9.400000000000000000e+01
5.500000000000000000e+01
3.800000000000000000e+01
1.060000000000000000e+02
1.720000000000000000e+02
1.460000000000000000e+02
3.000000000000000000e+01
3.800000000000000000e+01
5.700000000000000000e+01
6.100000000000000000e+01
9.100000000000000000e+01
6.900000000000000000e+01
4.000000000000000000e+01
8.700000000000000000e+01
8.200000000000000000e+01
5.300000000000000000e+01
3.700000000000000000e+01
7.200000000000000000e+01
3.000000000000000000e+01
4.000000000000000000e+01
3.000000000000000000e+01
7.400000000000000000e+01
4.400000000000000000e+01
4.300000000000000000e+01
1.080000000000000000e+02
3.300000000000000000e+01
4.700000000000000000e+01
7.800000000000000000e+01
3.800000000000000000e+01
4.900000000000000000e+01
3.400000000000000000e+01
2.420000000000000000e+02
5.900000000000000000e+01
4.200000000000000000e+01
7.700000000000000000e+01
4.300000000000000000e+01
1.100000000000000000e+02
6.200000000000000000e+01
4.900000000000000000e+01
4.800000000000000000e+01
5.200000000000000000e+01
5.900000000000000000e+01
6.400000000000000000e+01
1.020000000000000000e+02
5.300000000000000000e+01
3.100000000000000000e+01
3.300000000000000000e+01
3.000000000000000000e+01
8.000000000000000000e+01
5.400000000000000000e+01
1.700000000000000000e+02
4.500000000000000000e+01
4.000000000000000000e+01
3.700000000000000000e+01
5.300000000000000000e+01
3.000000000000000000e+01
4.400000000000000000e+01
3.700000000000000000e+01
5.600000000000000000e+01
5.500000000000000000e+01
5.300000000000000000e+01
6.000000000000000000e+01
3.600000000000000000e+01
4.200000000000000000e+01
4.500000000000000000e+01
4.200000000000000000e+01
6.900000000000000000e+01
3.000000000000000000e+01
8.600000000000000000e+01
6.700000000000000000e+01
3.300000000000000000e+01
4.200000000000000000e+01
5.000000000000000000e+01
7.900000000000000000e+01
6.100000000000000000e+01
7.900000000000000000e+01
3.700000000000000000e+01
5.000000000000000000e+01
8.500000000000000000e+01
4.000000000000000000e+01
8.600000000000000000e+01
3.800000000000000000e+01
3.200000000000000000e+01
4.000000000000000000e+01
4.300000000000000000e+01
1.330000000000000000e+02
5.100000000000000000e+01
3.600000000000000000e+01
4.800000000000000000e+01
3.600000000000000000e+01
1.090000000000000000e+02
7.000000000000000000e+01
5.800000000000000000e+01
4.300000000000000000e+01
4.600000000000000000e+01
8.100000000000000000e+01
1.000000000000000000e+02
1.020000000000000000e+02
3.100000000000000000e+01
4.700000000000000000e+01
4.300000000000000000e+01
7.200000000000000000e+01
1.190000000000000000e+02
1.150000000000000000e+02
1.150000000000000000e+02
4.000000000000000000e+01
3.200000000000000000e+01
3.500000000000000000e+01
3.200000000000000000e+01
3.600000000000000000e+01
3.100000000000000000e+01
3.600000000000000000e+01
4.500000000000000000e+01
8.600000000000000000e+01
4.400000000000000000e+01
3.300000000000000000e+01
3.600000000000000000e+01
7.000000000000000000e+01
3.900000000000000000e+01
6.300000000000000000e+01
7.700000000000000000e+01
3.200000000000000000e+01
5.100000000000000000e+01
3.200000000000000000e+01
5.600000000000000000e+01
3.900000000000000000e+01
3.500000000000000000e+01
5.600000000000000000e+01
6.400000000000000000e+01
4.300000000000000000e+01
3.900000000000000000e+01
7.000000000000000000e+01
3.200000000000000000e+01
9.200000000000000000e+01
3.400000000000000000e+01
4.900000000000000000e+01
3.500000000000000000e+01
3.600000000000000000e+01
3.000000000000000000e+01
3.200000000000000000e+01
3.400000000000000000e+01
3.400000000000000000e+01
8.900000000000000000e+01
5.400000000000000000e+01
4.100000000000000000e+01
2.310000000000000000e+02
6.400000000000000000e+01
4.200000000000000000e+01
6.300000000000000000e+01
1.030000000000000000e+02
6.000000000000000000e+01
4.100000000000000000e+01
1.150000000000000000e+02
4.200000000000000000e+01
9.200000000000000000e+01
3.300000000000000000e+01
4.100000000000000000e+01
3.300000000000000000e+01
4.100000000000000000e+01
3.800000000000000000e+01
5.100000000000000000e+01
4.700000000000000000e+01
1.140000000000000000e+02
4.600000000000000000e+01
6.400000000000000000e+01
4.900000000000000000e+01
5.300000000000000000e+01
7.200000000000000000e+01
9.500000000000000000e+01
3.900000000000000000e+01
9.900000000000000000e+01
5.900000000000000000e+01
3.800000000000000000e+01
1.230000000000000000e+02
1.590000000000000000e+02
3.300000000000000000e+01
4.600000000000000000e+01
5.700000000000000000e+01
5.000000000000000000e+01
3.100000000000000000e+01
1.480000000000000000e+02
5.500000000000000000e+01
3.900000000000000000e+01
4.400000000000000000e+01
6.400000000000000000e+01
7.000000000000000000e+01
5.900000000000000000e+01
3.100000000000000000e+01
5.500000000000000000e+01
5.900000000000000000e+01
9.800000000000000000e+01
6.000000000000000000e+01
3.000000000000000000e+01
4.700000000000000000e+01
3.100000000000000000e+01
3.800000000000000000e+01
9.500000000000000000e+01
6.600000000000000000e+01
1.010000000000000000e+02
3.400000000000000000e+01
5.900000000000000000e+01
6.000000000000000000e+01
3.800000000000000000e+01
6.100000000000000000e+01
3.500000000000000000e+01
4.100000000000000000e+01
5.900000000000000000e+01
5.600000000000000000e+01
3.800000000000000000e+01
5.300000000000000000e+01
4.200000000000000000e+01
6.300000000000000000e+01
3.500000000000000000e+01
4.300000000000000000e+01
3.100000000000000000e+01
3.700000000000000000e+01
6.700000000000000000e+01
3.100000000000000000e+01
3.000000000000000000e+01
3.600000000000000000e+01
1.050000000000000000e+02
4.500000000000000000e+01
3.100000000000000000e+01
5.200000000000000000e+01
3.700000000000000000e+01
4.000000000000000000e+01
4.700000000000000000e+01
3.200000000000000000e+01
6.100000000000000000e+01
5.100000000000000000e+01
3.500000000000000000e+01
6.200000000000000000e+01
3.600000000000000000e+01
5.600000000000000000e+01
6.500000000000000000e+01
3.100000000000000000e+01
5.100000000000000000e+01
3.800000000000000000e+01
7.100000000000000000e+01
5.300000000000000000e+01
8.200000000000000000e+01
3.300000000000000000e+01
5.200000000000000000e+01
3.700000000000000000e+01
5.100000000000000000e+01
4.400000000000000000e+01
4.000000000000000000e+01
3.800000000000000000e+01
4.000000000000000000e+01
3.200000000000000000e+01
4.800000000000000000e+01
7.200000000000000000e+01
3.500000000000000000e+01
4.600000000000000000e+01
3.800000000000000000e+01
3.200000000000000000e+01
5.100000000000000000e+01
3.200000000000000000e+01
3.700000000000000000e+01
4.000000000000000000e+01
5.000000000000000000e+01
3.200000000000000000e+01
4.000000000000000000e+01
4.200000000000000000e+01
6.800000000000000000e+01
3.500000000000000000e+01
9.900000000000000000e+01
3.200000000000000000e+01
4.400000000000000000e+01
3.400000000000000000e+01
6.000000000000000000e+01
4.200000000000000000e+01
3.300000000000000000e+01
3.100000000000000000e+01
3.900000000000000000e+01
3.000000000000000000e+01
6.700000000000000000e+01
3.400000000000000000e+01
5.800000000000000000e+01
3.200000000000000000e+01
9.600000000000000000e+01
6.200000000000000000e+01
5.600000000000000000e+01
3.700000000000000000e+01
3.300000000000000000e+01
3.100000000000000000e+01
3.600000000000000000e+01
9.300000000000000000e+01
7.100000000000000000e+01
4.700000000000000000e+01
3.300000000000000000e+01
3.900000000000000000e+01
9.100000000000000000e+01
6.100000000000000000e+01
4.400000000000000000e+01
3.600000000000000000e+01
3.500000000000000000e+01
4.500000000000000000e+01
3.000000000000000000e+01
3.200000000000000000e+01
3.600000000000000000e+01
7.100000000000000000e+01
3.100000000000000000e+01
3.400000000000000000e+01
3.700000000000000000e+01
6.000000000000000000e+01
3.200000000000000000e+01
6.800000000000000000e+01
4.100000000000000000e+01
1.100000000000000000e+02
6.800000000000000000e+01
4.800000000000000000e+01
3.700000000000000000e+01
3.200000000000000000e+01
3.700000000000000000e+01
3.800000000000000000e+01
7.600000000000000000e+01
8.700000000000000000e+01
3.000000000000000000e+01
4.200000000000000000e+01
3.900000000000000000e+01
3.100000000000000000e+01
4.200000000000000000e+01
6.900000000000000000e+01
3.300000000000000000e+01
3.700000000000000000e+01
9.500000000000000000e+01
4.600000000000000000e+01
5.700000000000000000e+01
7.900000000000000000e+01
3.800000000000000000e+01
8.300000000000000000e+01
6.800000000000000000e+01
8.000000000000000000e+01
3.600000000000000000e+01
3.400000000000000000e+01
4.000000000000000000e+01
3.800000000000000000e+01
3.500000000000000000e+01
5.700000000000000000e+01
9.600000000000000000e+01
3.300000000000000000e+01
6.900000000000000000e+01
3.700000000000000000e+01
4.300000000000000000e+01
4.900000000000000000e+01
3.400000000000000000e+01
3.100000000000000000e+01
3.300000000000000000e+01
3.200000000000000000e+01
3.500000000000000000e+01
5.000000000000000000e+01
3.100000000000000000e+01
6.500000000000000000e+01
3.300000000000000000e+01
4.800000000000000000e+01
3.400000000000000000e+01
3.600000000000000000e+01
4.800000000000000000e+01
3.800000000000000000e+01
8.100000000000000000e+01
3.000000000000000000e+01
4.300000000000000000e+01
3.500000000000000000e+01
4.200000000000000000e+01
3.600000000000000000e+01
6.600000000000000000e+01
3.300000000000000000e+01
3.000000000000000000e+01
5.200000000000000000e+01
3.400000000000000000e+01
3.200000000000000000e+01
3.400000000000000000e+01
6.600000000000000000e+01
4.900000000000000000e+01
4.800000000000000000e+01
1.260000000000000000e+02
4.400000000000000000e+01
4.600000000000000000e+01
3.000000000000000000e+01
3.600000000000000000e+01
3.400000000000000000e+01
4.200000000000000000e+01
6.700000000000000000e+01
8.000000000000000000e+01
4.100000000000000000e+01
3.000000000000000000e+01
3.400000000000000000e+01
4.800000000000000000e+01
3.600000000000000000e+01
5.500000000000000000e+01
3.000000000000000000e+01
8.200000000000000000e+01
5.800000000000000000e+01
7.000000000000000000e+01
4.100000000000000000e+01
4.400000000000000000e+01
3.600000000000000000e+01
3.800000000000000000e+01
4.700000000000000000e+01
3.100000000000000000e+01
3.100000000000000000e+01
4.100000000000000000e+01
4.100000000000000000e+01
3.900000000000000000e+01
6.000000000000000000e+01
4.100000000000000000e+01
3.000000000000000000e+01
3.100000000000000000e+01
3.700000000000000000e+01
3.200000000000000000e+01
4.000000000000000000e+01
3.800000000000000000e+01
5.800000000000000000e+01
4.600000000000000000e+01
4.400000000000000000e+01
4.900000000000000000e+01
4.900000000000000000e+01
3.200000000000000000e+01
4.300000000000000000e+01
5.500000000000000000e+01
4.700000000000000000e+01
3.800000000000000000e+01
3.500000000000000000e+01
3.200000000000000000e+01
4.600000000000000000e+01
4.700000000000000000e+01
3.800000000000000000e+01
8.300000000000000000e+01
3.200000000000000000e+01
4.500000000000000000e+01
4.200000000000000000e+01
8.700000000000000000e+01
5.600000000000000000e+01
4.300000000000000000e+01
4.000000000000000000e+01
3.000000000000000000e+01
5.000000000000000000e+01
4.200000000000000000e+01
3.200000000000000000e+01
6.100000000000000000e+01
3.400000000000000000e+01
3.500000000000000000e+01
5.400000000000000000e+01
6.100000000000000000e+01
3.700000000000000000e+01
3.100000000000000000e+01
3.000000000000000000e+01
7.900000000000000000e+01
3.500000000000000000e+01
3.300000000000000000e+01
5.000000000000000000e+01
7.600000000000000000e+01
3.000000000000000000e+01
3.100000000000000000e+01
4.100000000000000000e+01
4.300000000000000000e+01
5.100000000000000000e+01
3.900000000000000000e+01
3.100000000000000000e+01
9.000000000000000000e+01
5.700000000000000000e+01
6.100000000000000000e+01
6.800000000000000000e+01
5.000000000000000000e+01
3.700000000000000000e+01
3.800000000000000000e+01
5.400000000000000000e+01
7.300000000000000000e+01
4.400000000000000000e+01
4.600000000000000000e+01
4.500000000000000000e+01
3.100000000000000000e+01
3.000000000000000000e+01
3.400000000000000000e+01
3.000000000000000000e+01
6.900000000000000000e+01
7.100000000000000000e+01
4.100000000000000000e+01
3.100000000000000000e+01
3.700000000000000000e+01
3.600000000000000000e+01
3.200000000000000000e+01
6.000000000000000000e+01
9.900000000000000000e+01
7.200000000000000000e+01
3.600000000000000000e+01
3.200000000000000000e+01
6.900000000000000000e+01
4.400000000000000000e+01
3.100000000000000000e+01
3.400000000000000000e+01
4.300000000000000000e+01
3.700000000000000000e+01
4.800000000000000000e+01
3.700000000000000000e+01
4.100000000000000000e+01
4.200000000000000000e+01
3.900000000000000000e+01
3.200000000000000000e+01
3.500000000000000000e+01
4.600000000000000000e+01
4.000000000000000000e+01
3.400000000000000000e+01
3.500000000000000000e+01
3.000000000000000000e+01
6.900000000000000000e+01
7.400000000000000000e+01
5.000000000000000000e+01
3.700000000000000000e+01
3.500000000000000000e+01
7.600000000000000000e+01
4.500000000000000000e+01
5.000000000000000000e+01
3.800000000000000000e+01
5.500000000000000000e+01
5.900000000000000000e+01
5.600000000000000000e+01
3.400000000000000000e+01
3.300000000000000000e+01
3.600000000000000000e+01
3.600000000000000000e+01
3.200000000000000000e+01
3.500000000000000000e+01
3.000000000000000000e+01
3.500000000000000000e+01
3.600000000000000000e+01
3.900000000000000000e+01
4.600000000000000000e+01
3.100000000000000000e+01
3.300000000000000000e+01
4.500000000000000000e+01
5.300000000000000000e+01
3.700000000000000000e+01
7.100000000000000000e+01
3.700000000000000000e+01
4.400000000000000000e+01
3.100000000000000000e+01
3.100000000000000000e+01
3.100000000000000000e+01
3.700000000000000000e+01
3.900000000000000000e+01
3.400000000000000000e+01
3.000000000000000000e+01
3.000000000000000000e+01
4.100000000000000000e+01
4.000000000000000000e+01
4.100000000000000000e+01
3.200000000000000000e+01
3.500000000000000000e+01
4.600000000000000000e+01
4.000000000000000000e+01
3.600000000000000000e+01
3.500000000000000000e+01
3.200000000000000000e+01
3.000000000000000000e+01
4.500000000000000000e+01
3.600000000000000000e+01
6.000000000000000000e+01
3.900000000000000000e+01
7.200000000000000000e+01
3.500000000000000000e+01
3.500000000000000000e+01
6.700000000000000000e+01
8.000000000000000000e+01
4.900000000000000000e+01
5.400000000000000000e+01
7.600000000000000000e+01
3.000000000000000000e+01
3.400000000000000000e+01
5.100000000000000000e+01
4.100000000000000000e+01
3.900000000000000000e+01
6.300000000000000000e+01
3.900000000000000000e+01
3.800000000000000000e+01
7.500000000000000000e+01
3.800000000000000000e+01
4.400000000000000000e+01
3.500000000000000000e+01
3.300000000000000000e+01
3.800000000000000000e+01
3.700000000000000000e+01
5.400000000000000000e+01
5.200000000000000000e+01
4.000000000000000000e+01
8.800000000000000000e+01
3.100000000000000000e+01
3.400000000000000000e+01
4.100000000000000000e+01
3.200000000000000000e+01
3.900000000000000000e+01
6.900000000000000000e+01
4.700000000000000000e+01
4.000000000000000000e+01
4.400000000000000000e+01
3.000000000000000000e+01
3.000000000000000000e+01
3.200000000000000000e+01
6.600000000000000000e+01
3.500000000000000000e+01
4.700000000000000000e+01
3.000000000000000000e+01
3.200000000000000000e+01
3.800000000000000000e+01
3.800000000000000000e+01
5.900000000000000000e+01
3.400000000000000000e+01
3.000000000000000000e+01
3.000000000000000000e+01
3.000000000000000000e+01
3.200000000000000000e+01
3.000000000000000000e+01
3.000000000000000000e+01
4.200000000000000000e+01
5.600000000000000000e+01
3.500000000000000000e+01
3.200000000000000000e+01
3.100000000000000000e+01
3.500000000000000000e+01
6.500000000000000000e+01
3.400000000000000000e+01
3.200000000000000000e+01
4.900000000000000000e+01
7.100000000000000000e+01
3.200000000000000000e+01
3.000000000000000000e+01
3.000000000000000000e+01
3.600000000000000000e+01
3.800000000000000000e+01
3.000000000000000000e+01
3.500000000000000000e+01
3.700000000000000000e+01
3.900000000000000000e+01
3.100000000000000000e+01
3.600000000000000000e+01
3.000000000000000000e+01
3.400000000000000000e+01
4.600000000000000000e+01
3.000000000000000000e+01
3.700000000000000000e+01
3.300000000000000000e+01
3.200000000000000000e+01
4.300000000000000000e+01
3.000000000000000000e+01
3.800000000000000000e+01
3.100000000000000000e+01
3.100000000000000000e+01
3.100000000000000000e+01
3.500000000000000000e+01
4.500000000000000000e+01
3.000000000000000000e+01
3.100000000000000000e+01
3.400000000000000000e+01
3.300000000000000000e+01
3.400000000000000000e+01
