5.386055374145507812e+01
6.585969543457031250e+01
3.926489257812500000e+01
3.862252807617187500e+01
6.766892242431640625e+01
5.493619918823242188e+01
3.080729675292968750e+01
5.670523834228515625e+01
5.743905639648437500e+01
1.166764831542968750e+02
4.829875183105468750e+01
1.301402893066406250e+02
4.506390380859375000e+01
4.827823257446289062e+01
5.291006851196289062e+01
5.802804183959960938e+01
7.101464843750000000e+01
4.098394393920898438e+01
4.183266067504882812e+01
1.436485900878906250e+02
3.635972213745117188e+01
8.804313659667968750e+01
3.089915847778320312e+01
4.043987274169921875e+01
3.291844177246093750e+01
6.638710021972656250e+01
3.000000000000000000e+01
6.486209869384765625e+01
1.688838195800781250e+02
6.503344726562500000e+01
5.631719207763671875e+01
4.789665985107421875e+01
3.668920516967773438e+01
1.077109527587890625e+02
5.289330291748046875e+01
7.360719299316406250e+01
6.469485473632812500e+01
5.524123001098632812e+01
4.691930389404296875e+01
3.000000000000000000e+01
4.489556121826171875e+01
3.484225845336914062e+01
4.599817657470703125e+01
4.030426025390625000e+01
3.686943054199218750e+01
3.324418258666992188e+01
4.088847351074218750e+01
6.217256927490234375e+01
1.214549407958984375e+02
5.796197128295898438e+01
3.914836502075195312e+01
4.075220489501953125e+01
7.585526275634765625e+01
4.611933135986328125e+01
9.684743499755859375e+01
4.125664138793945312e+01
6.525686645507812500e+01
4.991450881958007812e+01
6.459500122070312500e+01
7.630832672119140625e+01
5.699708557128906250e+01
8.218891906738281250e+01
4.304634094238281250e+01
9.613771057128906250e+01
1.006122741699218750e+02
5.616230773925781250e+01
3.426988220214843750e+01
3.000000000000000000e+01
4.840594482421875000e+01
4.118814086914062500e+01
6.161993789672851562e+01
3.723311996459960938e+01
8.095668792724609375e+01
3.720043945312500000e+01
5.567514801025390625e+01
3.491036605834960938e+01
5.213438796997070312e+01
4.904293441772460938e+01
3.964875411987304688e+01
6.469010162353515625e+01
3.708605575561523438e+01
7.101464843750000000e+01
5.097679138183593750e+01
1.184883499145507812e+02
1.085031890869140625e+02
3.514836883544921875e+01
3.836384582519531250e+01
5.017411804199218750e+01
4.506390380859375000e+01
5.741949081420898438e+01
4.007312774658203125e+01
5.178217315673828125e+01
6.663775634765625000e+01
5.346368789672851562e+01
1.058846282958984375e+02
8.502273559570312500e+01
6.528054809570312500e+01
3.359401702880859375e+01
7.729180145263671875e+01
3.939105987548828125e+01
1.026418914794921875e+02
7.114746856689453125e+01
1.488678283691406250e+02
3.000000000000000000e+01
4.485803985595703125e+01
8.767803955078125000e+01
3.000000000000000000e+01
5.022245788574218750e+01
5.070264434814453125e+01
3.127823638916015625e+01
3.939728546142578125e+01
3.000000000000000000e+01
7.693015289306640625e+01
1.241716232299804688e+02
3.978286743164062500e+01
4.084216308593750000e+01
9.321138763427734375e+01
4.889201354980468750e+01
7.736251831054687500e+01
5.079548645019531250e+01
4.518500137329101562e+01
5.496561813354492188e+01
4.654802703857421875e+01
3.994098663330078125e+01
4.181241607666015625e+01
4.656945037841796875e+01
6.749990081787109375e+01
6.500411987304687500e+01
4.370159530639648438e+01
4.548385238647460938e+01
4.143655395507812500e+01
1.106279449462890625e+02
4.733719635009765625e+01
3.000000000000000000e+01
5.726130676269531250e+01
5.159541320800781250e+01
1.052445220947265625e+02
4.319385147094726562e+01
4.518009567260742188e+01
7.310606384277343750e+01
4.353430938720703125e+01
9.386116027832031250e+01
7.530180358886718750e+01
5.605768203735351562e+01
7.134574890136718750e+01
4.610694885253906250e+01
7.622411346435546875e+01
9.380483245849609375e+01
5.230204391479492188e+01
1.236746139526367188e+02
5.841898345947265625e+01
7.933730316162109375e+01
6.111388015747070312e+01
8.247393798828125000e+01
4.785975646972656250e+01
1.128111267089843750e+02
3.756534957885742188e+01
1.379615173339843750e+02
4.054537963867187500e+01
6.592402648925781250e+01
3.625242614746093750e+01
5.081700897216796875e+01
4.399646377563476562e+01
3.344624710083007812e+01
7.029620361328125000e+01
4.431266784667968750e+01
6.495184326171875000e+01
5.030896759033203125e+01
3.207136917114257812e+01
1.175446166992187500e+02
4.405437469482421875e+01
4.659192657470703125e+01
3.711120986938476562e+01
3.079896736145019531e+01
5.467693328857421875e+01
5.012110519409179688e+01
4.274107360839843750e+01
4.176204681396484375e+01
6.772664642333984375e+01
5.329875946044921875e+01
7.202220153808593750e+01
6.178362274169921875e+01
7.027677917480468750e+01
5.641688537597656250e+01
4.008959579467773438e+01
3.019073677062988281e+01
4.778146743774414062e+01
6.814949035644531250e+01
5.183515548706054688e+01
4.681640243530273438e+01
4.984513854980468750e+01
5.608074951171875000e+01
5.032730102539062500e+01
3.652120971679687500e+01
4.733627319335937500e+01
4.118888854980468750e+01
5.114730834960937500e+01
8.748718261718750000e+01
1.515651855468750000e+02
5.189074707031250000e+01
5.962623596191406250e+01
1.254425659179687500e+02
8.941162109375000000e+01
3.000000000000000000e+01
4.443445205688476562e+01
3.850770187377929688e+01
5.335382461547851562e+01
5.417168807983398438e+01
1.302192993164062500e+02
3.388919067382812500e+01
4.905350112915039062e+01
9.297535705566406250e+01
4.499195861816406250e+01
4.762117385864257812e+01
3.559841918945312500e+01
4.951253509521484375e+01
6.118009567260742188e+01
5.457908630371093750e+01
4.328849792480468750e+01
4.301667785644531250e+01
3.434714126586914062e+01
5.678149414062500000e+01
9.706124114990234375e+01
3.928603363037109375e+01
3.670655822753906250e+01
3.687418746948242188e+01
5.869290161132812500e+01
1.170402526855468750e+02
5.979562377929687500e+01
1.375619506835937500e+02
3.788384246826171875e+01
5.132220840454101562e+01
6.581121063232421875e+01
4.634213256835937500e+01
3.942606735229492188e+01
6.118065261840820312e+01
4.322269058227539062e+01
3.755998992919921875e+01
7.353891754150390625e+01
5.077906417846679688e+01
4.365909576416015625e+01
1.197315979003906250e+02
1.051316223144531250e+02
6.685562133789062500e+01
9.309208679199218750e+01
3.437769317626953125e+01
4.757022094726562500e+01
1.436640472412109375e+02
1.550509643554687500e+02
4.151229858398437500e+01
6.347916030883789062e+01
4.209284973144531250e+01
4.642002105712890625e+01
1.051300964355468750e+02
4.335014724731445312e+01
5.586016845703125000e+01
4.299674224853515625e+01
4.174682617187500000e+01
4.020061492919921875e+01
1.611299133300781250e+02
5.998958587646484375e+01
5.472704315185546875e+01
5.586728668212890625e+01
4.132163619995117188e+01
1.279651336669921875e+02
5.057260131835937500e+01
1.500715789794921875e+02
6.255266571044921875e+01
7.467622375488281250e+01
5.212203979492187500e+01
5.570134735107421875e+01
4.338648986816406250e+01
6.685562133789062500e+01
6.795497894287109375e+01
1.628107452392578125e+02
3.591003799438476562e+01
7.305963897705078125e+01
8.726673889160156250e+01
9.044889068603515625e+01
9.318261718750000000e+01
8.419753265380859375e+01
7.456328582763671875e+01
6.527532958984375000e+01
4.380687332153320312e+01
7.049421691894531250e+01
3.525986862182617188e+01
3.123048210144042969e+01
6.342711257934570312e+01
4.301319503784179688e+01
3.630339813232421875e+01
4.018656158447265625e+01
3.106280899047851562e+01
3.954734420776367188e+01
8.711311340332031250e+01
3.000000000000000000e+01
3.101890563964843750e+01
5.247557830810546875e+01
6.131695556640625000e+01
4.401797485351562500e+01
5.947868347167968750e+01
3.953433990478515625e+01
3.000000000000000000e+01
3.833412933349609375e+01
8.505436706542968750e+01
6.188382720947265625e+01
3.823051071166992188e+01
7.627421569824218750e+01
8.363188171386718750e+01
7.466342163085937500e+01
1.328070068359375000e+02
1.470384063720703125e+02
3.000000000000000000e+01
8.596061706542968750e+01
9.772556304931640625e+01
9.171176147460937500e+01
4.074612045288085938e+01
3.547238540649414062e+01
1.203643951416015625e+02
5.867540740966796875e+01
7.729180145263671875e+01
4.432415008544921875e+01
4.779879760742187500e+01
5.385012054443359375e+01
5.094712829589843750e+01
3.623387908935546875e+01
3.788069915771484375e+01
3.933314132690429688e+01
3.481805419921875000e+01
8.095668792724609375e+01
3.030540084838867188e+01
7.291674041748046875e+01
4.837213134765625000e+01
5.490225982666015625e+01
4.689267730712890625e+01
4.452999496459960938e+01
4.550267410278320312e+01
6.567166900634765625e+01
5.183378601074218750e+01
3.000000000000000000e+01
3.236930465698242188e+01
5.184193038940429688e+01
7.983225250244140625e+01
3.839620590209960938e+01
7.466342163085937500e+01
4.923786544799804688e+01
4.844615173339843750e+01
1.592591247558593750e+02
4.063317871093750000e+01
4.556548309326171875e+01
1.126165847778320312e+02
1.652190856933593750e+02
1.944259643554687500e+02
5.186484527587890625e+01
8.218891906738281250e+01
3.020457077026367188e+01
8.694821166992187500e+01
5.891252899169921875e+01
3.140494728088378906e+01
1.343956604003906250e+02
5.740404510498046875e+01
6.915617370605468750e+01
1.333452758789062500e+02
5.406475067138671875e+01
6.258244705200195312e+01
9.581761169433593750e+01
3.665035247802734375e+01
8.150567626953125000e+01
1.146603012084960938e+02
3.000000000000000000e+01
6.652682495117187500e+01
6.005895233154296875e+01
4.647344207763671875e+01
9.318135070800781250e+01
1.277973632812500000e+02
4.677288055419921875e+01
1.354376678466796875e+02
9.160949707031250000e+01
6.503344726562500000e+01
7.101198577880859375e+01
8.326707458496093750e+01
3.000000000000000000e+01
3.537984085083007812e+01
3.000000000000000000e+01
4.470991516113281250e+01
6.271916198730468750e+01
1.051316223144531250e+02
5.107901382446289062e+01
4.803100585937500000e+01
3.976324081420898438e+01
2.606818237304687500e+02
4.136197662353515625e+01
3.710126113891601562e+01
3.000000000000000000e+01
3.000000000000000000e+01
3.730030822753906250e+01
6.177277755737304688e+01
7.695589447021484375e+01
1.002612304687500000e+02
4.701990127563476562e+01
4.508768463134765625e+01
5.199039077758789062e+01
3.993617248535156250e+01
1.580063171386718750e+02
3.964928436279296875e+01
3.710091018676757812e+01
4.595212554931640625e+01
4.176195907592773438e+01
5.925028991699218750e+01
6.551486206054687500e+01
1.304146118164062500e+02
7.707953643798828125e+01
8.597861480712890625e+01
4.578451919555664062e+01
4.019898223876953125e+01
6.972663116455078125e+01
3.001074409484863281e+01
5.675708389282226562e+01
5.962612533569335938e+01
3.000000000000000000e+01
3.711715316772460938e+01
8.909777832031250000e+01
3.000000000000000000e+01
4.386613845825195312e+01
1.457617034912109375e+02
5.873253631591796875e+01
4.910264205932617188e+01
6.720117187500000000e+01
3.951517486572265625e+01
5.833941650390625000e+01
9.106980895996093750e+01
5.872460174560546875e+01
7.291674041748046875e+01
1.892466125488281250e+02
5.094712829589843750e+01
1.176903305053710938e+02
4.308399581909179688e+01
4.447495269775390625e+01
9.015119171142578125e+01
6.486210632324218750e+01
5.603167724609375000e+01
7.272159576416015625e+01
3.000000000000000000e+01
6.399700164794921875e+01
5.537052536010742188e+01
6.789241027832031250e+01
4.157669830322265625e+01
5.304128646850585938e+01
6.537471008300781250e+01
9.670581817626953125e+01
8.850888824462890625e+01
6.189845275878906250e+01
6.111388015747070312e+01
5.070388031005859375e+01
5.687961959838867188e+01
7.496920013427734375e+01
3.282526397705078125e+01
9.971598815917968750e+01
9.061147308349609375e+01
3.068910026550292969e+01
1.048770751953125000e+02
8.015544128417968750e+01
5.192125320434570312e+01
4.274224853515625000e+01
5.019505310058593750e+01
4.365058135986328125e+01
1.844031677246093750e+02
3.710015106201171875e+01
5.093650817871093750e+01
5.166018676757812500e+01
3.993191528320312500e+01
1.044085311889648438e+02
4.072192001342773438e+01
4.709192657470703125e+01
1.380902557373046875e+02
6.188382720947265625e+01
8.657215881347656250e+01
5.273057556152343750e+01
5.327945327758789062e+01
6.538722229003906250e+01
9.155747222900390625e+01
8.746765136718750000e+01
7.629618072509765625e+01
6.984881591796875000e+01
3.987027740478515625e+01
6.801443481445312500e+01
7.236786651611328125e+01
4.913016128540039062e+01
4.762117385864257812e+01
7.219459533691406250e+01
8.942810058593750000e+01
5.800823974609375000e+01
5.620459365844726562e+01
4.983294296264648438e+01
3.000000000000000000e+01
3.922210693359375000e+01
3.302079010009765625e+01
3.000000000000000000e+01
3.000000000000000000e+01
3.000000000000000000e+01
4.799311065673828125e+01
5.023427200317382812e+01
4.682872390747070312e+01
6.895240783691406250e+01
5.570774459838867188e+01
4.164663696289062500e+01
3.894019699096679688e+01
4.576124954223632812e+01
6.241850280761718750e+01
3.910579681396484375e+01
3.200590515136718750e+01
6.055813980102539062e+01
3.782992553710937500e+01
5.742054367065429688e+01
3.000000000000000000e+01
5.168675994873046875e+01
3.000000000000000000e+01
5.291007232666015625e+01
1.006394653320312500e+02
4.237380981445312500e+01
3.567095184326171875e+01
7.776150512695312500e+01
3.710091018676757812e+01
6.330053710937500000e+01
3.524134826660156250e+01
3.999198150634765625e+01
1.233479766845703125e+02
4.530979919433593750e+01
1.190735778808593750e+02
1.124152526855468750e+02
3.516541290283203125e+01
3.000000000000000000e+01
8.844645690917968750e+01
3.929605102539062500e+01
5.951549911499023438e+01
5.586728668212890625e+01
1.462579040527343750e+02
4.720284271240234375e+01
7.374335479736328125e+01
5.432699584960937500e+01
3.119648170471191406e+01
5.415598297119140625e+01
1.112177734375000000e+02
4.648757553100585938e+01
5.964973449707031250e+01
5.463429260253906250e+01
3.202634429931640625e+01
3.568870544433593750e+01
5.477433013916015625e+01
4.568103027343750000e+01
4.112602233886718750e+01
3.723988723754882812e+01
3.644093322753906250e+01
4.066332244873046875e+01
5.017219543457031250e+01
4.751618957519531250e+01
4.621545791625976562e+01
5.926716613769531250e+01
5.022245788574218750e+01
7.107288360595703125e+01
1.302192993164062500e+02
5.002093505859375000e+01
9.581961822509765625e+01
7.496147155761718750e+01
1.158341979980468750e+02
3.437518310546875000e+01
5.295694351196289062e+01
3.000000000000000000e+01
3.718103027343750000e+01
7.771061706542968750e+01
6.864703369140625000e+01
8.686407470703125000e+01
8.377944183349609375e+01
3.978286743164062500e+01
4.770143890380859375e+01
6.158097839355468750e+01
8.332962799072265625e+01
4.344553375244140625e+01
5.902972030639648438e+01
4.689058685302734375e+01
3.618695449829101562e+01
1.031894226074218750e+02
4.007312774658203125e+01
4.730395889282226562e+01
4.169883728027343750e+01
4.761922454833984375e+01
5.802489089965820312e+01
9.885500335693359375e+01
4.385386276245117188e+01
3.114509201049804688e+01
3.672542572021484375e+01
1.002612304687500000e+02
5.079797363281250000e+01
4.613125228881835938e+01
5.218506240844726562e+01
5.682917404174804688e+01
5.191114044189453125e+01
6.223260498046875000e+01
5.359293746948242188e+01
6.765427398681640625e+01
3.727600860595703125e+01
4.623208618164062500e+01
7.286954498291015625e+01
8.058116149902343750e+01
7.787728881835937500e+01
4.780805587768554688e+01
3.469290161132812500e+01
6.838040161132812500e+01
6.611236572265625000e+01
5.033262634277343750e+01
5.775970458984375000e+01
5.906529998779296875e+01
3.394479751586914062e+01
6.245446014404296875e+01
3.207400512695312500e+01
3.000000000000000000e+01
4.470583724975585938e+01
7.120532989501953125e+01
6.537471008300781250e+01
5.184272384643554688e+01
5.746517944335937500e+01
3.643849182128906250e+01
8.431816101074218750e+01
1.004474945068359375e+02
6.934236145019531250e+01
3.738639068603515625e+01
1.158342056274414062e+02
5.186484527587890625e+01
6.084202575683593750e+01
8.942810058593750000e+01
3.744377899169921875e+01
3.909487915039062500e+01
7.073757934570312500e+01
3.056985092163085938e+01
4.265786743164062500e+01
2.285719909667968750e+02
3.823038482666015625e+01
3.141764640808105469e+01
3.843747711181640625e+01
1.288235778808593750e+02
4.711609649658203125e+01
5.078241729736328125e+01
8.845199584960937500e+01
4.719495773315429688e+01
1.305759277343750000e+02
7.976029205322265625e+01
1.016605148315429688e+02
3.000000000000000000e+01
3.679910659790039062e+01
6.993408203125000000e+01
7.562272644042968750e+01
6.768638610839843750e+01
5.183378601074218750e+01
4.942300033569335938e+01
3.000000000000000000e+01
4.464322662353515625e+01
6.244697952270507812e+01
5.573315811157226562e+01
3.651791763305664062e+01
6.687682342529296875e+01
7.155511474609375000e+01
4.665763473510742188e+01
3.013428688049316406e+01
5.340869140625000000e+01
3.540975952148437500e+01
4.442934036254882812e+01
1.109272232055664062e+02
4.475291442871093750e+01
6.960108947753906250e+01
5.557780838012695312e+01
4.213998031616210938e+01
3.523975372314453125e+01
9.386115264892578125e+01
6.372004699707031250e+01
7.886277770996093750e+01
9.374420166015625000e+01
5.454728698730468750e+01
4.195700454711914062e+01
3.744792175292968750e+01
4.221666717529296875e+01
5.750611877441406250e+01
6.705477142333984375e+01
1.844031677246093750e+02
5.117090606689453125e+01
4.772241592407226562e+01
6.133245086669921875e+01
5.186876678466796875e+01
4.153061676025390625e+01
4.984296417236328125e+01
5.629716491699218750e+01
7.216991424560546875e+01
1.057793273925781250e+02
3.006351280212402344e+01
3.000000000000000000e+01
5.693572998046875000e+01
1.135425567626953125e+02
7.348318481445312500e+01
1.190735778808593750e+02
3.239230346679687500e+01
5.550844192504882812e+01
5.388695907592773438e+01
7.492511749267578125e+01
1.611852416992187500e+02
6.228521728515625000e+01
5.081325531005859375e+01
5.338666152954101562e+01
3.000000000000000000e+01
6.185059356689453125e+01
8.311070251464843750e+01
3.652949905395507812e+01
3.593238830566406250e+01
6.143138122558593750e+01
7.984759521484375000e+01
4.897134017944335938e+01
9.278782653808593750e+01
3.810760116577148438e+01
4.520330810546875000e+01
5.867540740966796875e+01
7.235081481933593750e+01
5.019459915161132812e+01
4.632504653930664062e+01
4.624588394165039062e+01
3.793429183959960938e+01
4.208719635009765625e+01
3.964928436279296875e+01
4.476541900634765625e+01
7.474863433837890625e+01
5.873253631591796875e+01
3.665962600708007812e+01
3.000000000000000000e+01
5.052615356445312500e+01
3.710126113891601562e+01
3.000000000000000000e+01
1.210819320678710938e+02
3.000000000000000000e+01
7.288703155517578125e+01
9.980998992919921875e+01
4.405233001708984375e+01
3.000000000000000000e+01
3.000000000000000000e+01
6.592402648925781250e+01
6.833798217773437500e+01
5.843484497070312500e+01
5.124514770507812500e+01
5.387063217163085938e+01
6.951681518554687500e+01
5.559560394287109375e+01
3.718638992309570312e+01
7.234159088134765625e+01
3.929842376708984375e+01
6.538722229003906250e+01
5.773091125488281250e+01
3.413528060913085938e+01
4.002362823486328125e+01
5.960977172851562500e+01
5.186406326293945312e+01
4.304644012451171875e+01
4.401797485351562500e+01
4.827607345581054688e+01
5.483684539794921875e+01
6.628228759765625000e+01
7.655538940429687500e+01
5.156565093994140625e+01
8.650647735595703125e+01
4.397423171997070312e+01
5.077906417846679688e+01
5.292510604858398438e+01
6.320160675048828125e+01
7.620641326904296875e+01
6.023910522460937500e+01
8.006750488281250000e+01
3.971050643920898438e+01
8.977975463867187500e+01
5.348065185546875000e+01
5.870831298828125000e+01
8.636003112792968750e+01
1.436485900878906250e+02
1.049857788085937500e+02
4.455207443237304688e+01
3.808434295654296875e+01
4.887330245971679688e+01
5.362923431396484375e+01
8.850888061523437500e+01
8.720130920410156250e+01
6.325848007202148438e+01
9.107332611083984375e+01
5.340869140625000000e+01
5.114984893798828125e+01
3.354702758789062500e+01
5.709149932861328125e+01
6.261866760253906250e+01
3.562334823608398438e+01
3.829941558837890625e+01
8.677204895019531250e+01
6.351559066772460938e+01
4.511160278320312500e+01
8.827255249023437500e+01
3.933828735351562500e+01
4.418345260620117188e+01
4.118814468383789062e+01
4.574895477294921875e+01
6.648336791992187500e+01
4.632504653930664062e+01
1.915022583007812500e+02
6.120898056030273438e+01
4.832074356079101562e+01
4.277804183959960938e+01
5.547798538208007812e+01
1.282893371582031250e+02
3.939554595947265625e+01
4.563972091674804688e+01
6.903498840332031250e+01
3.651791763305664062e+01
7.167081451416015625e+01
4.424203109741210938e+01
6.126434326171875000e+01
4.775161361694335938e+01
4.719219207763671875e+01
3.000000000000000000e+01
4.425532150268554688e+01
6.393008422851562500e+01
5.736462402343750000e+01
2.286307983398437500e+02
3.474121093750000000e+01
4.575042724609375000e+01
7.010238647460937500e+01
4.968115997314453125e+01
4.415225601196289062e+01
3.344985198974609375e+01
4.038750457763671875e+01
4.927900314331054688e+01
3.000000000000000000e+01
5.536932373046875000e+01
6.084298706054687500e+01
3.916030883789062500e+01
4.482886886596679688e+01
3.326093673706054688e+01
3.516541290283203125e+01
4.053535461425781250e+01
3.230019378662109375e+01
5.570462799072265625e+01
7.406777191162109375e+01
3.271326828002929688e+01
4.886938858032226562e+01
5.247557830810546875e+01
7.629202270507812500e+01
3.871707153320312500e+01
1.033639068603515625e+02
3.000000000000000000e+01
7.629618072509765625e+01
8.661358642578125000e+01
3.911709594726562500e+01
8.636003112792968750e+01
3.212251663208007812e+01
4.944087600708007812e+01
4.054916763305664062e+01
4.317535400390625000e+01
1.040460968017578125e+02
5.403863525390625000e+01
4.458773040771484375e+01
7.604140472412109375e+01
4.285393142700195312e+01
1.034273223876953125e+02
7.193601226806640625e+01
4.266184997558593750e+01
5.046993637084960938e+01
6.829225921630859375e+01
8.854008483886718750e+01
7.530747985839843750e+01
6.943006134033203125e+01
3.400496673583984375e+01
4.191957855224609375e+01
5.887291336059570312e+01
7.608403778076171875e+01
1.150912933349609375e+02
8.120211791992187500e+01
1.132287216186523438e+02
6.565805053710937500e+01
4.120112228393554688e+01
5.487787246704101562e+01
3.054608917236328125e+01
4.702365875244140625e+01
3.000000000000000000e+01
3.000000000000000000e+01
7.961067199707031250e+01
1.174428863525390625e+02
5.313678359985351562e+01
3.593054962158203125e+01
4.723738861083984375e+01
6.388800430297851562e+01
3.669260025024414062e+01
5.160636901855468750e+01
6.705477142333984375e+01
4.215161514282226562e+01
6.743172454833984375e+01
6.185059738159179688e+01
5.400479125976562500e+01
6.081538391113281250e+01
3.773366546630859375e+01
4.018470001220703125e+01
5.575022125244140625e+01
3.637024688720703125e+01
6.525462341308593750e+01
7.198003387451171875e+01
5.396218109130859375e+01
9.309208679199218750e+01
5.824437713623046875e+01
3.716205596923828125e+01
3.675523757934570312e+01
3.914249420166015625e+01
4.560681915283203125e+01
3.850016784667968750e+01
3.000000000000000000e+01
3.730739974975585938e+01
9.180329895019531250e+01
4.508768463134765625e+01
3.351527023315429688e+01
9.670581817626953125e+01
7.217269897460937500e+01
4.375613021850585938e+01
6.304150772094726562e+01
8.331002044677734375e+01
4.682872390747070312e+01
4.829304504394531250e+01
1.134180450439453125e+02
5.183987426757812500e+01
7.119155120849609375e+01
3.964875411987304688e+01
3.000000000000000000e+01
5.741949081420898438e+01
4.773711013793945312e+01
4.887522888183593750e+01
4.641603851318359375e+01
4.687284469604492188e+01
4.712807083129882812e+01
4.153106307983398438e+01
5.740404510498046875e+01
3.000000000000000000e+01
3.706466293334960938e+01
7.947609710693359375e+01
9.296274566650390625e+01
4.439533233642578125e+01
9.737487030029296875e+01
4.958151245117187500e+01
3.696975708007812500e+01
8.785125732421875000e+01
9.639200592041015625e+01
3.763073730468750000e+01
5.545358657836914062e+01
3.000000000000000000e+01
5.204936218261718750e+01
5.333755493164062500e+01
7.615151214599609375e+01
4.718109130859375000e+01
5.073873901367187500e+01
5.273057937622070312e+01
5.292707061767578125e+01
5.768706512451171875e+01
3.151189804077148438e+01
5.334833145141601562e+01
5.717345428466796875e+01
5.079548645019531250e+01
6.943881225585937500e+01
6.614624023437500000e+01
3.328586578369140625e+01
5.059957122802734375e+01
3.173728561401367188e+01
5.618369674682617188e+01
6.749990081787109375e+01
9.505323791503906250e+01
6.126434326171875000e+01
4.894520187377929688e+01
6.503218078613281250e+01
5.334833145141601562e+01
4.121732330322265625e+01
4.693845748901367188e+01
4.321878051757812500e+01
4.462938690185546875e+01
6.158848190307617188e+01
5.796183776855468750e+01
3.000000000000000000e+01
5.998958587646484375e+01
5.393878173828125000e+01
5.745868301391601562e+01
3.000000000000000000e+01
5.546489715576171875e+01
3.907558441162109375e+01
3.425319290161132812e+01
7.274131774902343750e+01
3.912940979003906250e+01
5.926824951171875000e+01
3.331409835815429688e+01
7.781019592285156250e+01
6.277547836303710938e+01
4.247047042846679688e+01
4.267127990722656250e+01
3.767184448242187500e+01
8.783189392089843750e+01
7.971041870117187500e+01
3.000000000000000000e+01
4.012917709350585938e+01
5.447679901123046875e+01
5.005973815917968750e+01
5.962623596191406250e+01
3.239869308471679688e+01
8.212255096435546875e+01
4.143815231323242188e+01
4.124201583862304688e+01
4.803542327880859375e+01
4.327075195312500000e+01
6.855213928222656250e+01
3.000000000000000000e+01
9.015119171142578125e+01
5.842669677734375000e+01
4.905349731445312500e+01
4.048094940185546875e+01
4.561323547363281250e+01
4.332075881958007812e+01
5.010165786743164062e+01
3.808434295654296875e+01
3.724771499633789062e+01
3.482497406005859375e+01
5.549396514892578125e+01
5.009744644165039062e+01
5.524123001098632812e+01
6.645417785644531250e+01
4.537879180908203125e+01
5.578636932373046875e+01
4.618421173095703125e+01
3.000000000000000000e+01
3.247657012939453125e+01
4.561323547363281250e+01
8.006750488281250000e+01
5.190465545654296875e+01
4.185430145263671875e+01
3.000000000000000000e+01
6.810218811035156250e+01
5.779197692871093750e+01
8.452845764160156250e+01
3.745031738281250000e+01
3.048082351684570312e+01
5.392293930053710938e+01
3.000000000000000000e+01
4.917618560791015625e+01
3.253652191162109375e+01
4.697414398193359375e+01
3.000000000000000000e+01
3.000000000000000000e+01
3.823351287841796875e+01
3.295704269409179688e+01
7.379695892333984375e+01
4.349748229980468750e+01
9.505324554443359375e+01
5.223244476318359375e+01
4.090083312988281250e+01
3.809867095947265625e+01
4.557678604125976562e+01
3.657932662963867188e+01
4.417702484130859375e+01
6.527752685546875000e+01
7.695589447021484375e+01
3.999198150634765625e+01
4.437343597412109375e+01
4.657733154296875000e+01
7.914132690429687500e+01
5.573900222778320312e+01
3.177444839477539062e+01
3.013841819763183594e+01
3.000000000000000000e+01
3.794453048706054688e+01
3.413528060913085938e+01
5.487017059326171875e+01
4.549207687377929688e+01
4.345751190185546875e+01
4.497630310058593750e+01
3.405666351318359375e+01
3.550811386108398438e+01
4.600517272949218750e+01
3.608942413330078125e+01
5.848785400390625000e+01
3.951626205444335938e+01
7.310606384277343750e+01
5.223244476318359375e+01
7.037622070312500000e+01
3.000000000000000000e+01
4.474664306640625000e+01
5.113010025024414062e+01
3.000000000000000000e+01
4.838055419921875000e+01
6.830853271484375000e+01
3.747483825683593750e+01
5.431366729736328125e+01
5.153614807128906250e+01
3.000000000000000000e+01
5.623799514770507812e+01
4.701990127563476562e+01
4.010055541992187500e+01
4.077127075195312500e+01
7.196641540527343750e+01
4.715016937255859375e+01
6.829225921630859375e+01
8.211962890625000000e+01
3.000000000000000000e+01
6.764502716064453125e+01
3.000000000000000000e+01
5.603167724609375000e+01
5.312939834594726562e+01
5.111702728271484375e+01
6.118065261840820312e+01
6.551486206054687500e+01
3.832392120361328125e+01
6.535513305664062500e+01
6.219270324707031250e+01
3.825955963134765625e+01
6.914468383789062500e+01
4.177098083496093750e+01
3.000445556640625000e+01
4.026486587524414062e+01
4.485065841674804688e+01
3.000000000000000000e+01
7.143047332763671875e+01
4.437065887451171875e+01
4.575042724609375000e+01
4.568696594238281250e+01
4.624934005737304688e+01
5.831554412841796875e+01
3.068221664428710938e+01
7.189579772949218750e+01
3.939196395874023438e+01
4.633634567260742188e+01
5.156654739379882812e+01
5.662228393554687500e+01
4.447966384887695312e+01
4.209357833862304688e+01
4.267127990722656250e+01
3.000000000000000000e+01
3.800094985961914062e+01
3.496338272094726562e+01
4.200538635253906250e+01
3.000000000000000000e+01
3.931180191040039062e+01
5.693572998046875000e+01
3.563375473022460938e+01
4.112602233886718750e+01
4.665739059448242188e+01
7.473984527587890625e+01
4.575102615356445312e+01
7.110240936279296875e+01
1.042401123046875000e+02
4.972280883789062500e+01
4.659192657470703125e+01
3.667463302612304688e+01
4.291978836059570312e+01
3.788060379028320312e+01
4.575711059570312500e+01
5.688585662841796875e+01
9.374420166015625000e+01
3.955145263671875000e+01
3.539066696166992188e+01
4.484196472167968750e+01
4.875403594970703125e+01
3.000000000000000000e+01
5.415598297119140625e+01
4.574895477294921875e+01
5.385187911987304688e+01
3.000000000000000000e+01
5.322487258911132812e+01
3.537612152099609375e+01
5.174740982055664062e+01
6.245446014404296875e+01
3.000000000000000000e+01
4.974160766601562500e+01
5.525697326660156250e+01
3.524835205078125000e+01
5.552730941772460938e+01
5.386701583862304688e+01
4.647385406494140625e+01
7.348318481445312500e+01
4.402263259887695312e+01
4.020343017578125000e+01
4.153061676025390625e+01
4.840372848510742188e+01
3.000000000000000000e+01
5.213898086547851562e+01
3.522228622436523438e+01
4.887404632568359375e+01
3.604128265380859375e+01
4.698323822021484375e+01
5.782657241821289062e+01
3.536954879760742188e+01
5.312661743164062500e+01
3.742905426025390625e+01
4.591908645629882812e+01
5.173652648925781250e+01
6.335848236083984375e+01
3.437518310546875000e+01
4.035858917236328125e+01
5.171440505981445312e+01
5.859679031372070312e+01
4.583835601806640625e+01
6.676418304443359375e+01
3.973400878906250000e+01
5.359556961059570312e+01
3.805060577392578125e+01
1.028170166015625000e+02
8.277134704589843750e+01
4.745716476440429688e+01
6.367297744750976562e+01
3.003685188293457031e+01
5.906214141845703125e+01
4.225303649902343750e+01
3.625797653198242188e+01
7.844879150390625000e+01
4.143132781982421875e+01
4.161007690429687500e+01
5.587033081054687500e+01
9.173846435546875000e+01
3.905105209350585938e+01
4.337328338623046875e+01
3.781086730957031250e+01
5.121698760986328125e+01
3.680307006835937500e+01
3.557073974609375000e+01
4.843623352050781250e+01
7.613348388671875000e+01
5.302250671386718750e+01
4.507131195068359375e+01
5.471548461914062500e+01
5.363360214233398438e+01
3.684680175781250000e+01
4.123364639282226562e+01
5.622247314453125000e+01
1.033639068603515625e+02
5.724251174926757812e+01
7.754575347900390625e+01
7.067649841308593750e+01
7.178586578369140625e+01
6.435389709472656250e+01
3.000000000000000000e+01
3.553141784667968750e+01
4.999702072143554688e+01
3.821549224853515625e+01
4.385656356811523438e+01
4.028868484497070312e+01
3.620231628417968750e+01
3.000000000000000000e+01
3.216252517700195312e+01
3.704784393310546875e+01
4.381749725341796875e+01
6.750143432617187500e+01
4.726802062988281250e+01
3.167858314514160156e+01
4.774708557128906250e+01
3.436088562011718750e+01
3.000000000000000000e+01
5.104180526733398438e+01
7.530180358886718750e+01
4.801799011230468750e+01
4.827823257446289062e+01
3.000000000000000000e+01
6.801443481445312500e+01
6.048726654052734375e+01
3.000000000000000000e+01
8.783189392089843750e+01
3.425459289550781250e+01
9.122405242919921875e+01
3.406771850585937500e+01
6.854466247558593750e+01
5.546577453613281250e+01
4.412607192993164062e+01
3.000000000000000000e+01
4.185825347900390625e+01
4.991833877563476562e+01
4.019898223876953125e+01
4.043811035156250000e+01
3.881730651855468750e+01
4.226548004150390625e+01
4.317465972900390625e+01
7.167082214355468750e+01
5.987871551513671875e+01
8.363188171386718750e+01
4.118266296386718750e+01
3.043918037414550781e+01
5.307227706909179688e+01
3.000000000000000000e+01
5.806841278076171875e+01
5.379074859619140625e+01
6.081151199340820312e+01
3.807145690917968750e+01
4.684381103515625000e+01
3.605286407470703125e+01
3.907591247558593750e+01
3.000000000000000000e+01
8.075077056884765625e+01
3.705030822753906250e+01
3.730820465087890625e+01
3.234399414062500000e+01
4.126774978637695312e+01
4.629031753540039062e+01
3.000000000000000000e+01
4.844615173339843750e+01
3.000000000000000000e+01
3.000000000000000000e+01
5.641688537597656250e+01
7.604140472412109375e+01
3.000000000000000000e+01
5.952560806274414062e+01
5.366716003417968750e+01
3.988143539428710938e+01
3.898030853271484375e+01
5.012432861328125000e+01
3.078202819824218750e+01
3.780240631103515625e+01
4.222334289550781250e+01
5.188105010986328125e+01
3.730878829956054688e+01
3.369734191894531250e+01
4.219126892089843750e+01
3.683676528930664062e+01
3.479399871826171875e+01
3.000000000000000000e+01
3.343071365356445312e+01
5.280205535888671875e+01
4.940164947509765625e+01
9.173846435546875000e+01
3.682465744018554688e+01
3.134721183776855469e+01
3.293682098388671875e+01
8.916482543945312500e+01
3.119648361206054688e+01
4.440248870849609375e+01
8.075077056884765625e+01
4.707837677001953125e+01
3.990625762939453125e+01
4.186734008789062500e+01
4.799311065673828125e+01
9.387966156005859375e+01
7.726649475097656250e+01
5.909496307373046875e+01
6.736195373535156250e+01
3.000000000000000000e+01
3.400646591186523438e+01
5.234117507934570312e+01
4.024024963378906250e+01
4.968820953369140625e+01
5.760710144042968750e+01
4.181679153442382812e+01
3.234347152709960938e+01
7.532086944580078125e+01
3.455584716796875000e+01
4.898347473144531250e+01
6.665582275390625000e+01
4.758445358276367188e+01
3.332681274414062500e+01
3.738639068603515625e+01
3.000000000000000000e+01
3.488642501831054688e+01
4.088900756835937500e+01
7.453530883789062500e+01
3.930307769775390625e+01
4.705261993408203125e+01
7.277233123779296875e+01
5.213140869140625000e+01
3.775145339965820312e+01
3.440887069702148438e+01
4.275864028930664062e+01
4.575262451171875000e+01
3.732072448730468750e+01
3.168555450439453125e+01
4.385057449340820312e+01
6.379900360107421875e+01
6.352164077758789062e+01
5.595191955566406250e+01
3.000000000000000000e+01
4.990023422241210938e+01
3.492325210571289062e+01
3.000000000000000000e+01
6.010237884521484375e+01
3.883044433593750000e+01
4.077356719970703125e+01
3.000000000000000000e+01
4.556502532958984375e+01
3.671918869018554688e+01
4.105684661865234375e+01
5.868655395507812500e+01
4.651315307617187500e+01
3.955145263671875000e+01
6.648336791992187500e+01
4.642047119140625000e+01
4.062662887573242188e+01
4.906985855102539062e+01
3.000000000000000000e+01
7.636454772949218750e+01
4.769652938842773438e+01
4.415913009643554688e+01
4.075460433959960938e+01
7.629202270507812500e+01
4.511966323852539062e+01
3.737384796142578125e+01
3.786089324951171875e+01
3.157392692565917969e+01
5.361936569213867188e+01
4.398181152343750000e+01
3.988919448852539062e+01
4.025103759765625000e+01
3.000000000000000000e+01
3.629689025878906250e+01
3.411482620239257812e+01
4.721741485595703125e+01
4.419974517822265625e+01
6.294447708129882812e+01
4.734510803222656250e+01
7.261613464355468750e+01
4.226739501953125000e+01
4.059427642822265625e+01
6.121934890747070312e+01
3.230266571044921875e+01
5.021422195434570312e+01
3.000000000000000000e+01
3.000000000000000000e+01
4.413825607299804688e+01
4.732075119018554688e+01
3.204172897338867188e+01
3.438174057006835938e+01
3.144391822814941406e+01
3.719877624511718750e+01
4.050897979736328125e+01
4.079734802246093750e+01
4.400000000000000000e+01
6.200000000000000000e+01
3.700000000000000000e+01
3.200000000000000000e+01
1.040000000000000000e+02
4.600000000000000000e+01
3.600000000000000000e+01
9.200000000000000000e+01
7.500000000000000000e+01
1.530000000000000000e+02
3.900000000000000000e+01
9.000000000000000000e+01
4.200000000000000000e+01
7.600000000000000000e+01
3.600000000000000000e+01
6.100000000000000000e+01
6.300000000000000000e+01
3.300000000000000000e+01
3.300000000000000000e+01
2.180000000000000000e+02
4.200000000000000000e+01
1.350000000000000000e+02
4.800000000000000000e+01
3.600000000000000000e+01
4.900000000000000000e+01
6.400000000000000000e+01
3.400000000000000000e+01
6.300000000000000000e+01
2.020000000000000000e+02
5.700000000000000000e+01
9.100000000000000000e+01
6.500000000000000000e+01
3.900000000000000000e+01
1.200000000000000000e+02
6.900000000000000000e+01
3.900000000000000000e+01
8.100000000000000000e+01
6.200000000000000000e+01
4.300000000000000000e+01
4.100000000000000000e+01
3.500000000000000000e+01
3.200000000000000000e+01
4.500000000000000000e+01
1.180000000000000000e+02
5.000000000000000000e+01
3.400000000000000000e+01
3.900000000000000000e+01
7.000000000000000000e+01
2.580000000000000000e+02
3.200000000000000000e+01
4.300000000000000000e+01
3.100000000000000000e+01
1.010000000000000000e+02
4.200000000000000000e+01
1.300000000000000000e+02
3.500000000000000000e+01
6.500000000000000000e+01
4.500000000000000000e+01
6.100000000000000000e+01
2.010000000000000000e+02
3.200000000000000000e+01
1.050000000000000000e+02
4.000000000000000000e+01
9.600000000000000000e+01
1.260000000000000000e+02
6.400000000000000000e+01
5.300000000000000000e+01
3.100000000000000000e+01
4.900000000000000000e+01
7.400000000000000000e+01
5.100000000000000000e+01
7.000000000000000000e+01
2.020000000000000000e+02
3.200000000000000000e+01
7.400000000000000000e+01
3.200000000000000000e+01
5.100000000000000000e+01
5.600000000000000000e+01
3.500000000000000000e+01
6.100000000000000000e+01
4.500000000000000000e+01
3.800000000000000000e+01
6.400000000000000000e+01
1.820000000000000000e+02
9.900000000000000000e+01
6.500000000000000000e+01
3.700000000000000000e+01
5.300000000000000000e+01
7.800000000000000000e+01
6.300000000000000000e+01
5.700000000000000000e+01
4.300000000000000000e+01
4.900000000000000000e+01
5.800000000000000000e+01
8.900000000000000000e+01
8.400000000000000000e+01
8.700000000000000000e+01
4.500000000000000000e+01
7.500000000000000000e+01
3.900000000000000000e+01
1.180000000000000000e+02
4.700000000000000000e+01
1.370000000000000000e+02
3.700000000000000000e+01
3.900000000000000000e+01
1.380000000000000000e+02
3.900000000000000000e+01
5.600000000000000000e+01
3.800000000000000000e+01
3.500000000000000000e+01
4.000000000000000000e+01
3.100000000000000000e+01
8.400000000000000000e+01
1.400000000000000000e+02
4.600000000000000000e+01
4.800000000000000000e+01
1.690000000000000000e+02
6.000000000000000000e+01
1.030000000000000000e+02
7.300000000000000000e+01
4.900000000000000000e+01
1.710000000000000000e+02
3.500000000000000000e+01
4.200000000000000000e+01
3.800000000000000000e+01
5.400000000000000000e+01
8.400000000000000000e+01
4.700000000000000000e+01
3.700000000000000000e+01
7.100000000000000000e+01
3.000000000000000000e+01
1.010000000000000000e+02
6.600000000000000000e+01
3.100000000000000000e+01
7.800000000000000000e+01
3.000000000000000000e+01
9.600000000000000000e+01
3.200000000000000000e+01
3.100000000000000000e+01
1.330000000000000000e+02
3.800000000000000000e+01
1.030000000000000000e+02
8.900000000000000000e+01
3.500000000000000000e+01
7.500000000000000000e+01
9.100000000000000000e+01
8.200000000000000000e+01
5.500000000000000000e+01
3.100000000000000000e+01
7.100000000000000000e+01
6.200000000000000000e+01
6.900000000000000000e+01
6.500000000000000000e+01
1.160000000000000000e+02
4.600000000000000000e+01
1.020000000000000000e+02
3.600000000000000000e+01
1.400000000000000000e+02
3.000000000000000000e+01
8.900000000000000000e+01
4.300000000000000000e+01
7.600000000000000000e+01
3.700000000000000000e+01
3.400000000000000000e+01
9.800000000000000000e+01
3.000000000000000000e+01
4.600000000000000000e+01
7.700000000000000000e+01
3.500000000000000000e+01
1.240000000000000000e+02
3.000000000000000000e+01
3.600000000000000000e+01
3.000000000000000000e+01
3.100000000000000000e+01
7.600000000000000000e+01
5.600000000000000000e+01
4.400000000000000000e+01
6.700000000000000000e+01
1.300000000000000000e+02
4.100000000000000000e+01
1.180000000000000000e+02
6.100000000000000000e+01
4.600000000000000000e+01
3.300000000000000000e+01
3.300000000000000000e+01
3.100000000000000000e+01
3.800000000000000000e+01
7.600000000000000000e+01
4.500000000000000000e+01
3.300000000000000000e+01
7.000000000000000000e+01
6.800000000000000000e+01
6.200000000000000000e+01
4.000000000000000000e+01
8.100000000000000000e+01
3.000000000000000000e+01
5.500000000000000000e+01
7.500000000000000000e+01
1.290000000000000000e+02
7.100000000000000000e+01
5.800000000000000000e+01
1.480000000000000000e+02
1.250000000000000000e+02
5.800000000000000000e+01
4.100000000000000000e+01
4.400000000000000000e+01
4.000000000000000000e+01
8.000000000000000000e+01
1.040000000000000000e+02
4.700000000000000000e+01
4.500000000000000000e+01
5.400000000000000000e+01
3.500000000000000000e+01
3.800000000000000000e+01
3.400000000000000000e+01
5.100000000000000000e+01
6.800000000000000000e+01
8.500000000000000000e+01
3.300000000000000000e+01
3.500000000000000000e+01
3.100000000000000000e+01
6.300000000000000000e+01
1.440000000000000000e+02
4.000000000000000000e+01
4.900000000000000000e+01
3.300000000000000000e+01
9.700000000000000000e+01
1.470000000000000000e+02
4.400000000000000000e+01
9.900000000000000000e+01
3.700000000000000000e+01
7.300000000000000000e+01
8.500000000000000000e+01
3.000000000000000000e+01
3.100000000000000000e+01
7.200000000000000000e+01
3.000000000000000000e+01
4.600000000000000000e+01
8.700000000000000000e+01
5.900000000000000000e+01
3.600000000000000000e+01
1.110000000000000000e+02
2.290000000000000000e+02
5.600000000000000000e+01
1.070000000000000000e+02
3.100000000000000000e+01
4.400000000000000000e+01
1.170000000000000000e+02
1.870000000000000000e+02
4.400000000000000000e+01
6.400000000000000000e+01
3.600000000000000000e+01
4.000000000000000000e+01
6.200000000000000000e+01
4.200000000000000000e+01
5.700000000000000000e+01
5.200000000000000000e+01
5.800000000000000000e+01
3.900000000000000000e+01
2.500000000000000000e+02
8.900000000000000000e+01
9.200000000000000000e+01
6.600000000000000000e+01
3.400000000000000000e+01
1.050000000000000000e+02
4.700000000000000000e+01
2.160000000000000000e+02
4.700000000000000000e+01
6.600000000000000000e+01
3.600000000000000000e+01
5.500000000000000000e+01
5.000000000000000000e+01
6.600000000000000000e+01
5.200000000000000000e+01
2.210000000000000000e+02
3.300000000000000000e+01
9.300000000000000000e+01
1.070000000000000000e+02
1.380000000000000000e+02
1.000000000000000000e+02
5.600000000000000000e+01
5.900000000000000000e+01
6.600000000000000000e+01
4.000000000000000000e+01
8.800000000000000000e+01
4.700000000000000000e+01
3.000000000000000000e+01
4.000000000000000000e+01
3.800000000000000000e+01
4.600000000000000000e+01
4.400000000000000000e+01
3.400000000000000000e+01
3.800000000000000000e+01
1.140000000000000000e+02
4.100000000000000000e+01
3.200000000000000000e+01
3.200000000000000000e+01
4.100000000000000000e+01
5.500000000000000000e+01
4.300000000000000000e+01
9.300000000000000000e+01
3.700000000000000000e+01
4.600000000000000000e+01
8.200000000000000000e+01
1.610000000000000000e+02
3.300000000000000000e+01
1.110000000000000000e+02
1.070000000000000000e+02
7.200000000000000000e+01
1.360000000000000000e+02
1.660000000000000000e+02
3.200000000000000000e+01
1.340000000000000000e+02
7.900000000000000000e+01
9.500000000000000000e+01
5.300000000000000000e+01
5.600000000000000000e+01
1.650000000000000000e+02
5.800000000000000000e+01
7.400000000000000000e+01
5.800000000000000000e+01
5.600000000000000000e+01
7.500000000000000000e+01
3.100000000000000000e+01
3.000000000000000000e+01
3.400000000000000000e+01
3.200000000000000000e+01
4.100000000000000000e+01
1.910000000000000000e+02
3.200000000000000000e+01
1.110000000000000000e+02
3.300000000000000000e+01
3.100000000000000000e+01
7.800000000000000000e+01
5.100000000000000000e+01
5.300000000000000000e+01
1.240000000000000000e+02
3.700000000000000000e+01
3.100000000000000000e+01
3.900000000000000000e+01
6.300000000000000000e+01
9.600000000000000000e+01
3.300000000000000000e+01
9.600000000000000000e+01
5.000000000000000000e+01
4.600000000000000000e+01
1.380000000000000000e+02
3.200000000000000000e+01
4.700000000000000000e+01
8.900000000000000000e+01
2.130000000000000000e+02
2.020000000000000000e+02
3.100000000000000000e+01
1.660000000000000000e+02
3.900000000000000000e+01
1.460000000000000000e+02
6.000000000000000000e+01
4.700000000000000000e+01
1.450000000000000000e+02
8.200000000000000000e+01
4.300000000000000000e+01
1.850000000000000000e+02
4.300000000000000000e+01
6.200000000000000000e+01
1.260000000000000000e+02
4.000000000000000000e+01
1.090000000000000000e+02
1.070000000000000000e+02
3.000000000000000000e+01
4.000000000000000000e+01
4.200000000000000000e+01
4.800000000000000000e+01
1.590000000000000000e+02
1.710000000000000000e+02
3.100000000000000000e+01
2.620000000000000000e+02
1.060000000000000000e+02
7.100000000000000000e+01
6.500000000000000000e+01
8.600000000000000000e+01
3.400000000000000000e+01
3.500000000000000000e+01
3.200000000000000000e+01
3.700000000000000000e+01
1.120000000000000000e+02
1.720000000000000000e+02
6.400000000000000000e+01
4.500000000000000000e+01
5.200000000000000000e+01
2.640000000000000000e+02
5.600000000000000000e+01
3.800000000000000000e+01
3.100000000000000000e+01
3.100000000000000000e+01
5.600000000000000000e+01
6.600000000000000000e+01
7.900000000000000000e+01
1.270000000000000000e+02
6.200000000000000000e+01
5.100000000000000000e+01
4.000000000000000000e+01
4.300000000000000000e+01
2.270000000000000000e+02
3.800000000000000000e+01
4.200000000000000000e+01
1.070000000000000000e+02
3.300000000000000000e+01
5.400000000000000000e+01
3.100000000000000000e+01
2.070000000000000000e+02
7.800000000000000000e+01
7.700000000000000000e+01
5.000000000000000000e+01
6.300000000000000000e+01
6.400000000000000000e+01
3.300000000000000000e+01
6.000000000000000000e+01
9.500000000000000000e+01
3.200000000000000000e+01
3.600000000000000000e+01
1.040000000000000000e+02
3.500000000000000000e+01
3.600000000000000000e+01
1.140000000000000000e+02
4.200000000000000000e+01
4.600000000000000000e+01
7.200000000000000000e+01
3.900000000000000000e+01
5.200000000000000000e+01
9.500000000000000000e+01
3.900000000000000000e+01
7.100000000000000000e+01
2.430000000000000000e+02
3.100000000000000000e+01
1.400000000000000000e+02
5.000000000000000000e+01
3.100000000000000000e+01
1.000000000000000000e+02
6.800000000000000000e+01
3.900000000000000000e+01
6.500000000000000000e+01
4.600000000000000000e+01
9.300000000000000000e+01
8.100000000000000000e+01
1.610000000000000000e+02
3.600000000000000000e+01
8.200000000000000000e+01
7.400000000000000000e+01
1.870000000000000000e+02
1.090000000000000000e+02
7.400000000000000000e+01
7.800000000000000000e+01
5.800000000000000000e+01
4.600000000000000000e+01
1.040000000000000000e+02
4.700000000000000000e+01
1.730000000000000000e+02
1.150000000000000000e+02
3.900000000000000000e+01
1.110000000000000000e+02
4.400000000000000000e+01
4.800000000000000000e+01
3.900000000000000000e+01
4.200000000000000000e+01
5.600000000000000000e+01
1.580000000000000000e+02
3.400000000000000000e+01
3.400000000000000000e+01
6.500000000000000000e+01
5.400000000000000000e+01
1.060000000000000000e+02
3.000000000000000000e+01
5.000000000000000000e+01
1.440000000000000000e+02
1.600000000000000000e+02
6.700000000000000000e+01
4.000000000000000000e+01
5.100000000000000000e+01
6.900000000000000000e+01
6.900000000000000000e+01
9.800000000000000000e+01
4.600000000000000000e+01
4.700000000000000000e+01
4.400000000000000000e+01
5.400000000000000000e+01
8.400000000000000000e+01
6.400000000000000000e+01
3.600000000000000000e+01
8.600000000000000000e+01
9.500000000000000000e+01
4.300000000000000000e+01
4.200000000000000000e+01
4.800000000000000000e+01
3.300000000000000000e+01
5.100000000000000000e+01
3.100000000000000000e+01
3.200000000000000000e+01
3.900000000000000000e+01
3.600000000000000000e+01
6.900000000000000000e+01
5.200000000000000000e+01
3.400000000000000000e+01
7.600000000000000000e+01
5.900000000000000000e+01
4.900000000000000000e+01
6.900000000000000000e+01
5.700000000000000000e+01
9.300000000000000000e+01
3.900000000000000000e+01
3.200000000000000000e+01
4.500000000000000000e+01
4.100000000000000000e+01
3.600000000000000000e+01
4.200000000000000000e+01
6.200000000000000000e+01
4.100000000000000000e+01
3.300000000000000000e+01
1.140000000000000000e+02
3.900000000000000000e+01
6.500000000000000000e+01
7.800000000000000000e+01
3.900000000000000000e+01
9.000000000000000000e+01
4.400000000000000000e+01
5.000000000000000000e+01
1.350000000000000000e+02
5.000000000000000000e+01
1.000000000000000000e+02
2.100000000000000000e+02
4.100000000000000000e+01
4.100000000000000000e+01
7.100000000000000000e+01
3.500000000000000000e+01
5.100000000000000000e+01
4.900000000000000000e+01
2.050000000000000000e+02
5.600000000000000000e+01
4.600000000000000000e+01
6.100000000000000000e+01
3.300000000000000000e+01
7.600000000000000000e+01
1.110000000000000000e+02
3.000000000000000000e+01
6.400000000000000000e+01
5.600000000000000000e+01
3.400000000000000000e+01
3.400000000000000000e+01
3.400000000000000000e+01
6.000000000000000000e+01
3.300000000000000000e+01
4.800000000000000000e+01
3.200000000000000000e+01
4.200000000000000000e+01
6.200000000000000000e+01
4.900000000000000000e+01
3.200000000000000000e+01
5.000000000000000000e+01
5.300000000000000000e+01
7.500000000000000000e+01
1.180000000000000000e+02
5.700000000000000000e+01
1.190000000000000000e+02
9.200000000000000000e+01
1.050000000000000000e+02
5.300000000000000000e+01
4.600000000000000000e+01
4.600000000000000000e+01
6.900000000000000000e+01
6.400000000000000000e+01
7.200000000000000000e+01
6.700000000000000000e+01
1.070000000000000000e+02
4.600000000000000000e+01
4.300000000000000000e+01
7.200000000000000000e+01
8.300000000000000000e+01
6.300000000000000000e+01
5.900000000000000000e+01
5.400000000000000000e+01
3.500000000000000000e+01
5.700000000000000000e+01
3.800000000000000000e+01
5.000000000000000000e+01
3.400000000000000000e+01
4.000000000000000000e+01
5.200000000000000000e+01
7.000000000000000000e+01
5.300000000000000000e+01
3.000000000000000000e+01
3.500000000000000000e+01
1.400000000000000000e+02
6.500000000000000000e+01
3.900000000000000000e+01
4.600000000000000000e+01
8.100000000000000000e+01
5.000000000000000000e+01
4.900000000000000000e+01
3.100000000000000000e+01
7.500000000000000000e+01
5.200000000000000000e+01
5.400000000000000000e+01
6.100000000000000000e+01
1.680000000000000000e+02
6.800000000000000000e+01
5.400000000000000000e+01
3.400000000000000000e+01
7.700000000000000000e+01
5.700000000000000000e+01
4.400000000000000000e+01
5.700000000000000000e+01
3.300000000000000000e+01
3.800000000000000000e+01
4.300000000000000000e+01
3.700000000000000000e+01
5.600000000000000000e+01
5.100000000000000000e+01
5.200000000000000000e+01
7.200000000000000000e+01
7.400000000000000000e+01
4.500000000000000000e+01
4.000000000000000000e+01
9.300000000000000000e+01
1.490000000000000000e+02
7.800000000000000000e+01
4.800000000000000000e+01
8.700000000000000000e+01
5.600000000000000000e+01
3.400000000000000000e+01
1.350000000000000000e+02
3.600000000000000000e+01
4.000000000000000000e+01
5.900000000000000000e+01
3.200000000000000000e+01
3.300000000000000000e+01
1.890000000000000000e+02
4.700000000000000000e+01
4.200000000000000000e+01
3.500000000000000000e+01
1.310000000000000000e+02
4.900000000000000000e+01
7.000000000000000000e+01
1.190000000000000000e+02
5.600000000000000000e+01
1.810000000000000000e+02
8.400000000000000000e+01
1.380000000000000000e+02
3.400000000000000000e+01
4.700000000000000000e+01
1.110000000000000000e+02
6.600000000000000000e+01
5.500000000000000000e+01
4.000000000000000000e+01
5.700000000000000000e+01
3.800000000000000000e+01
4.200000000000000000e+01
4.800000000000000000e+01
4.500000000000000000e+01
3.300000000000000000e+01
7.200000000000000000e+01
9.400000000000000000e+01
3.100000000000000000e+01
3.100000000000000000e+01
6.100000000000000000e+01
3.500000000000000000e+01
5.600000000000000000e+01
1.100000000000000000e+02
8.400000000000000000e+01
6.400000000000000000e+01
5.600000000000000000e+01
6.000000000000000000e+01
4.500000000000000000e+01
1.010000000000000000e+02
6.200000000000000000e+01
1.170000000000000000e+02
8.700000000000000000e+01
5.600000000000000000e+01
6.500000000000000000e+01
4.500000000000000000e+01
3.500000000000000000e+01
6.600000000000000000e+01
7.300000000000000000e+01
2.550000000000000000e+02
6.200000000000000000e+01
5.500000000000000000e+01
5.700000000000000000e+01
4.700000000000000000e+01
3.500000000000000000e+01
1.050000000000000000e+02
5.000000000000000000e+01
4.500000000000000000e+01
4.400000000000000000e+01
3.500000000000000000e+01
3.100000000000000000e+01
4.800000000000000000e+01
1.420000000000000000e+02
8.900000000000000000e+01
1.180000000000000000e+02
3.000000000000000000e+01
4.200000000000000000e+01
3.000000000000000000e+01
1.060000000000000000e+02
1.370000000000000000e+02
6.400000000000000000e+01
6.300000000000000000e+01
4.100000000000000000e+01
3.100000000000000000e+01
5.700000000000000000e+01
8.000000000000000000e+01
3.400000000000000000e+01
3.900000000000000000e+01
3.200000000000000000e+01
7.100000000000000000e+01
4.200000000000000000e+01
7.800000000000000000e+01
3.100000000000000000e+01
5.400000000000000000e+01
6.200000000000000000e+01
3.100000000000000000e+01
3.200000000000000000e+01
3.300000000000000000e+01
9.700000000000000000e+01
3.200000000000000000e+01
4.600000000000000000e+01
3.000000000000000000e+01
3.700000000000000000e+01
5.200000000000000000e+01
4.300000000000000000e+01
3.800000000000000000e+01
4.400000000000000000e+01
5.300000000000000000e+01
4.500000000000000000e+01
5.100000000000000000e+01
1.380000000000000000e+02
4.200000000000000000e+01
6.300000000000000000e+01
9.000000000000000000e+01
4.100000000000000000e+01
5.100000000000000000e+01
4.100000000000000000e+01
3.600000000000000000e+01
5.600000000000000000e+01
5.800000000000000000e+01
4.700000000000000000e+01
6.800000000000000000e+01
7.100000000000000000e+01
5.000000000000000000e+01
3.300000000000000000e+01
6.300000000000000000e+01
5.400000000000000000e+01
6.800000000000000000e+01
4.000000000000000000e+01
4.300000000000000000e+01
5.100000000000000000e+01
5.300000000000000000e+01
3.200000000000000000e+01
4.400000000000000000e+01
3.400000000000000000e+01
5.500000000000000000e+01
5.300000000000000000e+01
1.010000000000000000e+02
1.070000000000000000e+02
3.200000000000000000e+01
1.020000000000000000e+02
3.300000000000000000e+01
4.700000000000000000e+01
3.900000000000000000e+01
3.500000000000000000e+01
1.180000000000000000e+02
6.000000000000000000e+01
8.300000000000000000e+01
3.300000000000000000e+01
9.400000000000000000e+01
5.500000000000000000e+01
3.800000000000000000e+01
1.060000000000000000e+02
1.720000000000000000e+02
1.460000000000000000e+02
3.000000000000000000e+01
3.800000000000000000e+01
5.700000000000000000e+01
6.100000000000000000e+01
9.100000000000000000e+01
6.900000000000000000e+01
4.000000000000000000e+01
8.700000000000000000e+01
8.200000000000000000e+01
5.300000000000000000e+01
3.700000000000000000e+01
7.200000000000000000e+01
3.000000000000000000e+01
4.000000000000000000e+01
3.000000000000000000e+01
7.400000000000000000e+01
4.400000000000000000e+01
4.300000000000000000e+01
1.080000000000000000e+02
3.300000000000000000e+01
4.700000000000000000e+01
7.800000000000000000e+01
3.800000000000000000e+01
4.900000000000000000e+01
3.400000000000000000e+01
2.420000000000000000e+02
5.900000000000000000e+01
4.200000000000000000e+01
7.700000000000000000e+01
4.300000000000000000e+01
1.100000000000000000e+02
6.200000000000000000e+01
4.900000000000000000e+01
4.800000000000000000e+01
5.200000000000000000e+01
5.900000000000000000e+01
6.400000000000000000e+01
1.020000000000000000e+02
5.300000000000000000e+01
3.100000000000000000e+01
3.300000000000000000e+01
3.000000000000000000e+01
8.000000000000000000e+01
5.400000000000000000e+01
1.700000000000000000e+02
4.500000000000000000e+01
4.000000000000000000e+01
3.700000000000000000e+01
5.300000000000000000e+01
3.000000000000000000e+01
4.400000000000000000e+01
3.700000000000000000e+01
5.600000000000000000e+01
5.500000000000000000e+01
5.300000000000000000e+01
6.000000000000000000e+01
3.600000000000000000e+01
4.200000000000000000e+01
4.500000000000000000e+01
4.200000000000000000e+01
6.900000000000000000e+01
3.000000000000000000e+01
8.600000000000000000e+01
6.700000000000000000e+01
3.300000000000000000e+01
4.200000000000000000e+01
5.000000000000000000e+01
7.900000000000000000e+01
6.100000000000000000e+01
7.900000000000000000e+01
3.700000000000000000e+01
5.000000000000000000e+01
8.500000000000000000e+01
4.000000000000000000e+01
8.600000000000000000e+01
3.800000000000000000e+01
3.200000000000000000e+01
4.000000000000000000e+01
4.300000000000000000e+01
1.330000000000000000e+02
5.100000000000000000e+01
3.600000000000000000e+01
4.800000000000000000e+01
3.600000000000000000e+01
1.090000000000000000e+02
7.000000000000000000e+01
5.800000000000000000e+01
4.300000000000000000e+01
4.600000000000000000e+01
8.100000000000000000e+01
1.000000000000000000e+02
1.020000000000000000e+02
3.100000000000000000e+01
4.700000000000000000e+01
4.300000000000000000e+01
7.200000000000000000e+01
1.190000000000000000e+02
1.150000000000000000e+02
1.150000000000000000e+02
4.000000000000000000e+01
3.200000000000000000e+01
3.500000000000000000e+01
3.200000000000000000e+01
3.600000000000000000e+01
3.100000000000000000e+01
3.600000000000000000e+01
4.500000000000000000e+01
8.600000000000000000e+01
4.400000000000000000e+01
3.300000000000000000e+01
3.600000000000000000e+01
7.000000000000000000e+01
3.900000000000000000e+01
6.300000000000000000e+01
7.700000000000000000e+01
3.200000000000000000e+01
5.100000000000000000e+01
3.200000000000000000e+01
5.600000000000000000e+01
3.900000000000000000e+01
3.500000000000000000e+01
5.600000000000000000e+01
6.400000000000000000e+01
4.300000000000000000e+01
3.900000000000000000e+01
7.000000000000000000e+01
3.200000000000000000e+01
9.200000000000000000e+01
3.400000000000000000e+01
4.900000000000000000e+01
3.500000000000000000e+01
3.600000000000000000e+01
3.000000000000000000e+01
3.200000000000000000e+01
3.400000000000000000e+01
3.400000000000000000e+01
8.900000000000000000e+01
5.400000000000000000e+01
4.100000000000000000e+01
2.310000000000000000e+02
6.400000000000000000e+01
4.200000000000000000e+01
6.300000000000000000e+01
1.030000000000000000e+02
6.000000000000000000e+01
4.100000000000000000e+01
1.150000000000000000e+02
4.200000000000000000e+01
9.200000000000000000e+01
3.300000000000000000e+01
4.100000000000000000e+01
3.300000000000000000e+01
4.100000000000000000e+01
3.800000000000000000e+01
5.100000000000000000e+01
4.700000000000000000e+01
1.140000000000000000e+02
4.600000000000000000e+01
6.400000000000000000e+01
4.900000000000000000e+01
5.300000000000000000e+01
7.200000000000000000e+01
9.500000000000000000e+01
3.900000000000000000e+01
9.900000000000000000e+01
5.900000000000000000e+01
3.800000000000000000e+01
1.230000000000000000e+02
1.590000000000000000e+02
3.300000000000000000e+01
4.600000000000000000e+01
5.700000000000000000e+01
5.000000000000000000e+01
3.100000000000000000e+01
1.480000000000000000e+02
5.500000000000000000e+01
3.900000000000000000e+01
4.400000000000000000e+01
6.400000000000000000e+01
7.000000000000000000e+01
5.900000000000000000e+01
3.100000000000000000e+01
5.500000000000000000e+01
5.900000000000000000e+01
9.800000000000000000e+01
6.000000000000000000e+01
3.000000000000000000e+01
4.700000000000000000e+01
3.100000000000000000e+01
3.800000000000000000e+01
9.500000000000000000e+01
6.600000000000000000e+01
1.010000000000000000e+02
3.400000000000000000e+01
5.900000000000000000e+01
6.000000000000000000e+01
3.800000000000000000e+01
6.100000000000000000e+01
3.500000000000000000e+01
4.100000000000000000e+01
5.900000000000000000e+01
5.600000000000000000e+01
3.800000000000000000e+01
5.300000000000000000e+01
4.200000000000000000e+01
6.300000000000000000e+01
3.500000000000000000e+01
4.300000000000000000e+01
3.100000000000000000e+01
3.700000000000000000e+01
6.700000000000000000e+01
3.100000000000000000e+01
3.000000000000000000e+01
3.600000000000000000e+01
1.050000000000000000e+02
4.500000000000000000e+01
3.100000000000000000e+01
5.200000000000000000e+01
3.700000000000000000e+01
4.000000000000000000e+01
4.700000000000000000e+01
3.200000000000000000e+01
6.100000000000000000e+01
5.100000000000000000e+01
3.500000000000000000e+01
6.200000000000000000e+01
3.600000000000000000e+01
5.600000000000000000e+01
6.500000000000000000e+01
3.100000000000000000e+01
5.100000000000000000e+01
3.800000000000000000e+01
7.100000000000000000e+01
5.300000000000000000e+01
8.200000000000000000e+01
3.300000000000000000e+01
5.200000000000000000e+01
3.700000000000000000e+01
5.100000000000000000e+01
4.400000000000000000e+01
4.000000000000000000e+01
3.800000000000000000e+01
4.000000000000000000e+01
3.200000000000000000e+01
4.800000000000000000e+01
7.200000000000000000e+01
3.500000000000000000e+01
4.600000000000000000e+01
3.800000000000000000e+01
3.200000000000000000e+01
5.100000000000000000e+01
3.200000000000000000e+01
3.700000000000000000e+01
4.000000000000000000e+01
5.000000000000000000e+01
3.200000000000000000e+01
4.000000000000000000e+01
4.200000000000000000e+01
6.800000000000000000e+01
3.500000000000000000e+01
9.900000000000000000e+01
3.200000000000000000e+01
4.400000000000000000e+01
3.400000000000000000e+01
6.000000000000000000e+01
4.200000000000000000e+01
3.300000000000000000e+01
3.100000000000000000e+01
3.900000000000000000e+01
3.000000000000000000e+01
6.700000000000000000e+01
3.400000000000000000e+01
5.800000000000000000e+01
3.200000000000000000e+01
9.600000000000000000e+01
6.200000000000000000e+01
5.600000000000000000e+01
3.700000000000000000e+01
3.300000000000000000e+01
3.100000000000000000e+01
3.600000000000000000e+01
9.300000000000000000e+01
7.100000000000000000e+01
4.700000000000000000e+01
3.300000000000000000e+01
3.900000000000000000e+01
9.100000000000000000e+01
6.100000000000000000e+01
4.400000000000000000e+01
3.600000000000000000e+01
3.500000000000000000e+01
4.500000000000000000e+01
3.000000000000000000e+01
3.200000000000000000e+01
3.600000000000000000e+01
7.100000000000000000e+01
3.100000000000000000e+01
3.400000000000000000e+01
3.700000000000000000e+01
6.000000000000000000e+01
3.200000000000000000e+01
6.800000000000000000e+01
4.100000000000000000e+01
1.100000000000000000e+02
6.800000000000000000e+01
4.800000000000000000e+01
3.700000000000000000e+01
3.200000000000000000e+01
3.700000000000000000e+01
3.800000000000000000e+01
7.600000000000000000e+01
8.700000000000000000e+01
3.000000000000000000e+01
4.200000000000000000e+01
3.900000000000000000e+01
3.100000000000000000e+01
4.200000000000000000e+01
6.900000000000000000e+01
3.300000000000000000e+01
3.700000000000000000e+01
9.500000000000000000e+01
4.600000000000000000e+01
5.700000000000000000e+01
7.900000000000000000e+01
3.800000000000000000e+01
8.300000000000000000e+01
6.800000000000000000e+01
8.000000000000000000e+01
3.600000000000000000e+01
3.400000000000000000e+01
4.000000000000000000e+01
3.800000000000000000e+01
3.500000000000000000e+01
5.700000000000000000e+01
9.600000000000000000e+01
3.300000000000000000e+01
6.900000000000000000e+01
3.700000000000000000e+01
4.300000000000000000e+01
4.900000000000000000e+01
3.400000000000000000e+01
3.100000000000000000e+01
3.300000000000000000e+01
3.200000000000000000e+01
3.500000000000000000e+01
5.000000000000000000e+01
3.100000000000000000e+01
6.500000000000000000e+01
3.300000000000000000e+01
4.800000000000000000e+01
3.400000000000000000e+01
3.600000000000000000e+01
4.800000000000000000e+01
3.800000000000000000e+01
8.100000000000000000e+01
3.000000000000000000e+01
4.300000000000000000e+01
3.500000000000000000e+01
4.200000000000000000e+01
3.600000000000000000e+01
6.600000000000000000e+01
3.300000000000000000e+01
3.000000000000000000e+01
5.200000000000000000e+01
3.400000000000000000e+01
3.200000000000000000e+01
3.400000000000000000e+01
6.600000000000000000e+01
4.900000000000000000e+01
4.800000000000000000e+01
1.260000000000000000e+02
4.400000000000000000e+01
4.600000000000000000e+01
3.000000000000000000e+01
3.600000000000000000e+01
3.400000000000000000e+01
4.200000000000000000e+01
6.700000000000000000e+01
8.000000000000000000e+01
4.100000000000000000e+01
3.000000000000000000e+01
3.400000000000000000e+01
4.800000000000000000e+01
3.600000000000000000e+01
5.500000000000000000e+01
3.000000000000000000e+01
8.200000000000000000e+01
5.800000000000000000e+01
7.000000000000000000e+01
4.100000000000000000e+01
4.400000000000000000e+01
3.600000000000000000e+01
3.800000000000000000e+01
4.700000000000000000e+01
3.100000000000000000e+01
3.100000000000000000e+01
4.100000000000000000e+01
4.100000000000000000e+01
3.900000000000000000e+01
6.000000000000000000e+01
4.100000000000000000e+01
3.000000000000000000e+01
3.100000000000000000e+01
3.700000000000000000e+01
3.200000000000000000e+01
4.000000000000000000e+01
3.800000000000000000e+01
5.800000000000000000e+01
4.600000000000000000e+01
4.400000000000000000e+01
4.900000000000000000e+01
4.900000000000000000e+01
3.200000000000000000e+01
4.300000000000000000e+01
5.500000000000000000e+01
4.700000000000000000e+01
3.800000000000000000e+01
3.500000000000000000e+01
3.200000000000000000e+01
4.600000000000000000e+01
4.700000000000000000e+01
3.800000000000000000e+01
8.300000000000000000e+01
3.200000000000000000e+01
4.500000000000000000e+01
4.200000000000000000e+01
8.700000000000000000e+01
5.600000000000000000e+01
4.300000000000000000e+01
4.000000000000000000e+01
3.000000000000000000e+01
5.000000000000000000e+01
4.200000000000000000e+01
3.200000000000000000e+01
6.100000000000000000e+01
3.400000000000000000e+01
3.500000000000000000e+01
5.400000000000000000e+01
6.100000000000000000e+01
3.700000000000000000e+01
3.100000000000000000e+01
3.000000000000000000e+01
7.900000000000000000e+01
3.500000000000000000e+01
3.300000000000000000e+01
5.000000000000000000e+01
7.600000000000000000e+01
3.000000000000000000e+01
3.100000000000000000e+01
4.100000000000000000e+01
4.300000000000000000e+01
5.100000000000000000e+01
3.900000000000000000e+01
3.100000000000000000e+01
9.000000000000000000e+01
5.700000000000000000e+01
6.100000000000000000e+01
6.800000000000000000e+01
5.000000000000000000e+01
3.700000000000000000e+01
3.800000000000000000e+01
5.400000000000000000e+01
7.300000000000000000e+01
4.400000000000000000e+01
4.600000000000000000e+01
4.500000000000000000e+01
3.100000000000000000e+01
3.000000000000000000e+01
3.400000000000000000e+01
3.000000000000000000e+01
6.900000000000000000e+01
7.100000000000000000e+01
4.100000000000000000e+01
3.100000000000000000e+01
3.700000000000000000e+01
3.600000000000000000e+01
3.200000000000000000e+01
6.000000000000000000e+01
9.900000000000000000e+01
7.200000000000000000e+01
3.600000000000000000e+01
3.200000000000000000e+01
6.900000000000000000e+01
4.400000000000000000e+01
3.100000000000000000e+01
3.400000000000000000e+01
4.300000000000000000e+01
3.700000000000000000e+01
4.800000000000000000e+01
3.700000000000000000e+01
4.100000000000000000e+01
4.200000000000000000e+01
3.900000000000000000e+01
3.200000000000000000e+01
3.500000000000000000e+01
4.600000000000000000e+01
4.000000000000000000e+01
3.400000000000000000e+01
3.500000000000000000e+01
3.000000000000000000e+01
6.900000000000000000e+01
7.400000000000000000e+01
5.000000000000000000e+01
3.700000000000000000e+01
3.500000000000000000e+01
7.600000000000000000e+01
4.500000000000000000e+01
5.000000000000000000e+01
3.800000000000000000e+01
5.500000000000000000e+01
5.900000000000000000e+01
5.600000000000000000e+01
3.400000000000000000e+01
3.300000000000000000e+01
3.600000000000000000e+01
3.600000000000000000e+01
3.200000000000000000e+01
3.500000000000000000e+01
3.000000000000000000e+01
3.500000000000000000e+01
3.600000000000000000e+01
3.900000000000000000e+01
4.600000000000000000e+01
3.100000000000000000e+01
3.300000000000000000e+01
4.500000000000000000e+01
5.300000000000000000e+01
3.700000000000000000e+01
7.100000000000000000e+01
3.700000000000000000e+01
4.400000000000000000e+01
3.100000000000000000e+01
3.100000000000000000e+01
3.100000000000000000e+01
3.700000000000000000e+01
3.900000000000000000e+01
3.400000000000000000e+01
3.000000000000000000e+01
3.000000000000000000e+01
4.100000000000000000e+01
4.000000000000000000e+01
4.100000000000000000e+01
3.200000000000000000e+01
3.500000000000000000e+01
4.600000000000000000e+01
4.000000000000000000e+01
3.600000000000000000e+01
3.500000000000000000e+01
3.200000000000000000e+01
3.000000000000000000e+01
4.500000000000000000e+01
3.600000000000000000e+01
6.000000000000000000e+01
3.900000000000000000e+01
7.200000000000000000e+01
3.500000000000000000e+01
3.500000000000000000e+01
6.700000000000000000e+01
8.000000000000000000e+01
4.900000000000000000e+01
5.400000000000000000e+01
7.600000000000000000e+01
3.000000000000000000e+01
3.400000000000000000e+01
5.100000000000000000e+01
4.100000000000000000e+01
3.900000000000000000e+01
6.300000000000000000e+01
3.900000000000000000e+01
3.800000000000000000e+01
7.500000000000000000e+01
3.800000000000000000e+01
4.400000000000000000e+01
3.500000000000000000e+01
3.300000000000000000e+01
3.800000000000000000e+01
3.700000000000000000e+01
5.400000000000000000e+01
5.200000000000000000e+01
4.000000000000000000e+01
8.800000000000000000e+01
3.100000000000000000e+01
3.400000000000000000e+01
4.100000000000000000e+01
3.200000000000000000e+01
3.900000000000000000e+01
6.900000000000000000e+01
4.700000000000000000e+01
4.000000000000000000e+01
4.400000000000000000e+01
3.000000000000000000e+01
3.000000000000000000e+01
3.200000000000000000e+01
6.600000000000000000e+01
3.500000000000000000e+01
4.700000000000000000e+01
3.000000000000000000e+01
3.200000000000000000e+01
3.800000000000000000e+01
3.800000000000000000e+01
5.900000000000000000e+01
3.400000000000000000e+01
3.000000000000000000e+01
3.000000000000000000e+01
3.000000000000000000e+01
3.200000000000000000e+01
3.000000000000000000e+01
3.000000000000000000e+01
4.200000000000000000e+01
5.600000000000000000e+01
3.500000000000000000e+01
3.200000000000000000e+01
3.100000000000000000e+01
3.500000000000000000e+01
6.500000000000000000e+01
3.400000000000000000e+01
3.200000000000000000e+01
4.900000000000000000e+01
7.100000000000000000e+01
3.200000000000000000e+01
3.000000000000000000e+01
3.000000000000000000e+01
3.600000000000000000e+01
3.800000000000000000e+01
3.000000000000000000e+01
3.500000000000000000e+01
3.700000000000000000e+01
3.900000000000000000e+01
3.100000000000000000e+01
3.600000000000000000e+01
3.000000000000000000e+01
3.400000000000000000e+01
4.600000000000000000e+01
3.000000000000000000e+01
3.700000000000000000e+01
3.300000000000000000e+01
3.200000000000000000e+01
4.300000000000000000e+01
3.000000000000000000e+01
3.800000000000000000e+01
3.100000000000000000e+01
3.100000000000000000e+01
3.100000000000000000e+01
3.500000000000000000e+01
4.500000000000000000e+01
3.000000000000000000e+01
3.100000000000000000e+01
3.400000000000000000e+01
3.300000000000000000e+01
3.400000000000000000e+01
