5.270927810668945312e+01
6.099835968017578125e+01
3.502799987792968750e+01
3.990853118896484375e+01
6.724194335937500000e+01
5.895034408569335938e+01
3.000000000000000000e+01
7.501583862304687500e+01
5.613739013671875000e+01
1.162763748168945312e+02
5.098457717895507812e+01
1.257578506469726562e+02
4.524919128417968750e+01
5.070552444458007812e+01
4.709606552124023438e+01
4.946863174438476562e+01
6.670411682128906250e+01
4.141621398925781250e+01
4.081984329223632812e+01
1.339049530029296875e+02
4.013140106201171875e+01
9.479978942871093750e+01
3.000000000000000000e+01
3.592286300659179688e+01
3.780123138427734375e+01
6.816092681884765625e+01
3.000000000000000000e+01
6.404965972900390625e+01
2.006243591308593750e+02
6.628260803222656250e+01
6.649824523925781250e+01
4.655621719360351562e+01
5.003369903564453125e+01
1.086071166992187500e+02
5.388245010375976562e+01
6.902539062500000000e+01
6.195053482055664062e+01
5.825719451904296875e+01
4.463519287109375000e+01
3.329671859741210938e+01
3.930970001220703125e+01
3.894074630737304688e+01
5.550260543823242188e+01
4.325420761108398438e+01
3.000000000000000000e+01
4.062334442138671875e+01
4.101516723632812500e+01
6.014562606811523438e+01
1.200154571533203125e+02
7.606750488281250000e+01
4.272003936767578125e+01
3.847061157226562500e+01
7.711269378662109375e+01
4.361087036132812500e+01
9.459411621093750000e+01
5.146435928344726562e+01
6.307990646362304688e+01
4.941265106201171875e+01
6.792439270019531250e+01
7.331175231933593750e+01
5.625330352783203125e+01
8.697103881835937500e+01
4.044225692749023438e+01
9.355477905273437500e+01
1.031431961059570312e+02
5.541702270507812500e+01
4.771771240234375000e+01
3.000000000000000000e+01
4.767514038085937500e+01
4.349314117431640625e+01
5.542645263671875000e+01
3.771813964843750000e+01
9.479531860351562500e+01
3.351950836181640625e+01
6.031362533569335938e+01
3.615489196777343750e+01
5.085800170898437500e+01
4.305561065673828125e+01
4.059815979003906250e+01
6.561567687988281250e+01
3.529162216186523438e+01
6.670411682128906250e+01
5.181385421752929688e+01
1.137817993164062500e+02
9.938639068603515625e+01
3.430463409423828125e+01
4.271665573120117188e+01
4.816964721679687500e+01
4.524919128417968750e+01
5.759202957153320312e+01
3.753701782226562500e+01
5.122233963012695312e+01
6.310186767578125000e+01
5.589418792724609375e+01
1.162640991210937500e+02
9.723718261718750000e+01
6.708419799804687500e+01
3.564627456665039062e+01
7.247317504882812500e+01
3.526351547241210938e+01
1.018488540649414062e+02
6.986592864990234375e+01
1.733840637207031250e+02
3.074089050292968750e+01
4.524472808837890625e+01
9.061766052246093750e+01
3.328599548339843750e+01
5.421614074707031250e+01
5.043305969238281250e+01
3.329699707031250000e+01
4.182771682739257812e+01
3.000000000000000000e+01
7.504035949707031250e+01
1.232398071289062500e+02
4.152194595336914062e+01
4.305914306640625000e+01
8.896559143066406250e+01
4.594333267211914062e+01
7.681227111816406250e+01
5.009245681762695312e+01
4.422438049316406250e+01
5.726282119750976562e+01
3.682737350463867188e+01
4.062235260009765625e+01
4.336295700073242188e+01
5.051458740234375000e+01
6.967575073242187500e+01
6.381157684326171875e+01
4.482585144042968750e+01
6.115486145019531250e+01
4.199213790893554688e+01
9.803521728515625000e+01
4.947189331054687500e+01
3.000000000000000000e+01
5.025142288208007812e+01
5.067173767089843750e+01
1.125815353393554688e+02
4.201433181762695312e+01
4.346700286865234375e+01
7.531986236572265625e+01
4.565497589111328125e+01
9.909700775146484375e+01
8.077381134033203125e+01
6.111550140380859375e+01
7.350097656250000000e+01
4.881931304931640625e+01
8.071459960937500000e+01
1.008439331054687500e+02
5.145730590820312500e+01
1.179611053466796875e+02
6.210483551025390625e+01
7.732789611816406250e+01
5.877152633666992188e+01
9.321327209472656250e+01
4.557392883300781250e+01
1.175029602050781250e+02
3.786056137084960938e+01
1.370700836181640625e+02
4.040124130249023438e+01
6.586096954345703125e+01
3.464320755004882812e+01
5.422920989990234375e+01
4.401793670654296875e+01
3.457248687744140625e+01
7.299628448486328125e+01
4.094533157348632812e+01
6.361876296997070312e+01
4.758593368530273438e+01
3.031541633605957031e+01
1.181030502319335938e+02
3.999530029296875000e+01
4.729737091064453125e+01
3.476781463623046875e+01
3.000000000000000000e+01
5.559667968750000000e+01
5.625249099731445312e+01
4.256794738769531250e+01
4.311302185058593750e+01
6.670851135253906250e+01
4.982563400268554688e+01
6.946441650390625000e+01
5.860400390625000000e+01
6.650186920166015625e+01
5.272196960449218750e+01
4.019791412353515625e+01
3.605932235717773438e+01
4.777457046508789062e+01
5.826919937133789062e+01
4.991352844238281250e+01
4.719188690185546875e+01
4.915702819824218750e+01
6.304824829101562500e+01
5.673700714111328125e+01
4.298764801025390625e+01
4.598705673217773438e+01
5.419329833984375000e+01
3.841534042358398438e+01
8.306478118896484375e+01
1.532335510253906250e+02
4.780122375488281250e+01
4.520653152465820312e+01
1.221251373291015625e+02
5.960049438476562500e+01
3.000000000000000000e+01
6.393605804443359375e+01
3.714744186401367188e+01
5.316030883789062500e+01
5.712102127075195312e+01
1.103739624023437500e+02
3.746216201782226562e+01
5.146204757690429688e+01
9.581063079833984375e+01
4.435935211181640625e+01
4.642327117919921875e+01
3.519047546386718750e+01
5.034142303466796875e+01
4.517042922973632812e+01
5.324353027343750000e+01
4.122283935546875000e+01
4.184819030761718750e+01
3.408294677734375000e+01
5.396940994262695312e+01
8.520697021484375000e+01
4.000284576416015625e+01
4.375180435180664062e+01
3.599446105957031250e+01
5.920492935180664062e+01
1.151517333984375000e+02
5.858699798583984375e+01
1.172138748168945312e+02
3.962390899658203125e+01
4.924698638916015625e+01
5.858505249023437500e+01
4.837396240234375000e+01
4.388404464721679688e+01
6.421163940429687500e+01
4.478670883178710938e+01
4.516535186767578125e+01
7.396150970458984375e+01
5.099767684936523438e+01
4.075150299072265625e+01
1.170267333984375000e+02
1.007784881591796875e+02
7.198096466064453125e+01
9.978861999511718750e+01
3.205271148681640625e+01
4.918027877807617188e+01
1.426211090087890625e+02
1.699338989257812500e+02
5.207936096191406250e+01
6.277819824218750000e+01
4.132775115966796875e+01
4.701820373535156250e+01
1.053830184936523438e+02
5.044326019287109375e+01
5.448505401611328125e+01
4.573744964599609375e+01
4.031402206420898438e+01
3.442491149902343750e+01
1.360565490722656250e+02
6.748597717285156250e+01
5.147300338745117188e+01
5.470475769042968750e+01
4.860243606567382812e+01
1.110185470581054688e+02
4.190429306030273438e+01
1.401741943359375000e+02
6.233380126953125000e+01
5.866806030273437500e+01
5.985081863403320312e+01
5.800958633422851562e+01
5.448847579956054688e+01
7.198096466064453125e+01
7.334913635253906250e+01
1.650105895996093750e+02
3.354992294311523438e+01
6.922853851318359375e+01
7.861885833740234375e+01
9.587861633300781250e+01
9.238458251953125000e+01
7.376731109619140625e+01
6.832129669189453125e+01
6.365644836425781250e+01
4.358180618286132812e+01
7.451012420654296875e+01
3.526892471313476562e+01
3.219055557250976562e+01
6.116882324218750000e+01
4.391641998291015625e+01
3.955395507812500000e+01
4.057143402099609375e+01
3.626686477661132812e+01
3.689884567260742188e+01
9.038939666748046875e+01
4.065076065063476562e+01
3.504549789428710938e+01
4.784714508056640625e+01
5.489186477661132812e+01
4.719045257568359375e+01
5.918695831298828125e+01
3.613253402709960938e+01
3.000000000000000000e+01
3.681536865234375000e+01
8.131628417968750000e+01
6.624627685546875000e+01
4.079108810424804688e+01
7.277011108398437500e+01
7.245941162109375000e+01
7.296291351318359375e+01
1.283110351562500000e+02
1.456012420654296875e+02
3.000000000000000000e+01
1.027674255371093750e+02
1.009373092651367188e+02
9.682122802734375000e+01
4.108692550659179688e+01
3.490113067626953125e+01
1.232499160766601562e+02
5.927709197998046875e+01
7.247317504882812500e+01
4.299311447143554688e+01
5.175584411621093750e+01
5.299594497680664062e+01
5.090432739257812500e+01
3.753792953491210938e+01
3.965832138061523438e+01
3.788224411010742188e+01
3.526991271972656250e+01
9.479531860351562500e+01
3.000000000000000000e+01
6.992331695556640625e+01
5.224909210205078125e+01
4.549807739257812500e+01
4.444483184814453125e+01
4.645348358154296875e+01
4.387397766113281250e+01
7.167808532714843750e+01
5.287182617187500000e+01
3.908515167236328125e+01
3.305096435546875000e+01
6.139485168457031250e+01
7.580144500732421875e+01
3.991502380371093750e+01
7.296291351318359375e+01
4.856208038330078125e+01
4.477902221679687500e+01
1.696172790527343750e+02
4.155178833007812500e+01
3.895079803466796875e+01
1.032336654663085938e+02
1.487338256835937500e+02
1.889400939941406250e+02
5.306430816650390625e+01
8.697103881835937500e+01
3.000000000000000000e+01
9.600008392333984375e+01
5.832375335693359375e+01
3.375759887695312500e+01
1.351570129394531250e+02
5.590520477294921875e+01
6.441559600830078125e+01
1.256241302490234375e+02
5.245918655395507812e+01
5.187017440795898438e+01
9.874333190917968750e+01
3.321248245239257812e+01
7.627878570556640625e+01
1.046741180419921875e+02
3.000000000000000000e+01
5.816849136352539062e+01
5.569046020507812500e+01
4.872585296630859375e+01
1.034659576416015625e+02
1.409401397705078125e+02
4.884439086914062500e+01
1.350451965332031250e+02
9.017100524902343750e+01
6.628260803222656250e+01
7.538513183593750000e+01
8.436447143554687500e+01
3.000000000000000000e+01
3.646707153320312500e+01
3.000000000000000000e+01
3.962478637695312500e+01
6.020471572875976562e+01
1.007784881591796875e+02
4.818699645996093750e+01
4.927809906005859375e+01
4.949745941162109375e+01
2.943365173339843750e+02
3.569363021850585938e+01
4.364772415161132812e+01
3.185832977294921875e+01
3.000000000000000000e+01
4.023104095458984375e+01
6.721629333496093750e+01
8.049208068847656250e+01
1.000503616333007812e+02
5.121804428100585938e+01
4.652426147460937500e+01
5.420698928833007812e+01
4.168360900878906250e+01
1.504702758789062500e+02
4.422586441040039062e+01
4.216437530517578125e+01
6.119638442993164062e+01
4.206049728393554688e+01
6.138832855224609375e+01
7.219013977050781250e+01
1.484571838378906250e+02
8.148996734619140625e+01
7.901496887207031250e+01
5.196079635620117188e+01
4.005985260009765625e+01
6.357175064086914062e+01
3.131087875366210938e+01
6.135000610351562500e+01
7.594360351562500000e+01
3.000000000000000000e+01
3.521101379394531250e+01
8.543071746826171875e+01
3.000000000000000000e+01
4.213769912719726562e+01
1.459488677978515625e+02
5.455533599853515625e+01
4.092993545532226562e+01
6.634943389892578125e+01
3.864699935913085938e+01
4.935268402099609375e+01
9.559515380859375000e+01
5.336071014404296875e+01
6.992331695556640625e+01
2.015108642578125000e+02
5.090432739257812500e+01
1.186158370971679688e+02
4.187465286254882812e+01
4.996953964233398438e+01
8.924478149414062500e+01
6.404965972900390625e+01
5.571902465820312500e+01
7.067813873291015625e+01
3.000000000000000000e+01
6.721620941162109375e+01
5.466668701171875000e+01
6.690836334228515625e+01
4.164213562011718750e+01
5.048498916625976562e+01
6.642167663574218750e+01
9.003964233398437500e+01
8.992560577392578125e+01
5.418090820312500000e+01
5.877152633666992188e+01
4.863682556152343750e+01
5.496375274658203125e+01
6.414971923828125000e+01
3.760268402099609375e+01
1.049016571044921875e+02
1.025237731933593750e+02
3.419368743896484375e+01
1.100068664550781250e+02
8.825552368164062500e+01
5.075784301757812500e+01
4.320847320556640625e+01
4.918493652343750000e+01
4.325452041625976562e+01
2.170762023925781250e+02
3.000000000000000000e+01
5.018878936767578125e+01
5.165507507324218750e+01
3.848890686035156250e+01
8.498376464843750000e+01
4.190063476562500000e+01
4.912757492065429688e+01
1.228320388793945312e+02
6.624627685546875000e+01
8.916267395019531250e+01
3.996251296997070312e+01
4.284426498413085938e+01
6.873209381103515625e+01
9.177157592773437500e+01
8.650832366943359375e+01
8.251104736328125000e+01
7.284191894531250000e+01
3.911883544921875000e+01
6.385373687744140625e+01
8.807322692871093750e+01
4.672615051269531250e+01
4.642327117919921875e+01
7.562191772460937500e+01
9.464115905761718750e+01
6.007294845581054688e+01
5.549139785766601562e+01
5.103823852539062500e+01
3.000000000000000000e+01
3.875392532348632812e+01
3.407117462158203125e+01
3.000000000000000000e+01
3.055262374877929688e+01
3.230453872680664062e+01
5.409851837158203125e+01
5.076141738891601562e+01
4.641117095947265625e+01
7.226785278320312500e+01
5.834481048583984375e+01
4.457746124267578125e+01
3.818569946289062500e+01
4.511899566650390625e+01
6.054812240600585938e+01
3.000000000000000000e+01
3.309213256835937500e+01
5.822986221313476562e+01
4.055508041381835938e+01
5.811383819580078125e+01
3.327658462524414062e+01
5.226636123657226562e+01
3.000000000000000000e+01
4.709606552124023438e+01
1.181692657470703125e+02
5.808550262451171875e+01
3.667573165893554688e+01
6.866841125488281250e+01
4.216437530517578125e+01
7.459231567382812500e+01
3.546948242187500000e+01
5.260321044921875000e+01
1.345459747314453125e+02
4.567758560180664062e+01
1.302738647460937500e+02
1.174958038330078125e+02
3.743554306030273438e+01
3.799665451049804688e+01
8.007409667968750000e+01
3.939899444580078125e+01
5.949766921997070312e+01
5.470475769042968750e+01
1.289318847656250000e+02
4.730960845947265625e+01
7.696049499511718750e+01
5.583476257324218750e+01
3.000000000000000000e+01
5.626353836059570312e+01
1.116966018676757812e+02
5.184250259399414062e+01
6.693254089355468750e+01
6.278929901123046875e+01
3.790000152587890625e+01
3.582949066162109375e+01
5.117227172851562500e+01
4.194995117187500000e+01
4.180086517333984375e+01
4.057749938964843750e+01
3.701868820190429688e+01
4.086645507812500000e+01
4.951168823242187500e+01
4.603469848632812500e+01
4.593788146972656250e+01
5.424300384521484375e+01
5.421614074707031250e+01
7.251197052001953125e+01
1.103739624023437500e+02
6.598591613769531250e+01
1.165071411132812500e+02
8.273712158203125000e+01
1.148611755371093750e+02
3.731902313232421875e+01
6.254667663574218750e+01
5.478269958496093750e+01
3.375991821289062500e+01
6.867443847656250000e+01
7.388190460205078125e+01
7.666517639160156250e+01
8.216692352294921875e+01
4.152194595336914062e+01
4.623394775390625000e+01
6.110073471069335938e+01
7.954192352294921875e+01
4.362744522094726562e+01
5.706729888916015625e+01
4.673246765136718750e+01
3.645701599121093750e+01
1.069027862548828125e+02
3.753701782226562500e+01
4.977143096923828125e+01
4.227331542968750000e+01
4.593028259277343750e+01
5.510700225830078125e+01
8.325505065917968750e+01
3.705051040649414062e+01
3.106849479675292969e+01
3.741437911987304688e+01
1.000503616333007812e+02
5.076030349731445312e+01
4.255091094970703125e+01
5.465792083740234375e+01
5.417662811279296875e+01
4.904600524902343750e+01
5.992407608032226562e+01
5.773563003540039062e+01
6.679329681396484375e+01
3.650361633300781250e+01
5.455808639526367188e+01
6.678392791748046875e+01
8.643915557861328125e+01
7.926207733154296875e+01
4.617858505249023438e+01
3.951000595092773438e+01
7.040637207031250000e+01
7.177217864990234375e+01
5.150157165527343750e+01
5.298432159423828125e+01
5.625588607788085938e+01
4.230542373657226562e+01
5.462744903564453125e+01
3.783631515502929688e+01
3.000000000000000000e+01
4.815793228149414062e+01
7.373423004150390625e+01
6.642167663574218750e+01
5.102492141723632812e+01
5.326665115356445312e+01
3.570571899414062500e+01
7.292393493652343750e+01
9.742654418945312500e+01
6.327517700195312500e+01
3.674056625366210938e+01
1.148611755371093750e+02
5.306430816650390625e+01
6.166367340087890625e+01
9.464115905761718750e+01
3.465357589721679688e+01
3.685616302490234375e+01
7.777834320068359375e+01
3.000000000000000000e+01
4.424946212768554688e+01
2.321332855224609375e+02
5.077346038818359375e+01
3.065407371520996094e+01
4.005128097534179688e+01
1.397876892089843750e+02
5.878274536132812500e+01
5.542259979248046875e+01
1.018842620849609375e+02
4.563002395629882812e+01
1.252295150756835938e+02
8.469886016845703125e+01
9.583244323730468750e+01
3.678350830078125000e+01
3.958428192138671875e+01
5.806051635742187500e+01
7.578020477294921875e+01
6.692730712890625000e+01
5.287182617187500000e+01
5.017591094970703125e+01
3.000000000000000000e+01
4.564411926269531250e+01
6.206129074096679688e+01
4.867179870605468750e+01
4.170004272460937500e+01
7.014760589599609375e+01
7.730014038085937500e+01
4.773003387451171875e+01
3.000000000000000000e+01
5.097535705566406250e+01
3.030574607849121094e+01
4.518827819824218750e+01
1.081161651611328125e+02
4.941641235351562500e+01
7.199490356445312500e+01
5.723321914672851562e+01
3.977005767822265625e+01
3.471002960205078125e+01
9.909700775146484375e+01
6.624842834472656250e+01
8.148997497558593750e+01
1.070385742187500000e+02
5.517650604248046875e+01
4.509693145751953125e+01
4.403549957275390625e+01
6.056277465820312500e+01
6.211336517333984375e+01
7.526144409179687500e+01
2.170762023925781250e+02
4.963457489013671875e+01
5.742532730102539062e+01
6.298327255249023438e+01
4.766989898681640625e+01
4.286188507080078125e+01
5.028384017944335938e+01
5.195874023437500000e+01
7.040190124511718750e+01
1.006348648071289062e+02
3.000000000000000000e+01
3.000000000000000000e+01
6.161103057861328125e+01
1.111977691650390625e+02
7.533239746093750000e+01
1.302738647460937500e+02
3.738329696655273438e+01
5.899079132080078125e+01
5.468464660644531250e+01
6.859976196289062500e+01
1.688496093750000000e+02
6.344306945800781250e+01
5.140270996093750000e+01
5.496630859375000000e+01
3.239722442626953125e+01
3.261914825439453125e+01
8.030546569824218750e+01
3.952634811401367188e+01
3.555197525024414062e+01
5.362039566040039062e+01
8.377024841308593750e+01
5.299513244628906250e+01
8.846558380126953125e+01
3.730892562866210938e+01
5.254380416870117188e+01
5.927709960937500000e+01
7.285934448242187500e+01
5.174192810058593750e+01
4.624174118041992188e+01
4.445252990722656250e+01
4.129491424560546875e+01
3.366830444335937500e+01
4.422586441040039062e+01
4.560291290283203125e+01
7.443650817871093750e+01
5.455534362792968750e+01
3.000000000000000000e+01
3.000000000000000000e+01
4.288225555419921875e+01
4.364772415161132812e+01
3.310173797607421875e+01
1.264921875000000000e+02
3.000000000000000000e+01
6.265616226196289062e+01
8.971833801269531250e+01
3.656019210815429688e+01
3.000000000000000000e+01
3.000000000000000000e+01
6.586096954345703125e+01
6.677062225341796875e+01
5.642826461791992188e+01
5.318518829345703125e+01
6.423704528808593750e+01
6.874648284912109375e+01
6.152581787109375000e+01
3.939267730712890625e+01
7.031158447265625000e+01
4.826439666748046875e+01
6.873209381103515625e+01
5.277220153808593750e+01
3.203267669677734375e+01
3.591257095336914062e+01
5.513375854492187500e+01
4.993385314941406250e+01
4.231165313720703125e+01
4.719045257568359375e+01
4.991641235351562500e+01
5.257878875732421875e+01
6.755021667480468750e+01
8.146825408935546875e+01
5.489873123168945312e+01
8.127894592285156250e+01
4.329149627685546875e+01
5.099767684936523438e+01
5.365880584716796875e+01
6.681006622314453125e+01
7.095335388183593750e+01
5.659906768798828125e+01
8.066795349121093750e+01
4.110081863403320312e+01
8.922316741943359375e+01
5.347727203369140625e+01
5.539187622070312500e+01
1.007817916870117188e+02
1.339049530029296875e+02
1.001971435546875000e+02
3.977329254150390625e+01
3.517843246459960938e+01
5.113626098632812500e+01
5.967884063720703125e+01
8.992560577392578125e+01
8.458432006835937500e+01
5.567063903808593750e+01
9.327950286865234375e+01
5.097535705566406250e+01
5.147607421875000000e+01
3.214143753051757812e+01
6.008827209472656250e+01
6.580264282226562500e+01
3.946311950683593750e+01
3.721924591064453125e+01
7.239978027343750000e+01
6.014108657836914062e+01
4.538970184326171875e+01
8.021681213378906250e+01
3.192463874816894531e+01
4.073012542724609375e+01
4.349313735961914062e+01
4.139156341552734375e+01
4.992259597778320312e+01
4.624174118041992188e+01
1.745094909667968750e+02
6.444953918457031250e+01
4.596764755249023438e+01
4.269393539428710938e+01
5.809917068481445312e+01
1.282662048339843750e+02
3.850767517089843750e+01
4.946366882324218750e+01
6.390164947509765625e+01
4.170004272460937500e+01
7.813941955566406250e+01
3.702423858642578125e+01
6.117854309082031250e+01
5.915966033935546875e+01
5.069014739990234375e+01
4.131359481811523438e+01
4.749523162841796875e+01
6.142573928833007812e+01
5.410066604614257812e+01
1.887693023681640625e+02
3.500490570068359375e+01
5.095096206665039062e+01
6.851742553710937500e+01
5.325596618652343750e+01
4.391684341430664062e+01
3.540913772583007812e+01
3.865515136718750000e+01
5.086402893066406250e+01
3.000000000000000000e+01
5.437399673461914062e+01
6.445849609375000000e+01
3.941624832153320312e+01
4.492796325683593750e+01
3.020874595642089844e+01
3.743554306030273438e+01
4.471307373046875000e+01
3.316253280639648438e+01
6.191580963134765625e+01
7.342102050781250000e+01
3.241680526733398438e+01
4.871955490112304688e+01
4.784714508056640625e+01
8.519453430175781250e+01
3.924099349975585938e+01
1.039846343994140625e+02
3.000000000000000000e+01
8.251104736328125000e+01
8.395143127441406250e+01
4.330453491210937500e+01
1.007817916870117188e+02
3.039743995666503906e+01
3.918559265136718750e+01
4.266010284423828125e+01
4.249496078491210938e+01
1.111199645996093750e+02
5.454035568237304688e+01
4.669837570190429688e+01
7.777311706542968750e+01
3.905958557128906250e+01
9.432780456542968750e+01
7.111651611328125000e+01
4.444580459594726562e+01
5.067303466796875000e+01
7.039569854736328125e+01
8.724728393554687500e+01
7.543609619140625000e+01
6.492662811279296875e+01
3.391060256958007812e+01
3.662610626220703125e+01
6.357803344726562500e+01
8.217843627929687500e+01
1.133013305664062500e+02
7.163067626953125000e+01
1.345962066650390625e+02
6.113055419921875000e+01
4.189446258544921875e+01
5.608547973632812500e+01
3.000000000000000000e+01
5.763699722290039062e+01
3.000000000000000000e+01
3.000000000000000000e+01
7.930341339111328125e+01
1.276340103149414062e+02
5.441108703613281250e+01
3.249086761474609375e+01
5.220592498779296875e+01
6.312084197998046875e+01
3.704084014892578125e+01
5.388674163818359375e+01
7.526145172119140625e+01
4.217320632934570312e+01
7.240676116943359375e+01
3.261914825439453125e+01
5.389406204223632812e+01
5.976401519775390625e+01
3.550047683715820312e+01
3.920925521850585938e+01
5.879384994506835938e+01
3.506156921386718750e+01
6.802581024169921875e+01
7.009500122070312500e+01
4.945930862426757812e+01
9.978862762451171875e+01
6.197422027587890625e+01
3.525247955322265625e+01
4.377385711669921875e+01
4.147148895263671875e+01
3.983304595947265625e+01
3.511765289306640625e+01
3.000000000000000000e+01
3.735285949707031250e+01
9.079761505126953125e+01
4.652426147460937500e+01
3.526402664184570312e+01
9.003964233398437500e+01
7.267536926269531250e+01
4.432297515869140625e+01
6.454080200195312500e+01
8.737136840820312500e+01
4.641117095947265625e+01
5.309962081909179688e+01
1.092524185180664062e+02
5.072774887084960938e+01
6.588672637939453125e+01
4.059815979003906250e+01
3.000000000000000000e+01
5.759202957153320312e+01
4.498560333251953125e+01
3.872958374023437500e+01
4.747033309936523438e+01
3.885612869262695312e+01
5.130778503417968750e+01
4.467594528198242188e+01
5.590520477294921875e+01
3.000000000000000000e+01
3.596812820434570312e+01
7.976884460449218750e+01
8.476398468017578125e+01
3.625342559814453125e+01
1.021635437011718750e+02
4.759722137451171875e+01
3.214496994018554688e+01
9.291090393066406250e+01
9.581496429443359375e+01
3.864284133911132812e+01
5.807409667968750000e+01
4.331623840332031250e+01
4.304524993896484375e+01
3.566105651855468750e+01
7.493067169189453125e+01
4.837253570556640625e+01
3.847676467895507812e+01
3.996251296997070312e+01
5.236260223388671875e+01
5.740506744384765625e+01
3.204478836059570312e+01
5.703565597534179688e+01
5.714187240600585938e+01
5.009245681762695312e+01
7.566490173339843750e+01
7.130547332763671875e+01
3.494248962402343750e+01
4.951771545410156250e+01
3.345479965209960938e+01
5.762836074829101562e+01
6.967575073242187500e+01
8.954205322265625000e+01
6.117854309082031250e+01
5.112601089477539062e+01
7.044337463378906250e+01
5.703565597534179688e+01
4.973925018310546875e+01
4.524668502807617188e+01
3.405528640747070312e+01
4.640829086303710938e+01
6.545622253417968750e+01
5.223041534423828125e+01
3.081738662719726562e+01
6.748598480224609375e+01
5.226686096191406250e+01
6.526216125488281250e+01
3.000000000000000000e+01
5.958957290649414062e+01
4.293314361572265625e+01
4.815866851806640625e+01
7.975294494628906250e+01
3.803685760498046875e+01
5.669902038574218750e+01
3.332349777221679688e+01
7.710948181152343750e+01
6.596750640869140625e+01
3.382143783569335938e+01
4.464253234863281250e+01
4.056838226318359375e+01
8.624848937988281250e+01
7.252795410156250000e+01
3.000000000000000000e+01
4.111719131469726562e+01
6.742286682128906250e+01
4.787571716308593750e+01
4.520653152465820312e+01
3.243961334228515625e+01
8.145327758789062500e+01
4.089526748657226562e+01
3.916925048828125000e+01
4.546665954589843750e+01
4.394547271728515625e+01
6.519236755371093750e+01
3.000000000000000000e+01
8.924478912353515625e+01
6.242330169677734375e+01
5.146204757690429688e+01
3.963116073608398438e+01
4.401240158081054688e+01
4.406719970703125000e+01
5.173386383056640625e+01
3.517843246459960938e+01
3.866678619384765625e+01
3.483138275146484375e+01
5.160157012939453125e+01
4.160398483276367188e+01
5.825719451904296875e+01
6.781404113769531250e+01
5.089573669433593750e+01
5.171104431152343750e+01
4.745259094238281250e+01
3.000000000000000000e+01
3.000000000000000000e+01
4.401240158081054688e+01
8.066795349121093750e+01
4.894319915771484375e+01
4.611088562011718750e+01
3.000000000000000000e+01
6.890287780761718750e+01
5.047834396362304688e+01
7.766617584228515625e+01
3.839449310302734375e+01
3.069963073730468750e+01
5.343392181396484375e+01
3.000000000000000000e+01
4.556523132324218750e+01
3.342479705810546875e+01
5.409119415283203125e+01
3.000000000000000000e+01
3.000000000000000000e+01
4.224481582641601562e+01
3.735234832763671875e+01
8.382576751708984375e+01
4.441691589355468750e+01
8.954205322265625000e+01
5.117952346801757812e+01
4.082107162475585938e+01
3.675559997558593750e+01
4.254277801513671875e+01
3.730125427246093750e+01
4.076760482788085938e+01
5.444436264038085938e+01
8.049208068847656250e+01
5.260321044921875000e+01
4.678335189819335938e+01
4.836896896362304688e+01
8.546762084960937500e+01
5.257769393920898438e+01
5.168482208251953125e+01
3.612823104858398438e+01
3.000000000000000000e+01
3.566024780273437500e+01
3.203267669677734375e+01
6.521186828613281250e+01
3.538492965698242188e+01
4.180305480957031250e+01
4.653414535522460938e+01
3.178255844116210938e+01
3.719128036499023438e+01
4.826334381103515625e+01
3.890700531005859375e+01
6.840228271484375000e+01
3.572236251831054688e+01
7.531986236572265625e+01
5.117952346801757812e+01
6.727940368652343750e+01
3.000000000000000000e+01
4.196966934204101562e+01
5.534396362304687500e+01
3.000000000000000000e+01
4.449664306640625000e+01
7.209028625488281250e+01
3.977177429199218750e+01
5.146663665771484375e+01
5.044878005981445312e+01
3.799665451049804688e+01
5.100746154785156250e+01
5.121804428100585938e+01
4.029879379272460938e+01
4.539567947387695312e+01
7.631230163574218750e+01
4.773632049560546875e+01
7.039569854736328125e+01
7.952313232421875000e+01
3.000000000000000000e+01
6.638374328613281250e+01
3.250037002563476562e+01
5.571902465820312500e+01
4.851271057128906250e+01
5.038950729370117188e+01
6.421163940429687500e+01
7.219013977050781250e+01
3.882899475097656250e+01
6.686497497558593750e+01
5.936160278320312500e+01
3.571229553222656250e+01
8.733125305175781250e+01
4.901455688476562500e+01
3.251809692382812500e+01
3.838628387451171875e+01
4.447811126708984375e+01
3.000000000000000000e+01
6.951340484619140625e+01
5.047519683837890625e+01
5.095096206665039062e+01
4.510778808593750000e+01
4.629047393798828125e+01
4.213400650024414062e+01
3.000000000000000000e+01
7.510960388183593750e+01
3.725745773315429688e+01
4.748773956298828125e+01
5.456326675415039062e+01
5.149975967407226562e+01
4.505954742431640625e+01
4.944762802124023438e+01
4.464253234863281250e+01
3.000000000000000000e+01
3.604862976074218750e+01
3.319939041137695312e+01
4.262417602539062500e+01
3.000000000000000000e+01
3.955915069580078125e+01
6.161103057861328125e+01
3.567473220825195312e+01
4.180086517333984375e+01
4.490345001220703125e+01
7.266859436035156250e+01
4.524810409545898438e+01
7.185662841796875000e+01
1.037135162353515625e+02
5.070750045776367188e+01
4.729737472534179688e+01
3.619156265258789062e+01
4.458997344970703125e+01
3.912281036376953125e+01
5.047686767578125000e+01
6.057719039916992188e+01
1.070385742187500000e+02
3.906063079833984375e+01
3.798793029785156250e+01
4.678396606445312500e+01
4.698663330078125000e+01
3.576379394531250000e+01
5.626353836059570312e+01
4.139156341552734375e+01
5.786901855468750000e+01
3.000000000000000000e+01
4.692432403564453125e+01
3.786194229125976562e+01
5.057454681396484375e+01
5.462744903564453125e+01
3.568077468872070312e+01
5.103856658935546875e+01
5.558840942382812500e+01
3.432438659667968750e+01
5.027828216552734375e+01
4.996236419677734375e+01
4.383983612060546875e+01
7.533239746093750000e+01
4.219036483764648438e+01
3.394507980346679688e+01
4.286188888549804688e+01
4.642270660400390625e+01
3.000000000000000000e+01
5.272847747802734375e+01
3.273479080200195312e+01
5.267614746093750000e+01
3.884346389770507812e+01
5.097767257690429688e+01
5.688935852050781250e+01
4.281229400634765625e+01
5.004576110839843750e+01
3.711957931518554688e+01
3.605715179443359375e+01
5.061479568481445312e+01
6.746693420410156250e+01
3.731902313232421875e+01
3.977554702758789062e+01
5.652701187133789062e+01
5.641585540771484375e+01
4.904405975341796875e+01
6.176845550537109375e+01
4.278308105468750000e+01
6.212226104736328125e+01
3.678890228271484375e+01
1.028085632324218750e+02
7.389308166503906250e+01
4.612277984619140625e+01
6.333621215820312500e+01
3.000000000000000000e+01
6.237297821044921875e+01
4.370890808105468750e+01
3.699642944335937500e+01
8.094425201416015625e+01
3.995919799804687500e+01
4.583717346191406250e+01
5.459836196899414062e+01
9.853858947753906250e+01
4.306019973754882812e+01
3.099818992614746094e+01
3.160456848144531250e+01
5.041747283935546875e+01
3.830640029907226562e+01
3.426519775390625000e+01
5.047873687744140625e+01
7.875910949707031250e+01
5.068830108642578125e+01
4.756951141357421875e+01
3.509128952026367188e+01
5.166233825683593750e+01
4.113402938842773438e+01
4.386855316162109375e+01
5.758840560913085938e+01
1.039846343994140625e+02
5.809806442260742188e+01
7.740573120117187500e+01
6.536700439453125000e+01
7.163558959960937500e+01
6.313745498657226562e+01
3.000000000000000000e+01
3.661663055419921875e+01
5.184130477905273438e+01
3.911083984375000000e+01
3.964198303222656250e+01
3.910486602783203125e+01
3.762191390991210938e+01
5.636904525756835938e+01
3.192192649841308594e+01
3.821900177001953125e+01
4.574876403808593750e+01
6.943126678466796875e+01
5.219448852539062500e+01
3.093726730346679688e+01
4.656635284423828125e+01
3.351091766357421875e+01
3.507663345336914062e+01
5.215255737304687500e+01
8.077381134033203125e+01
5.111457061767578125e+01
5.070552444458007812e+01
3.000000000000000000e+01
6.385374069213867188e+01
5.725576400756835938e+01
3.000000000000000000e+01
8.624848937988281250e+01
3.461856079101562500e+01
1.101297607421875000e+02
3.455163955688476562e+01
7.402063751220703125e+01
6.362232971191406250e+01
4.504111480712890625e+01
3.000000000000000000e+01
4.132962417602539062e+01
5.202064132690429688e+01
4.005985260009765625e+01
4.580274963378906250e+01
4.310888671875000000e+01
3.000000000000000000e+01
4.442852020263671875e+01
7.813941955566406250e+01
7.166698455810546875e+01
7.245941162109375000e+01
3.586742019653320312e+01
3.360499954223632812e+01
5.579421234130859375e+01
5.636904144287109375e+01
5.479051208496093750e+01
5.055714797973632812e+01
6.507397460937500000e+01
3.286813735961914062e+01
5.155091094970703125e+01
3.864087295532226562e+01
3.814043045043945312e+01
3.000000000000000000e+01
7.744696807861328125e+01
3.828560638427734375e+01
3.762068557739257812e+01
3.000000000000000000e+01
4.274452209472656250e+01
4.698943328857421875e+01
3.000000000000000000e+01
4.477902221679687500e+01
4.205026245117187500e+01
3.000000000000000000e+01
5.272196960449218750e+01
7.777311706542968750e+01
3.000000000000000000e+01
6.312014007568359375e+01
5.194952011108398438e+01
4.124712371826171875e+01
3.795890808105468750e+01
5.356280136108398438e+01
3.648588943481445312e+01
3.800828552246093750e+01
4.127526092529296875e+01
5.414936065673828125e+01
3.000000000000000000e+01
3.533333587646484375e+01
4.374992370605468750e+01
3.951075744628906250e+01
3.319889068603515625e+01
3.000000000000000000e+01
3.645552444458007812e+01
5.181519317626953125e+01
4.863112640380859375e+01
9.853859710693359375e+01
4.666837692260742188e+01
3.106300735473632812e+01
3.044033050537109375e+01
8.576312255859375000e+01
3.000000000000000000e+01
4.320301818847656250e+01
7.744696807861328125e+01
4.785184097290039062e+01
4.234651947021484375e+01
4.135787200927734375e+01
5.409851837158203125e+01
1.085450439453125000e+02
7.377056121826171875e+01
5.874967193603515625e+01
8.054284667968750000e+01
3.074089050292968750e+01
3.101259994506835938e+01
6.114417266845703125e+01
3.765729904174804688e+01
5.353451538085937500e+01
5.321714019775390625e+01
3.775621795654296875e+01
3.421079254150390625e+01
6.503587341308593750e+01
3.516844558715820312e+01
5.256491088867187500e+01
4.830969619750976562e+01
4.539260101318359375e+01
3.477155685424804688e+01
3.674056625366210938e+01
3.250037002563476562e+01
3.415288543701171875e+01
3.974817276000976562e+01
6.446315002441406250e+01
4.063466644287109375e+01
4.552370071411132812e+01
7.221882629394531250e+01
5.101123809814453125e+01
4.453745651245117188e+01
3.603459167480468750e+01
4.404339599609375000e+01
4.256034851074218750e+01
3.911551666259765625e+01
3.234281158447265625e+01
4.420285034179687500e+01
6.418650817871093750e+01
5.896149826049804688e+01
6.045216751098632812e+01
3.000000000000000000e+01
4.376066589355468750e+01
3.854993820190429688e+01
4.194391632080078125e+01
6.145628356933593750e+01
4.338645935058593750e+01
3.764080047607421875e+01
3.351505661010742188e+01
4.037266540527343750e+01
4.408230590820312500e+01
3.644050979614257812e+01
5.752518463134765625e+01
4.420936203002929688e+01
3.906063461303710938e+01
4.992259597778320312e+01
4.433575439453125000e+01
4.193490219116210938e+01
5.204973220825195312e+01
3.000000000000000000e+01
6.280899047851562500e+01
4.603850936889648438e+01
4.345264053344726562e+01
4.273368072509765625e+01
8.519452667236328125e+01
4.020126724243164062e+01
3.803321838378906250e+01
3.000000000000000000e+01
3.265580749511718750e+01
5.013264465332031250e+01
4.519443893432617188e+01
4.119509124755859375e+01
3.729565048217773438e+01
3.000000000000000000e+01
3.375183105468750000e+01
3.443959808349609375e+01
5.234620285034179688e+01
4.167042541503906250e+01
6.806702423095703125e+01
4.433891677856445312e+01
6.366986083984375000e+01
4.441058349609375000e+01
4.714209747314453125e+01
6.387128448486328125e+01
3.439126968383789062e+01
5.258740234375000000e+01
3.000000000000000000e+01
3.000000000000000000e+01
4.313675689697265625e+01
4.773159790039062500e+01
3.418262100219726562e+01
3.887588119506835938e+01
3.000000000000000000e+01
3.816764068603515625e+01
3.722600555419921875e+01
3.974355316162109375e+01
4.400000000000000000e+01
6.200000000000000000e+01
3.700000000000000000e+01
3.200000000000000000e+01
1.040000000000000000e+02
4.600000000000000000e+01
3.600000000000000000e+01
9.200000000000000000e+01
7.500000000000000000e+01
1.530000000000000000e+02
3.900000000000000000e+01
9.000000000000000000e+01
4.200000000000000000e+01
7.600000000000000000e+01
3.600000000000000000e+01
6.100000000000000000e+01
6.300000000000000000e+01
3.300000000000000000e+01
3.300000000000000000e+01
2.180000000000000000e+02
4.200000000000000000e+01
1.350000000000000000e+02
4.800000000000000000e+01
3.600000000000000000e+01
4.900000000000000000e+01
6.400000000000000000e+01
3.400000000000000000e+01
6.300000000000000000e+01
2.020000000000000000e+02
5.700000000000000000e+01
9.100000000000000000e+01
6.500000000000000000e+01
3.900000000000000000e+01
1.200000000000000000e+02
6.900000000000000000e+01
3.900000000000000000e+01
8.100000000000000000e+01
6.200000000000000000e+01
4.300000000000000000e+01
4.100000000000000000e+01
3.500000000000000000e+01
3.200000000000000000e+01
4.500000000000000000e+01
1.180000000000000000e+02
5.000000000000000000e+01
3.400000000000000000e+01
3.900000000000000000e+01
7.000000000000000000e+01
2.580000000000000000e+02
3.200000000000000000e+01
4.300000000000000000e+01
3.100000000000000000e+01
1.010000000000000000e+02
4.200000000000000000e+01
1.300000000000000000e+02
3.500000000000000000e+01
6.500000000000000000e+01
4.500000000000000000e+01
6.100000000000000000e+01
2.010000000000000000e+02
3.200000000000000000e+01
1.050000000000000000e+02
4.000000000000000000e+01
9.600000000000000000e+01
1.260000000000000000e+02
6.400000000000000000e+01
5.300000000000000000e+01
3.100000000000000000e+01
4.900000000000000000e+01
7.400000000000000000e+01
5.100000000000000000e+01
7.000000000000000000e+01
2.020000000000000000e+02
3.200000000000000000e+01
7.400000000000000000e+01
3.200000000000000000e+01
5.100000000000000000e+01
5.600000000000000000e+01
3.500000000000000000e+01
6.100000000000000000e+01
4.500000000000000000e+01
3.800000000000000000e+01
6.400000000000000000e+01
1.820000000000000000e+02
9.900000000000000000e+01
6.500000000000000000e+01
3.700000000000000000e+01
5.300000000000000000e+01
7.800000000000000000e+01
6.300000000000000000e+01
5.700000000000000000e+01
4.300000000000000000e+01
4.900000000000000000e+01
5.800000000000000000e+01
8.900000000000000000e+01
8.400000000000000000e+01
8.700000000000000000e+01
4.500000000000000000e+01
7.500000000000000000e+01
3.900000000000000000e+01
1.180000000000000000e+02
4.700000000000000000e+01
1.370000000000000000e+02
3.700000000000000000e+01
3.900000000000000000e+01
1.380000000000000000e+02
3.900000000000000000e+01
5.600000000000000000e+01
3.800000000000000000e+01
3.500000000000000000e+01
4.000000000000000000e+01
3.100000000000000000e+01
8.400000000000000000e+01
1.400000000000000000e+02
4.600000000000000000e+01
4.800000000000000000e+01
1.690000000000000000e+02
6.000000000000000000e+01
1.030000000000000000e+02
7.300000000000000000e+01
4.900000000000000000e+01
1.710000000000000000e+02
3.500000000000000000e+01
4.200000000000000000e+01
3.800000000000000000e+01
5.400000000000000000e+01
8.400000000000000000e+01
4.700000000000000000e+01
3.700000000000000000e+01
7.100000000000000000e+01
3.000000000000000000e+01
1.010000000000000000e+02
6.600000000000000000e+01
3.100000000000000000e+01
7.800000000000000000e+01
3.000000000000000000e+01
9.600000000000000000e+01
3.200000000000000000e+01
3.100000000000000000e+01
1.330000000000000000e+02
3.800000000000000000e+01
1.030000000000000000e+02
8.900000000000000000e+01
3.500000000000000000e+01
7.500000000000000000e+01
9.100000000000000000e+01
8.200000000000000000e+01
5.500000000000000000e+01
3.100000000000000000e+01
7.100000000000000000e+01
6.200000000000000000e+01
6.900000000000000000e+01
6.500000000000000000e+01
1.160000000000000000e+02
4.600000000000000000e+01
1.020000000000000000e+02
3.600000000000000000e+01
1.400000000000000000e+02
3.000000000000000000e+01
8.900000000000000000e+01
4.300000000000000000e+01
7.600000000000000000e+01
3.700000000000000000e+01
3.400000000000000000e+01
9.800000000000000000e+01
3.000000000000000000e+01
4.600000000000000000e+01
7.700000000000000000e+01
3.500000000000000000e+01
1.240000000000000000e+02
3.000000000000000000e+01
3.600000000000000000e+01
3.000000000000000000e+01
3.100000000000000000e+01
7.600000000000000000e+01
5.600000000000000000e+01
4.400000000000000000e+01
6.700000000000000000e+01
1.300000000000000000e+02
4.100000000000000000e+01
1.180000000000000000e+02
6.100000000000000000e+01
4.600000000000000000e+01
3.300000000000000000e+01
3.300000000000000000e+01
3.100000000000000000e+01
3.800000000000000000e+01
7.600000000000000000e+01
4.500000000000000000e+01
3.300000000000000000e+01
7.000000000000000000e+01
6.800000000000000000e+01
6.200000000000000000e+01
4.000000000000000000e+01
8.100000000000000000e+01
3.000000000000000000e+01
5.500000000000000000e+01
7.500000000000000000e+01
1.290000000000000000e+02
7.100000000000000000e+01
5.800000000000000000e+01
1.480000000000000000e+02
1.250000000000000000e+02
5.800000000000000000e+01
4.100000000000000000e+01
4.400000000000000000e+01
4.000000000000000000e+01
8.000000000000000000e+01
1.040000000000000000e+02
4.700000000000000000e+01
4.500000000000000000e+01
5.400000000000000000e+01
3.500000000000000000e+01
3.800000000000000000e+01
3.400000000000000000e+01
5.100000000000000000e+01
6.800000000000000000e+01
8.500000000000000000e+01
3.300000000000000000e+01
3.500000000000000000e+01
3.100000000000000000e+01
6.300000000000000000e+01
1.440000000000000000e+02
4.000000000000000000e+01
4.900000000000000000e+01
3.300000000000000000e+01
9.700000000000000000e+01
1.470000000000000000e+02
4.400000000000000000e+01
9.900000000000000000e+01
3.700000000000000000e+01
7.300000000000000000e+01
8.500000000000000000e+01
3.000000000000000000e+01
3.100000000000000000e+01
7.200000000000000000e+01
3.000000000000000000e+01
4.600000000000000000e+01
8.700000000000000000e+01
5.900000000000000000e+01
3.600000000000000000e+01
1.110000000000000000e+02
2.290000000000000000e+02
5.600000000000000000e+01
1.070000000000000000e+02
3.100000000000000000e+01
4.400000000000000000e+01
1.170000000000000000e+02
1.870000000000000000e+02
4.400000000000000000e+01
6.400000000000000000e+01
3.600000000000000000e+01
4.000000000000000000e+01
6.200000000000000000e+01
4.200000000000000000e+01
5.700000000000000000e+01
5.200000000000000000e+01
5.800000000000000000e+01
3.900000000000000000e+01
2.500000000000000000e+02
8.900000000000000000e+01
9.200000000000000000e+01
6.600000000000000000e+01
3.400000000000000000e+01
1.050000000000000000e+02
4.700000000000000000e+01
2.160000000000000000e+02
4.700000000000000000e+01
6.600000000000000000e+01
3.600000000000000000e+01
5.500000000000000000e+01
5.000000000000000000e+01
6.600000000000000000e+01
5.200000000000000000e+01
2.210000000000000000e+02
3.300000000000000000e+01
9.300000000000000000e+01
1.070000000000000000e+02
1.380000000000000000e+02
1.000000000000000000e+02
5.600000000000000000e+01
5.900000000000000000e+01
6.600000000000000000e+01
4.000000000000000000e+01
8.800000000000000000e+01
4.700000000000000000e+01
3.000000000000000000e+01
4.000000000000000000e+01
3.800000000000000000e+01
4.600000000000000000e+01
4.400000000000000000e+01
3.400000000000000000e+01
3.800000000000000000e+01
1.140000000000000000e+02
4.100000000000000000e+01
3.200000000000000000e+01
3.200000000000000000e+01
4.100000000000000000e+01
5.500000000000000000e+01
4.300000000000000000e+01
9.300000000000000000e+01
3.700000000000000000e+01
4.600000000000000000e+01
8.200000000000000000e+01
1.610000000000000000e+02
3.300000000000000000e+01
1.110000000000000000e+02
1.070000000000000000e+02
7.200000000000000000e+01
1.360000000000000000e+02
1.660000000000000000e+02
3.200000000000000000e+01
1.340000000000000000e+02
7.900000000000000000e+01
9.500000000000000000e+01
5.300000000000000000e+01
5.600000000000000000e+01
1.650000000000000000e+02
5.800000000000000000e+01
7.400000000000000000e+01
5.800000000000000000e+01
5.600000000000000000e+01
7.500000000000000000e+01
3.100000000000000000e+01
3.000000000000000000e+01
3.400000000000000000e+01
3.200000000000000000e+01
4.100000000000000000e+01
1.910000000000000000e+02
3.200000000000000000e+01
1.110000000000000000e+02
3.300000000000000000e+01
3.100000000000000000e+01
7.800000000000000000e+01
5.100000000000000000e+01
5.300000000000000000e+01
1.240000000000000000e+02
3.700000000000000000e+01
3.100000000000000000e+01
3.900000000000000000e+01
6.300000000000000000e+01
9.600000000000000000e+01
3.300000000000000000e+01
9.600000000000000000e+01
5.000000000000000000e+01
4.600000000000000000e+01
1.380000000000000000e+02
3.200000000000000000e+01
4.700000000000000000e+01
8.900000000000000000e+01
2.130000000000000000e+02
2.020000000000000000e+02
3.100000000000000000e+01
1.660000000000000000e+02
3.900000000000000000e+01
1.460000000000000000e+02
6.000000000000000000e+01
4.700000000000000000e+01
1.450000000000000000e+02
8.200000000000000000e+01
4.300000000000000000e+01
1.850000000000000000e+02
4.300000000000000000e+01
6.200000000000000000e+01
1.260000000000000000e+02
4.000000000000000000e+01
1.090000000000000000e+02
1.070000000000000000e+02
3.000000000000000000e+01
4.000000000000000000e+01
4.200000000000000000e+01
4.800000000000000000e+01
1.590000000000000000e+02
1.710000000000000000e+02
3.100000000000000000e+01
2.620000000000000000e+02
1.060000000000000000e+02
7.100000000000000000e+01
6.500000000000000000e+01
8.600000000000000000e+01
3.400000000000000000e+01
3.500000000000000000e+01
3.200000000000000000e+01
3.700000000000000000e+01
1.120000000000000000e+02
1.720000000000000000e+02
6.400000000000000000e+01
4.500000000000000000e+01
5.200000000000000000e+01
2.640000000000000000e+02
5.600000000000000000e+01
3.800000000000000000e+01
3.100000000000000000e+01
3.100000000000000000e+01
5.600000000000000000e+01
6.600000000000000000e+01
7.900000000000000000e+01
1.270000000000000000e+02
6.200000000000000000e+01
5.100000000000000000e+01
4.000000000000000000e+01
4.300000000000000000e+01
2.270000000000000000e+02
3.800000000000000000e+01
4.200000000000000000e+01
1.070000000000000000e+02
3.300000000000000000e+01
5.400000000000000000e+01
3.100000000000000000e+01
2.070000000000000000e+02
7.800000000000000000e+01
7.700000000000000000e+01
5.000000000000000000e+01
6.300000000000000000e+01
6.400000000000000000e+01
3.300000000000000000e+01
6.000000000000000000e+01
9.500000000000000000e+01
3.200000000000000000e+01
3.600000000000000000e+01
1.040000000000000000e+02
3.500000000000000000e+01
3.600000000000000000e+01
1.140000000000000000e+02
4.200000000000000000e+01
4.600000000000000000e+01
7.200000000000000000e+01
3.900000000000000000e+01
5.200000000000000000e+01
9.500000000000000000e+01
3.900000000000000000e+01
7.100000000000000000e+01
2.430000000000000000e+02
3.100000000000000000e+01
1.400000000000000000e+02
5.000000000000000000e+01
3.100000000000000000e+01
1.000000000000000000e+02
6.800000000000000000e+01
3.900000000000000000e+01
6.500000000000000000e+01
4.600000000000000000e+01
9.300000000000000000e+01
8.100000000000000000e+01
1.610000000000000000e+02
3.600000000000000000e+01
8.200000000000000000e+01
7.400000000000000000e+01
1.870000000000000000e+02
1.090000000000000000e+02
7.400000000000000000e+01
7.800000000000000000e+01
5.800000000000000000e+01
4.600000000000000000e+01
1.040000000000000000e+02
4.700000000000000000e+01
1.730000000000000000e+02
1.150000000000000000e+02
3.900000000000000000e+01
1.110000000000000000e+02
4.400000000000000000e+01
4.800000000000000000e+01
3.900000000000000000e+01
4.200000000000000000e+01
5.600000000000000000e+01
1.580000000000000000e+02
3.400000000000000000e+01
3.400000000000000000e+01
6.500000000000000000e+01
5.400000000000000000e+01
1.060000000000000000e+02
3.000000000000000000e+01
5.000000000000000000e+01
1.440000000000000000e+02
1.600000000000000000e+02
6.700000000000000000e+01
4.000000000000000000e+01
5.100000000000000000e+01
6.900000000000000000e+01
6.900000000000000000e+01
9.800000000000000000e+01
4.600000000000000000e+01
4.700000000000000000e+01
4.400000000000000000e+01
5.400000000000000000e+01
8.400000000000000000e+01
6.400000000000000000e+01
3.600000000000000000e+01
8.600000000000000000e+01
9.500000000000000000e+01
4.300000000000000000e+01
4.200000000000000000e+01
4.800000000000000000e+01
3.300000000000000000e+01
5.100000000000000000e+01
3.100000000000000000e+01
3.200000000000000000e+01
3.900000000000000000e+01
3.600000000000000000e+01
6.900000000000000000e+01
5.200000000000000000e+01
3.400000000000000000e+01
7.600000000000000000e+01
5.900000000000000000e+01
4.900000000000000000e+01
6.900000000000000000e+01
5.700000000000000000e+01
9.300000000000000000e+01
3.900000000000000000e+01
3.200000000000000000e+01
4.500000000000000000e+01
4.100000000000000000e+01
3.600000000000000000e+01
4.200000000000000000e+01
6.200000000000000000e+01
4.100000000000000000e+01
3.300000000000000000e+01
1.140000000000000000e+02
3.900000000000000000e+01
6.500000000000000000e+01
7.800000000000000000e+01
3.900000000000000000e+01
9.000000000000000000e+01
4.400000000000000000e+01
5.000000000000000000e+01
1.350000000000000000e+02
5.000000000000000000e+01
1.000000000000000000e+02
2.100000000000000000e+02
4.100000000000000000e+01
4.100000000000000000e+01
7.100000000000000000e+01
3.500000000000000000e+01
5.100000000000000000e+01
4.900000000000000000e+01
2.050000000000000000e+02
5.600000000000000000e+01
4.600000000000000000e+01
6.100000000000000000e+01
3.300000000000000000e+01
7.600000000000000000e+01
1.110000000000000000e+02
3.000000000000000000e+01
6.400000000000000000e+01
5.600000000000000000e+01
3.400000000000000000e+01
3.400000000000000000e+01
3.400000000000000000e+01
6.000000000000000000e+01
3.300000000000000000e+01
4.800000000000000000e+01
3.200000000000000000e+01
4.200000000000000000e+01
6.200000000000000000e+01
4.900000000000000000e+01
3.200000000000000000e+01
5.000000000000000000e+01
5.300000000000000000e+01
7.500000000000000000e+01
1.180000000000000000e+02
5.700000000000000000e+01
1.190000000000000000e+02
9.200000000000000000e+01
1.050000000000000000e+02
5.300000000000000000e+01
4.600000000000000000e+01
4.600000000000000000e+01
6.900000000000000000e+01
6.400000000000000000e+01
7.200000000000000000e+01
6.700000000000000000e+01
1.070000000000000000e+02
4.600000000000000000e+01
4.300000000000000000e+01
7.200000000000000000e+01
8.300000000000000000e+01
6.300000000000000000e+01
5.900000000000000000e+01
5.400000000000000000e+01
3.500000000000000000e+01
5.700000000000000000e+01
3.800000000000000000e+01
5.000000000000000000e+01
3.400000000000000000e+01
4.000000000000000000e+01
5.200000000000000000e+01
7.000000000000000000e+01
5.300000000000000000e+01
3.000000000000000000e+01
3.500000000000000000e+01
1.400000000000000000e+02
6.500000000000000000e+01
3.900000000000000000e+01
4.600000000000000000e+01
8.100000000000000000e+01
5.000000000000000000e+01
4.900000000000000000e+01
3.100000000000000000e+01
7.500000000000000000e+01
5.200000000000000000e+01
5.400000000000000000e+01
6.100000000000000000e+01
1.680000000000000000e+02
6.800000000000000000e+01
5.400000000000000000e+01
3.400000000000000000e+01
7.700000000000000000e+01
5.700000000000000000e+01
4.400000000000000000e+01
5.700000000000000000e+01
3.300000000000000000e+01
3.800000000000000000e+01
4.300000000000000000e+01
3.700000000000000000e+01
5.600000000000000000e+01
5.100000000000000000e+01
5.200000000000000000e+01
7.200000000000000000e+01
7.400000000000000000e+01
4.500000000000000000e+01
4.000000000000000000e+01
9.300000000000000000e+01
1.490000000000000000e+02
7.800000000000000000e+01
4.800000000000000000e+01
8.700000000000000000e+01
5.600000000000000000e+01
3.400000000000000000e+01
1.350000000000000000e+02
3.600000000000000000e+01
4.000000000000000000e+01
5.900000000000000000e+01
3.200000000000000000e+01
3.300000000000000000e+01
1.890000000000000000e+02
4.700000000000000000e+01
4.200000000000000000e+01
3.500000000000000000e+01
1.310000000000000000e+02
4.900000000000000000e+01
7.000000000000000000e+01
1.190000000000000000e+02
5.600000000000000000e+01
1.810000000000000000e+02
8.400000000000000000e+01
1.380000000000000000e+02
3.400000000000000000e+01
4.700000000000000000e+01
1.110000000000000000e+02
6.600000000000000000e+01
5.500000000000000000e+01
4.000000000000000000e+01
5.700000000000000000e+01
3.800000000000000000e+01
4.200000000000000000e+01
4.800000000000000000e+01
4.500000000000000000e+01
3.300000000000000000e+01
7.200000000000000000e+01
9.400000000000000000e+01
3.100000000000000000e+01
3.100000000000000000e+01
6.100000000000000000e+01
3.500000000000000000e+01
5.600000000000000000e+01
1.100000000000000000e+02
8.400000000000000000e+01
6.400000000000000000e+01
5.600000000000000000e+01
6.000000000000000000e+01
4.500000000000000000e+01
1.010000000000000000e+02
6.200000000000000000e+01
1.170000000000000000e+02
8.700000000000000000e+01
5.600000000000000000e+01
6.500000000000000000e+01
4.500000000000000000e+01
3.500000000000000000e+01
6.600000000000000000e+01
7.300000000000000000e+01
2.550000000000000000e+02
6.200000000000000000e+01
5.500000000000000000e+01
5.700000000000000000e+01
4.700000000000000000e+01
3.500000000000000000e+01
1.050000000000000000e+02
5.000000000000000000e+01
4.500000000000000000e+01
4.400000000000000000e+01
3.500000000000000000e+01
3.100000000000000000e+01
4.800000000000000000e+01
1.420000000000000000e+02
8.900000000000000000e+01
1.180000000000000000e+02
3.000000000000000000e+01
4.200000000000000000e+01
3.000000000000000000e+01
1.060000000000000000e+02
1.370000000000000000e+02
6.400000000000000000e+01
6.300000000000000000e+01
4.100000000000000000e+01
3.100000000000000000e+01
5.700000000000000000e+01
8.000000000000000000e+01
3.400000000000000000e+01
3.900000000000000000e+01
3.200000000000000000e+01
7.100000000000000000e+01
4.200000000000000000e+01
7.800000000000000000e+01
3.100000000000000000e+01
5.400000000000000000e+01
6.200000000000000000e+01
3.100000000000000000e+01
3.200000000000000000e+01
3.300000000000000000e+01
9.700000000000000000e+01
3.200000000000000000e+01
4.600000000000000000e+01
3.000000000000000000e+01
3.700000000000000000e+01
5.200000000000000000e+01
4.300000000000000000e+01
3.800000000000000000e+01
4.400000000000000000e+01
5.300000000000000000e+01
4.500000000000000000e+01
5.100000000000000000e+01
1.380000000000000000e+02
4.200000000000000000e+01
6.300000000000000000e+01
9.000000000000000000e+01
4.100000000000000000e+01
5.100000000000000000e+01
4.100000000000000000e+01
3.600000000000000000e+01
5.600000000000000000e+01
5.800000000000000000e+01
4.700000000000000000e+01
6.800000000000000000e+01
7.100000000000000000e+01
5.000000000000000000e+01
3.300000000000000000e+01
6.300000000000000000e+01
5.400000000000000000e+01
6.800000000000000000e+01
4.000000000000000000e+01
4.300000000000000000e+01
5.100000000000000000e+01
5.300000000000000000e+01
3.200000000000000000e+01
4.400000000000000000e+01
3.400000000000000000e+01
5.500000000000000000e+01
5.300000000000000000e+01
1.010000000000000000e+02
1.070000000000000000e+02
3.200000000000000000e+01
1.020000000000000000e+02
3.300000000000000000e+01
4.700000000000000000e+01
3.900000000000000000e+01
3.500000000000000000e+01
1.180000000000000000e+02
6.000000000000000000e+01
8.300000000000000000e+01
3.300000000000000000e+01
9.400000000000000000e+01
5.500000000000000000e+01
3.800000000000000000e+01
1.060000000000000000e+02
1.720000000000000000e+02
1.460000000000000000e+02
3.000000000000000000e+01
3.800000000000000000e+01
5.700000000000000000e+01
6.100000000000000000e+01
9.100000000000000000e+01
6.900000000000000000e+01
4.000000000000000000e+01
8.700000000000000000e+01
8.200000000000000000e+01
5.300000000000000000e+01
3.700000000000000000e+01
7.200000000000000000e+01
3.000000000000000000e+01
4.000000000000000000e+01
3.000000000000000000e+01
7.400000000000000000e+01
4.400000000000000000e+01
4.300000000000000000e+01
1.080000000000000000e+02
3.300000000000000000e+01
4.700000000000000000e+01
7.800000000000000000e+01
3.800000000000000000e+01
4.900000000000000000e+01
3.400000000000000000e+01
2.420000000000000000e+02
5.900000000000000000e+01
4.200000000000000000e+01
7.700000000000000000e+01
4.300000000000000000e+01
1.100000000000000000e+02
6.200000000000000000e+01
4.900000000000000000e+01
4.800000000000000000e+01
5.200000000000000000e+01
5.900000000000000000e+01
6.400000000000000000e+01
1.020000000000000000e+02
5.300000000000000000e+01
3.100000000000000000e+01
3.300000000000000000e+01
3.000000000000000000e+01
8.000000000000000000e+01
5.400000000000000000e+01
1.700000000000000000e+02
4.500000000000000000e+01
4.000000000000000000e+01
3.700000000000000000e+01
5.300000000000000000e+01
3.000000000000000000e+01
4.400000000000000000e+01
3.700000000000000000e+01
5.600000000000000000e+01
5.500000000000000000e+01
5.300000000000000000e+01
6.000000000000000000e+01
3.600000000000000000e+01
4.200000000000000000e+01
4.500000000000000000e+01
4.200000000000000000e+01
6.900000000000000000e+01
3.000000000000000000e+01
8.600000000000000000e+01
6.700000000000000000e+01
3.300000000000000000e+01
4.200000000000000000e+01
5.000000000000000000e+01
7.900000000000000000e+01
6.100000000000000000e+01
7.900000000000000000e+01
3.700000000000000000e+01
5.000000000000000000e+01
8.500000000000000000e+01
4.000000000000000000e+01
8.600000000000000000e+01
3.800000000000000000e+01
3.200000000000000000e+01
4.000000000000000000e+01
4.300000000000000000e+01
1.330000000000000000e+02
5.100000000000000000e+01
3.600000000000000000e+01
4.800000000000000000e+01
3.600000000000000000e+01
1.090000000000000000e+02
7.000000000000000000e+01
5.800000000000000000e+01
4.300000000000000000e+01
4.600000000000000000e+01
8.100000000000000000e+01
1.000000000000000000e+02
1.020000000000000000e+02
3.100000000000000000e+01
4.700000000000000000e+01
4.300000000000000000e+01
7.200000000000000000e+01
1.190000000000000000e+02
1.150000000000000000e+02
1.150000000000000000e+02
4.000000000000000000e+01
3.200000000000000000e+01
3.500000000000000000e+01
3.200000000000000000e+01
3.600000000000000000e+01
3.100000000000000000e+01
3.600000000000000000e+01
4.500000000000000000e+01
8.600000000000000000e+01
4.400000000000000000e+01
3.300000000000000000e+01
3.600000000000000000e+01
7.000000000000000000e+01
3.900000000000000000e+01
6.300000000000000000e+01
7.700000000000000000e+01
3.200000000000000000e+01
5.100000000000000000e+01
3.200000000000000000e+01
5.600000000000000000e+01
3.900000000000000000e+01
3.500000000000000000e+01
5.600000000000000000e+01
6.400000000000000000e+01
4.300000000000000000e+01
3.900000000000000000e+01
7.000000000000000000e+01
3.200000000000000000e+01
9.200000000000000000e+01
3.400000000000000000e+01
4.900000000000000000e+01
3.500000000000000000e+01
3.600000000000000000e+01
3.000000000000000000e+01
3.200000000000000000e+01
3.400000000000000000e+01
3.400000000000000000e+01
8.900000000000000000e+01
5.400000000000000000e+01
4.100000000000000000e+01
2.310000000000000000e+02
6.400000000000000000e+01
4.200000000000000000e+01
6.300000000000000000e+01
1.030000000000000000e+02
6.000000000000000000e+01
4.100000000000000000e+01
1.150000000000000000e+02
4.200000000000000000e+01
9.200000000000000000e+01
3.300000000000000000e+01
4.100000000000000000e+01
3.300000000000000000e+01
4.100000000000000000e+01
3.800000000000000000e+01
5.100000000000000000e+01
4.700000000000000000e+01
1.140000000000000000e+02
4.600000000000000000e+01
6.400000000000000000e+01
4.900000000000000000e+01
5.300000000000000000e+01
7.200000000000000000e+01
9.500000000000000000e+01
3.900000000000000000e+01
9.900000000000000000e+01
5.900000000000000000e+01
3.800000000000000000e+01
1.230000000000000000e+02
1.590000000000000000e+02
3.300000000000000000e+01
4.600000000000000000e+01
5.700000000000000000e+01
5.000000000000000000e+01
3.100000000000000000e+01
1.480000000000000000e+02
5.500000000000000000e+01
3.900000000000000000e+01
4.400000000000000000e+01
6.400000000000000000e+01
7.000000000000000000e+01
5.900000000000000000e+01
3.100000000000000000e+01
5.500000000000000000e+01
5.900000000000000000e+01
9.800000000000000000e+01
6.000000000000000000e+01
3.000000000000000000e+01
4.700000000000000000e+01
3.100000000000000000e+01
3.800000000000000000e+01
9.500000000000000000e+01
6.600000000000000000e+01
1.010000000000000000e+02
3.400000000000000000e+01
5.900000000000000000e+01
6.000000000000000000e+01
3.800000000000000000e+01
6.100000000000000000e+01
3.500000000000000000e+01
4.100000000000000000e+01
5.900000000000000000e+01
5.600000000000000000e+01
3.800000000000000000e+01
5.300000000000000000e+01
4.200000000000000000e+01
6.300000000000000000e+01
3.500000000000000000e+01
4.300000000000000000e+01
3.100000000000000000e+01
3.700000000000000000e+01
6.700000000000000000e+01
3.100000000000000000e+01
3.000000000000000000e+01
3.600000000000000000e+01
1.050000000000000000e+02
4.500000000000000000e+01
3.100000000000000000e+01
5.200000000000000000e+01
3.700000000000000000e+01
4.000000000000000000e+01
4.700000000000000000e+01
3.200000000000000000e+01
6.100000000000000000e+01
5.100000000000000000e+01
3.500000000000000000e+01
6.200000000000000000e+01
3.600000000000000000e+01
5.600000000000000000e+01
6.500000000000000000e+01
3.100000000000000000e+01
5.100000000000000000e+01
3.800000000000000000e+01
7.100000000000000000e+01
5.300000000000000000e+01
8.200000000000000000e+01
3.300000000000000000e+01
5.200000000000000000e+01
3.700000000000000000e+01
5.100000000000000000e+01
4.400000000000000000e+01
4.000000000000000000e+01
3.800000000000000000e+01
4.000000000000000000e+01
3.200000000000000000e+01
4.800000000000000000e+01
7.200000000000000000e+01
3.500000000000000000e+01
4.600000000000000000e+01
3.800000000000000000e+01
3.200000000000000000e+01
5.100000000000000000e+01
3.200000000000000000e+01
3.700000000000000000e+01
4.000000000000000000e+01
5.000000000000000000e+01
3.200000000000000000e+01
4.000000000000000000e+01
4.200000000000000000e+01
6.800000000000000000e+01
3.500000000000000000e+01
9.900000000000000000e+01
3.200000000000000000e+01
4.400000000000000000e+01
3.400000000000000000e+01
6.000000000000000000e+01
4.200000000000000000e+01
3.300000000000000000e+01
3.100000000000000000e+01
3.900000000000000000e+01
3.000000000000000000e+01
6.700000000000000000e+01
3.400000000000000000e+01
5.800000000000000000e+01
3.200000000000000000e+01
9.600000000000000000e+01
6.200000000000000000e+01
5.600000000000000000e+01
3.700000000000000000e+01
3.300000000000000000e+01
3.100000000000000000e+01
3.600000000000000000e+01
9.300000000000000000e+01
7.100000000000000000e+01
4.700000000000000000e+01
3.300000000000000000e+01
3.900000000000000000e+01
9.100000000000000000e+01
6.100000000000000000e+01
4.400000000000000000e+01
3.600000000000000000e+01
3.500000000000000000e+01
4.500000000000000000e+01
3.000000000000000000e+01
3.200000000000000000e+01
3.600000000000000000e+01
7.100000000000000000e+01
3.100000000000000000e+01
3.400000000000000000e+01
3.700000000000000000e+01
6.000000000000000000e+01
3.200000000000000000e+01
6.800000000000000000e+01
4.100000000000000000e+01
1.100000000000000000e+02
6.800000000000000000e+01
4.800000000000000000e+01
3.700000000000000000e+01
3.200000000000000000e+01
3.700000000000000000e+01
3.800000000000000000e+01
7.600000000000000000e+01
8.700000000000000000e+01
3.000000000000000000e+01
4.200000000000000000e+01
3.900000000000000000e+01
3.100000000000000000e+01
4.200000000000000000e+01
6.900000000000000000e+01
3.300000000000000000e+01
3.700000000000000000e+01
9.500000000000000000e+01
4.600000000000000000e+01
5.700000000000000000e+01
7.900000000000000000e+01
3.800000000000000000e+01
8.300000000000000000e+01
6.800000000000000000e+01
8.000000000000000000e+01
3.600000000000000000e+01
3.400000000000000000e+01
4.000000000000000000e+01
3.800000000000000000e+01
3.500000000000000000e+01
5.700000000000000000e+01
9.600000000000000000e+01
3.300000000000000000e+01
6.900000000000000000e+01
3.700000000000000000e+01
4.300000000000000000e+01
4.900000000000000000e+01
3.400000000000000000e+01
3.100000000000000000e+01
3.300000000000000000e+01
3.200000000000000000e+01
3.500000000000000000e+01
5.000000000000000000e+01
3.100000000000000000e+01
6.500000000000000000e+01
3.300000000000000000e+01
4.800000000000000000e+01
3.400000000000000000e+01
3.600000000000000000e+01
4.800000000000000000e+01
3.800000000000000000e+01
8.100000000000000000e+01
3.000000000000000000e+01
4.300000000000000000e+01
3.500000000000000000e+01
4.200000000000000000e+01
3.600000000000000000e+01
6.600000000000000000e+01
3.300000000000000000e+01
3.000000000000000000e+01
5.200000000000000000e+01
3.400000000000000000e+01
3.200000000000000000e+01
3.400000000000000000e+01
6.600000000000000000e+01
4.900000000000000000e+01
4.800000000000000000e+01
1.260000000000000000e+02
4.400000000000000000e+01
4.600000000000000000e+01
3.000000000000000000e+01
3.600000000000000000e+01
3.400000000000000000e+01
4.200000000000000000e+01
6.700000000000000000e+01
8.000000000000000000e+01
4.100000000000000000e+01
3.000000000000000000e+01
3.400000000000000000e+01
4.800000000000000000e+01
3.600000000000000000e+01
5.500000000000000000e+01
3.000000000000000000e+01
8.200000000000000000e+01
5.800000000000000000e+01
7.000000000000000000e+01
4.100000000000000000e+01
4.400000000000000000e+01
3.600000000000000000e+01
3.800000000000000000e+01
4.700000000000000000e+01
3.100000000000000000e+01
3.100000000000000000e+01
4.100000000000000000e+01
4.100000000000000000e+01
3.900000000000000000e+01
6.000000000000000000e+01
4.100000000000000000e+01
3.000000000000000000e+01
3.100000000000000000e+01
3.700000000000000000e+01
3.200000000000000000e+01
4.000000000000000000e+01
3.800000000000000000e+01
5.800000000000000000e+01
4.600000000000000000e+01
4.400000000000000000e+01
4.900000000000000000e+01
4.900000000000000000e+01
3.200000000000000000e+01
4.300000000000000000e+01
5.500000000000000000e+01
4.700000000000000000e+01
3.800000000000000000e+01
3.500000000000000000e+01
3.200000000000000000e+01
4.600000000000000000e+01
4.700000000000000000e+01
3.800000000000000000e+01
8.300000000000000000e+01
3.200000000000000000e+01
4.500000000000000000e+01
4.200000000000000000e+01
8.700000000000000000e+01
5.600000000000000000e+01
4.300000000000000000e+01
4.000000000000000000e+01
3.000000000000000000e+01
5.000000000000000000e+01
4.200000000000000000e+01
3.200000000000000000e+01
6.100000000000000000e+01
3.400000000000000000e+01
3.500000000000000000e+01
5.400000000000000000e+01
6.100000000000000000e+01
3.700000000000000000e+01
3.100000000000000000e+01
3.000000000000000000e+01
7.900000000000000000e+01
3.500000000000000000e+01
3.300000000000000000e+01
5.000000000000000000e+01
7.600000000000000000e+01
3.000000000000000000e+01
3.100000000000000000e+01
4.100000000000000000e+01
4.300000000000000000e+01
5.100000000000000000e+01
3.900000000000000000e+01
3.100000000000000000e+01
9.000000000000000000e+01
5.700000000000000000e+01
6.100000000000000000e+01
6.800000000000000000e+01
5.000000000000000000e+01
3.700000000000000000e+01
3.800000000000000000e+01
5.400000000000000000e+01
7.300000000000000000e+01
4.400000000000000000e+01
4.600000000000000000e+01
4.500000000000000000e+01
3.100000000000000000e+01
3.000000000000000000e+01
3.400000000000000000e+01
3.000000000000000000e+01
6.900000000000000000e+01
7.100000000000000000e+01
4.100000000000000000e+01
3.100000000000000000e+01
3.700000000000000000e+01
3.600000000000000000e+01
3.200000000000000000e+01
6.000000000000000000e+01
9.900000000000000000e+01
7.200000000000000000e+01
3.600000000000000000e+01
3.200000000000000000e+01
6.900000000000000000e+01
4.400000000000000000e+01
3.100000000000000000e+01
3.400000000000000000e+01
4.300000000000000000e+01
3.700000000000000000e+01
4.800000000000000000e+01
3.700000000000000000e+01
4.100000000000000000e+01
4.200000000000000000e+01
3.900000000000000000e+01
3.200000000000000000e+01
3.500000000000000000e+01
4.600000000000000000e+01
4.000000000000000000e+01
3.400000000000000000e+01
3.500000000000000000e+01
3.000000000000000000e+01
6.900000000000000000e+01
7.400000000000000000e+01
5.000000000000000000e+01
3.700000000000000000e+01
3.500000000000000000e+01
7.600000000000000000e+01
4.500000000000000000e+01
5.000000000000000000e+01
3.800000000000000000e+01
5.500000000000000000e+01
5.900000000000000000e+01
5.600000000000000000e+01
3.400000000000000000e+01
3.300000000000000000e+01
3.600000000000000000e+01
3.600000000000000000e+01
3.200000000000000000e+01
3.500000000000000000e+01
3.000000000000000000e+01
3.500000000000000000e+01
3.600000000000000000e+01
3.900000000000000000e+01
4.600000000000000000e+01
3.100000000000000000e+01
3.300000000000000000e+01
4.500000000000000000e+01
5.300000000000000000e+01
3.700000000000000000e+01
7.100000000000000000e+01
3.700000000000000000e+01
4.400000000000000000e+01
3.100000000000000000e+01
3.100000000000000000e+01
3.100000000000000000e+01
3.700000000000000000e+01
3.900000000000000000e+01
3.400000000000000000e+01
3.000000000000000000e+01
3.000000000000000000e+01
4.100000000000000000e+01
4.000000000000000000e+01
4.100000000000000000e+01
3.200000000000000000e+01
3.500000000000000000e+01
4.600000000000000000e+01
4.000000000000000000e+01
3.600000000000000000e+01
3.500000000000000000e+01
3.200000000000000000e+01
3.000000000000000000e+01
4.500000000000000000e+01
3.600000000000000000e+01
6.000000000000000000e+01
3.900000000000000000e+01
7.200000000000000000e+01
3.500000000000000000e+01
3.500000000000000000e+01
6.700000000000000000e+01
8.000000000000000000e+01
4.900000000000000000e+01
5.400000000000000000e+01
7.600000000000000000e+01
3.000000000000000000e+01
3.400000000000000000e+01
5.100000000000000000e+01
4.100000000000000000e+01
3.900000000000000000e+01
6.300000000000000000e+01
3.900000000000000000e+01
3.800000000000000000e+01
7.500000000000000000e+01
3.800000000000000000e+01
4.400000000000000000e+01
3.500000000000000000e+01
3.300000000000000000e+01
3.800000000000000000e+01
3.700000000000000000e+01
5.400000000000000000e+01
5.200000000000000000e+01
4.000000000000000000e+01
8.800000000000000000e+01
3.100000000000000000e+01
3.400000000000000000e+01
4.100000000000000000e+01
3.200000000000000000e+01
3.900000000000000000e+01
6.900000000000000000e+01
4.700000000000000000e+01
4.000000000000000000e+01
4.400000000000000000e+01
3.000000000000000000e+01
3.000000000000000000e+01
3.200000000000000000e+01
6.600000000000000000e+01
3.500000000000000000e+01
4.700000000000000000e+01
3.000000000000000000e+01
3.200000000000000000e+01
3.800000000000000000e+01
3.800000000000000000e+01
5.900000000000000000e+01
3.400000000000000000e+01
3.000000000000000000e+01
3.000000000000000000e+01
3.000000000000000000e+01
3.200000000000000000e+01
3.000000000000000000e+01
3.000000000000000000e+01
4.200000000000000000e+01
5.600000000000000000e+01
3.500000000000000000e+01
3.200000000000000000e+01
3.100000000000000000e+01
3.500000000000000000e+01
6.500000000000000000e+01
3.400000000000000000e+01
3.200000000000000000e+01
4.900000000000000000e+01
7.100000000000000000e+01
3.200000000000000000e+01
3.000000000000000000e+01
3.000000000000000000e+01
3.600000000000000000e+01
3.800000000000000000e+01
3.000000000000000000e+01
3.500000000000000000e+01
3.700000000000000000e+01
3.900000000000000000e+01
3.100000000000000000e+01
3.600000000000000000e+01
3.000000000000000000e+01
3.400000000000000000e+01
4.600000000000000000e+01
3.000000000000000000e+01
3.700000000000000000e+01
3.300000000000000000e+01
3.200000000000000000e+01
4.300000000000000000e+01
3.000000000000000000e+01
3.800000000000000000e+01
3.100000000000000000e+01
3.100000000000000000e+01
3.100000000000000000e+01
3.500000000000000000e+01
4.500000000000000000e+01
3.000000000000000000e+01
3.100000000000000000e+01
3.400000000000000000e+01
3.300000000000000000e+01
3.400000000000000000e+01
