5.279766082763671875e+01
6.346195220947265625e+01
3.687436294555664062e+01
4.032992553710937500e+01
7.415293884277343750e+01
5.881901550292968750e+01
3.407122802734375000e+01
8.409332275390625000e+01
5.451005935668945312e+01
1.215428314208984375e+02
4.993824768066406250e+01
1.425617828369140625e+02
4.453103637695312500e+01
4.837809371948242188e+01
4.768675994873046875e+01
6.205724334716796875e+01
7.103878784179687500e+01
3.976067352294921875e+01
4.162303161621093750e+01
1.320148010253906250e+02
4.124835205078125000e+01
8.875956726074218750e+01
3.000000000000000000e+01
3.669293212890625000e+01
4.459504699707031250e+01
7.062197875976562500e+01
3.000000000000000000e+01
7.095566558837890625e+01
1.821075439453125000e+02
7.177290344238281250e+01
6.110658264160156250e+01
4.643837738037109375e+01
4.979846191406250000e+01
1.135976715087890625e+02
6.389095306396484375e+01
8.157286834716796875e+01
6.578601074218750000e+01
5.759612655639648438e+01
4.449914550781250000e+01
4.290113067626953125e+01
4.277706146240234375e+01
3.529286956787109375e+01
5.142086791992187500e+01
4.438751983642578125e+01
3.000000000000000000e+01
3.544567489624023438e+01
3.000000000000000000e+01
6.577198791503906250e+01
1.218549194335937500e+02
5.788668441772460938e+01
4.272570037841796875e+01
3.670867919921875000e+01
7.195513916015625000e+01
4.399527740478515625e+01
1.012068328857421875e+02
4.768258285522460938e+01
7.552896881103515625e+01
4.603045654296875000e+01
7.860223388671875000e+01
7.367923736572265625e+01
5.693734741210937500e+01
8.535536193847656250e+01
4.018302917480468750e+01
9.529487609863281250e+01
9.628047180175781250e+01
5.419889068603515625e+01
4.649824905395507812e+01
3.000000000000000000e+01
4.716233825683593750e+01
5.480352783203125000e+01
5.599960327148437500e+01
3.826182556152343750e+01
9.545547485351562500e+01
3.237485504150390625e+01
5.518703842163085938e+01
3.967652893066406250e+01
5.652824020385742188e+01
3.102961730957031250e+01
4.579348373413085938e+01
6.095163345336914062e+01
3.537947463989257812e+01
7.103878784179687500e+01
5.303372192382812500e+01
1.149624252319335938e+02
1.018174896240234375e+02
4.324041366577148438e+01
4.150662994384765625e+01
4.760710144042968750e+01
4.453103637695312500e+01
5.996541595458984375e+01
3.992987442016601562e+01
4.969557189941406250e+01
5.593457794189453125e+01
5.268875885009765625e+01
8.816781616210937500e+01
7.898053741455078125e+01
6.770840454101562500e+01
3.603698348999023438e+01
7.668862152099609375e+01
4.062260437011718750e+01
1.051984252929687500e+02
7.748084259033203125e+01
1.445387115478515625e+02
3.000000000000000000e+01
4.675097656250000000e+01
8.923178863525390625e+01
3.000000000000000000e+01
5.500108718872070312e+01
5.496572113037109375e+01
3.718196105957031250e+01
3.985639953613281250e+01
3.000000000000000000e+01
7.692109680175781250e+01
1.217704162597656250e+02
4.255770111083984375e+01
4.489100646972656250e+01
1.030565795898437500e+02
4.782762145996093750e+01
8.184443664550781250e+01
4.953935241699218750e+01
4.530420303344726562e+01
5.803327560424804688e+01
3.867304611206054688e+01
3.859019470214843750e+01
4.272775650024414062e+01
4.783347320556640625e+01
6.450868988037109375e+01
6.641864776611328125e+01
4.326269149780273438e+01
5.180382156372070312e+01
4.498180007934570312e+01
1.149072036743164062e+02
5.116973114013671875e+01
3.000000000000000000e+01
6.168060302734375000e+01
5.070868682861328125e+01
1.044286804199218750e+02
4.213046646118164062e+01
4.675193405151367188e+01
7.395033264160156250e+01
4.065148544311523438e+01
8.803338623046875000e+01
7.433793640136718750e+01
4.954878234863281250e+01
7.273391723632812500e+01
4.583595275878906250e+01
8.419395446777343750e+01
9.975869750976562500e+01
5.250628662109375000e+01
9.828359985351562500e+01
5.881746673583984375e+01
7.673041534423828125e+01
5.844941711425781250e+01
8.820461273193359375e+01
3.512486267089843750e+01
1.210993499755859375e+02
3.449969482421875000e+01
1.385648345947265625e+02
4.299514007568359375e+01
5.542561340332031250e+01
3.313648223876953125e+01
5.452818679809570312e+01
4.481816864013671875e+01
3.412951278686523438e+01
6.939585876464843750e+01
4.221584320068359375e+01
6.221118927001953125e+01
4.968852233886718750e+01
3.000000000000000000e+01
1.434931335449218750e+02
3.922701263427734375e+01
4.757307434082031250e+01
3.324256134033203125e+01
3.000000000000000000e+01
5.798462677001953125e+01
7.590550231933593750e+01
3.571836090087890625e+01
4.621113586425781250e+01
6.721858978271484375e+01
5.171907806396484375e+01
7.019535827636718750e+01
6.382271575927734375e+01
5.693947219848632812e+01
5.480966949462890625e+01
3.910900878906250000e+01
3.000000000000000000e+01
4.392598724365234375e+01
8.385829162597656250e+01
5.366455841064453125e+01
4.919166564941406250e+01
4.617148590087890625e+01
7.150447082519531250e+01
5.587308502197265625e+01
3.870419311523437500e+01
4.671572113037109375e+01
4.111566162109375000e+01
4.439926147460937500e+01
7.465110015869140625e+01
1.436140441894531250e+02
4.940139007568359375e+01
4.757919311523437500e+01
1.267194595336914062e+02
7.500888061523437500e+01
3.000000000000000000e+01
6.224982833862304688e+01
3.978104400634765625e+01
6.210285186767578125e+01
5.937026977539062500e+01
1.300792083740234375e+02
3.592149353027343750e+01
5.017441940307617188e+01
9.599887847900390625e+01
4.461547088623046875e+01
4.636437606811523438e+01
3.567820739746093750e+01
4.852402114868164062e+01
4.525469207763671875e+01
6.059331893920898438e+01
4.254733657836914062e+01
4.207326889038085938e+01
3.619203948974609375e+01
6.868532562255859375e+01
8.453385925292968750e+01
3.934996032714843750e+01
3.912193298339843750e+01
3.540012359619140625e+01
6.044684600830078125e+01
1.092099456787109375e+02
5.990602111816406250e+01
1.218357467651367188e+02
3.686009597778320312e+01
5.290315246582031250e+01
5.992980957031250000e+01
3.712711334228515625e+01
4.172557830810546875e+01
6.365955352783203125e+01
4.631018066406250000e+01
4.488463973999023438e+01
6.862358856201171875e+01
5.245269393920898438e+01
4.438464355468750000e+01
1.294011993408203125e+02
1.032892761230468750e+02
6.940171813964843750e+01
9.358731079101562500e+01
3.772373580932617188e+01
3.813363647460937500e+01
1.229587860107421875e+02
1.633068237304687500e+02
5.262407684326171875e+01
6.052670288085937500e+01
4.366094970703125000e+01
4.514430236816406250e+01
8.870378875732421875e+01
4.339899063110351562e+01
6.297458267211914062e+01
4.394741058349609375e+01
3.997618103027343750e+01
4.189490509033203125e+01
1.478205718994140625e+02
6.604664611816406250e+01
5.283098983764648438e+01
4.861876678466796875e+01
4.398968124389648438e+01
1.138402862548828125e+02
5.225785827636718750e+01
1.531355438232421875e+02
7.263652801513671875e+01
7.359429931640625000e+01
6.527157592773437500e+01
5.774591064453125000e+01
5.290443420410156250e+01
6.940171813964843750e+01
6.633953094482421875e+01
1.666723175048828125e+02
3.751956939697265625e+01
6.892179107666015625e+01
7.787785339355468750e+01
9.350420379638671875e+01
1.023274688720703125e+02
7.599794769287109375e+01
6.855442047119140625e+01
6.270289611816406250e+01
4.492092514038085938e+01
7.268870544433593750e+01
3.610469436645507812e+01
3.000000000000000000e+01
6.290643310546875000e+01
4.476156234741210938e+01
3.778315353393554688e+01
4.018337249755859375e+01
3.140578651428222656e+01
3.000000000000000000e+01
8.921113586425781250e+01
4.658422088623046875e+01
3.000000000000000000e+01
5.538175201416015625e+01
5.164546966552734375e+01
5.288317108154296875e+01
5.616189956665039062e+01
5.240470123291015625e+01
3.111247634887695312e+01
3.984245300292968750e+01
8.379111480712890625e+01
6.597351074218750000e+01
4.050579071044921875e+01
7.198521423339843750e+01
7.152275848388671875e+01
6.651586914062500000e+01
1.215188140869140625e+02
1.390298767089843750e+02
3.000000000000000000e+01
9.912263488769531250e+01
1.043036804199218750e+02
1.017502593994140625e+02
4.261754608154296875e+01
3.529051208496093750e+01
1.262968673706054688e+02
5.591608047485351562e+01
7.668862152099609375e+01
4.056341171264648438e+01
4.901479721069335938e+01
4.409617233276367188e+01
5.092221832275390625e+01
3.779078674316406250e+01
3.934727478027343750e+01
3.906931304931640625e+01
3.396277999877929688e+01
9.545547485351562500e+01
3.042317962646484375e+01
6.991659545898437500e+01
4.791512298583984375e+01
5.683718872070312500e+01
4.453071975708007812e+01
4.630395889282226562e+01
4.883491516113281250e+01
6.670950317382812500e+01
5.283726119995117188e+01
5.052043151855468750e+01
3.189396095275878906e+01
5.893861389160156250e+01
8.039208221435546875e+01
4.222766113281250000e+01
6.651586914062500000e+01
4.865570068359375000e+01
5.053556823730468750e+01
1.632700500488281250e+02
4.040539550781250000e+01
4.062828826904296875e+01
1.185913543701171875e+02
1.574768066406250000e+02
1.709869079589843750e+02
3.840988922119140625e+01
8.535535430908203125e+01
3.000000000000000000e+01
9.496927642822265625e+01
6.152193450927734375e+01
3.628691101074218750e+01
1.401865539550781250e+02
5.837479400634765625e+01
6.100518035888671875e+01
1.242480010986328125e+02
5.910136032104492188e+01
6.872257232666015625e+01
1.022239227294921875e+02
3.817515945434570312e+01
8.274099731445312500e+01
1.099015655517578125e+02
3.000000000000000000e+01
6.116471099853515625e+01
5.851681900024414062e+01
4.796109771728515625e+01
1.001770172119140625e+02
1.363445129394531250e+02
4.248379898071289062e+01
1.280951080322265625e+02
9.295242309570312500e+01
7.177290344238281250e+01
7.683561706542968750e+01
8.121385192871093750e+01
3.000000000000000000e+01
3.863534164428710938e+01
3.000000000000000000e+01
4.879684066772460938e+01
6.243479919433593750e+01
1.032892684936523438e+02
4.990279769897460938e+01
4.793902587890625000e+01
4.552046966552734375e+01
2.728859252929687500e+02
3.931904220581054688e+01
4.235538482666015625e+01
3.237939453125000000e+01
3.000000000000000000e+01
4.044925689697265625e+01
5.661454010009765625e+01
8.064274597167968750e+01
9.358863830566406250e+01
5.450379180908203125e+01
4.468702697753906250e+01
5.562369537353515625e+01
4.024708175659179688e+01
1.291015625000000000e+02
3.964363098144531250e+01
4.254582595825195312e+01
6.042759323120117188e+01
4.607011413574218750e+01
5.983374023437500000e+01
5.935887908935546875e+01
1.355168609619140625e+02
7.816153717041015625e+01
9.390306091308593750e+01
4.528987884521484375e+01
3.946399688720703125e+01
7.417099761962890625e+01
3.000000000000000000e+01
6.898637390136718750e+01
7.188658905029296875e+01
3.000000000000000000e+01
3.610496902465820312e+01
1.001747131347656250e+02
3.000000000000000000e+01
4.268925476074218750e+01
1.228138504028320312e+02
5.703696441650390625e+01
5.348021697998046875e+01
7.064264678955078125e+01
4.037467193603515625e+01
6.735106658935546875e+01
8.987168884277343750e+01
5.270494842529296875e+01
6.991659545898437500e+01
2.065401611328125000e+02
5.092221832275390625e+01
1.245274658203125000e+02
3.988417053222656250e+01
5.005949401855468750e+01
9.579623413085937500e+01
7.095566558837890625e+01
5.794614410400390625e+01
6.751032257080078125e+01
3.000000000000000000e+01
6.376330947875976562e+01
5.342744445800781250e+01
6.635121154785156250e+01
4.128235626220703125e+01
5.065771102905273438e+01
6.526396179199218750e+01
9.062545776367187500e+01
8.807600402832031250e+01
5.806177520751953125e+01
5.844941711425781250e+01
5.039138031005859375e+01
5.565510177612304688e+01
7.085690307617187500e+01
3.488907623291015625e+01
1.032420349121093750e+02
9.488990783691406250e+01
3.523046493530273438e+01
8.615741729736328125e+01
7.538018798828125000e+01
4.818400955200195312e+01
4.419192123413085938e+01
4.797736740112304688e+01
4.648092651367187500e+01
1.941876525878906250e+02
3.000000000000000000e+01
5.155899429321289062e+01
5.344328689575195312e+01
3.978879547119140625e+01
9.699387359619140625e+01
4.097004699707031250e+01
4.806248474121093750e+01
1.404591522216796875e+02
6.597351074218750000e+01
8.631799316406250000e+01
4.920584106445312500e+01
5.119096374511718750e+01
6.698934936523437500e+01
8.693413543701171875e+01
8.915202331542968750e+01
8.782731628417968750e+01
5.814720153808593750e+01
4.050306701660156250e+01
7.232458496093750000e+01
8.854907989501953125e+01
4.386704254150390625e+01
4.636437606811523438e+01
7.749639892578125000e+01
8.753121948242187500e+01
6.021639251708984375e+01
5.349962997436523438e+01
4.930744934082031250e+01
3.000000000000000000e+01
3.844514465332031250e+01
3.531802368164062500e+01
3.000000000000000000e+01
3.717469024658203125e+01
3.033852386474609375e+01
5.084411239624023438e+01
5.010726165771484375e+01
4.601191711425781250e+01
7.500832366943359375e+01
6.026282501220703125e+01
4.650664138793945312e+01
3.950678634643554688e+01
4.957953262329101562e+01
6.035352706909179688e+01
3.000000000000000000e+01
3.419488525390625000e+01
6.868911743164062500e+01
4.126794052124023438e+01
5.900569152832031250e+01
3.514652633666992188e+01
5.101247024536132812e+01
3.000000000000000000e+01
4.768675994873046875e+01
1.144927291870117188e+02
5.537316131591796875e+01
3.748200988769531250e+01
5.799322891235351562e+01
4.254582595825195312e+01
7.354640960693359375e+01
3.620981597900390625e+01
4.982755279541015625e+01
1.201341857910156250e+02
4.791569519042968750e+01
1.086382598876953125e+02
1.196806640625000000e+02
4.023949432373046875e+01
3.448490142822265625e+01
8.634305572509765625e+01
3.719179534912109375e+01
5.796864700317382812e+01
4.861876678466796875e+01
1.421084594726562500e+02
4.562651824951171875e+01
6.673579406738281250e+01
5.790457916259765625e+01
3.000000000000000000e+01
5.542533111572265625e+01
1.121125869750976562e+02
4.654064178466796875e+01
5.934263229370117188e+01
6.361882019042968750e+01
4.226850128173828125e+01
3.000000000000000000e+01
5.008798980712890625e+01
4.613707733154296875e+01
4.523754119873046875e+01
3.895925903320312500e+01
3.835960769653320312e+01
4.229241180419921875e+01
4.706173706054687500e+01
4.562294769287109375e+01
4.530782699584960938e+01
5.529074859619140625e+01
5.500108337402343750e+01
7.379644775390625000e+01
1.300792083740234375e+02
5.999472045898437500e+01
1.099828491210937500e+02
7.998606872558593750e+01
1.150566558837890625e+02
3.656544876098632812e+01
5.842957687377929688e+01
4.788006591796875000e+01
3.202154541015625000e+01
6.903866577148437500e+01
7.458113098144531250e+01
7.741323089599609375e+01
8.307748413085937500e+01
4.255770111083984375e+01
4.862216949462890625e+01
6.006075286865234375e+01
9.043821716308593750e+01
4.454127502441406250e+01
5.761590194702148438e+01
4.668749237060546875e+01
3.638104629516601562e+01
9.927157592773437500e+01
3.992987442016601562e+01
4.725085449218750000e+01
4.117658996582031250e+01
4.695734405517578125e+01
7.047366333007812500e+01
8.282907867431640625e+01
4.072032165527343750e+01
3.114054489135742188e+01
3.745018386840820312e+01
9.358863830566406250e+01
5.014739227294921875e+01
3.228781509399414062e+01
5.553467941284179688e+01
5.655776596069335938e+01
4.880724334716796875e+01
5.547825622558593750e+01
5.347743225097656250e+01
6.134744262695312500e+01
3.654606628417968750e+01
5.945800399780273438e+01
6.575399780273437500e+01
8.274044799804687500e+01
7.809989166259765625e+01
4.583373260498046875e+01
3.787913513183593750e+01
7.023033142089843750e+01
7.098313140869140625e+01
5.196746826171875000e+01
5.931259918212890625e+01
6.210562896728515625e+01
3.667304992675781250e+01
6.384739685058593750e+01
3.947290802001953125e+01
3.000000000000000000e+01
4.515360260009765625e+01
7.088709259033203125e+01
6.526396179199218750e+01
5.402680587768554688e+01
5.314679718017578125e+01
3.567650222778320312e+01
7.276930236816406250e+01
1.056598587036132812e+02
6.589404296875000000e+01
3.796785736083984375e+01
1.150566558837890625e+02
3.840988922119140625e+01
6.070159912109375000e+01
8.753121948242187500e+01
3.733406066894531250e+01
3.609936141967773438e+01
7.086724853515625000e+01
3.000000000000000000e+01
4.210113525390625000e+01
2.353750000000000000e+02
4.744393920898437500e+01
3.220539093017578125e+01
3.815038299560546875e+01
1.248839569091796875e+02
4.650210571289062500e+01
5.477183532714843750e+01
1.058181610107421875e+02
4.971319580078125000e+01
1.336338653564453125e+02
8.036180114746093750e+01
8.756219482421875000e+01
3.884379959106445312e+01
3.810278701782226562e+01
6.095974731445312500e+01
7.160482788085937500e+01
6.459160614013671875e+01
5.283726119995117188e+01
4.944494628906250000e+01
3.316502380371093750e+01
4.552381134033203125e+01
6.193722915649414062e+01
5.585022735595703125e+01
4.043020629882812500e+01
7.214666748046875000e+01
7.327978515625000000e+01
4.271989822387695312e+01
3.126430511474609375e+01
5.458470535278320312e+01
3.000000000000000000e+01
4.873294830322265625e+01
1.142773513793945312e+02
4.932080841064453125e+01
7.171612548828125000e+01
5.177146148681640625e+01
3.989739990234375000e+01
3.555345535278320312e+01
8.803338623046875000e+01
6.585272979736328125e+01
8.042894744873046875e+01
1.084716339111328125e+02
5.356740188598632812e+01
4.353498840332031250e+01
3.743680572509765625e+01
5.146585845947265625e+01
5.041923904418945312e+01
6.551116943359375000e+01
1.941876525878906250e+02
5.170780563354492188e+01
5.784204101562500000e+01
5.424765396118164062e+01
6.537487792968750000e+01
4.496442031860351562e+01
5.280172729492187500e+01
5.349709701538085938e+01
7.142875671386718750e+01
1.162339935302734375e+02
3.263904571533203125e+01
3.000000000000000000e+01
6.067221069335937500e+01
9.962487792968750000e+01
6.911370849609375000e+01
1.086382598876953125e+02
3.346411132812500000e+01
4.877500915527343750e+01
5.373773574829101562e+01
7.760890197753906250e+01
1.699073181152343750e+02
7.012159729003906250e+01
5.632018661499023438e+01
5.630452728271484375e+01
3.000000000000000000e+01
3.217204284667968750e+01
8.775746154785156250e+01
3.824232864379882812e+01
3.562963104248046875e+01
5.408558654785156250e+01
8.110510253906250000e+01
5.061549758911132812e+01
1.015677413940429688e+02
3.781739425659179688e+01
4.505284881591796875e+01
5.591608047485351562e+01
8.129640197753906250e+01
5.396292877197265625e+01
4.654507446289062500e+01
4.587733459472656250e+01
4.094661331176757812e+01
3.850102996826171875e+01
3.964363098144531250e+01
4.368186187744140625e+01
6.496159362792968750e+01
5.703696441650390625e+01
4.939994812011718750e+01
3.000000000000000000e+01
4.531925201416015625e+01
4.235538482666015625e+01
3.408586120605468750e+01
1.233354187011718750e+02
3.000000000000000000e+01
5.664981460571289062e+01
1.008383636474609375e+02
4.125814056396484375e+01
3.000000000000000000e+01
3.896438598632812500e+01
5.542561340332031250e+01
6.179441833496093750e+01
5.783013153076171875e+01
5.525801467895507812e+01
6.066101837158203125e+01
7.463394927978515625e+01
6.100534820556640625e+01
4.125792694091796875e+01
6.950784301757812500e+01
3.478461074829101562e+01
6.698934936523437500e+01
5.592496109008789062e+01
3.241942214965820312e+01
3.582873916625976562e+01
5.714990615844726562e+01
5.218980407714843750e+01
4.730313110351562500e+01
5.288317108154296875e+01
5.458882904052734375e+01
5.221323394775390625e+01
6.829450225830078125e+01
7.687095642089843750e+01
4.963044738769531250e+01
8.402520751953125000e+01
4.267609786987304688e+01
5.245269393920898438e+01
4.034734344482421875e+01
6.686296844482421875e+01
7.279942321777343750e+01
5.887292861938476562e+01
8.832894897460937500e+01
3.898832702636718750e+01
8.794014739990234375e+01
5.295481109619140625e+01
5.622208023071289062e+01
9.618894958496093750e+01
1.320148010253906250e+02
1.340509338378906250e+02
3.627120971679687500e+01
3.000000000000000000e+01
4.596275329589843750e+01
5.029972076416015625e+01
8.807600402832031250e+01
8.025087738037109375e+01
5.899420166015625000e+01
1.007678222656250000e+02
5.458470535278320312e+01
4.862135314941406250e+01
3.000000000000000000e+01
6.052863311767578125e+01
6.253454589843750000e+01
3.752287292480468750e+01
4.341086959838867188e+01
9.327069091796875000e+01
6.060559082031250000e+01
4.606101226806640625e+01
8.370515441894531250e+01
3.507521820068359375e+01
4.146036529541015625e+01
5.480352401733398438e+01
4.666921997070312500e+01
5.593746185302734375e+01
4.654507446289062500e+01
1.881702270507812500e+02
6.102531433105468750e+01
4.728494262695312500e+01
3.943367004394531250e+01
5.303421401977539062e+01
1.301132049560546875e+02
3.949080657958984375e+01
4.528402709960937500e+01
6.543348693847656250e+01
4.043020629882812500e+01
7.247813415527343750e+01
4.748609161376953125e+01
5.966857147216796875e+01
5.467619323730468750e+01
3.656184005737304688e+01
3.000000000000000000e+01
3.318719100952148438e+01
5.041738128662109375e+01
4.606256866455078125e+01
2.124290313720703125e+02
3.627541732788085938e+01
4.688677978515625000e+01
6.652595520019531250e+01
5.601400375366210938e+01
4.464942169189453125e+01
3.563676071166992188e+01
3.730943298339843750e+01
5.140343856811523438e+01
3.000000000000000000e+01
5.443381881713867188e+01
6.825984954833984375e+01
3.703543853759765625e+01
4.651273727416992188e+01
3.566917037963867188e+01
4.023949432373046875e+01
4.403176879882812500e+01
3.142878341674804688e+01
5.360854339599609375e+01
7.410803222656250000e+01
3.431991577148437500e+01
4.709001159667968750e+01
5.538175201416015625e+01
7.650619506835937500e+01
4.923750686645507812e+01
1.031446075439453125e+02
3.000000000000000000e+01
8.782731628417968750e+01
8.596935272216796875e+01
4.418170928955078125e+01
9.618894958496093750e+01
3.377402496337890625e+01
5.080991363525390625e+01
4.321432495117187500e+01
4.355633544921875000e+01
1.244662322998046875e+02
5.215867614746093750e+01
4.319493865966796875e+01
7.644649505615234375e+01
3.806633377075195312e+01
1.056915893554687500e+02
6.992643737792968750e+01
4.384177780151367188e+01
5.308414077758789062e+01
6.934286499023437500e+01
8.712592315673828125e+01
7.341752624511718750e+01
6.674819946289062500e+01
3.630873107910156250e+01
3.539629364013671875e+01
4.750914382934570312e+01
7.094050598144531250e+01
1.059376068115234375e+02
7.419927978515625000e+01
1.275507965087890625e+02
5.934956359863281250e+01
3.987411880493164062e+01
5.283835601806640625e+01
3.000000000000000000e+01
5.351443481445312500e+01
3.000000000000000000e+01
3.000000000000000000e+01
7.879161071777343750e+01
1.239131927490234375e+02
4.208520507812500000e+01
3.430338668823242188e+01
4.632342147827148438e+01
6.463545227050781250e+01
3.779602050781250000e+01
5.152131652832031250e+01
6.551116943359375000e+01
4.426352691650390625e+01
7.613799285888671875e+01
3.217204284667968750e+01
5.792594909667968750e+01
5.895195770263671875e+01
3.091793441772460938e+01
3.695648574829101562e+01
5.622762680053710938e+01
3.919964599609375000e+01
6.192708587646484375e+01
8.573691558837890625e+01
5.171992874145507812e+01
9.358731079101562500e+01
5.580497360229492188e+01
3.319045639038085938e+01
4.448696136474609375e+01
4.030176162719726562e+01
3.882341003417968750e+01
3.755139541625976562e+01
3.536056900024414062e+01
4.024647903442382812e+01
8.561740112304687500e+01
4.468702316284179688e+01
3.403976440429687500e+01
9.062545013427734375e+01
6.779346466064453125e+01
4.529517364501953125e+01
6.446561431884765625e+01
8.352848815917968750e+01
4.601191711425781250e+01
4.979145050048828125e+01
1.037516555786132812e+02
4.136983871459960938e+01
7.219402313232421875e+01
4.579348373413085938e+01
3.000000000000000000e+01
5.996541595458984375e+01
4.285965728759765625e+01
4.427899551391601562e+01
4.542729568481445312e+01
4.825842285156250000e+01
5.167214965820312500e+01
4.033651351928710938e+01
5.837479782104492188e+01
3.000000000000000000e+01
3.661355209350585938e+01
7.268044281005859375e+01
8.827393341064453125e+01
3.916287231445312500e+01
1.081419219970703125e+02
4.798950195312500000e+01
3.363402557373046875e+01
9.436857604980468750e+01
1.005980224609375000e+02
4.002204895019531250e+01
5.852355194091796875e+01
5.394156646728515625e+01
4.326952362060546875e+01
3.187493515014648438e+01
8.275163269042968750e+01
4.066942596435546875e+01
4.914557647705078125e+01
4.920584106445312500e+01
5.366299057006835938e+01
6.206596374511718750e+01
3.285076141357421875e+01
6.372354888916015625e+01
5.594207000732421875e+01
4.953935241699218750e+01
6.966477966308593750e+01
7.021881103515625000e+01
4.173237609863281250e+01
5.138199615478515625e+01
3.082702064514160156e+01
5.748514175415039062e+01
6.450868988037109375e+01
7.841871643066406250e+01
5.966857147216796875e+01
5.145580291748046875e+01
6.821088409423828125e+01
6.372354888916015625e+01
3.451790618896484375e+01
4.773656463623046875e+01
3.749896621704101562e+01
4.404539489746093750e+01
6.419834136962890625e+01
6.445729827880859375e+01
3.312656402587890625e+01
6.604664611816406250e+01
5.059308242797851562e+01
5.942429351806640625e+01
3.000000000000000000e+01
5.871822357177734375e+01
3.861465072631835938e+01
5.330778884887695312e+01
7.222406005859375000e+01
3.937573623657226562e+01
5.642366409301757812e+01
3.429397201538085938e+01
7.227932739257812500e+01
5.257050323486328125e+01
4.184250259399414062e+01
3.682688903808593750e+01
4.129293441772460938e+01
8.488702392578125000e+01
7.376382446289062500e+01
3.007802581787109375e+01
4.582912445068359375e+01
5.990329742431640625e+01
5.653448104858398438e+01
4.757919311523437500e+01
3.229339599609375000e+01
6.424245452880859375e+01
3.891396713256835938e+01
3.838134765625000000e+01
4.763146209716796875e+01
4.328660583496093750e+01
6.392369842529296875e+01
3.000000000000000000e+01
9.579623413085937500e+01
6.095391464233398438e+01
5.017441940307617188e+01
3.786362075805664062e+01
5.061910247802734375e+01
4.264560699462890625e+01
5.079313659667968750e+01
3.000000000000000000e+01
4.247824478149414062e+01
3.958200836181640625e+01
5.187783813476562500e+01
5.578491592407226562e+01
5.759612655639648438e+01
7.057249450683593750e+01
5.236904907226562500e+01
5.347037506103515625e+01
4.632263183593750000e+01
3.000000000000000000e+01
3.000000000000000000e+01
5.061909866333007812e+01
8.832894897460937500e+01
5.066503906250000000e+01
4.245986175537109375e+01
3.000000000000000000e+01
6.695396423339843750e+01
5.207196044921875000e+01
9.051649475097656250e+01
3.797975921630859375e+01
3.137298011779785156e+01
6.477131652832031250e+01
3.108071136474609375e+01
4.985866928100585938e+01
3.482551574707031250e+01
4.734992980957031250e+01
3.000000000000000000e+01
3.000000000000000000e+01
3.811377716064453125e+01
4.117745971679687500e+01
7.063444519042968750e+01
4.253063201904296875e+01
7.841871643066406250e+01
5.587910461425781250e+01
4.057112121582031250e+01
3.870922088623046875e+01
4.031308364868164062e+01
3.232034683227539062e+01
3.886404800415039062e+01
6.231810379028320312e+01
8.064274597167968750e+01
4.982755279541015625e+01
4.604198074340820312e+01
4.763636016845703125e+01
8.272769165039062500e+01
5.296814727783203125e+01
5.112863922119140625e+01
3.026317977905273438e+01
3.000000000000000000e+01
3.442379760742187500e+01
3.241942214965820312e+01
6.575599670410156250e+01
3.215190505981445312e+01
4.361185836791992188e+01
4.293855285644531250e+01
3.219899368286132812e+01
3.910128021240234375e+01
4.907405853271484375e+01
3.809411239624023438e+01
6.481655120849609375e+01
3.967667770385742188e+01
7.395033264160156250e+01
5.587910461425781250e+01
6.970663452148437500e+01
3.000000000000000000e+01
3.380873107910156250e+01
3.474355697631835938e+01
3.000000000000000000e+01
4.353699493408203125e+01
7.264635467529296875e+01
3.380857086181640625e+01
5.202783203125000000e+01
4.965835571289062500e+01
3.448490142822265625e+01
5.337796783447265625e+01
5.450379180908203125e+01
3.790056228637695312e+01
4.242646789550781250e+01
6.629244995117187500e+01
4.593838500976562500e+01
6.934286499023437500e+01
8.314615631103515625e+01
3.000000000000000000e+01
6.486646270751953125e+01
4.948738861083984375e+01
5.794614410400390625e+01
5.045852661132812500e+01
4.800800323486328125e+01
6.365955352783203125e+01
5.935887908935546875e+01
3.619845199584960938e+01
6.921007537841796875e+01
7.149188995361328125e+01
3.611145401000976562e+01
8.667787170410156250e+01
4.239424133300781250e+01
3.000000000000000000e+01
4.048050689697265625e+01
4.206449508666992188e+01
3.000000000000000000e+01
5.487301635742187500e+01
5.820252227783203125e+01
4.688677978515625000e+01
4.762747573852539062e+01
4.230429458618164062e+01
3.885822296142578125e+01
4.272513580322265625e+01
7.424440002441406250e+01
3.374701690673828125e+01
4.679192733764648438e+01
5.592500305175781250e+01
5.288589859008789062e+01
4.720466995239257812e+01
4.566626739501953125e+01
3.682688903808593750e+01
3.000000000000000000e+01
3.619458770751953125e+01
3.534199905395507812e+01
3.775496292114257812e+01
3.757955551147460938e+01
4.188137054443359375e+01
6.067220687866210938e+01
3.289706039428710938e+01
4.523754119873046875e+01
4.607997131347656250e+01
7.857867431640625000e+01
4.452196884155273438e+01
6.514035034179687500e+01
1.054200973510742188e+02
5.095073699951171875e+01
4.757307434082031250e+01
3.797479629516601562e+01
4.118351745605468750e+01
3.505656814575195312e+01
4.606482696533203125e+01
5.645545578002929688e+01
1.084716339111328125e+02
3.921501159667968750e+01
3.887306976318359375e+01
4.824636077880859375e+01
4.802499389648437500e+01
4.035837173461914062e+01
5.542533111572265625e+01
4.666921997070312500e+01
5.612085342407226562e+01
3.000000000000000000e+01
6.066861724853515625e+01
3.857414245605468750e+01
4.733229827880859375e+01
6.384739685058593750e+01
4.693395233154296875e+01
4.728592681884765625e+01
4.988883972167968750e+01
3.244579315185546875e+01
6.114686584472656250e+01
5.104363632202148438e+01
4.525999450683593750e+01
6.911370849609375000e+01
4.222024536132812500e+01
4.191842651367187500e+01
4.496442413330078125e+01
4.839631652832031250e+01
3.000000000000000000e+01
6.134737396240234375e+01
3.674650192260742188e+01
5.270928955078125000e+01
3.614717102050781250e+01
5.047498321533203125e+01
6.715798950195312500e+01
5.322763824462890625e+01
5.246930694580078125e+01
4.479109191894531250e+01
4.543059158325195312e+01
5.137490081787109375e+01
6.283030319213867188e+01
3.656544876098632812e+01
4.070577239990234375e+01
5.114794158935546875e+01
5.594325256347656250e+01
4.731362915039062500e+01
6.251350402832031250e+01
3.301821136474609375e+01
6.146071624755859375e+01
3.707047653198242188e+01
9.825608825683593750e+01
8.415385437011718750e+01
4.542364120483398438e+01
5.571183013916015625e+01
3.000000000000000000e+01
7.179579162597656250e+01
4.545538330078125000e+01
3.590005111694335938e+01
8.180182647705078125e+01
3.910847854614257812e+01
4.258457565307617188e+01
5.255767059326171875e+01
9.736521911621093750e+01
4.026500320434570312e+01
3.433949279785156250e+01
3.000000000000000000e+01
4.875152587890625000e+01
4.071222686767578125e+01
3.576536178588867188e+01
4.855938339233398438e+01
8.574427795410156250e+01
5.091955566406250000e+01
5.199257278442382812e+01
3.719345855712890625e+01
5.623690795898437500e+01
3.769065093994140625e+01
3.412559127807617188e+01
5.924888229370117188e+01
1.031446075439453125e+02
5.585962677001953125e+01
7.471475219726562500e+01
6.655113220214843750e+01
7.057181549072265625e+01
6.390121459960937500e+01
3.000000000000000000e+01
3.762232971191406250e+01
5.595309066772460938e+01
4.162289810180664062e+01
3.724528503417968750e+01
4.166260528564453125e+01
3.521485137939453125e+01
4.254331207275390625e+01
3.294016647338867188e+01
3.591977310180664062e+01
4.546627426147460938e+01
7.013843536376953125e+01
4.814356994628906250e+01
3.000000000000000000e+01
4.773634719848632812e+01
3.139021682739257812e+01
3.500489044189453125e+01
4.625509262084960938e+01
7.433793640136718750e+01
4.839382171630859375e+01
4.837809371948242188e+01
3.000000000000000000e+01
7.232458496093750000e+01
4.654115676879882812e+01
3.000000000000000000e+01
8.488702392578125000e+01
3.521889114379882812e+01
1.072195434570312500e+02
3.503481674194335938e+01
7.301749420166015625e+01
6.087036514282226562e+01
4.482576751708984375e+01
3.000000000000000000e+01
3.640040588378906250e+01
5.202291870117187500e+01
3.946399688720703125e+01
5.399999237060546875e+01
3.976541900634765625e+01
3.000000000000000000e+01
4.262419128417968750e+01
7.247813415527343750e+01
6.870217895507812500e+01
7.152275848388671875e+01
3.806702423095703125e+01
3.327108383178710938e+01
5.518289184570312500e+01
4.254331207275390625e+01
5.520182418823242188e+01
4.690335083007812500e+01
5.963352203369140625e+01
4.819415664672851562e+01
4.924392700195312500e+01
3.689322280883789062e+01
4.168239212036132812e+01
3.000000000000000000e+01
7.692237854003906250e+01
4.058203125000000000e+01
3.948996734619140625e+01
3.171840095520019531e+01
4.330439376831054688e+01
4.633983612060546875e+01
3.000000000000000000e+01
5.053556823730468750e+01
4.799314880371093750e+01
3.000000000000000000e+01
5.480966949462890625e+01
7.644649505615234375e+01
3.000000000000000000e+01
5.726737213134765625e+01
5.108584213256835938e+01
4.142189788818359375e+01
3.833276367187500000e+01
5.064088439941406250e+01
3.361225891113281250e+01
3.939363861083984375e+01
3.981592178344726562e+01
5.058702468872070312e+01
3.386853027343750000e+01
3.645592880249023438e+01
3.765856170654296875e+01
3.927334594726562500e+01
3.293621063232421875e+01
3.000000000000000000e+01
3.782098770141601562e+01
5.350615692138671875e+01
4.869475936889648438e+01
9.736521911621093750e+01
4.217150878906250000e+01
3.261317062377929688e+01
3.041138267517089844e+01
8.286304473876953125e+01
3.000000000000000000e+01
4.450311660766601562e+01
7.692237854003906250e+01
4.750772476196289062e+01
4.027250671386718750e+01
4.271658325195312500e+01
5.084411239624023438e+01
1.107344970703125000e+02
8.862982177734375000e+01
5.878272247314453125e+01
7.288651275634765625e+01
3.000000000000000000e+01
3.882504272460937500e+01
6.397120666503906250e+01
3.671854019165039062e+01
5.303990554809570312e+01
5.715471649169921875e+01
3.923394012451171875e+01
3.398482131958007812e+01
5.566756057739257812e+01
3.519101715087890625e+01
5.362967681884765625e+01
6.435511779785156250e+01
4.780008316040039062e+01
3.302714538574218750e+01
3.796785736083984375e+01
4.948738861083984375e+01
3.075577926635742188e+01
3.894076919555664062e+01
7.401966857910156250e+01
3.920257949829101562e+01
3.727316284179687500e+01
7.692722320556640625e+01
4.926452636718750000e+01
4.214594650268554688e+01
3.762425994873046875e+01
4.437957763671875000e+01
3.881875610351562500e+01
3.611261749267578125e+01
3.140307426452636719e+01
4.540063476562500000e+01
7.676930236816406250e+01
6.568446350097656250e+01
5.691426849365234375e+01
3.086440849304199219e+01
3.922476959228515625e+01
3.861084747314453125e+01
3.000000000000000000e+01
5.944599151611328125e+01
5.112244415283203125e+01
3.979067611694335938e+01
3.000000000000000000e+01
3.895569992065429688e+01
3.802163696289062500e+01
3.050493049621582031e+01
5.240957641601562500e+01
4.619075393676757812e+01
3.921501159667968750e+01
5.593746185302734375e+01
4.409813308715820312e+01
4.125750732421875000e+01
5.084156036376953125e+01
3.000000000000000000e+01
7.656700134277343750e+01
4.519144821166992188e+01
3.644644546508789062e+01
4.396968078613281250e+01
7.650619506835937500e+01
4.325031280517578125e+01
3.507621002197265625e+01
3.000000000000000000e+01
3.218884277343750000e+01
5.065945053100585938e+01
4.386548995971679688e+01
4.249562835693359375e+01
3.956644058227539062e+01
3.000000000000000000e+01
3.360018157958984375e+01
3.327183914184570312e+01
4.741297912597656250e+01
4.228289794921875000e+01
6.319270324707031250e+01
4.500523376464843750e+01
6.128162002563476562e+01
4.399270629882812500e+01
3.929458618164062500e+01
5.127796936035156250e+01
3.535052108764648438e+01
5.641568756103515625e+01
3.703868484497070312e+01
3.052009391784667969e+01
4.440649414062500000e+01
4.720962142944335938e+01
3.538008117675781250e+01
3.644224548339843750e+01
3.069073867797851562e+01
3.141353607177734375e+01
3.665216445922851562e+01
3.827106857299804688e+01
4.400000000000000000e+01
6.200000000000000000e+01
3.700000000000000000e+01
3.200000000000000000e+01
1.040000000000000000e+02
4.600000000000000000e+01
3.600000000000000000e+01
9.200000000000000000e+01
7.500000000000000000e+01
1.530000000000000000e+02
3.900000000000000000e+01
9.000000000000000000e+01
4.200000000000000000e+01
7.600000000000000000e+01
3.600000000000000000e+01
6.100000000000000000e+01
6.300000000000000000e+01
3.300000000000000000e+01
3.300000000000000000e+01
2.180000000000000000e+02
4.200000000000000000e+01
1.350000000000000000e+02
4.800000000000000000e+01
3.600000000000000000e+01
4.900000000000000000e+01
6.400000000000000000e+01
3.400000000000000000e+01
6.300000000000000000e+01
2.020000000000000000e+02
5.700000000000000000e+01
9.100000000000000000e+01
6.500000000000000000e+01
3.900000000000000000e+01
1.200000000000000000e+02
6.900000000000000000e+01
3.900000000000000000e+01
8.100000000000000000e+01
6.200000000000000000e+01
4.300000000000000000e+01
4.100000000000000000e+01
3.500000000000000000e+01
3.200000000000000000e+01
4.500000000000000000e+01
1.180000000000000000e+02
5.000000000000000000e+01
3.400000000000000000e+01
3.900000000000000000e+01
7.000000000000000000e+01
2.580000000000000000e+02
3.200000000000000000e+01
4.300000000000000000e+01
3.100000000000000000e+01
1.010000000000000000e+02
4.200000000000000000e+01
1.300000000000000000e+02
3.500000000000000000e+01
6.500000000000000000e+01
4.500000000000000000e+01
6.100000000000000000e+01
2.010000000000000000e+02
3.200000000000000000e+01
1.050000000000000000e+02
4.000000000000000000e+01
9.600000000000000000e+01
1.260000000000000000e+02
6.400000000000000000e+01
5.300000000000000000e+01
3.100000000000000000e+01
4.900000000000000000e+01
7.400000000000000000e+01
5.100000000000000000e+01
7.000000000000000000e+01
2.020000000000000000e+02
3.200000000000000000e+01
7.400000000000000000e+01
3.200000000000000000e+01
5.100000000000000000e+01
5.600000000000000000e+01
3.500000000000000000e+01
6.100000000000000000e+01
4.500000000000000000e+01
3.800000000000000000e+01
6.400000000000000000e+01
1.820000000000000000e+02
9.900000000000000000e+01
6.500000000000000000e+01
3.700000000000000000e+01
5.300000000000000000e+01
7.800000000000000000e+01
6.300000000000000000e+01
5.700000000000000000e+01
4.300000000000000000e+01
4.900000000000000000e+01
5.800000000000000000e+01
8.900000000000000000e+01
8.400000000000000000e+01
8.700000000000000000e+01
4.500000000000000000e+01
7.500000000000000000e+01
3.900000000000000000e+01
1.180000000000000000e+02
4.700000000000000000e+01
1.370000000000000000e+02
3.700000000000000000e+01
3.900000000000000000e+01
1.380000000000000000e+02
3.900000000000000000e+01
5.600000000000000000e+01
3.800000000000000000e+01
3.500000000000000000e+01
4.000000000000000000e+01
3.100000000000000000e+01
8.400000000000000000e+01
1.400000000000000000e+02
4.600000000000000000e+01
4.800000000000000000e+01
1.690000000000000000e+02
6.000000000000000000e+01
1.030000000000000000e+02
7.300000000000000000e+01
4.900000000000000000e+01
1.710000000000000000e+02
3.500000000000000000e+01
4.200000000000000000e+01
3.800000000000000000e+01
5.400000000000000000e+01
8.400000000000000000e+01
4.700000000000000000e+01
3.700000000000000000e+01
7.100000000000000000e+01
3.000000000000000000e+01
1.010000000000000000e+02
6.600000000000000000e+01
3.100000000000000000e+01
7.800000000000000000e+01
3.000000000000000000e+01
9.600000000000000000e+01
3.200000000000000000e+01
3.100000000000000000e+01
1.330000000000000000e+02
3.800000000000000000e+01
1.030000000000000000e+02
8.900000000000000000e+01
3.500000000000000000e+01
7.500000000000000000e+01
9.100000000000000000e+01
8.200000000000000000e+01
5.500000000000000000e+01
3.100000000000000000e+01
7.100000000000000000e+01
6.200000000000000000e+01
6.900000000000000000e+01
6.500000000000000000e+01
1.160000000000000000e+02
4.600000000000000000e+01
1.020000000000000000e+02
3.600000000000000000e+01
1.400000000000000000e+02
3.000000000000000000e+01
8.900000000000000000e+01
4.300000000000000000e+01
7.600000000000000000e+01
3.700000000000000000e+01
3.400000000000000000e+01
9.800000000000000000e+01
3.000000000000000000e+01
4.600000000000000000e+01
7.700000000000000000e+01
3.500000000000000000e+01
1.240000000000000000e+02
3.000000000000000000e+01
3.600000000000000000e+01
3.000000000000000000e+01
3.100000000000000000e+01
7.600000000000000000e+01
5.600000000000000000e+01
4.400000000000000000e+01
6.700000000000000000e+01
1.300000000000000000e+02
4.100000000000000000e+01
1.180000000000000000e+02
6.100000000000000000e+01
4.600000000000000000e+01
3.300000000000000000e+01
3.300000000000000000e+01
3.100000000000000000e+01
3.800000000000000000e+01
7.600000000000000000e+01
4.500000000000000000e+01
3.300000000000000000e+01
7.000000000000000000e+01
6.800000000000000000e+01
6.200000000000000000e+01
4.000000000000000000e+01
8.100000000000000000e+01
3.000000000000000000e+01
5.500000000000000000e+01
7.500000000000000000e+01
1.290000000000000000e+02
7.100000000000000000e+01
5.800000000000000000e+01
1.480000000000000000e+02
1.250000000000000000e+02
5.800000000000000000e+01
4.100000000000000000e+01
4.400000000000000000e+01
4.000000000000000000e+01
8.000000000000000000e+01
1.040000000000000000e+02
4.700000000000000000e+01
4.500000000000000000e+01
5.400000000000000000e+01
3.500000000000000000e+01
3.800000000000000000e+01
3.400000000000000000e+01
5.100000000000000000e+01
6.800000000000000000e+01
8.500000000000000000e+01
3.300000000000000000e+01
3.500000000000000000e+01
3.100000000000000000e+01
6.300000000000000000e+01
1.440000000000000000e+02
4.000000000000000000e+01
4.900000000000000000e+01
3.300000000000000000e+01
9.700000000000000000e+01
1.470000000000000000e+02
4.400000000000000000e+01
9.900000000000000000e+01
3.700000000000000000e+01
7.300000000000000000e+01
8.500000000000000000e+01
3.000000000000000000e+01
3.100000000000000000e+01
7.200000000000000000e+01
3.000000000000000000e+01
4.600000000000000000e+01
8.700000000000000000e+01
5.900000000000000000e+01
3.600000000000000000e+01
1.110000000000000000e+02
2.290000000000000000e+02
5.600000000000000000e+01
1.070000000000000000e+02
3.100000000000000000e+01
4.400000000000000000e+01
1.170000000000000000e+02
1.870000000000000000e+02
4.400000000000000000e+01
6.400000000000000000e+01
3.600000000000000000e+01
4.000000000000000000e+01
6.200000000000000000e+01
4.200000000000000000e+01
5.700000000000000000e+01
5.200000000000000000e+01
5.800000000000000000e+01
3.900000000000000000e+01
2.500000000000000000e+02
8.900000000000000000e+01
9.200000000000000000e+01
6.600000000000000000e+01
3.400000000000000000e+01
1.050000000000000000e+02
4.700000000000000000e+01
2.160000000000000000e+02
4.700000000000000000e+01
6.600000000000000000e+01
3.600000000000000000e+01
5.500000000000000000e+01
5.000000000000000000e+01
6.600000000000000000e+01
5.200000000000000000e+01
2.210000000000000000e+02
3.300000000000000000e+01
9.300000000000000000e+01
1.070000000000000000e+02
1.380000000000000000e+02
1.000000000000000000e+02
5.600000000000000000e+01
5.900000000000000000e+01
6.600000000000000000e+01
4.000000000000000000e+01
8.800000000000000000e+01
4.700000000000000000e+01
3.000000000000000000e+01
4.000000000000000000e+01
3.800000000000000000e+01
4.600000000000000000e+01
4.400000000000000000e+01
3.400000000000000000e+01
3.800000000000000000e+01
1.140000000000000000e+02
4.100000000000000000e+01
3.200000000000000000e+01
3.200000000000000000e+01
4.100000000000000000e+01
5.500000000000000000e+01
4.300000000000000000e+01
9.300000000000000000e+01
3.700000000000000000e+01
4.600000000000000000e+01
8.200000000000000000e+01
1.610000000000000000e+02
3.300000000000000000e+01
1.110000000000000000e+02
1.070000000000000000e+02
7.200000000000000000e+01
1.360000000000000000e+02
1.660000000000000000e+02
3.200000000000000000e+01
1.340000000000000000e+02
7.900000000000000000e+01
9.500000000000000000e+01
5.300000000000000000e+01
5.600000000000000000e+01
1.650000000000000000e+02
5.800000000000000000e+01
7.400000000000000000e+01
5.800000000000000000e+01
5.600000000000000000e+01
7.500000000000000000e+01
3.100000000000000000e+01
3.000000000000000000e+01
3.400000000000000000e+01
3.200000000000000000e+01
4.100000000000000000e+01
1.910000000000000000e+02
3.200000000000000000e+01
1.110000000000000000e+02
3.300000000000000000e+01
3.100000000000000000e+01
7.800000000000000000e+01
5.100000000000000000e+01
5.300000000000000000e+01
1.240000000000000000e+02
3.700000000000000000e+01
3.100000000000000000e+01
3.900000000000000000e+01
6.300000000000000000e+01
9.600000000000000000e+01
3.300000000000000000e+01
9.600000000000000000e+01
5.000000000000000000e+01
4.600000000000000000e+01
1.380000000000000000e+02
3.200000000000000000e+01
4.700000000000000000e+01
8.900000000000000000e+01
2.130000000000000000e+02
2.020000000000000000e+02
3.100000000000000000e+01
1.660000000000000000e+02
3.900000000000000000e+01
1.460000000000000000e+02
6.000000000000000000e+01
4.700000000000000000e+01
1.450000000000000000e+02
8.200000000000000000e+01
4.300000000000000000e+01
1.850000000000000000e+02
4.300000000000000000e+01
6.200000000000000000e+01
1.260000000000000000e+02
4.000000000000000000e+01
1.090000000000000000e+02
1.070000000000000000e+02
3.000000000000000000e+01
4.000000000000000000e+01
4.200000000000000000e+01
4.800000000000000000e+01
1.590000000000000000e+02
1.710000000000000000e+02
3.100000000000000000e+01
2.620000000000000000e+02
1.060000000000000000e+02
7.100000000000000000e+01
6.500000000000000000e+01
8.600000000000000000e+01
3.400000000000000000e+01
3.500000000000000000e+01
3.200000000000000000e+01
3.700000000000000000e+01
1.120000000000000000e+02
1.720000000000000000e+02
6.400000000000000000e+01
4.500000000000000000e+01
5.200000000000000000e+01
2.640000000000000000e+02
5.600000000000000000e+01
3.800000000000000000e+01
3.100000000000000000e+01
3.100000000000000000e+01
5.600000000000000000e+01
6.600000000000000000e+01
7.900000000000000000e+01
1.270000000000000000e+02
6.200000000000000000e+01
5.100000000000000000e+01
4.000000000000000000e+01
4.300000000000000000e+01
2.270000000000000000e+02
3.800000000000000000e+01
4.200000000000000000e+01
1.070000000000000000e+02
3.300000000000000000e+01
5.400000000000000000e+01
3.100000000000000000e+01
2.070000000000000000e+02
7.800000000000000000e+01
7.700000000000000000e+01
5.000000000000000000e+01
6.300000000000000000e+01
6.400000000000000000e+01
3.300000000000000000e+01
6.000000000000000000e+01
9.500000000000000000e+01
3.200000000000000000e+01
3.600000000000000000e+01
1.040000000000000000e+02
3.500000000000000000e+01
3.600000000000000000e+01
1.140000000000000000e+02
4.200000000000000000e+01
4.600000000000000000e+01
7.200000000000000000e+01
3.900000000000000000e+01
5.200000000000000000e+01
9.500000000000000000e+01
3.900000000000000000e+01
7.100000000000000000e+01
2.430000000000000000e+02
3.100000000000000000e+01
1.400000000000000000e+02
5.000000000000000000e+01
3.100000000000000000e+01
1.000000000000000000e+02
6.800000000000000000e+01
3.900000000000000000e+01
6.500000000000000000e+01
4.600000000000000000e+01
9.300000000000000000e+01
8.100000000000000000e+01
1.610000000000000000e+02
3.600000000000000000e+01
8.200000000000000000e+01
7.400000000000000000e+01
1.870000000000000000e+02
1.090000000000000000e+02
7.400000000000000000e+01
7.800000000000000000e+01
5.800000000000000000e+01
4.600000000000000000e+01
1.040000000000000000e+02
4.700000000000000000e+01
1.730000000000000000e+02
1.150000000000000000e+02
3.900000000000000000e+01
1.110000000000000000e+02
4.400000000000000000e+01
4.800000000000000000e+01
3.900000000000000000e+01
4.200000000000000000e+01
5.600000000000000000e+01
1.580000000000000000e+02
3.400000000000000000e+01
3.400000000000000000e+01
6.500000000000000000e+01
5.400000000000000000e+01
1.060000000000000000e+02
3.000000000000000000e+01
5.000000000000000000e+01
1.440000000000000000e+02
1.600000000000000000e+02
6.700000000000000000e+01
4.000000000000000000e+01
5.100000000000000000e+01
6.900000000000000000e+01
6.900000000000000000e+01
9.800000000000000000e+01
4.600000000000000000e+01
4.700000000000000000e+01
4.400000000000000000e+01
5.400000000000000000e+01
8.400000000000000000e+01
6.400000000000000000e+01
3.600000000000000000e+01
8.600000000000000000e+01
9.500000000000000000e+01
4.300000000000000000e+01
4.200000000000000000e+01
4.800000000000000000e+01
3.300000000000000000e+01
5.100000000000000000e+01
3.100000000000000000e+01
3.200000000000000000e+01
3.900000000000000000e+01
3.600000000000000000e+01
6.900000000000000000e+01
5.200000000000000000e+01
3.400000000000000000e+01
7.600000000000000000e+01
5.900000000000000000e+01
4.900000000000000000e+01
6.900000000000000000e+01
5.700000000000000000e+01
9.300000000000000000e+01
3.900000000000000000e+01
3.200000000000000000e+01
4.500000000000000000e+01
4.100000000000000000e+01
3.600000000000000000e+01
4.200000000000000000e+01
6.200000000000000000e+01
4.100000000000000000e+01
3.300000000000000000e+01
1.140000000000000000e+02
3.900000000000000000e+01
6.500000000000000000e+01
7.800000000000000000e+01
3.900000000000000000e+01
9.000000000000000000e+01
4.400000000000000000e+01
5.000000000000000000e+01
1.350000000000000000e+02
5.000000000000000000e+01
1.000000000000000000e+02
2.100000000000000000e+02
4.100000000000000000e+01
4.100000000000000000e+01
7.100000000000000000e+01
3.500000000000000000e+01
5.100000000000000000e+01
4.900000000000000000e+01
2.050000000000000000e+02
5.600000000000000000e+01
4.600000000000000000e+01
6.100000000000000000e+01
3.300000000000000000e+01
7.600000000000000000e+01
1.110000000000000000e+02
3.000000000000000000e+01
6.400000000000000000e+01
5.600000000000000000e+01
3.400000000000000000e+01
3.400000000000000000e+01
3.400000000000000000e+01
6.000000000000000000e+01
3.300000000000000000e+01
4.800000000000000000e+01
3.200000000000000000e+01
4.200000000000000000e+01
6.200000000000000000e+01
4.900000000000000000e+01
3.200000000000000000e+01
5.000000000000000000e+01
5.300000000000000000e+01
7.500000000000000000e+01
1.180000000000000000e+02
5.700000000000000000e+01
1.190000000000000000e+02
9.200000000000000000e+01
1.050000000000000000e+02
5.300000000000000000e+01
4.600000000000000000e+01
4.600000000000000000e+01
6.900000000000000000e+01
6.400000000000000000e+01
7.200000000000000000e+01
6.700000000000000000e+01
1.070000000000000000e+02
4.600000000000000000e+01
4.300000000000000000e+01
7.200000000000000000e+01
8.300000000000000000e+01
6.300000000000000000e+01
5.900000000000000000e+01
5.400000000000000000e+01
3.500000000000000000e+01
5.700000000000000000e+01
3.800000000000000000e+01
5.000000000000000000e+01
3.400000000000000000e+01
4.000000000000000000e+01
5.200000000000000000e+01
7.000000000000000000e+01
5.300000000000000000e+01
3.000000000000000000e+01
3.500000000000000000e+01
1.400000000000000000e+02
6.500000000000000000e+01
3.900000000000000000e+01
4.600000000000000000e+01
8.100000000000000000e+01
5.000000000000000000e+01
4.900000000000000000e+01
3.100000000000000000e+01
7.500000000000000000e+01
5.200000000000000000e+01
5.400000000000000000e+01
6.100000000000000000e+01
1.680000000000000000e+02
6.800000000000000000e+01
5.400000000000000000e+01
3.400000000000000000e+01
7.700000000000000000e+01
5.700000000000000000e+01
4.400000000000000000e+01
5.700000000000000000e+01
3.300000000000000000e+01
3.800000000000000000e+01
4.300000000000000000e+01
3.700000000000000000e+01
5.600000000000000000e+01
5.100000000000000000e+01
5.200000000000000000e+01
7.200000000000000000e+01
7.400000000000000000e+01
4.500000000000000000e+01
4.000000000000000000e+01
9.300000000000000000e+01
1.490000000000000000e+02
7.800000000000000000e+01
4.800000000000000000e+01
8.700000000000000000e+01
5.600000000000000000e+01
3.400000000000000000e+01
1.350000000000000000e+02
3.600000000000000000e+01
4.000000000000000000e+01
5.900000000000000000e+01
3.200000000000000000e+01
3.300000000000000000e+01
1.890000000000000000e+02
4.700000000000000000e+01
4.200000000000000000e+01
3.500000000000000000e+01
1.310000000000000000e+02
4.900000000000000000e+01
7.000000000000000000e+01
1.190000000000000000e+02
5.600000000000000000e+01
1.810000000000000000e+02
8.400000000000000000e+01
1.380000000000000000e+02
3.400000000000000000e+01
4.700000000000000000e+01
1.110000000000000000e+02
6.600000000000000000e+01
5.500000000000000000e+01
4.000000000000000000e+01
5.700000000000000000e+01
3.800000000000000000e+01
4.200000000000000000e+01
4.800000000000000000e+01
4.500000000000000000e+01
3.300000000000000000e+01
7.200000000000000000e+01
9.400000000000000000e+01
3.100000000000000000e+01
3.100000000000000000e+01
6.100000000000000000e+01
3.500000000000000000e+01
5.600000000000000000e+01
1.100000000000000000e+02
8.400000000000000000e+01
6.400000000000000000e+01
5.600000000000000000e+01
6.000000000000000000e+01
4.500000000000000000e+01
1.010000000000000000e+02
6.200000000000000000e+01
1.170000000000000000e+02
8.700000000000000000e+01
5.600000000000000000e+01
6.500000000000000000e+01
4.500000000000000000e+01
3.500000000000000000e+01
6.600000000000000000e+01
7.300000000000000000e+01
2.550000000000000000e+02
6.200000000000000000e+01
5.500000000000000000e+01
5.700000000000000000e+01
4.700000000000000000e+01
3.500000000000000000e+01
1.050000000000000000e+02
5.000000000000000000e+01
4.500000000000000000e+01
4.400000000000000000e+01
3.500000000000000000e+01
3.100000000000000000e+01
4.800000000000000000e+01
1.420000000000000000e+02
8.900000000000000000e+01
1.180000000000000000e+02
3.000000000000000000e+01
4.200000000000000000e+01
3.000000000000000000e+01
1.060000000000000000e+02
1.370000000000000000e+02
6.400000000000000000e+01
6.300000000000000000e+01
4.100000000000000000e+01
3.100000000000000000e+01
5.700000000000000000e+01
8.000000000000000000e+01
3.400000000000000000e+01
3.900000000000000000e+01
3.200000000000000000e+01
7.100000000000000000e+01
4.200000000000000000e+01
7.800000000000000000e+01
3.100000000000000000e+01
5.400000000000000000e+01
6.200000000000000000e+01
3.100000000000000000e+01
3.200000000000000000e+01
3.300000000000000000e+01
9.700000000000000000e+01
3.200000000000000000e+01
4.600000000000000000e+01
3.000000000000000000e+01
3.700000000000000000e+01
5.200000000000000000e+01
4.300000000000000000e+01
3.800000000000000000e+01
4.400000000000000000e+01
5.300000000000000000e+01
4.500000000000000000e+01
5.100000000000000000e+01
1.380000000000000000e+02
4.200000000000000000e+01
6.300000000000000000e+01
9.000000000000000000e+01
4.100000000000000000e+01
5.100000000000000000e+01
4.100000000000000000e+01
3.600000000000000000e+01
5.600000000000000000e+01
5.800000000000000000e+01
4.700000000000000000e+01
6.800000000000000000e+01
7.100000000000000000e+01
5.000000000000000000e+01
3.300000000000000000e+01
6.300000000000000000e+01
5.400000000000000000e+01
6.800000000000000000e+01
4.000000000000000000e+01
4.300000000000000000e+01
5.100000000000000000e+01
5.300000000000000000e+01
3.200000000000000000e+01
4.400000000000000000e+01
3.400000000000000000e+01
5.500000000000000000e+01
5.300000000000000000e+01
1.010000000000000000e+02
1.070000000000000000e+02
3.200000000000000000e+01
1.020000000000000000e+02
3.300000000000000000e+01
4.700000000000000000e+01
3.900000000000000000e+01
3.500000000000000000e+01
1.180000000000000000e+02
6.000000000000000000e+01
8.300000000000000000e+01
3.300000000000000000e+01
9.400000000000000000e+01
5.500000000000000000e+01
3.800000000000000000e+01
1.060000000000000000e+02
1.720000000000000000e+02
1.460000000000000000e+02
3.000000000000000000e+01
3.800000000000000000e+01
5.700000000000000000e+01
6.100000000000000000e+01
9.100000000000000000e+01
6.900000000000000000e+01
4.000000000000000000e+01
8.700000000000000000e+01
8.200000000000000000e+01
5.300000000000000000e+01
3.700000000000000000e+01
7.200000000000000000e+01
3.000000000000000000e+01
4.000000000000000000e+01
3.000000000000000000e+01
7.400000000000000000e+01
4.400000000000000000e+01
4.300000000000000000e+01
1.080000000000000000e+02
3.300000000000000000e+01
4.700000000000000000e+01
7.800000000000000000e+01
3.800000000000000000e+01
4.900000000000000000e+01
3.400000000000000000e+01
2.420000000000000000e+02
5.900000000000000000e+01
4.200000000000000000e+01
7.700000000000000000e+01
4.300000000000000000e+01
1.100000000000000000e+02
6.200000000000000000e+01
4.900000000000000000e+01
4.800000000000000000e+01
5.200000000000000000e+01
5.900000000000000000e+01
6.400000000000000000e+01
1.020000000000000000e+02
5.300000000000000000e+01
3.100000000000000000e+01
3.300000000000000000e+01
3.000000000000000000e+01
8.000000000000000000e+01
5.400000000000000000e+01
1.700000000000000000e+02
4.500000000000000000e+01
4.000000000000000000e+01
3.700000000000000000e+01
5.300000000000000000e+01
3.000000000000000000e+01
4.400000000000000000e+01
3.700000000000000000e+01
5.600000000000000000e+01
5.500000000000000000e+01
5.300000000000000000e+01
6.000000000000000000e+01
3.600000000000000000e+01
4.200000000000000000e+01
4.500000000000000000e+01
4.200000000000000000e+01
6.900000000000000000e+01
3.000000000000000000e+01
8.600000000000000000e+01
6.700000000000000000e+01
3.300000000000000000e+01
4.200000000000000000e+01
5.000000000000000000e+01
7.900000000000000000e+01
6.100000000000000000e+01
7.900000000000000000e+01
3.700000000000000000e+01
5.000000000000000000e+01
8.500000000000000000e+01
4.000000000000000000e+01
8.600000000000000000e+01
3.800000000000000000e+01
3.200000000000000000e+01
4.000000000000000000e+01
4.300000000000000000e+01
1.330000000000000000e+02
5.100000000000000000e+01
3.600000000000000000e+01
4.800000000000000000e+01
3.600000000000000000e+01
1.090000000000000000e+02
7.000000000000000000e+01
5.800000000000000000e+01
4.300000000000000000e+01
4.600000000000000000e+01
8.100000000000000000e+01
1.000000000000000000e+02
1.020000000000000000e+02
3.100000000000000000e+01
4.700000000000000000e+01
4.300000000000000000e+01
7.200000000000000000e+01
1.190000000000000000e+02
1.150000000000000000e+02
1.150000000000000000e+02
4.000000000000000000e+01
3.200000000000000000e+01
3.500000000000000000e+01
3.200000000000000000e+01
3.600000000000000000e+01
3.100000000000000000e+01
3.600000000000000000e+01
4.500000000000000000e+01
8.600000000000000000e+01
4.400000000000000000e+01
3.300000000000000000e+01
3.600000000000000000e+01
7.000000000000000000e+01
3.900000000000000000e+01
6.300000000000000000e+01
7.700000000000000000e+01
3.200000000000000000e+01
5.100000000000000000e+01
3.200000000000000000e+01
5.600000000000000000e+01
3.900000000000000000e+01
3.500000000000000000e+01
5.600000000000000000e+01
6.400000000000000000e+01
4.300000000000000000e+01
3.900000000000000000e+01
7.000000000000000000e+01
3.200000000000000000e+01
9.200000000000000000e+01
3.400000000000000000e+01
4.900000000000000000e+01
3.500000000000000000e+01
3.600000000000000000e+01
3.000000000000000000e+01
3.200000000000000000e+01
3.400000000000000000e+01
3.400000000000000000e+01
8.900000000000000000e+01
5.400000000000000000e+01
4.100000000000000000e+01
2.310000000000000000e+02
6.400000000000000000e+01
4.200000000000000000e+01
6.300000000000000000e+01
1.030000000000000000e+02
6.000000000000000000e+01
4.100000000000000000e+01
1.150000000000000000e+02
4.200000000000000000e+01
9.200000000000000000e+01
3.300000000000000000e+01
4.100000000000000000e+01
3.300000000000000000e+01
4.100000000000000000e+01
3.800000000000000000e+01
5.100000000000000000e+01
4.700000000000000000e+01
1.140000000000000000e+02
4.600000000000000000e+01
6.400000000000000000e+01
4.900000000000000000e+01
5.300000000000000000e+01
7.200000000000000000e+01
9.500000000000000000e+01
3.900000000000000000e+01
9.900000000000000000e+01
5.900000000000000000e+01
3.800000000000000000e+01
1.230000000000000000e+02
1.590000000000000000e+02
3.300000000000000000e+01
4.600000000000000000e+01
5.700000000000000000e+01
5.000000000000000000e+01
3.100000000000000000e+01
1.480000000000000000e+02
5.500000000000000000e+01
3.900000000000000000e+01
4.400000000000000000e+01
6.400000000000000000e+01
7.000000000000000000e+01
5.900000000000000000e+01
3.100000000000000000e+01
5.500000000000000000e+01
5.900000000000000000e+01
9.800000000000000000e+01
6.000000000000000000e+01
3.000000000000000000e+01
4.700000000000000000e+01
3.100000000000000000e+01
3.800000000000000000e+01
9.500000000000000000e+01
6.600000000000000000e+01
1.010000000000000000e+02
3.400000000000000000e+01
5.900000000000000000e+01
6.000000000000000000e+01
3.800000000000000000e+01
6.100000000000000000e+01
3.500000000000000000e+01
4.100000000000000000e+01
5.900000000000000000e+01
5.600000000000000000e+01
3.800000000000000000e+01
5.300000000000000000e+01
4.200000000000000000e+01
6.300000000000000000e+01
3.500000000000000000e+01
4.300000000000000000e+01
3.100000000000000000e+01
3.700000000000000000e+01
6.700000000000000000e+01
3.100000000000000000e+01
3.000000000000000000e+01
3.600000000000000000e+01
1.050000000000000000e+02
4.500000000000000000e+01
3.100000000000000000e+01
5.200000000000000000e+01
3.700000000000000000e+01
4.000000000000000000e+01
4.700000000000000000e+01
3.200000000000000000e+01
6.100000000000000000e+01
5.100000000000000000e+01
3.500000000000000000e+01
6.200000000000000000e+01
3.600000000000000000e+01
5.600000000000000000e+01
6.500000000000000000e+01
3.100000000000000000e+01
5.100000000000000000e+01
3.800000000000000000e+01
7.100000000000000000e+01
5.300000000000000000e+01
8.200000000000000000e+01
3.300000000000000000e+01
5.200000000000000000e+01
3.700000000000000000e+01
5.100000000000000000e+01
4.400000000000000000e+01
4.000000000000000000e+01
3.800000000000000000e+01
4.000000000000000000e+01
3.200000000000000000e+01
4.800000000000000000e+01
7.200000000000000000e+01
3.500000000000000000e+01
4.600000000000000000e+01
3.800000000000000000e+01
3.200000000000000000e+01
5.100000000000000000e+01
3.200000000000000000e+01
3.700000000000000000e+01
4.000000000000000000e+01
5.000000000000000000e+01
3.200000000000000000e+01
4.000000000000000000e+01
4.200000000000000000e+01
6.800000000000000000e+01
3.500000000000000000e+01
9.900000000000000000e+01
3.200000000000000000e+01
4.400000000000000000e+01
3.400000000000000000e+01
6.000000000000000000e+01
4.200000000000000000e+01
3.300000000000000000e+01
3.100000000000000000e+01
3.900000000000000000e+01
3.000000000000000000e+01
6.700000000000000000e+01
3.400000000000000000e+01
5.800000000000000000e+01
3.200000000000000000e+01
9.600000000000000000e+01
6.200000000000000000e+01
5.600000000000000000e+01
3.700000000000000000e+01
3.300000000000000000e+01
3.100000000000000000e+01
3.600000000000000000e+01
9.300000000000000000e+01
7.100000000000000000e+01
4.700000000000000000e+01
3.300000000000000000e+01
3.900000000000000000e+01
9.100000000000000000e+01
6.100000000000000000e+01
4.400000000000000000e+01
3.600000000000000000e+01
3.500000000000000000e+01
4.500000000000000000e+01
3.000000000000000000e+01
3.200000000000000000e+01
3.600000000000000000e+01
7.100000000000000000e+01
3.100000000000000000e+01
3.400000000000000000e+01
3.700000000000000000e+01
6.000000000000000000e+01
3.200000000000000000e+01
6.800000000000000000e+01
4.100000000000000000e+01
1.100000000000000000e+02
6.800000000000000000e+01
4.800000000000000000e+01
3.700000000000000000e+01
3.200000000000000000e+01
3.700000000000000000e+01
3.800000000000000000e+01
7.600000000000000000e+01
8.700000000000000000e+01
3.000000000000000000e+01
4.200000000000000000e+01
3.900000000000000000e+01
3.100000000000000000e+01
4.200000000000000000e+01
6.900000000000000000e+01
3.300000000000000000e+01
3.700000000000000000e+01
9.500000000000000000e+01
4.600000000000000000e+01
5.700000000000000000e+01
7.900000000000000000e+01
3.800000000000000000e+01
8.300000000000000000e+01
6.800000000000000000e+01
8.000000000000000000e+01
3.600000000000000000e+01
3.400000000000000000e+01
4.000000000000000000e+01
3.800000000000000000e+01
3.500000000000000000e+01
5.700000000000000000e+01
9.600000000000000000e+01
3.300000000000000000e+01
6.900000000000000000e+01
3.700000000000000000e+01
4.300000000000000000e+01
4.900000000000000000e+01
3.400000000000000000e+01
3.100000000000000000e+01
3.300000000000000000e+01
3.200000000000000000e+01
3.500000000000000000e+01
5.000000000000000000e+01
3.100000000000000000e+01
6.500000000000000000e+01
3.300000000000000000e+01
4.800000000000000000e+01
3.400000000000000000e+01
3.600000000000000000e+01
4.800000000000000000e+01
3.800000000000000000e+01
8.100000000000000000e+01
3.000000000000000000e+01
4.300000000000000000e+01
3.500000000000000000e+01
4.200000000000000000e+01
3.600000000000000000e+01
6.600000000000000000e+01
3.300000000000000000e+01
3.000000000000000000e+01
5.200000000000000000e+01
3.400000000000000000e+01
3.200000000000000000e+01
3.400000000000000000e+01
6.600000000000000000e+01
4.900000000000000000e+01
4.800000000000000000e+01
1.260000000000000000e+02
4.400000000000000000e+01
4.600000000000000000e+01
3.000000000000000000e+01
3.600000000000000000e+01
3.400000000000000000e+01
4.200000000000000000e+01
6.700000000000000000e+01
8.000000000000000000e+01
4.100000000000000000e+01
3.000000000000000000e+01
3.400000000000000000e+01
4.800000000000000000e+01
3.600000000000000000e+01
5.500000000000000000e+01
3.000000000000000000e+01
8.200000000000000000e+01
5.800000000000000000e+01
7.000000000000000000e+01
4.100000000000000000e+01
4.400000000000000000e+01
3.600000000000000000e+01
3.800000000000000000e+01
4.700000000000000000e+01
3.100000000000000000e+01
3.100000000000000000e+01
4.100000000000000000e+01
4.100000000000000000e+01
3.900000000000000000e+01
6.000000000000000000e+01
4.100000000000000000e+01
3.000000000000000000e+01
3.100000000000000000e+01
3.700000000000000000e+01
3.200000000000000000e+01
4.000000000000000000e+01
3.800000000000000000e+01
5.800000000000000000e+01
4.600000000000000000e+01
4.400000000000000000e+01
4.900000000000000000e+01
4.900000000000000000e+01
3.200000000000000000e+01
4.300000000000000000e+01
5.500000000000000000e+01
4.700000000000000000e+01
3.800000000000000000e+01
3.500000000000000000e+01
3.200000000000000000e+01
4.600000000000000000e+01
4.700000000000000000e+01
3.800000000000000000e+01
8.300000000000000000e+01
3.200000000000000000e+01
4.500000000000000000e+01
4.200000000000000000e+01
8.700000000000000000e+01
5.600000000000000000e+01
4.300000000000000000e+01
4.000000000000000000e+01
3.000000000000000000e+01
5.000000000000000000e+01
4.200000000000000000e+01
3.200000000000000000e+01
6.100000000000000000e+01
3.400000000000000000e+01
3.500000000000000000e+01
5.400000000000000000e+01
6.100000000000000000e+01
3.700000000000000000e+01
3.100000000000000000e+01
3.000000000000000000e+01
7.900000000000000000e+01
3.500000000000000000e+01
3.300000000000000000e+01
5.000000000000000000e+01
7.600000000000000000e+01
3.000000000000000000e+01
3.100000000000000000e+01
4.100000000000000000e+01
4.300000000000000000e+01
5.100000000000000000e+01
3.900000000000000000e+01
3.100000000000000000e+01
9.000000000000000000e+01
5.700000000000000000e+01
6.100000000000000000e+01
6.800000000000000000e+01
5.000000000000000000e+01
3.700000000000000000e+01
3.800000000000000000e+01
5.400000000000000000e+01
7.300000000000000000e+01
4.400000000000000000e+01
4.600000000000000000e+01
4.500000000000000000e+01
3.100000000000000000e+01
3.000000000000000000e+01
3.400000000000000000e+01
3.000000000000000000e+01
6.900000000000000000e+01
7.100000000000000000e+01
4.100000000000000000e+01
3.100000000000000000e+01
3.700000000000000000e+01
3.600000000000000000e+01
3.200000000000000000e+01
6.000000000000000000e+01
9.900000000000000000e+01
7.200000000000000000e+01
3.600000000000000000e+01
3.200000000000000000e+01
6.900000000000000000e+01
4.400000000000000000e+01
3.100000000000000000e+01
3.400000000000000000e+01
4.300000000000000000e+01
3.700000000000000000e+01
4.800000000000000000e+01
3.700000000000000000e+01
4.100000000000000000e+01
4.200000000000000000e+01
3.900000000000000000e+01
3.200000000000000000e+01
3.500000000000000000e+01
4.600000000000000000e+01
4.000000000000000000e+01
3.400000000000000000e+01
3.500000000000000000e+01
3.000000000000000000e+01
6.900000000000000000e+01
7.400000000000000000e+01
5.000000000000000000e+01
3.700000000000000000e+01
3.500000000000000000e+01
7.600000000000000000e+01
4.500000000000000000e+01
5.000000000000000000e+01
3.800000000000000000e+01
5.500000000000000000e+01
5.900000000000000000e+01
5.600000000000000000e+01
3.400000000000000000e+01
3.300000000000000000e+01
3.600000000000000000e+01
3.600000000000000000e+01
3.200000000000000000e+01
3.500000000000000000e+01
3.000000000000000000e+01
3.500000000000000000e+01
3.600000000000000000e+01
3.900000000000000000e+01
4.600000000000000000e+01
3.100000000000000000e+01
3.300000000000000000e+01
4.500000000000000000e+01
5.300000000000000000e+01
3.700000000000000000e+01
7.100000000000000000e+01
3.700000000000000000e+01
4.400000000000000000e+01
3.100000000000000000e+01
3.100000000000000000e+01
3.100000000000000000e+01
3.700000000000000000e+01
3.900000000000000000e+01
3.400000000000000000e+01
3.000000000000000000e+01
3.000000000000000000e+01
4.100000000000000000e+01
4.000000000000000000e+01
4.100000000000000000e+01
3.200000000000000000e+01
3.500000000000000000e+01
4.600000000000000000e+01
4.000000000000000000e+01
3.600000000000000000e+01
3.500000000000000000e+01
3.200000000000000000e+01
3.000000000000000000e+01
4.500000000000000000e+01
3.600000000000000000e+01
6.000000000000000000e+01
3.900000000000000000e+01
7.200000000000000000e+01
3.500000000000000000e+01
3.500000000000000000e+01
6.700000000000000000e+01
8.000000000000000000e+01
4.900000000000000000e+01
5.400000000000000000e+01
7.600000000000000000e+01
3.000000000000000000e+01
3.400000000000000000e+01
5.100000000000000000e+01
4.100000000000000000e+01
3.900000000000000000e+01
6.300000000000000000e+01
3.900000000000000000e+01
3.800000000000000000e+01
7.500000000000000000e+01
3.800000000000000000e+01
4.400000000000000000e+01
3.500000000000000000e+01
3.300000000000000000e+01
3.800000000000000000e+01
3.700000000000000000e+01
5.400000000000000000e+01
5.200000000000000000e+01
4.000000000000000000e+01
8.800000000000000000e+01
3.100000000000000000e+01
3.400000000000000000e+01
4.100000000000000000e+01
3.200000000000000000e+01
3.900000000000000000e+01
6.900000000000000000e+01
4.700000000000000000e+01
4.000000000000000000e+01
4.400000000000000000e+01
3.000000000000000000e+01
3.000000000000000000e+01
3.200000000000000000e+01
6.600000000000000000e+01
3.500000000000000000e+01
4.700000000000000000e+01
3.000000000000000000e+01
3.200000000000000000e+01
3.800000000000000000e+01
3.800000000000000000e+01
5.900000000000000000e+01
3.400000000000000000e+01
3.000000000000000000e+01
3.000000000000000000e+01
3.000000000000000000e+01
3.200000000000000000e+01
3.000000000000000000e+01
3.000000000000000000e+01
4.200000000000000000e+01
5.600000000000000000e+01
3.500000000000000000e+01
3.200000000000000000e+01
3.100000000000000000e+01
3.500000000000000000e+01
6.500000000000000000e+01
3.400000000000000000e+01
3.200000000000000000e+01
4.900000000000000000e+01
7.100000000000000000e+01
3.200000000000000000e+01
3.000000000000000000e+01
3.000000000000000000e+01
3.600000000000000000e+01
3.800000000000000000e+01
3.000000000000000000e+01
3.500000000000000000e+01
3.700000000000000000e+01
3.900000000000000000e+01
3.100000000000000000e+01
3.600000000000000000e+01
3.000000000000000000e+01
3.400000000000000000e+01
4.600000000000000000e+01
3.000000000000000000e+01
3.700000000000000000e+01
3.300000000000000000e+01
3.200000000000000000e+01
4.300000000000000000e+01
3.000000000000000000e+01
3.800000000000000000e+01
3.100000000000000000e+01
3.100000000000000000e+01
3.100000000000000000e+01
3.500000000000000000e+01
4.500000000000000000e+01
3.000000000000000000e+01
3.100000000000000000e+01
3.400000000000000000e+01
3.300000000000000000e+01
3.400000000000000000e+01
