5.566333007812500000e+01
6.198477935791015625e+01
4.218397521972656250e+01
3.943135070800781250e+01
6.596427154541015625e+01
5.576914978027343750e+01
3.057765960693359375e+01
5.955487823486328125e+01
5.718672943115234375e+01
1.104399490356445312e+02
4.971865081787109375e+01
1.282574157714843750e+02
5.020098876953125000e+01
4.774050521850585938e+01
4.062189483642578125e+01
5.784573364257812500e+01
6.593688964843750000e+01
4.170990371704101562e+01
4.096376037597656250e+01
1.426600646972656250e+02
3.999718475341796875e+01
9.214485168457031250e+01
3.000000000000000000e+01
4.107181930541992188e+01
3.131581115722656250e+01
7.176165771484375000e+01
3.000000000000000000e+01
5.683352279663085938e+01
1.765099182128906250e+02
6.257599258422851562e+01
6.733499145507812500e+01
4.541212463378906250e+01
3.612868499755859375e+01
1.134044952392578125e+02
6.202132034301757812e+01
6.468439483642578125e+01
6.910999298095703125e+01
6.024377441406250000e+01
4.376992034912109375e+01
4.272331237792968750e+01
4.581502914428710938e+01
3.330876922607421875e+01
5.177863311767578125e+01
4.173333740234375000e+01
3.757489395141601562e+01
4.418621826171875000e+01
4.481896591186523438e+01
6.763262939453125000e+01
1.284956512451171875e+02
5.496205520629882812e+01
4.623369598388671875e+01
3.689680862426757812e+01
7.897158813476562500e+01
4.705618286132812500e+01
1.200712890625000000e+02
4.044020080566406250e+01
6.325994873046875000e+01
4.731749725341796875e+01
6.658012390136718750e+01
6.817922973632812500e+01
5.940177536010742188e+01
7.827175903320312500e+01
4.105110931396484375e+01
9.880423736572265625e+01
9.724893188476562500e+01
5.480828475952148438e+01
4.265639877319335938e+01
3.000000000000000000e+01
5.049845886230468750e+01
6.333659362792968750e+01
6.147018814086914062e+01
3.824483871459960938e+01
1.038609619140625000e+02
4.076955413818359375e+01
4.877668762207031250e+01
3.655434417724609375e+01
4.806616592407226562e+01
4.348824310302734375e+01
3.884802246093750000e+01
5.993642425537109375e+01
3.705825805664062500e+01
6.593688964843750000e+01
5.542148208618164062e+01
1.210992050170898438e+02
1.056526718139648438e+02
5.057107543945312500e+01
4.422691345214843750e+01
4.805065917968750000e+01
5.020098876953125000e+01
6.032932281494140625e+01
4.005784988403320312e+01
5.500077819824218750e+01
6.559596252441406250e+01
5.093181228637695312e+01
9.431858825683593750e+01
8.103149414062500000e+01
6.117935180664062500e+01
3.757515716552734375e+01
7.416841888427734375e+01
3.835109710693359375e+01
1.043980560302734375e+02
6.244907760620117188e+01
1.429796447753906250e+02
3.000000000000000000e+01
4.677095794677734375e+01
8.554126739501953125e+01
3.000000000000000000e+01
5.248867034912109375e+01
5.219055938720703125e+01
3.219310760498046875e+01
3.660898590087890625e+01
3.000000000000000000e+01
7.175800323486328125e+01
1.277088241577148438e+02
4.124908065795898438e+01
4.229791641235351562e+01
9.363121032714843750e+01
5.012799453735351562e+01
8.240652465820312500e+01
5.366551589965820312e+01
4.766284561157226562e+01
6.308561706542968750e+01
4.292605972290039062e+01
4.137644958496093750e+01
4.173922729492187500e+01
5.180324554443359375e+01
6.022607421875000000e+01
6.017556762695312500e+01
4.311827087402343750e+01
6.626357269287109375e+01
4.207246017456054688e+01
1.141876525878906250e+02
5.148160171508789062e+01
3.000000000000000000e+01
5.925169372558593750e+01
4.883255004882812500e+01
1.030284881591796875e+02
4.204662704467773438e+01
4.542044067382812500e+01
7.901406860351562500e+01
4.803178787231445312e+01
8.544749450683593750e+01
7.776907348632812500e+01
5.890979766845703125e+01
7.244306182861328125e+01
4.999256515502929688e+01
9.118658447265625000e+01
1.005958480834960938e+02
5.738426971435546875e+01
1.034421997070312500e+02
5.429146194458007812e+01
7.029226684570312500e+01
5.776984024047851562e+01
8.271990203857421875e+01
3.994427871704101562e+01
1.202869491577148438e+02
3.811659240722656250e+01
1.331755523681640625e+02
3.964896774291992188e+01
5.638323593139648438e+01
3.722231292724609375e+01
5.725478363037109375e+01
4.509683609008789062e+01
3.373745727539062500e+01
6.706785583496093750e+01
4.183926773071289062e+01
6.365357971191406250e+01
5.222225570678710938e+01
3.081918144226074219e+01
1.235777893066406250e+02
4.574053955078125000e+01
4.521970367431640625e+01
3.674239730834960938e+01
3.048395156860351562e+01
6.299221420288085938e+01
7.882559967041015625e+01
4.601978302001953125e+01
4.234593963623046875e+01
6.763391113281250000e+01
5.289972305297851562e+01
7.182690429687500000e+01
6.019071197509765625e+01
7.131549072265625000e+01
5.630104827880859375e+01
3.831278991699218750e+01
3.533157730102539062e+01
4.306085205078125000e+01
7.317649078369140625e+01
5.694061279296875000e+01
4.269085693359375000e+01
4.596345901489257812e+01
6.396573638916015625e+01
4.038328552246093750e+01
3.842588806152343750e+01
5.218501663208007812e+01
4.360677337646484375e+01
3.877753829956054688e+01
8.043695831298828125e+01
1.411936035156250000e+02
5.377138900756835938e+01
5.742221450805664062e+01
1.277395629882812500e+02
7.004875183105468750e+01
3.350494766235351562e+01
5.173930358886718750e+01
3.839995956420898438e+01
5.575660705566406250e+01
4.907995605468750000e+01
1.387042083740234375e+02
3.806094360351562500e+01
5.052161026000976562e+01
9.951620483398437500e+01
4.046226501464843750e+01
4.679721069335937500e+01
3.745848083496093750e+01
5.281859970092773438e+01
5.520170974731445312e+01
5.260790252685546875e+01
4.310072326660156250e+01
4.300099182128906250e+01
3.399436569213867188e+01
6.786051940917968750e+01
9.367549133300781250e+01
3.833235549926757812e+01
4.028290557861328125e+01
4.177917098999023438e+01
6.281751632690429688e+01
1.161836395263671875e+02
6.387194824218750000e+01
1.095356445312500000e+02
3.649406433105468750e+01
5.218259429931640625e+01
6.616890716552734375e+01
5.309753417968750000e+01
4.538613891601562500e+01
6.509791564941406250e+01
4.807377624511718750e+01
4.960408020019531250e+01
6.870176696777343750e+01
5.202273559570312500e+01
4.460840225219726562e+01
1.241776351928710938e+02
1.060104370117187500e+02
7.163671112060546875e+01
8.994949340820312500e+01
3.256461334228515625e+01
5.453881835937500000e+01
1.331586456298828125e+02
1.943770141601562500e+02
5.686091613769531250e+01
6.431078338623046875e+01
4.202715301513671875e+01
4.568502807617187500e+01
1.004181976318359375e+02
3.996575164794921875e+01
5.381137084960937500e+01
3.567141723632812500e+01
3.981547164916992188e+01
3.419493484497070312e+01
1.360773620605468750e+02
7.187997436523437500e+01
5.437524414062500000e+01
6.132470703125000000e+01
4.214095687866210938e+01
1.159520568847656250e+02
4.494483184814453125e+01
1.508231506347656250e+02
6.317098236083984375e+01
6.898181152343750000e+01
5.168772888183593750e+01
5.422344970703125000e+01
4.644145965576171875e+01
7.163671112060546875e+01
6.715493011474609375e+01
1.912301635742187500e+02
3.378060531616210938e+01
6.978643798828125000e+01
8.471873474121093750e+01
1.029236907958984375e+02
9.443489074707031250e+01
6.144018554687500000e+01
6.891059875488281250e+01
6.490582275390625000e+01
4.544115447998046875e+01
6.771095275878906250e+01
3.957658386230468750e+01
3.000000000000000000e+01
6.267280197143554688e+01
4.678890991210937500e+01
4.185462188720703125e+01
3.970927810668945312e+01
3.398143005371093750e+01
3.328246688842773438e+01
8.620091247558593750e+01
3.015454483032226562e+01
3.000000000000000000e+01
5.464064788818359375e+01
4.451046752929687500e+01
4.781407928466796875e+01
4.920074462890625000e+01
5.478305816650390625e+01
3.119390678405761719e+01
3.725841903686523438e+01
7.257109069824218750e+01
6.295206069946289062e+01
4.022653961181640625e+01
7.581999206542968750e+01
7.801146697998046875e+01
7.058641052246093750e+01
1.328925628662109375e+02
1.503546600341796875e+02
3.000000000000000000e+01
9.689340209960937500e+01
1.103654479980468750e+02
1.056869277954101562e+02
4.259479141235351562e+01
3.679475021362304688e+01
1.301061706542968750e+02
5.997703170776367188e+01
7.416841888427734375e+01
4.189466857910156250e+01
4.620769500732421875e+01
6.360536193847656250e+01
5.031359863281250000e+01
3.673913955688476562e+01
4.063478088378906250e+01
3.913448333740234375e+01
3.493200683593750000e+01
1.038609542846679688e+02
3.000000000000000000e+01
6.934733581542968750e+01
4.943936157226562500e+01
4.670463562011718750e+01
4.528274536132812500e+01
4.838895797729492188e+01
4.666700744628906250e+01
7.484307861328125000e+01
5.171335983276367188e+01
4.226421737670898438e+01
3.399004745483398438e+01
5.747901535034179688e+01
9.321430969238281250e+01
4.098349761962890625e+01
7.058641052246093750e+01
4.635224151611328125e+01
4.179597091674804688e+01
1.766502380371093750e+02
4.095050811767578125e+01
4.260509490966796875e+01
1.188853912353515625e+02
1.497263183593750000e+02
1.901043701171875000e+02
5.383952713012695312e+01
7.827175903320312500e+01
3.143771171569824219e+01
1.088525085449218750e+02
6.242276000976562500e+01
3.428551864624023438e+01
1.466774749755859375e+02
6.264213562011718750e+01
6.237947845458984375e+01
1.414318084716796875e+02
5.325598907470703125e+01
7.190293884277343750e+01
1.005624542236328125e+02
3.356147003173828125e+01
6.768161010742187500e+01
1.183507614135742188e+02
3.037065315246582031e+01
6.103799819946289062e+01
6.102465057373046875e+01
4.704976654052734375e+01
9.803868103027343750e+01
1.460778350830078125e+02
4.486368179321289062e+01
1.271315841674804688e+02
8.836212158203125000e+01
6.257599258422851562e+01
8.098324584960937500e+01
8.127998352050781250e+01
3.000000000000000000e+01
3.225917434692382812e+01
3.000000000000000000e+01
4.273248291015625000e+01
6.376889801025390625e+01
1.060104370117187500e+02
4.902661132812500000e+01
5.042787170410156250e+01
4.988821029663085938e+01
2.762393493652343750e+02
4.161576843261718750e+01
3.956746292114257812e+01
3.000000000000000000e+01
3.000000000000000000e+01
3.894209289550781250e+01
5.729280090332031250e+01
7.207997894287109375e+01
1.050425872802734375e+02
5.200272369384765625e+01
4.118971252441406250e+01
4.844254684448242188e+01
4.007110977172851562e+01
1.432204589843750000e+02
3.957965850830078125e+01
4.500562286376953125e+01
6.935273742675781250e+01
4.414629364013671875e+01
5.649819564819335938e+01
7.562023925781250000e+01
1.378826446533203125e+02
6.914567565917968750e+01
9.391390228271484375e+01
4.366501998901367188e+01
4.121365356445312500e+01
6.977703857421875000e+01
3.643286514282226562e+01
7.336223602294921875e+01
6.048302459716796875e+01
3.000000000000000000e+01
3.521693038940429688e+01
1.016286926269531250e+02
3.046706771850585938e+01
4.462981414794921875e+01
1.440321044921875000e+02
5.402824401855468750e+01
5.093802261352539062e+01
7.209413146972656250e+01
4.313761138916015625e+01
6.173019790649414062e+01
9.313658142089843750e+01
5.485747909545898438e+01
6.934733581542968750e+01
2.237267913818359375e+02
5.031359863281250000e+01
1.204710693359375000e+02
4.220428848266601562e+01
4.835684967041015625e+01
8.424127960205078125e+01
5.683351898193359375e+01
5.648814392089843750e+01
7.175542449951171875e+01
3.283111953735351562e+01
6.019367599487304688e+01
5.909387207031250000e+01
6.944623565673828125e+01
4.265554428100585938e+01
5.211214447021484375e+01
6.575381469726562500e+01
9.726067352294921875e+01
9.060462951660156250e+01
6.342994689941406250e+01
5.776984405517578125e+01
5.118731689453125000e+01
5.575629425048828125e+01
7.167822265625000000e+01
3.000000000000000000e+01
1.095605773925781250e+02
9.917587280273437500e+01
3.000000000000000000e+01
9.049444580078125000e+01
7.443114471435546875e+01
4.305740356445312500e+01
4.643934631347656250e+01
4.676342773437500000e+01
4.510860443115234375e+01
1.914740905761718750e+02
4.015485382080078125e+01
5.265944290161132812e+01
5.383935546875000000e+01
4.203386688232421875e+01
9.951924133300781250e+01
3.934365844726562500e+01
4.214022827148437500e+01
1.414511108398437500e+02
6.295206069946289062e+01
8.448004150390625000e+01
3.304064178466796875e+01
3.520380020141601562e+01
6.267388153076171875e+01
8.585165405273437500e+01
9.234741210937500000e+01
8.235660552978515625e+01
7.094416809082031250e+01
4.078602981567382812e+01
8.230507659912109375e+01
9.059771728515625000e+01
4.768554687500000000e+01
4.679721069335937500e+01
8.301706695556640625e+01
8.957020568847656250e+01
5.625276184082031250e+01
5.510932159423828125e+01
5.008860778808593750e+01
3.000000000000000000e+01
3.768130493164062500e+01
3.021382331848144531e+01
3.463262557983398438e+01
3.000000000000000000e+01
3.598346710205078125e+01
5.464868927001953125e+01
5.290678024291992188e+01
4.308598327636718750e+01
7.922062683105468750e+01
5.819903564453125000e+01
4.528375625610351562e+01
3.994805908203125000e+01
4.792505264282226562e+01
5.919841766357421875e+01
3.000000000000000000e+01
3.318982315063476562e+01
6.252037811279296875e+01
3.995402908325195312e+01
5.857939529418945312e+01
3.203497695922851562e+01
5.033291625976562500e+01
3.000000000000000000e+01
4.062189483642578125e+01
1.100899658203125000e+02
4.189113998413085938e+01
3.329589843750000000e+01
7.253584289550781250e+01
4.500562286376953125e+01
7.099002838134765625e+01
3.103748512268066406e+01
5.148431396484375000e+01
1.234757919311523438e+02
4.457762527465820312e+01
1.355296783447265625e+02
1.225316925048828125e+02
3.780060577392578125e+01
3.093558692932128906e+01
8.810327911376953125e+01
3.955214309692382812e+01
5.949879455566406250e+01
6.132470321655273438e+01
1.303767700195312500e+02
4.598880004882812500e+01
5.998651123046875000e+01
5.764210510253906250e+01
3.022755432128906250e+01
5.178140258789062500e+01
1.142987213134765625e+02
4.399291229248046875e+01
6.545154571533203125e+01
6.516127014160156250e+01
3.311308670043945312e+01
3.623501586914062500e+01
5.168629074096679688e+01
4.815242767333984375e+01
4.319772338867187500e+01
3.871881103515625000e+01
3.878604125976562500e+01
4.048625946044921875e+01
5.254249191284179688e+01
4.549033355712890625e+01
4.452067565917968750e+01
5.492435455322265625e+01
5.248867034912109375e+01
6.705015563964843750e+01
1.387042083740234375e+02
5.412867355346679688e+01
1.054249954223632812e+02
8.777333068847656250e+01
1.136783905029296875e+02
3.282935714721679688e+01
6.253572845458984375e+01
5.804271316528320312e+01
3.000000000000000000e+01
7.422901153564453125e+01
6.615709686279296875e+01
8.189631652832031250e+01
8.519282531738281250e+01
4.124908065795898438e+01
4.599782562255859375e+01
6.472436523437500000e+01
8.121827697753906250e+01
4.534873962402343750e+01
5.399046707153320312e+01
4.965829849243164062e+01
4.032904434204101562e+01
9.620520019531250000e+01
4.005784988403320312e+01
4.212580871582031250e+01
4.220045089721679688e+01
4.820472717285156250e+01
5.617514419555664062e+01
9.279939270019531250e+01
4.194995117187500000e+01
3.344710540771484375e+01
3.828050613403320312e+01
1.050425872802734375e+02
5.168815612792968750e+01
4.611106491088867188e+01
5.462339019775390625e+01
5.337755584716796875e+01
4.972828674316406250e+01
6.009969329833984375e+01
4.504442596435546875e+01
7.078038024902343750e+01
3.823537063598632812e+01
5.635208892822265625e+01
7.471654510498046875e+01
7.712545013427734375e+01
8.278938293457031250e+01
5.039775085449218750e+01
4.075316619873046875e+01
6.922325134277343750e+01
7.580941772460937500e+01
5.000931167602539062e+01
5.657199478149414062e+01
5.874181365966796875e+01
3.806838989257812500e+01
5.408402252197265625e+01
4.045115280151367188e+01
3.000000000000000000e+01
4.452696990966796875e+01
7.401478576660156250e+01
6.575381469726562500e+01
5.571874618530273438e+01
4.820195388793945312e+01
3.716906356811523438e+01
8.211810302734375000e+01
1.032702026367187500e+02
7.286331176757812500e+01
3.000000000000000000e+01
1.136783905029296875e+02
5.383952713012695312e+01
5.641627502441406250e+01
8.957020568847656250e+01
3.790792083740234375e+01
3.927571105957031250e+01
8.037303161621093750e+01
3.000000000000000000e+01
4.209559249877929688e+01
2.363312072753906250e+02
4.966899108886718750e+01
4.063924407958984375e+01
3.438051986694335938e+01
1.207289428710937500e+02
4.787005996704101562e+01
5.580854034423828125e+01
1.018535156250000000e+02
4.835251998901367188e+01
1.310265655517578125e+02
7.967221069335937500e+01
1.055972442626953125e+02
3.251253509521484375e+01
3.153801727294921875e+01
5.678137969970703125e+01
7.468899536132812500e+01
6.575980377197265625e+01
5.171336364746093750e+01
5.095654678344726562e+01
3.828376388549804688e+01
4.702531433105468750e+01
5.757796859741210938e+01
5.719101715087890625e+01
3.815189361572265625e+01
6.852095031738281250e+01
7.999253082275390625e+01
4.117558670043945312e+01
3.401928329467773438e+01
5.673796081542968750e+01
3.309019088745117188e+01
4.671615600585937500e+01
1.124630126953125000e+02
5.178162002563476562e+01
7.365911865234375000e+01
5.070803451538085938e+01
4.273773193359375000e+01
3.530774688720703125e+01
8.544749450683593750e+01
6.328505706787109375e+01
8.603078460693359375e+01
9.456273651123046875e+01
5.879876708984375000e+01
4.004611206054687500e+01
4.522685623168945312e+01
3.867564392089843750e+01
5.563390350341796875e+01
6.442485809326171875e+01
1.914740905761718750e+02
5.418473052978515625e+01
6.355880737304687500e+01
5.874824142456054688e+01
6.463859558105468750e+01
4.405258560180664062e+01
5.125719451904296875e+01
5.280850982666015625e+01
6.064840316772460938e+01
1.054314117431640625e+02
3.293906021118164062e+01
3.000000000000000000e+01
6.320722579956054688e+01
1.060559082031250000e+02
7.633003997802734375e+01
1.355296783447265625e+02
3.659056091308593750e+01
5.394287109375000000e+01
5.705046081542968750e+01
8.043654632568359375e+01
1.739199829101562500e+02
6.543606567382812500e+01
4.762754058837890625e+01
5.651710128784179688e+01
3.000000000000000000e+01
4.461085891723632812e+01
8.203376007080078125e+01
3.414110946655273438e+01
3.571885681152343750e+01
5.488753509521484375e+01
8.875289916992187500e+01
4.544845581054687500e+01
8.978667449951171875e+01
3.749284744262695312e+01
4.417100143432617188e+01
5.997703170776367188e+01
7.397917938232421875e+01
5.469993591308593750e+01
4.565068054199218750e+01
4.359531402587890625e+01
4.434201049804687500e+01
3.301700973510742188e+01
3.957965469360351562e+01
4.258216857910156250e+01
5.830977630615234375e+01
5.402824401855468750e+01
4.379217910766601562e+01
3.000000000000000000e+01
4.693704223632812500e+01
3.956746292114257812e+01
3.944430541992187500e+01
1.360114440917968750e+02
3.000000000000000000e+01
7.141236877441406250e+01
1.084968795776367188e+02
4.521495056152343750e+01
3.433522796630859375e+01
4.328080749511718750e+01
5.638323593139648438e+01
6.971328735351562500e+01
5.559902954101562500e+01
4.786171722412109375e+01
6.428413391113281250e+01
5.848441314697265625e+01
5.768888854980468750e+01
3.940228652954101562e+01
7.546762084960937500e+01
4.395945739746093750e+01
6.267388153076171875e+01
5.504680633544921875e+01
3.322470474243164062e+01
3.640043258666992188e+01
5.801294708251953125e+01
5.179859161376953125e+01
4.519440841674804688e+01
4.781407928466796875e+01
5.134886932373046875e+01
5.161032867431640625e+01
6.593612670898437500e+01
7.626065063476562500e+01
4.748522186279296875e+01
8.535954284667968750e+01
4.516553497314453125e+01
5.202273559570312500e+01
4.362741851806640625e+01
6.431527709960937500e+01
7.775962829589843750e+01
6.091477966308593750e+01
8.336753082275390625e+01
3.797640991210937500e+01
8.247181701660156250e+01
4.627234649658203125e+01
5.691710281372070312e+01
1.023909072875976562e+02
1.426600494384765625e+02
1.264778137207031250e+02
4.139106750488281250e+01
3.913748550415039062e+01
4.556071472167968750e+01
4.765171813964843750e+01
9.060462188720703125e+01
7.878638458251953125e+01
5.862288665771484375e+01
8.881901550292968750e+01
5.673796081542968750e+01
4.719472503662109375e+01
3.000000000000000000e+01
5.603299713134765625e+01
6.031761932373046875e+01
3.552270889282226562e+01
3.580725097656250000e+01
9.152197265625000000e+01
6.750003051757812500e+01
4.247052764892578125e+01
8.482087707519531250e+01
3.469548034667968750e+01
3.657072830200195312e+01
6.333659362792968750e+01
4.645285797119140625e+01
5.586647796630859375e+01
4.565068054199218750e+01
2.064266967773437500e+02
6.546634674072265625e+01
4.965101623535156250e+01
3.966061019897460938e+01
5.698406600952148438e+01
1.170316772460937500e+02
3.894675445556640625e+01
4.416832351684570312e+01
6.437502288818359375e+01
3.815189361572265625e+01
7.273554229736328125e+01
3.702587509155273438e+01
6.461418914794921875e+01
4.948192977905273438e+01
4.780545806884765625e+01
4.191527175903320312e+01
4.501048278808593750e+01
6.867438507080078125e+01
5.773301315307617188e+01
2.101466674804687500e+02
3.986318206787109375e+01
5.156881713867187500e+01
6.920829772949218750e+01
5.327057647705078125e+01
4.752147293090820312e+01
3.458963394165039062e+01
3.396077346801757812e+01
5.301287460327148438e+01
3.000000000000000000e+01
5.568743896484375000e+01
5.432811737060546875e+01
4.090541076660156250e+01
4.534093475341796875e+01
3.000000000000000000e+01
3.780060577392578125e+01
4.721678924560546875e+01
3.192627334594726562e+01
6.084786987304687500e+01
7.378170776367187500e+01
3.402513122558593750e+01
4.778559112548828125e+01
5.464064788818359375e+01
8.158795166015625000e+01
3.753456878662109375e+01
1.080853958129882812e+02
3.063526344299316406e+01
8.235660552978515625e+01
8.535691833496093750e+01
4.297082901000976562e+01
1.023909072875976562e+02
3.243047714233398438e+01
3.824369430541992188e+01
4.083639144897460938e+01
4.290800476074218750e+01
1.270353088378906250e+02
5.170544433593750000e+01
4.700761413574218750e+01
7.336273956298828125e+01
4.395640945434570312e+01
1.000343399047851562e+02
6.512741088867187500e+01
4.643046951293945312e+01
5.404291915893554688e+01
6.982427978515625000e+01
7.893862152099609375e+01
7.488775634765625000e+01
6.908505249023437500e+01
3.846435546875000000e+01
3.568056488037109375e+01
5.958196258544921875e+01
7.374075317382812500e+01
1.044415283203125000e+02
8.588452148437500000e+01
1.186241302490234375e+02
5.302708816528320312e+01
4.334561538696289062e+01
5.717354202270507812e+01
3.111771774291992188e+01
5.283655548095703125e+01
3.000000000000000000e+01
3.000000000000000000e+01
7.291479492187500000e+01
1.222716751098632812e+02
5.960636520385742188e+01
3.671246719360351562e+01
4.398243331909179688e+01
6.731337738037109375e+01
3.551820373535156250e+01
4.844632720947265625e+01
6.442485809326171875e+01
4.054808807373046875e+01
7.387370300292968750e+01
4.461085510253906250e+01
5.597497177124023438e+01
5.808617019653320312e+01
3.643899536132812500e+01
4.268561935424804688e+01
5.457600021362304688e+01
3.980991363525390625e+01
6.546532440185546875e+01
7.883309936523437500e+01
5.327457427978515625e+01
8.994949340820312500e+01
5.069577789306640625e+01
3.571122741699218750e+01
3.644430923461914062e+01
3.535315704345703125e+01
4.377192687988281250e+01
3.804114913940429688e+01
4.065985870361328125e+01
4.142761993408203125e+01
9.353753662109375000e+01
4.118971252441406250e+01
3.364262008666992188e+01
9.726067352294921875e+01
7.547134399414062500e+01
4.094548797607421875e+01
5.893164825439453125e+01
7.564742279052734375e+01
4.308597946166992188e+01
3.986254119873046875e+01
1.011895904541015625e+02
4.358571243286132812e+01
7.474513244628906250e+01
3.884802246093750000e+01
3.136346817016601562e+01
6.032932662963867188e+01
4.575559234619140625e+01
4.215354156494140625e+01
4.935327148437500000e+01
4.597559356689453125e+01
5.415256500244140625e+01
4.080528640747070312e+01
6.264213562011718750e+01
3.000000000000000000e+01
3.480400085449218750e+01
8.534461975097656250e+01
8.896202850341796875e+01
4.004356765747070312e+01
1.004725646972656250e+02
5.000331878662109375e+01
3.639369201660156250e+01
8.985710144042968750e+01
1.027743988037109375e+02
3.859022521972656250e+01
5.392105865478515625e+01
4.686829376220703125e+01
4.885217285156250000e+01
3.127128601074218750e+01
7.172885894775390625e+01
4.325927734375000000e+01
4.300724029541015625e+01
3.304063796997070312e+01
5.328744888305664062e+01
5.977528381347656250e+01
3.441719055175781250e+01
5.727510833740234375e+01
5.478415679931640625e+01
5.366551589965820312e+01
7.606473541259765625e+01
6.825666809082031250e+01
4.016767883300781250e+01
5.333554077148437500e+01
3.449932479858398438e+01
5.797984695434570312e+01
6.022607421875000000e+01
8.319903564453125000e+01
6.461418914794921875e+01
5.569622802734375000e+01
6.424169921875000000e+01
5.727510452270507812e+01
3.199600982666015625e+01
4.854666137695312500e+01
4.860717391967773438e+01
3.895468139648437500e+01
6.701632690429687500e+01
5.445799636840820312e+01
3.000000000000000000e+01
7.187997436523437500e+01
4.862681961059570312e+01
5.059015655517578125e+01
3.182579803466796875e+01
5.585396575927734375e+01
4.166139984130859375e+01
4.311339569091796875e+01
7.130558776855468750e+01
3.503203964233398438e+01
5.153661346435546875e+01
3.714191436767578125e+01
8.042121887207031250e+01
6.235647201538085938e+01
3.728932189941406250e+01
4.735107421875000000e+01
3.951244354248046875e+01
8.473797607421875000e+01
7.514458465576171875e+01
3.020122146606445312e+01
4.053719711303710938e+01
5.804539108276367188e+01
5.262101745605468750e+01
5.742221069335937500e+01
3.861872100830078125e+01
6.875717163085937500e+01
3.779750442504882812e+01
3.812267303466796875e+01
4.628849029541015625e+01
4.137805938720703125e+01
7.168096160888671875e+01
3.112363052368164062e+01
8.424127960205078125e+01
5.725880813598632812e+01
5.052161407470703125e+01
4.066640472412109375e+01
4.436281585693359375e+01
4.053256988525390625e+01
5.143601989746093750e+01
3.913748550415039062e+01
4.072676849365234375e+01
4.450878524780273438e+01
5.007821655273437500e+01
5.312550354003906250e+01
6.024377441406250000e+01
6.496498107910156250e+01
5.336652755737304688e+01
5.606063842773437500e+01
4.981172943115234375e+01
3.000000000000000000e+01
4.627460479736328125e+01
4.436281204223632812e+01
8.336753082275390625e+01
4.709357452392578125e+01
5.112586212158203125e+01
3.131102752685546875e+01
6.442523193359375000e+01
5.717818450927734375e+01
8.640393066406250000e+01
3.597577667236328125e+01
3.384399795532226562e+01
5.660761260986328125e+01
3.423435592651367188e+01
5.092056274414062500e+01
3.470307922363281250e+01
4.626100921630859375e+01
3.133274269104003906e+01
3.000000000000000000e+01
3.780164337158203125e+01
4.551152801513671875e+01
6.885800170898437500e+01
4.195449066162109375e+01
8.319903564453125000e+01
5.442156600952148438e+01
4.259136962890625000e+01
4.040214538574218750e+01
4.323977279663085938e+01
3.504066848754882812e+01
4.238410568237304688e+01
5.724798583984375000e+01
7.207997131347656250e+01
5.148431396484375000e+01
4.404531478881835938e+01
4.370944213867187500e+01
7.837380218505859375e+01
5.671999740600585938e+01
3.883428955078125000e+01
3.000000000000000000e+01
3.000000000000000000e+01
3.912114715576171875e+01
3.322470474243164062e+01
6.144105529785156250e+01
4.111293411254882812e+01
4.727342987060546875e+01
4.243106842041015625e+01
3.000000000000000000e+01
3.861791229248046875e+01
5.323587799072265625e+01
4.117418289184570312e+01
8.396214294433593750e+01
3.003844451904296875e+01
7.901406860351562500e+01
5.442156600952148438e+01
6.484416198730468750e+01
3.469763183593750000e+01
3.569752502441406250e+01
4.975695419311523438e+01
3.000000000000000000e+01
4.594130706787109375e+01
7.458230590820312500e+01
3.000000000000000000e+01
4.562880325317382812e+01
5.169971847534179688e+01
3.093558692932128906e+01
5.559189605712890625e+01
5.200272369384765625e+01
4.142182922363281250e+01
4.307050704956054688e+01
7.041151428222656250e+01
5.282617187500000000e+01
6.982427978515625000e+01
7.944126129150390625e+01
3.000000000000000000e+01
6.941701507568359375e+01
3.605601119995117188e+01
5.648814392089843750e+01
4.595259857177734375e+01
4.972332763671875000e+01
6.509791564941406250e+01
7.562023925781250000e+01
3.540308761596679688e+01
6.372366714477539062e+01
7.841680908203125000e+01
3.138715934753417969e+01
8.146427917480468750e+01
4.916452789306640625e+01
3.000000000000000000e+01
4.003342819213867188e+01
4.467792510986328125e+01
3.981651687622070312e+01
6.618332672119140625e+01
4.974991607666015625e+01
5.156881713867187500e+01
4.714430999755859375e+01
4.884924316406250000e+01
5.205894088745117188e+01
3.695529937744140625e+01
7.325598144531250000e+01
4.253664398193359375e+01
4.790008544921875000e+01
5.253914260864257812e+01
5.061072540283203125e+01
4.832051086425781250e+01
3.914304733276367188e+01
4.735107421875000000e+01
3.000000000000000000e+01
3.398575973510742188e+01
3.427357101440429688e+01
3.995692062377929688e+01
3.697693252563476562e+01
4.188288497924804688e+01
6.320722579956054688e+01
3.742338943481445312e+01
4.319772338867187500e+01
4.522317886352539062e+01
7.248165893554687500e+01
5.008712005615234375e+01
6.350501251220703125e+01
1.049378356933593750e+02
4.622095489501953125e+01
4.521970367431640625e+01
3.808751678466796875e+01
4.641956329345703125e+01
3.997571563720703125e+01
4.395835876464843750e+01
5.718454360961914062e+01
9.456273651123046875e+01
4.299946594238281250e+01
3.658483505249023438e+01
4.714037322998046875e+01
4.869595336914062500e+01
3.705638885498046875e+01
5.178140258789062500e+01
4.645285797119140625e+01
5.118301773071289062e+01
3.000000000000000000e+01
6.360805130004882812e+01
3.725820159912109375e+01
5.034988784790039062e+01
5.408402252197265625e+01
5.306288909912109375e+01
5.125482940673828125e+01
5.330664825439453125e+01
3.028690719604492188e+01
6.761264038085937500e+01
4.764439773559570312e+01
4.259393310546875000e+01
7.633003997802734375e+01
4.039649581909179688e+01
3.978571319580078125e+01
4.405258560180664062e+01
4.437910461425781250e+01
3.350494766235351562e+01
4.995177078247070312e+01
4.239064025878906250e+01
4.667984008789062500e+01
3.589446258544921875e+01
4.990217208862304688e+01
5.550748443603515625e+01
5.426523590087890625e+01
5.516403198242187500e+01
3.281736373901367188e+01
3.132255172729492188e+01
5.325796890258789062e+01
6.208499908447265625e+01
3.282935714721679688e+01
3.918036651611328125e+01
5.106933593750000000e+01
5.119459533691406250e+01
4.911452484130859375e+01
6.609036254882812500e+01
4.740796279907226562e+01
6.253419876098632812e+01
3.757970046997070312e+01
1.087845840454101562e+02
8.720532226562500000e+01
4.089437103271484375e+01
6.515955352783203125e+01
3.000000000000000000e+01
6.287792968750000000e+01
4.429910278320312500e+01
3.000000000000000000e+01
8.470210266113281250e+01
4.304805374145507812e+01
3.979603576660156250e+01
5.030691528320312500e+01
8.571408843994140625e+01
4.592874145507812500e+01
4.556135559082031250e+01
3.361897659301757812e+01
4.684181213378906250e+01
3.905477142333984375e+01
3.482326126098632812e+01
4.421735382080078125e+01
8.558123779296875000e+01
5.120759582519531250e+01
4.109553527832031250e+01
3.664517211914062500e+01
4.527969741821289062e+01
3.505403900146484375e+01
4.386395263671875000e+01
5.381971740722656250e+01
1.080853958129882812e+02
5.332444000244140625e+01
8.215594482421875000e+01
6.527883911132812500e+01
7.245193481445312500e+01
5.850117874145507812e+01
3.000000000000000000e+01
3.680736923217773438e+01
5.210623168945312500e+01
3.952365875244140625e+01
4.340305328369140625e+01
4.083425140380859375e+01
3.294321823120117188e+01
4.908831024169921875e+01
3.429563903808593750e+01
3.249694442749023438e+01
4.551302337646484375e+01
6.518708801269531250e+01
4.846420669555664062e+01
3.000000000000000000e+01
4.846429443359375000e+01
3.545408248901367188e+01
3.000000000000000000e+01
5.181249237060546875e+01
7.776907348632812500e+01
4.929992675781250000e+01
4.774050521850585938e+01
3.000000000000000000e+01
8.230507659912109375e+01
5.321889495849609375e+01
3.000000000000000000e+01
8.473797607421875000e+01
3.587016296386718750e+01
8.694493865966796875e+01
4.127458953857421875e+01
6.614160156250000000e+01
5.892108917236328125e+01
3.875034332275390625e+01
3.000000000000000000e+01
4.184785461425781250e+01
5.229051208496093750e+01
4.121365356445312500e+01
4.782864761352539062e+01
4.131011581420898438e+01
4.701999282836914062e+01
4.227816009521484375e+01
7.273554229736328125e+01
6.449703979492187500e+01
7.801146697998046875e+01
3.956506347656250000e+01
3.825435256958007812e+01
6.891722869873046875e+01
4.908831024169921875e+01
5.831518936157226562e+01
4.984866714477539062e+01
6.132345581054687500e+01
4.807092285156250000e+01
4.309669876098632812e+01
3.718773651123046875e+01
3.988173294067382812e+01
3.000000000000000000e+01
7.560752868652343750e+01
3.793251419067382812e+01
3.876192474365234375e+01
3.000000000000000000e+01
4.358107757568359375e+01
4.798579406738281250e+01
3.000000000000000000e+01
4.179597091674804688e+01
5.222395324707031250e+01
3.351852416992187500e+01
5.630104827880859375e+01
7.336273956298828125e+01
3.000000000000000000e+01
5.734617614746093750e+01
5.120684432983398438e+01
4.093453979492187500e+01
4.098558807373046875e+01
5.141826629638671875e+01
3.226077651977539062e+01
3.927998352050781250e+01
4.012806320190429688e+01
5.037409973144531250e+01
3.000000000000000000e+01
3.798075103759765625e+01
3.990487670898437500e+01
3.856581115722656250e+01
3.175533676147460938e+01
3.000000000000000000e+01
3.525112152099609375e+01
5.462256240844726562e+01
4.414396286010742188e+01
8.571409606933593750e+01
5.166279220581054688e+01
3.308086013793945312e+01
3.000000000000000000e+01
8.208009338378906250e+01
3.022755432128906250e+01
4.388585281372070312e+01
7.560753631591796875e+01
4.737197113037109375e+01
4.021827697753906250e+01
4.301328659057617188e+01
5.464868927001953125e+01
9.083081817626953125e+01
8.023132324218750000e+01
5.712941741943359375e+01
6.913640594482421875e+01
3.000000000000000000e+01
3.690420532226562500e+01
4.676532363891601562e+01
3.967946243286132812e+01
5.120069885253906250e+01
5.582319641113281250e+01
4.184432983398437500e+01
3.553897094726562500e+01
7.726385498046875000e+01
3.679037857055664062e+01
5.461319732666015625e+01
5.497513580322265625e+01
5.004465484619140625e+01
3.287263488769531250e+01
3.000000000000000000e+01
3.605601501464843750e+01
3.471002197265625000e+01
4.315816116333007812e+01
7.378839111328125000e+01
4.069913101196289062e+01
4.492966079711914062e+01
7.158869171142578125e+01
5.214241790771484375e+01
4.189091491699218750e+01
3.472150802612304688e+01
4.716670227050781250e+01
4.166679382324218750e+01
3.976854705810546875e+01
3.189630508422851562e+01
4.518661117553710938e+01
6.579011535644531250e+01
6.187900543212890625e+01
5.438711547851562500e+01
3.000000000000000000e+01
4.887955093383789062e+01
3.683800888061523438e+01
3.543143844604492188e+01
5.403610992431640625e+01
3.851129150390625000e+01
3.971913146972656250e+01
3.191633033752441406e+01
3.563129043579101562e+01
3.775135421752929688e+01
4.270146942138671875e+01
5.273681640625000000e+01
4.324279022216796875e+01
4.299946594238281250e+01
5.586647415161132812e+01
4.540156173706054688e+01
3.827555847167968750e+01
4.950734329223632812e+01
3.000000000000000000e+01
7.579771423339843750e+01
4.372468566894531250e+01
4.791191864013671875e+01
4.277914428710937500e+01
8.158795928955078125e+01
4.451071548461914062e+01
3.713548278808593750e+01
3.000000000000000000e+01
3.073681640625000000e+01
5.063778686523437500e+01
4.729763793945312500e+01
4.324835586547851562e+01
3.948723602294921875e+01
3.000000000000000000e+01
3.031426811218261719e+01
3.529397201538085938e+01
4.764382171630859375e+01
4.028868865966796875e+01
5.956528091430664062e+01
4.695220947265625000e+01
6.507920837402343750e+01
4.387635803222656250e+01
4.457834243774414062e+01
6.302597045898437500e+01
3.402040100097656250e+01
5.525219345092773438e+01
3.000000000000000000e+01
3.419542312622070312e+01
4.255019378662109375e+01
5.026352691650390625e+01
3.234799194335937500e+01
3.824425888061523438e+01
3.000000000000000000e+01
3.559770965576171875e+01
3.803773117065429688e+01
3.836529159545898438e+01
4.400000000000000000e+01
6.200000000000000000e+01
3.700000000000000000e+01
3.200000000000000000e+01
1.040000000000000000e+02
4.600000000000000000e+01
3.600000000000000000e+01
9.200000000000000000e+01
7.500000000000000000e+01
1.530000000000000000e+02
3.900000000000000000e+01
9.000000000000000000e+01
4.200000000000000000e+01
7.600000000000000000e+01
3.600000000000000000e+01
6.100000000000000000e+01
6.300000000000000000e+01
3.300000000000000000e+01
3.300000000000000000e+01
2.180000000000000000e+02
4.200000000000000000e+01
1.350000000000000000e+02
4.800000000000000000e+01
3.600000000000000000e+01
4.900000000000000000e+01
6.400000000000000000e+01
3.400000000000000000e+01
6.300000000000000000e+01
2.020000000000000000e+02
5.700000000000000000e+01
9.100000000000000000e+01
6.500000000000000000e+01
3.900000000000000000e+01
1.200000000000000000e+02
6.900000000000000000e+01
3.900000000000000000e+01
8.100000000000000000e+01
6.200000000000000000e+01
4.300000000000000000e+01
4.100000000000000000e+01
3.500000000000000000e+01
3.200000000000000000e+01
4.500000000000000000e+01
1.180000000000000000e+02
5.000000000000000000e+01
3.400000000000000000e+01
3.900000000000000000e+01
7.000000000000000000e+01
2.580000000000000000e+02
3.200000000000000000e+01
4.300000000000000000e+01
3.100000000000000000e+01
1.010000000000000000e+02
4.200000000000000000e+01
1.300000000000000000e+02
3.500000000000000000e+01
6.500000000000000000e+01
4.500000000000000000e+01
6.100000000000000000e+01
2.010000000000000000e+02
3.200000000000000000e+01
1.050000000000000000e+02
4.000000000000000000e+01
9.600000000000000000e+01
1.260000000000000000e+02
6.400000000000000000e+01
5.300000000000000000e+01
3.100000000000000000e+01
4.900000000000000000e+01
7.400000000000000000e+01
5.100000000000000000e+01
7.000000000000000000e+01
2.020000000000000000e+02
3.200000000000000000e+01
7.400000000000000000e+01
3.200000000000000000e+01
5.100000000000000000e+01
5.600000000000000000e+01
3.500000000000000000e+01
6.100000000000000000e+01
4.500000000000000000e+01
3.800000000000000000e+01
6.400000000000000000e+01
1.820000000000000000e+02
9.900000000000000000e+01
6.500000000000000000e+01
3.700000000000000000e+01
5.300000000000000000e+01
7.800000000000000000e+01
6.300000000000000000e+01
5.700000000000000000e+01
4.300000000000000000e+01
4.900000000000000000e+01
5.800000000000000000e+01
8.900000000000000000e+01
8.400000000000000000e+01
8.700000000000000000e+01
4.500000000000000000e+01
7.500000000000000000e+01
3.900000000000000000e+01
1.180000000000000000e+02
4.700000000000000000e+01
1.370000000000000000e+02
3.700000000000000000e+01
3.900000000000000000e+01
1.380000000000000000e+02
3.900000000000000000e+01
5.600000000000000000e+01
3.800000000000000000e+01
3.500000000000000000e+01
4.000000000000000000e+01
3.100000000000000000e+01
8.400000000000000000e+01
1.400000000000000000e+02
4.600000000000000000e+01
4.800000000000000000e+01
1.690000000000000000e+02
6.000000000000000000e+01
1.030000000000000000e+02
7.300000000000000000e+01
4.900000000000000000e+01
1.710000000000000000e+02
3.500000000000000000e+01
4.200000000000000000e+01
3.800000000000000000e+01
5.400000000000000000e+01
8.400000000000000000e+01
4.700000000000000000e+01
3.700000000000000000e+01
7.100000000000000000e+01
3.000000000000000000e+01
1.010000000000000000e+02
6.600000000000000000e+01
3.100000000000000000e+01
7.800000000000000000e+01
3.000000000000000000e+01
9.600000000000000000e+01
3.200000000000000000e+01
3.100000000000000000e+01
1.330000000000000000e+02
3.800000000000000000e+01
1.030000000000000000e+02
8.900000000000000000e+01
3.500000000000000000e+01
7.500000000000000000e+01
9.100000000000000000e+01
8.200000000000000000e+01
5.500000000000000000e+01
3.100000000000000000e+01
7.100000000000000000e+01
6.200000000000000000e+01
6.900000000000000000e+01
6.500000000000000000e+01
1.160000000000000000e+02
4.600000000000000000e+01
1.020000000000000000e+02
3.600000000000000000e+01
1.400000000000000000e+02
3.000000000000000000e+01
8.900000000000000000e+01
4.300000000000000000e+01
7.600000000000000000e+01
3.700000000000000000e+01
3.400000000000000000e+01
9.800000000000000000e+01
3.000000000000000000e+01
4.600000000000000000e+01
7.700000000000000000e+01
3.500000000000000000e+01
1.240000000000000000e+02
3.000000000000000000e+01
3.600000000000000000e+01
3.000000000000000000e+01
3.100000000000000000e+01
7.600000000000000000e+01
5.600000000000000000e+01
4.400000000000000000e+01
6.700000000000000000e+01
1.300000000000000000e+02
4.100000000000000000e+01
1.180000000000000000e+02
6.100000000000000000e+01
4.600000000000000000e+01
3.300000000000000000e+01
3.300000000000000000e+01
3.100000000000000000e+01
3.800000000000000000e+01
7.600000000000000000e+01
4.500000000000000000e+01
3.300000000000000000e+01
7.000000000000000000e+01
6.800000000000000000e+01
6.200000000000000000e+01
4.000000000000000000e+01
8.100000000000000000e+01
3.000000000000000000e+01
5.500000000000000000e+01
7.500000000000000000e+01
1.290000000000000000e+02
7.100000000000000000e+01
5.800000000000000000e+01
1.480000000000000000e+02
1.250000000000000000e+02
5.800000000000000000e+01
4.100000000000000000e+01
4.400000000000000000e+01
4.000000000000000000e+01
8.000000000000000000e+01
1.040000000000000000e+02
4.700000000000000000e+01
4.500000000000000000e+01
5.400000000000000000e+01
3.500000000000000000e+01
3.800000000000000000e+01
3.400000000000000000e+01
5.100000000000000000e+01
6.800000000000000000e+01
8.500000000000000000e+01
3.300000000000000000e+01
3.500000000000000000e+01
3.100000000000000000e+01
6.300000000000000000e+01
1.440000000000000000e+02
4.000000000000000000e+01
4.900000000000000000e+01
3.300000000000000000e+01
9.700000000000000000e+01
1.470000000000000000e+02
4.400000000000000000e+01
9.900000000000000000e+01
3.700000000000000000e+01
7.300000000000000000e+01
8.500000000000000000e+01
3.000000000000000000e+01
3.100000000000000000e+01
7.200000000000000000e+01
3.000000000000000000e+01
4.600000000000000000e+01
8.700000000000000000e+01
5.900000000000000000e+01
3.600000000000000000e+01
1.110000000000000000e+02
2.290000000000000000e+02
5.600000000000000000e+01
1.070000000000000000e+02
3.100000000000000000e+01
4.400000000000000000e+01
1.170000000000000000e+02
1.870000000000000000e+02
4.400000000000000000e+01
6.400000000000000000e+01
3.600000000000000000e+01
4.000000000000000000e+01
6.200000000000000000e+01
4.200000000000000000e+01
5.700000000000000000e+01
5.200000000000000000e+01
5.800000000000000000e+01
3.900000000000000000e+01
2.500000000000000000e+02
8.900000000000000000e+01
9.200000000000000000e+01
6.600000000000000000e+01
3.400000000000000000e+01
1.050000000000000000e+02
4.700000000000000000e+01
2.160000000000000000e+02
4.700000000000000000e+01
6.600000000000000000e+01
3.600000000000000000e+01
5.500000000000000000e+01
5.000000000000000000e+01
6.600000000000000000e+01
5.200000000000000000e+01
2.210000000000000000e+02
3.300000000000000000e+01
9.300000000000000000e+01
1.070000000000000000e+02
1.380000000000000000e+02
1.000000000000000000e+02
5.600000000000000000e+01
5.900000000000000000e+01
6.600000000000000000e+01
4.000000000000000000e+01
8.800000000000000000e+01
4.700000000000000000e+01
3.000000000000000000e+01
4.000000000000000000e+01
3.800000000000000000e+01
4.600000000000000000e+01
4.400000000000000000e+01
3.400000000000000000e+01
3.800000000000000000e+01
1.140000000000000000e+02
4.100000000000000000e+01
3.200000000000000000e+01
3.200000000000000000e+01
4.100000000000000000e+01
5.500000000000000000e+01
4.300000000000000000e+01
9.300000000000000000e+01
3.700000000000000000e+01
4.600000000000000000e+01
8.200000000000000000e+01
1.610000000000000000e+02
3.300000000000000000e+01
1.110000000000000000e+02
1.070000000000000000e+02
7.200000000000000000e+01
1.360000000000000000e+02
1.660000000000000000e+02
3.200000000000000000e+01
1.340000000000000000e+02
7.900000000000000000e+01
9.500000000000000000e+01
5.300000000000000000e+01
5.600000000000000000e+01
1.650000000000000000e+02
5.800000000000000000e+01
7.400000000000000000e+01
5.800000000000000000e+01
5.600000000000000000e+01
7.500000000000000000e+01
3.100000000000000000e+01
3.000000000000000000e+01
3.400000000000000000e+01
3.200000000000000000e+01
4.100000000000000000e+01
1.910000000000000000e+02
3.200000000000000000e+01
1.110000000000000000e+02
3.300000000000000000e+01
3.100000000000000000e+01
7.800000000000000000e+01
5.100000000000000000e+01
5.300000000000000000e+01
1.240000000000000000e+02
3.700000000000000000e+01
3.100000000000000000e+01
3.900000000000000000e+01
6.300000000000000000e+01
9.600000000000000000e+01
3.300000000000000000e+01
9.600000000000000000e+01
5.000000000000000000e+01
4.600000000000000000e+01
1.380000000000000000e+02
3.200000000000000000e+01
4.700000000000000000e+01
8.900000000000000000e+01
2.130000000000000000e+02
2.020000000000000000e+02
3.100000000000000000e+01
1.660000000000000000e+02
3.900000000000000000e+01
1.460000000000000000e+02
6.000000000000000000e+01
4.700000000000000000e+01
1.450000000000000000e+02
8.200000000000000000e+01
4.300000000000000000e+01
1.850000000000000000e+02
4.300000000000000000e+01
6.200000000000000000e+01
1.260000000000000000e+02
4.000000000000000000e+01
1.090000000000000000e+02
1.070000000000000000e+02
3.000000000000000000e+01
4.000000000000000000e+01
4.200000000000000000e+01
4.800000000000000000e+01
1.590000000000000000e+02
1.710000000000000000e+02
3.100000000000000000e+01
2.620000000000000000e+02
1.060000000000000000e+02
7.100000000000000000e+01
6.500000000000000000e+01
8.600000000000000000e+01
3.400000000000000000e+01
3.500000000000000000e+01
3.200000000000000000e+01
3.700000000000000000e+01
1.120000000000000000e+02
1.720000000000000000e+02
6.400000000000000000e+01
4.500000000000000000e+01
5.200000000000000000e+01
2.640000000000000000e+02
5.600000000000000000e+01
3.800000000000000000e+01
3.100000000000000000e+01
3.100000000000000000e+01
5.600000000000000000e+01
6.600000000000000000e+01
7.900000000000000000e+01
1.270000000000000000e+02
6.200000000000000000e+01
5.100000000000000000e+01
4.000000000000000000e+01
4.300000000000000000e+01
2.270000000000000000e+02
3.800000000000000000e+01
4.200000000000000000e+01
1.070000000000000000e+02
3.300000000000000000e+01
5.400000000000000000e+01
3.100000000000000000e+01
2.070000000000000000e+02
7.800000000000000000e+01
7.700000000000000000e+01
5.000000000000000000e+01
6.300000000000000000e+01
6.400000000000000000e+01
3.300000000000000000e+01
6.000000000000000000e+01
9.500000000000000000e+01
3.200000000000000000e+01
3.600000000000000000e+01
1.040000000000000000e+02
3.500000000000000000e+01
3.600000000000000000e+01
1.140000000000000000e+02
4.200000000000000000e+01
4.600000000000000000e+01
7.200000000000000000e+01
3.900000000000000000e+01
5.200000000000000000e+01
9.500000000000000000e+01
3.900000000000000000e+01
7.100000000000000000e+01
2.430000000000000000e+02
3.100000000000000000e+01
1.400000000000000000e+02
5.000000000000000000e+01
3.100000000000000000e+01
1.000000000000000000e+02
6.800000000000000000e+01
3.900000000000000000e+01
6.500000000000000000e+01
4.600000000000000000e+01
9.300000000000000000e+01
8.100000000000000000e+01
1.610000000000000000e+02
3.600000000000000000e+01
8.200000000000000000e+01
7.400000000000000000e+01
1.870000000000000000e+02
1.090000000000000000e+02
7.400000000000000000e+01
7.800000000000000000e+01
5.800000000000000000e+01
4.600000000000000000e+01
1.040000000000000000e+02
4.700000000000000000e+01
1.730000000000000000e+02
1.150000000000000000e+02
3.900000000000000000e+01
1.110000000000000000e+02
4.400000000000000000e+01
4.800000000000000000e+01
3.900000000000000000e+01
4.200000000000000000e+01
5.600000000000000000e+01
1.580000000000000000e+02
3.400000000000000000e+01
3.400000000000000000e+01
6.500000000000000000e+01
5.400000000000000000e+01
1.060000000000000000e+02
3.000000000000000000e+01
5.000000000000000000e+01
1.440000000000000000e+02
1.600000000000000000e+02
6.700000000000000000e+01
4.000000000000000000e+01
5.100000000000000000e+01
6.900000000000000000e+01
6.900000000000000000e+01
9.800000000000000000e+01
4.600000000000000000e+01
4.700000000000000000e+01
4.400000000000000000e+01
5.400000000000000000e+01
8.400000000000000000e+01
6.400000000000000000e+01
3.600000000000000000e+01
8.600000000000000000e+01
9.500000000000000000e+01
4.300000000000000000e+01
4.200000000000000000e+01
4.800000000000000000e+01
3.300000000000000000e+01
5.100000000000000000e+01
3.100000000000000000e+01
3.200000000000000000e+01
3.900000000000000000e+01
3.600000000000000000e+01
6.900000000000000000e+01
5.200000000000000000e+01
3.400000000000000000e+01
7.600000000000000000e+01
5.900000000000000000e+01
4.900000000000000000e+01
6.900000000000000000e+01
5.700000000000000000e+01
9.300000000000000000e+01
3.900000000000000000e+01
3.200000000000000000e+01
4.500000000000000000e+01
4.100000000000000000e+01
3.600000000000000000e+01
4.200000000000000000e+01
6.200000000000000000e+01
4.100000000000000000e+01
3.300000000000000000e+01
1.140000000000000000e+02
3.900000000000000000e+01
6.500000000000000000e+01
7.800000000000000000e+01
3.900000000000000000e+01
9.000000000000000000e+01
4.400000000000000000e+01
5.000000000000000000e+01
1.350000000000000000e+02
5.000000000000000000e+01
1.000000000000000000e+02
2.100000000000000000e+02
4.100000000000000000e+01
4.100000000000000000e+01
7.100000000000000000e+01
3.500000000000000000e+01
5.100000000000000000e+01
4.900000000000000000e+01
2.050000000000000000e+02
5.600000000000000000e+01
4.600000000000000000e+01
6.100000000000000000e+01
3.300000000000000000e+01
7.600000000000000000e+01
1.110000000000000000e+02
3.000000000000000000e+01
6.400000000000000000e+01
5.600000000000000000e+01
3.400000000000000000e+01
3.400000000000000000e+01
3.400000000000000000e+01
6.000000000000000000e+01
3.300000000000000000e+01
4.800000000000000000e+01
3.200000000000000000e+01
4.200000000000000000e+01
6.200000000000000000e+01
4.900000000000000000e+01
3.200000000000000000e+01
5.000000000000000000e+01
5.300000000000000000e+01
7.500000000000000000e+01
1.180000000000000000e+02
5.700000000000000000e+01
1.190000000000000000e+02
9.200000000000000000e+01
1.050000000000000000e+02
5.300000000000000000e+01
4.600000000000000000e+01
4.600000000000000000e+01
6.900000000000000000e+01
6.400000000000000000e+01
7.200000000000000000e+01
6.700000000000000000e+01
1.070000000000000000e+02
4.600000000000000000e+01
4.300000000000000000e+01
7.200000000000000000e+01
8.300000000000000000e+01
6.300000000000000000e+01
5.900000000000000000e+01
5.400000000000000000e+01
3.500000000000000000e+01
5.700000000000000000e+01
3.800000000000000000e+01
5.000000000000000000e+01
3.400000000000000000e+01
4.000000000000000000e+01
5.200000000000000000e+01
7.000000000000000000e+01
5.300000000000000000e+01
3.000000000000000000e+01
3.500000000000000000e+01
1.400000000000000000e+02
6.500000000000000000e+01
3.900000000000000000e+01
4.600000000000000000e+01
8.100000000000000000e+01
5.000000000000000000e+01
4.900000000000000000e+01
3.100000000000000000e+01
7.500000000000000000e+01
5.200000000000000000e+01
5.400000000000000000e+01
6.100000000000000000e+01
1.680000000000000000e+02
6.800000000000000000e+01
5.400000000000000000e+01
3.400000000000000000e+01
7.700000000000000000e+01
5.700000000000000000e+01
4.400000000000000000e+01
5.700000000000000000e+01
3.300000000000000000e+01
3.800000000000000000e+01
4.300000000000000000e+01
3.700000000000000000e+01
5.600000000000000000e+01
5.100000000000000000e+01
5.200000000000000000e+01
7.200000000000000000e+01
7.400000000000000000e+01
4.500000000000000000e+01
4.000000000000000000e+01
9.300000000000000000e+01
1.490000000000000000e+02
7.800000000000000000e+01
4.800000000000000000e+01
8.700000000000000000e+01
5.600000000000000000e+01
3.400000000000000000e+01
1.350000000000000000e+02
3.600000000000000000e+01
4.000000000000000000e+01
5.900000000000000000e+01
3.200000000000000000e+01
3.300000000000000000e+01
1.890000000000000000e+02
4.700000000000000000e+01
4.200000000000000000e+01
3.500000000000000000e+01
1.310000000000000000e+02
4.900000000000000000e+01
7.000000000000000000e+01
1.190000000000000000e+02
5.600000000000000000e+01
1.810000000000000000e+02
8.400000000000000000e+01
1.380000000000000000e+02
3.400000000000000000e+01
4.700000000000000000e+01
1.110000000000000000e+02
6.600000000000000000e+01
5.500000000000000000e+01
4.000000000000000000e+01
5.700000000000000000e+01
3.800000000000000000e+01
4.200000000000000000e+01
4.800000000000000000e+01
4.500000000000000000e+01
3.300000000000000000e+01
7.200000000000000000e+01
9.400000000000000000e+01
3.100000000000000000e+01
3.100000000000000000e+01
6.100000000000000000e+01
3.500000000000000000e+01
5.600000000000000000e+01
1.100000000000000000e+02
8.400000000000000000e+01
6.400000000000000000e+01
5.600000000000000000e+01
6.000000000000000000e+01
4.500000000000000000e+01
1.010000000000000000e+02
6.200000000000000000e+01
1.170000000000000000e+02
8.700000000000000000e+01
5.600000000000000000e+01
6.500000000000000000e+01
4.500000000000000000e+01
3.500000000000000000e+01
6.600000000000000000e+01
7.300000000000000000e+01
2.550000000000000000e+02
6.200000000000000000e+01
5.500000000000000000e+01
5.700000000000000000e+01
4.700000000000000000e+01
3.500000000000000000e+01
1.050000000000000000e+02
5.000000000000000000e+01
4.500000000000000000e+01
4.400000000000000000e+01
3.500000000000000000e+01
3.100000000000000000e+01
4.800000000000000000e+01
1.420000000000000000e+02
8.900000000000000000e+01
1.180000000000000000e+02
3.000000000000000000e+01
4.200000000000000000e+01
3.000000000000000000e+01
1.060000000000000000e+02
1.370000000000000000e+02
6.400000000000000000e+01
6.300000000000000000e+01
4.100000000000000000e+01
3.100000000000000000e+01
5.700000000000000000e+01
8.000000000000000000e+01
3.400000000000000000e+01
3.900000000000000000e+01
3.200000000000000000e+01
7.100000000000000000e+01
4.200000000000000000e+01
7.800000000000000000e+01
3.100000000000000000e+01
5.400000000000000000e+01
6.200000000000000000e+01
3.100000000000000000e+01
3.200000000000000000e+01
3.300000000000000000e+01
9.700000000000000000e+01
3.200000000000000000e+01
4.600000000000000000e+01
3.000000000000000000e+01
3.700000000000000000e+01
5.200000000000000000e+01
4.300000000000000000e+01
3.800000000000000000e+01
4.400000000000000000e+01
5.300000000000000000e+01
4.500000000000000000e+01
5.100000000000000000e+01
1.380000000000000000e+02
4.200000000000000000e+01
6.300000000000000000e+01
9.000000000000000000e+01
4.100000000000000000e+01
5.100000000000000000e+01
4.100000000000000000e+01
3.600000000000000000e+01
5.600000000000000000e+01
5.800000000000000000e+01
4.700000000000000000e+01
6.800000000000000000e+01
7.100000000000000000e+01
5.000000000000000000e+01
3.300000000000000000e+01
6.300000000000000000e+01
5.400000000000000000e+01
6.800000000000000000e+01
4.000000000000000000e+01
4.300000000000000000e+01
5.100000000000000000e+01
5.300000000000000000e+01
3.200000000000000000e+01
4.400000000000000000e+01
3.400000000000000000e+01
5.500000000000000000e+01
5.300000000000000000e+01
1.010000000000000000e+02
1.070000000000000000e+02
3.200000000000000000e+01
1.020000000000000000e+02
3.300000000000000000e+01
4.700000000000000000e+01
3.900000000000000000e+01
3.500000000000000000e+01
1.180000000000000000e+02
6.000000000000000000e+01
8.300000000000000000e+01
3.300000000000000000e+01
9.400000000000000000e+01
5.500000000000000000e+01
3.800000000000000000e+01
1.060000000000000000e+02
1.720000000000000000e+02
1.460000000000000000e+02
3.000000000000000000e+01
3.800000000000000000e+01
5.700000000000000000e+01
6.100000000000000000e+01
9.100000000000000000e+01
6.900000000000000000e+01
4.000000000000000000e+01
8.700000000000000000e+01
8.200000000000000000e+01
5.300000000000000000e+01
3.700000000000000000e+01
7.200000000000000000e+01
3.000000000000000000e+01
4.000000000000000000e+01
3.000000000000000000e+01
7.400000000000000000e+01
4.400000000000000000e+01
4.300000000000000000e+01
1.080000000000000000e+02
3.300000000000000000e+01
4.700000000000000000e+01
7.800000000000000000e+01
3.800000000000000000e+01
4.900000000000000000e+01
3.400000000000000000e+01
2.420000000000000000e+02
5.900000000000000000e+01
4.200000000000000000e+01
7.700000000000000000e+01
4.300000000000000000e+01
1.100000000000000000e+02
6.200000000000000000e+01
4.900000000000000000e+01
4.800000000000000000e+01
5.200000000000000000e+01
5.900000000000000000e+01
6.400000000000000000e+01
1.020000000000000000e+02
5.300000000000000000e+01
3.100000000000000000e+01
3.300000000000000000e+01
3.000000000000000000e+01
8.000000000000000000e+01
5.400000000000000000e+01
1.700000000000000000e+02
4.500000000000000000e+01
4.000000000000000000e+01
3.700000000000000000e+01
5.300000000000000000e+01
3.000000000000000000e+01
4.400000000000000000e+01
3.700000000000000000e+01
5.600000000000000000e+01
5.500000000000000000e+01
5.300000000000000000e+01
6.000000000000000000e+01
3.600000000000000000e+01
4.200000000000000000e+01
4.500000000000000000e+01
4.200000000000000000e+01
6.900000000000000000e+01
3.000000000000000000e+01
8.600000000000000000e+01
6.700000000000000000e+01
3.300000000000000000e+01
4.200000000000000000e+01
5.000000000000000000e+01
7.900000000000000000e+01
6.100000000000000000e+01
7.900000000000000000e+01
3.700000000000000000e+01
5.000000000000000000e+01
8.500000000000000000e+01
4.000000000000000000e+01
8.600000000000000000e+01
3.800000000000000000e+01
3.200000000000000000e+01
4.000000000000000000e+01
4.300000000000000000e+01
1.330000000000000000e+02
5.100000000000000000e+01
3.600000000000000000e+01
4.800000000000000000e+01
3.600000000000000000e+01
1.090000000000000000e+02
7.000000000000000000e+01
5.800000000000000000e+01
4.300000000000000000e+01
4.600000000000000000e+01
8.100000000000000000e+01
1.000000000000000000e+02
1.020000000000000000e+02
3.100000000000000000e+01
4.700000000000000000e+01
4.300000000000000000e+01
7.200000000000000000e+01
1.190000000000000000e+02
1.150000000000000000e+02
1.150000000000000000e+02
4.000000000000000000e+01
3.200000000000000000e+01
3.500000000000000000e+01
3.200000000000000000e+01
3.600000000000000000e+01
3.100000000000000000e+01
3.600000000000000000e+01
4.500000000000000000e+01
8.600000000000000000e+01
4.400000000000000000e+01
3.300000000000000000e+01
3.600000000000000000e+01
7.000000000000000000e+01
3.900000000000000000e+01
6.300000000000000000e+01
7.700000000000000000e+01
3.200000000000000000e+01
5.100000000000000000e+01
3.200000000000000000e+01
5.600000000000000000e+01
3.900000000000000000e+01
3.500000000000000000e+01
5.600000000000000000e+01
6.400000000000000000e+01
4.300000000000000000e+01
3.900000000000000000e+01
7.000000000000000000e+01
3.200000000000000000e+01
9.200000000000000000e+01
3.400000000000000000e+01
4.900000000000000000e+01
3.500000000000000000e+01
3.600000000000000000e+01
3.000000000000000000e+01
3.200000000000000000e+01
3.400000000000000000e+01
3.400000000000000000e+01
8.900000000000000000e+01
5.400000000000000000e+01
4.100000000000000000e+01
2.310000000000000000e+02
6.400000000000000000e+01
4.200000000000000000e+01
6.300000000000000000e+01
1.030000000000000000e+02
6.000000000000000000e+01
4.100000000000000000e+01
1.150000000000000000e+02
4.200000000000000000e+01
9.200000000000000000e+01
3.300000000000000000e+01
4.100000000000000000e+01
3.300000000000000000e+01
4.100000000000000000e+01
3.800000000000000000e+01
5.100000000000000000e+01
4.700000000000000000e+01
1.140000000000000000e+02
4.600000000000000000e+01
6.400000000000000000e+01
4.900000000000000000e+01
5.300000000000000000e+01
7.200000000000000000e+01
9.500000000000000000e+01
3.900000000000000000e+01
9.900000000000000000e+01
5.900000000000000000e+01
3.800000000000000000e+01
1.230000000000000000e+02
1.590000000000000000e+02
3.300000000000000000e+01
4.600000000000000000e+01
5.700000000000000000e+01
5.000000000000000000e+01
3.100000000000000000e+01
1.480000000000000000e+02
5.500000000000000000e+01
3.900000000000000000e+01
4.400000000000000000e+01
6.400000000000000000e+01
7.000000000000000000e+01
5.900000000000000000e+01
3.100000000000000000e+01
5.500000000000000000e+01
5.900000000000000000e+01
9.800000000000000000e+01
6.000000000000000000e+01
3.000000000000000000e+01
4.700000000000000000e+01
3.100000000000000000e+01
3.800000000000000000e+01
9.500000000000000000e+01
6.600000000000000000e+01
1.010000000000000000e+02
3.400000000000000000e+01
5.900000000000000000e+01
6.000000000000000000e+01
3.800000000000000000e+01
6.100000000000000000e+01
3.500000000000000000e+01
4.100000000000000000e+01
5.900000000000000000e+01
5.600000000000000000e+01
3.800000000000000000e+01
5.300000000000000000e+01
4.200000000000000000e+01
6.300000000000000000e+01
3.500000000000000000e+01
4.300000000000000000e+01
3.100000000000000000e+01
3.700000000000000000e+01
6.700000000000000000e+01
3.100000000000000000e+01
3.000000000000000000e+01
3.600000000000000000e+01
1.050000000000000000e+02
4.500000000000000000e+01
3.100000000000000000e+01
5.200000000000000000e+01
3.700000000000000000e+01
4.000000000000000000e+01
4.700000000000000000e+01
3.200000000000000000e+01
6.100000000000000000e+01
5.100000000000000000e+01
3.500000000000000000e+01
6.200000000000000000e+01
3.600000000000000000e+01
5.600000000000000000e+01
6.500000000000000000e+01
3.100000000000000000e+01
5.100000000000000000e+01
3.800000000000000000e+01
7.100000000000000000e+01
5.300000000000000000e+01
8.200000000000000000e+01
3.300000000000000000e+01
5.200000000000000000e+01
3.700000000000000000e+01
5.100000000000000000e+01
4.400000000000000000e+01
4.000000000000000000e+01
3.800000000000000000e+01
4.000000000000000000e+01
3.200000000000000000e+01
4.800000000000000000e+01
7.200000000000000000e+01
3.500000000000000000e+01
4.600000000000000000e+01
3.800000000000000000e+01
3.200000000000000000e+01
5.100000000000000000e+01
3.200000000000000000e+01
3.700000000000000000e+01
4.000000000000000000e+01
5.000000000000000000e+01
3.200000000000000000e+01
4.000000000000000000e+01
4.200000000000000000e+01
6.800000000000000000e+01
3.500000000000000000e+01
9.900000000000000000e+01
3.200000000000000000e+01
4.400000000000000000e+01
3.400000000000000000e+01
6.000000000000000000e+01
4.200000000000000000e+01
3.300000000000000000e+01
3.100000000000000000e+01
3.900000000000000000e+01
3.000000000000000000e+01
6.700000000000000000e+01
3.400000000000000000e+01
5.800000000000000000e+01
3.200000000000000000e+01
9.600000000000000000e+01
6.200000000000000000e+01
5.600000000000000000e+01
3.700000000000000000e+01
3.300000000000000000e+01
3.100000000000000000e+01
3.600000000000000000e+01
9.300000000000000000e+01
7.100000000000000000e+01
4.700000000000000000e+01
3.300000000000000000e+01
3.900000000000000000e+01
9.100000000000000000e+01
6.100000000000000000e+01
4.400000000000000000e+01
3.600000000000000000e+01
3.500000000000000000e+01
4.500000000000000000e+01
3.000000000000000000e+01
3.200000000000000000e+01
3.600000000000000000e+01
7.100000000000000000e+01
3.100000000000000000e+01
3.400000000000000000e+01
3.700000000000000000e+01
6.000000000000000000e+01
3.200000000000000000e+01
6.800000000000000000e+01
4.100000000000000000e+01
1.100000000000000000e+02
6.800000000000000000e+01
4.800000000000000000e+01
3.700000000000000000e+01
3.200000000000000000e+01
3.700000000000000000e+01
3.800000000000000000e+01
7.600000000000000000e+01
8.700000000000000000e+01
3.000000000000000000e+01
4.200000000000000000e+01
3.900000000000000000e+01
3.100000000000000000e+01
4.200000000000000000e+01
6.900000000000000000e+01
3.300000000000000000e+01
3.700000000000000000e+01
9.500000000000000000e+01
4.600000000000000000e+01
5.700000000000000000e+01
7.900000000000000000e+01
3.800000000000000000e+01
8.300000000000000000e+01
6.800000000000000000e+01
8.000000000000000000e+01
3.600000000000000000e+01
3.400000000000000000e+01
4.000000000000000000e+01
3.800000000000000000e+01
3.500000000000000000e+01
5.700000000000000000e+01
9.600000000000000000e+01
3.300000000000000000e+01
6.900000000000000000e+01
3.700000000000000000e+01
4.300000000000000000e+01
4.900000000000000000e+01
3.400000000000000000e+01
3.100000000000000000e+01
3.300000000000000000e+01
3.200000000000000000e+01
3.500000000000000000e+01
5.000000000000000000e+01
3.100000000000000000e+01
6.500000000000000000e+01
3.300000000000000000e+01
4.800000000000000000e+01
3.400000000000000000e+01
3.600000000000000000e+01
4.800000000000000000e+01
3.800000000000000000e+01
8.100000000000000000e+01
3.000000000000000000e+01
4.300000000000000000e+01
3.500000000000000000e+01
4.200000000000000000e+01
3.600000000000000000e+01
6.600000000000000000e+01
3.300000000000000000e+01
3.000000000000000000e+01
5.200000000000000000e+01
3.400000000000000000e+01
3.200000000000000000e+01
3.400000000000000000e+01
6.600000000000000000e+01
4.900000000000000000e+01
4.800000000000000000e+01
1.260000000000000000e+02
4.400000000000000000e+01
4.600000000000000000e+01
3.000000000000000000e+01
3.600000000000000000e+01
3.400000000000000000e+01
4.200000000000000000e+01
6.700000000000000000e+01
8.000000000000000000e+01
4.100000000000000000e+01
3.000000000000000000e+01
3.400000000000000000e+01
4.800000000000000000e+01
3.600000000000000000e+01
5.500000000000000000e+01
3.000000000000000000e+01
8.200000000000000000e+01
5.800000000000000000e+01
7.000000000000000000e+01
4.100000000000000000e+01
4.400000000000000000e+01
3.600000000000000000e+01
3.800000000000000000e+01
4.700000000000000000e+01
3.100000000000000000e+01
3.100000000000000000e+01
4.100000000000000000e+01
4.100000000000000000e+01
3.900000000000000000e+01
6.000000000000000000e+01
4.100000000000000000e+01
3.000000000000000000e+01
3.100000000000000000e+01
3.700000000000000000e+01
3.200000000000000000e+01
4.000000000000000000e+01
3.800000000000000000e+01
5.800000000000000000e+01
4.600000000000000000e+01
4.400000000000000000e+01
4.900000000000000000e+01
4.900000000000000000e+01
3.200000000000000000e+01
4.300000000000000000e+01
5.500000000000000000e+01
4.700000000000000000e+01
3.800000000000000000e+01
3.500000000000000000e+01
3.200000000000000000e+01
4.600000000000000000e+01
4.700000000000000000e+01
3.800000000000000000e+01
8.300000000000000000e+01
3.200000000000000000e+01
4.500000000000000000e+01
4.200000000000000000e+01
8.700000000000000000e+01
5.600000000000000000e+01
4.300000000000000000e+01
4.000000000000000000e+01
3.000000000000000000e+01
5.000000000000000000e+01
4.200000000000000000e+01
3.200000000000000000e+01
6.100000000000000000e+01
3.400000000000000000e+01
3.500000000000000000e+01
5.400000000000000000e+01
6.100000000000000000e+01
3.700000000000000000e+01
3.100000000000000000e+01
3.000000000000000000e+01
7.900000000000000000e+01
3.500000000000000000e+01
3.300000000000000000e+01
5.000000000000000000e+01
7.600000000000000000e+01
3.000000000000000000e+01
3.100000000000000000e+01
4.100000000000000000e+01
4.300000000000000000e+01
5.100000000000000000e+01
3.900000000000000000e+01
3.100000000000000000e+01
9.000000000000000000e+01
5.700000000000000000e+01
6.100000000000000000e+01
6.800000000000000000e+01
5.000000000000000000e+01
3.700000000000000000e+01
3.800000000000000000e+01
5.400000000000000000e+01
7.300000000000000000e+01
4.400000000000000000e+01
4.600000000000000000e+01
4.500000000000000000e+01
3.100000000000000000e+01
3.000000000000000000e+01
3.400000000000000000e+01
3.000000000000000000e+01
6.900000000000000000e+01
7.100000000000000000e+01
4.100000000000000000e+01
3.100000000000000000e+01
3.700000000000000000e+01
3.600000000000000000e+01
3.200000000000000000e+01
6.000000000000000000e+01
9.900000000000000000e+01
7.200000000000000000e+01
3.600000000000000000e+01
3.200000000000000000e+01
6.900000000000000000e+01
4.400000000000000000e+01
3.100000000000000000e+01
3.400000000000000000e+01
4.300000000000000000e+01
3.700000000000000000e+01
4.800000000000000000e+01
3.700000000000000000e+01
4.100000000000000000e+01
4.200000000000000000e+01
3.900000000000000000e+01
3.200000000000000000e+01
3.500000000000000000e+01
4.600000000000000000e+01
4.000000000000000000e+01
3.400000000000000000e+01
3.500000000000000000e+01
3.000000000000000000e+01
6.900000000000000000e+01
7.400000000000000000e+01
5.000000000000000000e+01
3.700000000000000000e+01
3.500000000000000000e+01
7.600000000000000000e+01
4.500000000000000000e+01
5.000000000000000000e+01
3.800000000000000000e+01
5.500000000000000000e+01
5.900000000000000000e+01
5.600000000000000000e+01
3.400000000000000000e+01
3.300000000000000000e+01
3.600000000000000000e+01
3.600000000000000000e+01
3.200000000000000000e+01
3.500000000000000000e+01
3.000000000000000000e+01
3.500000000000000000e+01
3.600000000000000000e+01
3.900000000000000000e+01
4.600000000000000000e+01
3.100000000000000000e+01
3.300000000000000000e+01
4.500000000000000000e+01
5.300000000000000000e+01
3.700000000000000000e+01
7.100000000000000000e+01
3.700000000000000000e+01
4.400000000000000000e+01
3.100000000000000000e+01
3.100000000000000000e+01
3.100000000000000000e+01
3.700000000000000000e+01
3.900000000000000000e+01
3.400000000000000000e+01
3.000000000000000000e+01
3.000000000000000000e+01
4.100000000000000000e+01
4.000000000000000000e+01
4.100000000000000000e+01
3.200000000000000000e+01
3.500000000000000000e+01
4.600000000000000000e+01
4.000000000000000000e+01
3.600000000000000000e+01
3.500000000000000000e+01
3.200000000000000000e+01
3.000000000000000000e+01
4.500000000000000000e+01
3.600000000000000000e+01
6.000000000000000000e+01
3.900000000000000000e+01
7.200000000000000000e+01
3.500000000000000000e+01
3.500000000000000000e+01
6.700000000000000000e+01
8.000000000000000000e+01
4.900000000000000000e+01
5.400000000000000000e+01
7.600000000000000000e+01
3.000000000000000000e+01
3.400000000000000000e+01
5.100000000000000000e+01
4.100000000000000000e+01
3.900000000000000000e+01
6.300000000000000000e+01
3.900000000000000000e+01
3.800000000000000000e+01
7.500000000000000000e+01
3.800000000000000000e+01
4.400000000000000000e+01
3.500000000000000000e+01
3.300000000000000000e+01
3.800000000000000000e+01
3.700000000000000000e+01
5.400000000000000000e+01
5.200000000000000000e+01
4.000000000000000000e+01
8.800000000000000000e+01
3.100000000000000000e+01
3.400000000000000000e+01
4.100000000000000000e+01
3.200000000000000000e+01
3.900000000000000000e+01
6.900000000000000000e+01
4.700000000000000000e+01
4.000000000000000000e+01
4.400000000000000000e+01
3.000000000000000000e+01
3.000000000000000000e+01
3.200000000000000000e+01
6.600000000000000000e+01
3.500000000000000000e+01
4.700000000000000000e+01
3.000000000000000000e+01
3.200000000000000000e+01
3.800000000000000000e+01
3.800000000000000000e+01
5.900000000000000000e+01
3.400000000000000000e+01
3.000000000000000000e+01
3.000000000000000000e+01
3.000000000000000000e+01
3.200000000000000000e+01
3.000000000000000000e+01
3.000000000000000000e+01
4.200000000000000000e+01
5.600000000000000000e+01
3.500000000000000000e+01
3.200000000000000000e+01
3.100000000000000000e+01
3.500000000000000000e+01
6.500000000000000000e+01
3.400000000000000000e+01
3.200000000000000000e+01
4.900000000000000000e+01
7.100000000000000000e+01
3.200000000000000000e+01
3.000000000000000000e+01
3.000000000000000000e+01
3.600000000000000000e+01
3.800000000000000000e+01
3.000000000000000000e+01
3.500000000000000000e+01
3.700000000000000000e+01
3.900000000000000000e+01
3.100000000000000000e+01
3.600000000000000000e+01
3.000000000000000000e+01
3.400000000000000000e+01
4.600000000000000000e+01
3.000000000000000000e+01
3.700000000000000000e+01
3.300000000000000000e+01
3.200000000000000000e+01
4.300000000000000000e+01
3.000000000000000000e+01
3.800000000000000000e+01
3.100000000000000000e+01
3.100000000000000000e+01
3.100000000000000000e+01
3.500000000000000000e+01
4.500000000000000000e+01
3.000000000000000000e+01
3.100000000000000000e+01
3.400000000000000000e+01
3.300000000000000000e+01
3.400000000000000000e+01
