5.644515228271484375e+01
6.622046661376953125e+01
4.229708099365234375e+01
4.097038269042968750e+01
7.166026306152343750e+01
5.762515258789062500e+01
3.000000000000000000e+01
6.194289016723632812e+01
5.808358001708984375e+01
1.128349761962890625e+02
5.121974945068359375e+01
1.193297729492187500e+02
4.835028457641601562e+01
4.928744888305664062e+01
5.036660003662109375e+01
4.964852905273437500e+01
7.577143859863281250e+01
4.237231445312500000e+01
4.360064697265625000e+01
1.501401367187500000e+02
3.736485671997070312e+01
9.667025756835937500e+01
3.468234252929687500e+01
3.705411529541015625e+01
3.361780166625976562e+01
6.654879760742187500e+01
3.000000000000000000e+01
5.583843994140625000e+01
1.732001953125000000e+02
5.109996032714843750e+01
5.716473388671875000e+01
4.102472686767578125e+01
3.964226531982421875e+01
9.844250488281250000e+01
6.284240722656250000e+01
6.893492126464843750e+01
6.594109344482421875e+01
5.624277496337890625e+01
4.513818359375000000e+01
3.520317459106445312e+01
4.352903747558593750e+01
3.650886154174804688e+01
4.951334381103515625e+01
3.987161254882812500e+01
3.205208587646484375e+01
4.034887695312500000e+01
3.886460876464843750e+01
6.501762390136718750e+01
1.150034103393554688e+02
6.025427246093750000e+01
4.922553253173828125e+01
3.691569519042968750e+01
7.077993774414062500e+01
4.876781082153320312e+01
1.223161926269531250e+02
3.951808166503906250e+01
7.010599517822265625e+01
4.808877563476562500e+01
6.965042877197265625e+01
7.287982177734375000e+01
5.957819747924804688e+01
7.409923553466796875e+01
4.157301330566406250e+01
1.047871475219726562e+02
1.033607788085937500e+02
5.721030807495117188e+01
5.047097396850585938e+01
3.000000000000000000e+01
4.570628738403320312e+01
5.572797393798828125e+01
6.626496887207031250e+01
3.906853485107421875e+01
1.012732849121093750e+02
3.500819778442382812e+01
5.552820205688476562e+01
3.502890396118164062e+01
4.709101104736328125e+01
5.971810150146484375e+01
4.234467697143554688e+01
6.663099670410156250e+01
3.795578002929687500e+01
7.577143096923828125e+01
5.265578079223632812e+01
1.270783843994140625e+02
1.090709838867187500e+02
4.476203536987304688e+01
4.071221923828125000e+01
5.069359588623046875e+01
4.835028839111328125e+01
6.324646377563476562e+01
4.229450988769531250e+01
4.722590255737304688e+01
6.299386215209960938e+01
5.454291534423828125e+01
1.093161849975585938e+02
9.765898132324218750e+01
6.717296600341796875e+01
3.637504959106445312e+01
6.267840576171875000e+01
4.024386978149414062e+01
1.028370208740234375e+02
6.953448486328125000e+01
1.633500366210937500e+02
3.635729598999023438e+01
4.607814025878906250e+01
9.484416198730468750e+01
3.000000000000000000e+01
5.015306854248046875e+01
5.377878189086914062e+01
3.000000000000000000e+01
3.348469924926757812e+01
3.000000000000000000e+01
7.273078918457031250e+01
1.369542846679687500e+02
4.205220794677734375e+01
4.214928054809570312e+01
9.737370300292968750e+01
4.833046340942382812e+01
8.687040710449218750e+01
5.240711975097656250e+01
4.744588470458984375e+01
6.199889755249023438e+01
5.140258407592773438e+01
3.618336868286132812e+01
4.239313507080078125e+01
5.400399017333984375e+01
5.945861434936523438e+01
5.494776916503906250e+01
4.642460632324218750e+01
4.845987701416015625e+01
3.859852981567382812e+01
1.105259323120117188e+02
4.324462890625000000e+01
3.000000000000000000e+01
5.810394668579101562e+01
4.408372497558593750e+01
1.134424438476562500e+02
4.382051467895507812e+01
4.561136627197265625e+01
7.665177154541015625e+01
4.685935592651367188e+01
8.202497100830078125e+01
7.104892730712890625e+01
5.408460998535156250e+01
6.825486755371093750e+01
4.865014266967773438e+01
8.107249450683593750e+01
9.609308624267578125e+01
5.631248474121093750e+01
1.138278884887695312e+02
5.537953186035156250e+01
7.805704498291015625e+01
5.936843109130859375e+01
7.232640075683593750e+01
4.336187744140625000e+01
1.200057449340820312e+02
3.000000000000000000e+01
1.369497375488281250e+02
4.048166656494140625e+01
4.991858673095703125e+01
3.510017776489257812e+01
5.808850097656250000e+01
4.497904205322265625e+01
3.274852371215820312e+01
7.400770568847656250e+01
4.403530883789062500e+01
5.811183166503906250e+01
5.052100372314453125e+01
3.079548263549804688e+01
1.080189971923828125e+02
3.954911041259765625e+01
4.997595214843750000e+01
4.315535354614257812e+01
3.000000000000000000e+01
5.927088928222656250e+01
6.002080535888671875e+01
4.099964904785156250e+01
4.764328002929687500e+01
6.824928283691406250e+01
5.104663848876953125e+01
7.372393798828125000e+01
6.197032165527343750e+01
6.470872497558593750e+01
5.664739227294921875e+01
4.139661026000976562e+01
3.599370574951171875e+01
4.563420104980468750e+01
6.794738769531250000e+01
4.989308166503906250e+01
4.427036285400390625e+01
4.829687500000000000e+01
5.345572662353515625e+01
4.580553436279296875e+01
3.908653259277343750e+01
5.388142395019531250e+01
4.174420928955078125e+01
4.694940948486328125e+01
8.425727844238281250e+01
1.537976074218750000e+02
5.982033157348632812e+01
6.375261306762695312e+01
1.266844787597656250e+02
7.238457489013671875e+01
4.103513336181640625e+01
5.880044555664062500e+01
3.770195007324218750e+01
5.841961288452148438e+01
4.449532699584960938e+01
1.127743225097656250e+02
3.666508483886718750e+01
4.908980178833007812e+01
9.996768951416015625e+01
4.286211013793945312e+01
4.805928802490234375e+01
3.598743820190429688e+01
4.969042968750000000e+01
5.110462951660156250e+01
5.643109130859375000e+01
4.103725051879882812e+01
4.318917083740234375e+01
3.426235198974609375e+01
5.457672119140625000e+01
9.973159790039062500e+01
3.927853775024414062e+01
4.328041458129882812e+01
3.737243270874023438e+01
6.339430999755859375e+01
1.187491760253906250e+02
6.477400207519531250e+01
1.315111083984375000e+02
3.854410934448242188e+01
5.254171371459960938e+01
6.655920410156250000e+01
5.450242614746093750e+01
3.858668518066406250e+01
6.749516296386718750e+01
4.520433807373046875e+01
4.763460540771484375e+01
7.320936584472656250e+01
4.966536712646484375e+01
4.286581802368164062e+01
1.283297729492187500e+02
1.130709533691406250e+02
6.041584777832031250e+01
9.287445831298828125e+01
3.000000000000000000e+01
5.072826385498046875e+01
1.343815307617187500e+02
1.923619079589843750e+02
4.883081817626953125e+01
6.376069641113281250e+01
4.584724426269531250e+01
4.139925384521484375e+01
9.831278991699218750e+01
4.911341857910156250e+01
5.928040313720703125e+01
4.045429992675781250e+01
4.326491546630859375e+01
4.140374374389648438e+01
1.244922332763671875e+02
6.054717254638671875e+01
5.223635101318359375e+01
4.677548217773437500e+01
4.694019317626953125e+01
1.297112121582031250e+02
4.802320098876953125e+01
1.446452636718750000e+02
5.793390655517578125e+01
7.478154754638671875e+01
5.435483551025390625e+01
5.810530853271484375e+01
4.763120651245117188e+01
6.041584777832031250e+01
7.805937194824218750e+01
2.013235473632812500e+02
3.787783050537109375e+01
7.536521911621093750e+01
8.503527832031250000e+01
9.596961975097656250e+01
9.912813568115234375e+01
6.463377380371093750e+01
7.291836547851562500e+01
6.045987319946289062e+01
4.691378784179687500e+01
6.088169860839843750e+01
3.843622589111328125e+01
3.104460906982421875e+01
6.392317199707031250e+01
4.270412445068359375e+01
4.229555130004882812e+01
4.041359710693359375e+01
3.000000000000000000e+01
3.856329345703125000e+01
7.983425903320312500e+01
3.000000000000000000e+01
3.000000000000000000e+01
4.824007797241210938e+01
4.948508834838867188e+01
4.807583618164062500e+01
5.526880645751953125e+01
4.939722442626953125e+01
3.426569747924804688e+01
4.381399536132812500e+01
7.258563232421875000e+01
5.660997009277343750e+01
4.448551177978515625e+01
7.227244567871093750e+01
8.115064239501953125e+01
6.438861083984375000e+01
1.359497680664062500e+02
1.395382080078125000e+02
3.000000000000000000e+01
9.607495117187500000e+01
1.109059295654296875e+02
9.805278015136718750e+01
4.466804122924804688e+01
3.600558471679687500e+01
1.178163909912109375e+02
5.866198730468750000e+01
6.267840957641601562e+01
4.689214706420898438e+01
5.037486267089843750e+01
4.847747802734375000e+01
5.229157638549804688e+01
3.830113983154296875e+01
3.337050628662109375e+01
4.129597091674804688e+01
3.662288665771484375e+01
1.012732849121093750e+02
3.000000000000000000e+01
7.470571136474609375e+01
4.923388671875000000e+01
5.788417434692382812e+01
4.602072143554687500e+01
4.482760620117187500e+01
4.727011871337890625e+01
6.369299316406250000e+01
5.477639007568359375e+01
3.280353164672851562e+01
3.386848068237304688e+01
5.314219284057617188e+01
9.491147613525390625e+01
4.160168457031250000e+01
6.438861083984375000e+01
4.884201049804687500e+01
4.036016845703125000e+01
1.704138183593750000e+02
4.307499313354492188e+01
5.060988616943359375e+01
1.133631362915039062e+02
1.482190551757812500e+02
1.939211425781250000e+02
5.471101760864257812e+01
7.409923553466796875e+01
3.171234130859375000e+01
9.699528503417968750e+01
6.554721069335937500e+01
3.437985992431640625e+01
1.456906890869140625e+02
5.943093109130859375e+01
5.835483169555664062e+01
1.264859619140625000e+02
5.511523437500000000e+01
5.490462875366210938e+01
9.696157836914062500e+01
3.438244628906250000e+01
7.058500671386718750e+01
1.158849487304687500e+02
3.000000000000000000e+01
6.119054412841796875e+01
5.479883193969726562e+01
4.845471191406250000e+01
1.026041107177734375e+02
1.377281036376953125e+02
3.381454086303710938e+01
1.316180572509765625e+02
8.396496582031250000e+01
5.109996032714843750e+01
6.848830413818359375e+01
9.022890472412109375e+01
3.000000000000000000e+01
3.440898895263671875e+01
3.000000000000000000e+01
4.479819488525390625e+01
6.306114959716796875e+01
1.130709457397460938e+02
5.152997970581054688e+01
4.924750137329101562e+01
4.230539321899414062e+01
2.653463134765625000e+02
3.394533920288085938e+01
4.433337020874023438e+01
3.285234069824218750e+01
3.000000000000000000e+01
3.721276092529296875e+01
6.676892852783203125e+01
7.860341644287109375e+01
1.050331115722656250e+02
5.202590560913085938e+01
4.226947784423828125e+01
5.269880294799804688e+01
4.464557266235351562e+01
1.519728088378906250e+02
3.931208801269531250e+01
4.341309356689453125e+01
7.008512878417968750e+01
4.585576629638671875e+01
5.811154174804687500e+01
6.466282653808593750e+01
1.326916503906250000e+02
7.731250000000000000e+01
8.910839080810546875e+01
5.240663909912109375e+01
3.886479949951171875e+01
6.840994262695312500e+01
3.000000000000000000e+01
5.403184890747070312e+01
5.148357391357421875e+01
3.000000000000000000e+01
3.519281387329101562e+01
1.005518264770507812e+02
3.000000000000000000e+01
4.467137908935546875e+01
1.396559295654296875e+02
5.272293853759765625e+01
4.769942092895507812e+01
7.427803039550781250e+01
4.464204788208007812e+01
5.673152542114257812e+01
9.060191345214843750e+01
5.514633178710937500e+01
7.470571136474609375e+01
2.071993560791015625e+02
5.229157638549804688e+01
1.292475280761718750e+02
4.171185302734375000e+01
4.833529281616210938e+01
8.839253234863281250e+01
5.583844375610351562e+01
5.876610183715820312e+01
7.176584625244140625e+01
3.000000000000000000e+01
6.440904998779296875e+01
5.991752624511718750e+01
7.151132202148437500e+01
4.458321380615234375e+01
4.849055862426757812e+01
6.838562011718750000e+01
8.798818969726562500e+01
8.690442657470703125e+01
6.282067871093750000e+01
5.936843109130859375e+01
5.053985595703125000e+01
5.680671691894531250e+01
6.245964050292968750e+01
3.518271255493164062e+01
1.057014846801757812e+02
9.264904785156250000e+01
3.000000000000000000e+01
9.528929138183593750e+01
6.824714660644531250e+01
4.559192276000976562e+01
4.503945922851562500e+01
4.935001754760742188e+01
4.695498275756835938e+01
1.861853332519531250e+02
3.200436401367187500e+01
5.396999359130859375e+01
5.539767074584960938e+01
4.268239593505859375e+01
1.009625244140625000e+02
4.224469375610351562e+01
4.345020294189453125e+01
1.389848480224609375e+02
5.660997009277343750e+01
8.620938873291015625e+01
3.000000000000000000e+01
3.345236206054687500e+01
5.720794296264648438e+01
8.814666748046875000e+01
8.866001892089843750e+01
9.717191314697265625e+01
6.708523559570312500e+01
3.901148223876953125e+01
6.834514617919921875e+01
8.390550994873046875e+01
4.497373199462890625e+01
4.805928802490234375e+01
8.322405242919921875e+01
8.784822845458984375e+01
5.581652832031250000e+01
5.604240417480468750e+01
5.392430877685546875e+01
3.000000000000000000e+01
4.009138488769531250e+01
3.218110656738281250e+01
3.000000000000000000e+01
3.000000000000000000e+01
3.402633666992187500e+01
4.911037063598632812e+01
5.121951675415039062e+01
4.760176849365234375e+01
8.199326324462890625e+01
5.629845428466796875e+01
4.320865249633789062e+01
3.930141448974609375e+01
4.878063201904296875e+01
6.204289245605468750e+01
3.000000000000000000e+01
3.307985687255859375e+01
6.344773864746093750e+01
3.773460388183593750e+01
5.603205871582031250e+01
3.630415344238281250e+01
5.243893051147460938e+01
3.000000000000000000e+01
5.036660385131835938e+01
1.055661849975585938e+02
5.348123931884765625e+01
3.544501113891601562e+01
6.050944137573242188e+01
4.341309356689453125e+01
6.784339141845703125e+01
3.166367721557617188e+01
4.824142456054687500e+01
1.347064056396484375e+02
4.706451034545898438e+01
1.130135345458984375e+02
1.214163131713867188e+02
3.724514389038085938e+01
3.355076217651367188e+01
8.972027587890625000e+01
3.922402191162109375e+01
6.306898498535156250e+01
4.677548217773437500e+01
1.347629547119140625e+02
4.187791442871093750e+01
7.073130798339843750e+01
4.966566467285156250e+01
3.000000000000000000e+01
5.407327651977539062e+01
1.093569641113281250e+02
4.882946395874023438e+01
6.342002487182617188e+01
5.606539916992187500e+01
3.557353973388671875e+01
3.293532943725585938e+01
5.308047485351562500e+01
4.535216522216796875e+01
4.322680664062500000e+01
3.870611572265625000e+01
3.931932067871093750e+01
4.406776809692382812e+01
5.176543045043945312e+01
4.998788070678710938e+01
4.691251754760742188e+01
5.393411254882812500e+01
5.015306854248046875e+01
6.346173095703125000e+01
1.127743225097656250e+02
5.298862457275390625e+01
1.038846206665039062e+02
8.010462188720703125e+01
1.203995361328125000e+02
3.567092895507812500e+01
5.526745986938476562e+01
4.893818664550781250e+01
3.879472351074218750e+01
7.587216949462890625e+01
7.294975280761718750e+01
8.246821594238281250e+01
8.581147766113281250e+01
4.205220794677734375e+01
4.567617797851562500e+01
6.537971496582031250e+01
8.138298034667968750e+01
4.434027099609375000e+01
5.538460540771484375e+01
4.826012802124023438e+01
3.920325088500976562e+01
9.702766418457031250e+01
4.229450988769531250e+01
4.751871109008789062e+01
4.498962783813476562e+01
4.797790908813476562e+01
4.491321182250976562e+01
8.452172851562500000e+01
4.295749664306640625e+01
3.152950477600097656e+01
3.319297027587890625e+01
1.050331115722656250e+02
5.549160385131835938e+01
4.197586822509765625e+01
4.581181335449218750e+01
6.038642120361328125e+01
5.016236114501953125e+01
5.120713806152343750e+01
5.459424591064453125e+01
6.582833862304687500e+01
3.977944564819335938e+01
4.482581329345703125e+01
6.908290100097656250e+01
8.858491516113281250e+01
8.362155151367187500e+01
5.218285751342773438e+01
3.712044525146484375e+01
7.485610961914062500e+01
7.817335510253906250e+01
5.019864654541015625e+01
5.464397430419921875e+01
6.025438690185546875e+01
4.038823318481445312e+01
5.189250183105468750e+01
4.260938262939453125e+01
3.000000000000000000e+01
5.011745071411132812e+01
6.959767150878906250e+01
6.838562011718750000e+01
5.381850433349609375e+01
5.607254409790039062e+01
3.912785339355468750e+01
8.244812011718750000e+01
1.057895202636718750e+02
7.289949035644531250e+01
3.842877197265625000e+01
1.203995361328125000e+02
5.471101760864257812e+01
5.617811965942382812e+01
8.784822845458984375e+01
3.713756942749023438e+01
3.593000030517578125e+01
7.601293182373046875e+01
3.000000000000000000e+01
4.366477203369140625e+01
2.358371429443359375e+02
4.769968032836914062e+01
3.823758316040039062e+01
3.853472137451171875e+01
1.256276092529296875e+02
5.338360977172851562e+01
5.945516967773437500e+01
9.237530517578125000e+01
5.038030624389648438e+01
1.405934753417968750e+02
8.301405334472656250e+01
9.091656494140625000e+01
3.000000000000000000e+01
3.764155197143554688e+01
7.713239288330078125e+01
7.124881744384765625e+01
6.935576629638671875e+01
5.477639007568359375e+01
4.955448150634765625e+01
3.094215202331542969e+01
4.687106323242187500e+01
6.442770385742187500e+01
6.109299468994140625e+01
3.966468048095703125e+01
7.192899322509765625e+01
7.949464416503906250e+01
3.662161254882812500e+01
3.332305908203125000e+01
5.420836639404296875e+01
3.229123687744140625e+01
4.648838043212890625e+01
1.189791564941406250e+02
5.176953887939453125e+01
7.210745239257812500e+01
5.358707427978515625e+01
5.174629974365234375e+01
3.465745544433593750e+01
8.202497100830078125e+01
6.420381164550781250e+01
8.337695312500000000e+01
1.002771682739257812e+02
5.684401702880859375e+01
4.380065155029296875e+01
3.747563171386718750e+01
4.692224121093750000e+01
5.685456085205078125e+01
7.099398803710937500e+01
1.861853332519531250e+02
5.211766052246093750e+01
5.352662658691406250e+01
5.661540985107421875e+01
5.126311492919921875e+01
4.787359237670898438e+01
5.352809906005859375e+01
5.267679595947265625e+01
6.386088562011718750e+01
1.019023361206054688e+02
3.000000000000000000e+01
3.000000000000000000e+01
5.680339813232421875e+01
1.095317153930664062e+02
6.717668151855468750e+01
1.130135345458984375e+02
3.000000000000000000e+01
5.094068527221679688e+01
4.689474487304687500e+01
7.550987243652343750e+01
1.729214172363281250e+02
6.559469604492187500e+01
5.054213714599609375e+01
5.152986145019531250e+01
3.851810455322265625e+01
3.000000000000000000e+01
8.152873992919921875e+01
3.720914459228515625e+01
3.825725555419921875e+01
5.848123550415039062e+01
7.632734680175781250e+01
5.044714355468750000e+01
1.016677246093750000e+02
3.793629455566406250e+01
5.410832214355468750e+01
5.866198730468750000e+01
7.360476684570312500e+01
5.558912658691406250e+01
4.633132934570312500e+01
4.607899475097656250e+01
4.075410079956054688e+01
3.346752929687500000e+01
3.931208801269531250e+01
4.402073669433593750e+01
6.377040481567382812e+01
5.272293853759765625e+01
4.241407394409179688e+01
3.000000000000000000e+01
4.533050155639648438e+01
4.433337020874023438e+01
3.336445236206054688e+01
1.364616088867187500e+02
3.000000000000000000e+01
6.552908325195312500e+01
1.048033828735351562e+02
4.354358291625976562e+01
3.728211212158203125e+01
3.000000000000000000e+01
4.991858673095703125e+01
6.547979736328125000e+01
5.791678619384765625e+01
5.440105438232421875e+01
6.045234680175781250e+01
6.306140518188476562e+01
6.221744537353515625e+01
3.923845672607421875e+01
7.706164550781250000e+01
4.681163024902343750e+01
5.720794296264648438e+01
5.266128158569335938e+01
3.440876007080078125e+01
3.455004119873046875e+01
5.464276885986328125e+01
4.835202407836914062e+01
4.504527664184570312e+01
4.807583618164062500e+01
5.171387481689453125e+01
5.317815399169921875e+01
6.357311248779296875e+01
8.387724304199218750e+01
5.235719299316406250e+01
8.193651580810546875e+01
4.619341278076171875e+01
4.966537094116210938e+01
4.709351730346679688e+01
6.513114929199218750e+01
8.092066955566406250e+01
5.770713043212890625e+01
6.969551086425781250e+01
4.147727966308593750e+01
9.240579223632812500e+01
4.833275604248046875e+01
6.072048568725585938e+01
9.452605438232421875e+01
1.501401519775390625e+02
1.289005432128906250e+02
4.283155441284179688e+01
3.685938262939453125e+01
5.390525817871093750e+01
5.495237731933593750e+01
8.690442657470703125e+01
8.885418701171875000e+01
5.311544418334960938e+01
9.365534210205078125e+01
5.420836639404296875e+01
5.008956146240234375e+01
3.116851615905761719e+01
5.883552551269531250e+01
6.054460144042968750e+01
3.845674896240234375e+01
4.004755783081054688e+01
8.362433624267578125e+01
6.882777404785156250e+01
4.472048187255859375e+01
8.281522369384765625e+01
3.703884506225585938e+01
4.417124938964843750e+01
5.572797393798828125e+01
4.742951583862304688e+01
6.153779220581054688e+01
4.633132934570312500e+01
2.215476684570312500e+02
5.299608612060546875e+01
5.015187454223632812e+01
4.175162506103515625e+01
5.972867965698242188e+01
1.206976165771484375e+02
4.143807601928710938e+01
4.752335357666015625e+01
6.095373535156250000e+01
3.966468048095703125e+01
7.914714050292968750e+01
4.264019393920898438e+01
6.476987457275390625e+01
5.084879302978515625e+01
4.484539031982421875e+01
4.506940841674804688e+01
4.306463623046875000e+01
5.546356582641601562e+01
5.943702316284179688e+01
2.212453918457031250e+02
4.393228530883789062e+01
5.040315246582031250e+01
6.778096008300781250e+01
5.107743453979492188e+01
4.541755676269531250e+01
3.690849304199218750e+01
3.451884841918945312e+01
5.078437042236328125e+01
3.000000000000000000e+01
5.657978820800781250e+01
5.268338012695312500e+01
3.810784912109375000e+01
4.341236114501953125e+01
3.000000000000000000e+01
3.724514389038085938e+01
4.368281555175781250e+01
3.121562194824218750e+01
5.415541458129882812e+01
8.062727355957031250e+01
3.238128662109375000e+01
4.907090377807617188e+01
4.824007797241210938e+01
7.847990417480468750e+01
3.945347595214843750e+01
1.011088104248046875e+02
4.429826354980468750e+01
9.717191314697265625e+01
8.477636718750000000e+01
4.908736038208007812e+01
9.452605438232421875e+01
4.253062438964843750e+01
4.859104156494140625e+01
4.125149154663085938e+01
4.716287231445312500e+01
1.105333862304687500e+02
4.912223434448242188e+01
3.877424621582031250e+01
7.564793395996093750e+01
4.123427963256835938e+01
9.842304992675781250e+01
6.956996154785156250e+01
4.482910919189453125e+01
5.575064849853515625e+01
7.473737335205078125e+01
8.908865356445312500e+01
7.388156127929687500e+01
7.290846252441406250e+01
3.277429199218750000e+01
4.578668212890625000e+01
4.983707809448242188e+01
7.342329406738281250e+01
1.125362243652343750e+02
9.284767150878906250e+01
1.094135437011718750e+02
5.782424163818359375e+01
4.219256591796875000e+01
4.884816360473632812e+01
3.000000000000000000e+01
5.076407241821289062e+01
3.000000000000000000e+01
3.000000000000000000e+01
7.836412811279296875e+01
1.214975128173828125e+02
5.377839660644531250e+01
3.000000000000000000e+01
5.036010742187500000e+01
6.748404693603515625e+01
3.838376617431640625e+01
5.146735000610351562e+01
7.099398803710937500e+01
4.041270065307617188e+01
7.397454833984375000e+01
3.000000000000000000e+01
5.583639144897460938e+01
6.498321533203125000e+01
3.649582672119140625e+01
3.607318878173828125e+01
5.554882049560546875e+01
3.300745391845703125e+01
6.281492996215820312e+01
6.829223632812500000e+01
4.980066680908203125e+01
9.287445831298828125e+01
5.658498382568359375e+01
3.449934387207031250e+01
3.527774810791015625e+01
3.908684921264648438e+01
4.069499588012695312e+01
3.916445159912109375e+01
3.000000000000000000e+01
3.909886169433593750e+01
9.092142486572265625e+01
4.226947784423828125e+01
3.511787033081054688e+01
8.798817443847656250e+01
7.316026306152343750e+01
4.412120056152343750e+01
5.931755828857421875e+01
6.917269897460937500e+01
4.760176849365234375e+01
3.967190933227539062e+01
1.114748382568359375e+02
4.862639236450195312e+01
6.937467956542968750e+01
4.234467697143554688e+01
3.000000000000000000e+01
6.324646377563476562e+01
4.578426361083984375e+01
4.523221969604492188e+01
5.099272155761718750e+01
4.449568176269531250e+01
5.138636398315429688e+01
4.452687835693359375e+01
5.943093109130859375e+01
3.000000000000000000e+01
3.631255340576171875e+01
8.355545806884765625e+01
8.439622497558593750e+01
4.882421875000000000e+01
9.777691650390625000e+01
5.081409835815429688e+01
3.617572021484375000e+01
9.709492492675781250e+01
9.883451080322265625e+01
4.086120986938476562e+01
6.077875518798828125e+01
3.825241851806640625e+01
4.778429412841796875e+01
4.387351226806640625e+01
7.350227355957031250e+01
4.624346160888671875e+01
3.973677825927734375e+01
3.000000000000000000e+01
5.135942077636718750e+01
5.893927764892578125e+01
3.378433227539062500e+01
5.025004959106445312e+01
5.848089599609375000e+01
5.240711975097656250e+01
7.513719177246093750e+01
7.566975402832031250e+01
3.550820922851562500e+01
5.671568298339843750e+01
3.351678466796875000e+01
5.674418258666992188e+01
5.945861816406250000e+01
8.683859252929687500e+01
6.476987457275390625e+01
5.309757614135742188e+01
6.034013748168945312e+01
5.025004959106445312e+01
3.886176300048828125e+01
4.675158309936523438e+01
5.175078201293945312e+01
4.403735351562500000e+01
6.581764221191406250e+01
4.693428802490234375e+01
3.475218200683593750e+01
6.054717254638671875e+01
5.107303237915039062e+01
5.315541076660156250e+01
3.000000000000000000e+01
5.965909194946289062e+01
3.294316864013671875e+01
3.896940994262695312e+01
8.064509582519531250e+01
3.677901458740234375e+01
5.303312683105468750e+01
3.820761871337890625e+01
7.653491210937500000e+01
6.172563552856445312e+01
3.962465286254882812e+01
4.490322494506835938e+01
4.337606811523437500e+01
8.660010528564453125e+01
7.814978790283203125e+01
3.688778686523437500e+01
4.501513671875000000e+01
5.962890625000000000e+01
4.655286788940429688e+01
6.375261306762695312e+01
3.363639450073242188e+01
6.848525238037109375e+01
4.150167465209960938e+01
4.029570388793945312e+01
4.870879364013671875e+01
4.051573562622070312e+01
6.958534240722656250e+01
3.000000000000000000e+01
8.839253234863281250e+01
5.162674713134765625e+01
4.908980178833007812e+01
4.026237487792968750e+01
4.705251312255859375e+01
4.934533691406250000e+01
4.909439086914062500e+01
3.685937881469726562e+01
4.124713516235351562e+01
3.973251724243164062e+01
5.471118164062500000e+01
6.371306610107421875e+01
5.624277496337890625e+01
7.054750061035156250e+01
5.421707916259765625e+01
5.157621002197265625e+01
4.804275894165039062e+01
3.000000000000000000e+01
4.536885452270507812e+01
4.705251312255859375e+01
6.969551086425781250e+01
4.109592437744140625e+01
4.924749374389648438e+01
3.240422058105468750e+01
6.932315063476562500e+01
5.559067535400390625e+01
8.083409881591796875e+01
3.466936874389648438e+01
3.340750503540039062e+01
5.761298370361328125e+01
3.572553634643554688e+01
4.389243316650390625e+01
3.445442581176757812e+01
4.643878555297851562e+01
3.000000000000000000e+01
3.000000000000000000e+01
3.999651336669921875e+01
3.763922882080078125e+01
8.001654052734375000e+01
4.248771286010742188e+01
8.683859252929687500e+01
5.489994049072265625e+01
4.127602005004882812e+01
4.074858093261718750e+01
3.707739639282226562e+01
3.986296844482421875e+01
4.399396133422851562e+01
6.345609283447265625e+01
7.860341644287109375e+01
4.824142456054687500e+01
5.188782119750976562e+01
4.366396713256835938e+01
8.035129547119140625e+01
6.410373687744140625e+01
3.608945846557617188e+01
3.475883483886718750e+01
3.000000000000000000e+01
3.449373245239257812e+01
3.440876007080078125e+01
6.231729125976562500e+01
3.845029449462890625e+01
4.892452239990234375e+01
4.259563064575195312e+01
3.000000000000000000e+01
3.810759735107421875e+01
4.952702331542968750e+01
4.227231979370117188e+01
7.187666320800781250e+01
3.068519020080566406e+01
7.665177917480468750e+01
5.489994049072265625e+01
6.071022415161132812e+01
3.152063751220703125e+01
3.789017486572265625e+01
6.109822845458984375e+01
3.000000000000000000e+01
4.775284194946289062e+01
7.616943359375000000e+01
3.000000000000000000e+01
4.872300720214843750e+01
5.514895629882812500e+01
3.355076217651367188e+01
5.645726394653320312e+01
5.202590560913085938e+01
3.914578247070312500e+01
4.086384201049804688e+01
7.196675109863281250e+01
5.194690322875976562e+01
7.473737335205078125e+01
8.154780578613281250e+01
3.000000000000000000e+01
6.322767639160156250e+01
3.717670440673828125e+01
5.876610183715820312e+01
4.678256988525390625e+01
4.558209228515625000e+01
6.749516296386718750e+01
6.466282653808593750e+01
3.766525650024414062e+01
6.164476394653320312e+01
6.413150024414062500e+01
3.837072753906250000e+01
8.186222076416015625e+01
4.597067260742187500e+01
3.000000000000000000e+01
4.338871765136718750e+01
4.412919235229492188e+01
3.000000000000000000e+01
6.076937866210937500e+01
3.732704925537109375e+01
5.040315246582031250e+01
4.536903381347656250e+01
4.230101776123046875e+01
5.291119003295898438e+01
3.661466217041015625e+01
7.621041107177734375e+01
3.604327011108398438e+01
4.745373153686523438e+01
5.573786926269531250e+01
3.962524795532226562e+01
4.784558868408203125e+01
3.858678436279296875e+01
4.490322494506835938e+01
3.000000000000000000e+01
3.458755874633789062e+01
3.623960876464843750e+01
4.363751983642578125e+01
3.362739562988281250e+01
4.073327636718750000e+01
5.680339813232421875e+01
3.492298889160156250e+01
4.322680664062500000e+01
4.678796386718750000e+01
7.291741943359375000e+01
4.573659515380859375e+01
6.352502441406250000e+01
1.016652374267578125e+02
5.004650878906250000e+01
4.997595214843750000e+01
3.788679122924804688e+01
4.613310623168945312e+01
3.905889129638671875e+01
4.803474044799804688e+01
5.125448989868164062e+01
1.002771682739257812e+02
4.814704132080078125e+01
3.643365478515625000e+01
4.818070220947265625e+01
4.751822662353515625e+01
3.000000000000000000e+01
5.407327651977539062e+01
4.742951965332031250e+01
5.699660491943359375e+01
3.000000000000000000e+01
5.591300582885742188e+01
3.551215744018554688e+01
4.974586486816406250e+01
5.189250183105468750e+01
5.235533905029296875e+01
4.501682662963867188e+01
4.848808288574218750e+01
3.532218170166015625e+01
6.162687683105468750e+01
5.040338516235351562e+01
4.605969238281250000e+01
6.717668151855468750e+01
4.114138793945312500e+01
3.795080947875976562e+01
4.787359237670898438e+01
4.652286529541015625e+01
4.103513336181640625e+01
4.920056915283203125e+01
4.436248016357421875e+01
4.865216064453125000e+01
3.859656906127929688e+01
5.576487731933593750e+01
6.125541687011718750e+01
4.522941970825195312e+01
5.218677520751953125e+01
4.493497085571289062e+01
3.338986968994140625e+01
4.981530380249023438e+01
5.809078979492187500e+01
3.567092895507812500e+01
4.124643707275390625e+01
5.786285781860351562e+01
5.542798233032226562e+01
4.803599929809570312e+01
6.584298706054687500e+01
4.244959259033203125e+01
6.114375305175781250e+01
3.850130081176757812e+01
9.970390319824218750e+01
8.539990234375000000e+01
4.340674591064453125e+01
5.369645690917968750e+01
3.000000000000000000e+01
6.351758575439453125e+01
3.206138992309570312e+01
3.513401794433593750e+01
8.040182495117187500e+01
4.610129547119140625e+01
4.548470306396484375e+01
5.373028182983398438e+01
9.863143920898437500e+01
4.135485839843750000e+01
3.865927886962890625e+01
3.422802734375000000e+01
4.887321472167968750e+01
3.933668136596679688e+01
3.594861984252929688e+01
5.243502044677734375e+01
7.426547241210937500e+01
5.110230255126953125e+01
4.043302536010742188e+01
3.722948455810546875e+01
5.197868347167968750e+01
4.129367828369140625e+01
4.046751403808593750e+01
5.855928039550781250e+01
1.011088104248046875e+02
5.676829528808593750e+01
8.316482543945312500e+01
7.105220031738281250e+01
7.296076202392578125e+01
6.196068572998046875e+01
3.000000000000000000e+01
3.861964797973632812e+01
5.314177703857421875e+01
3.947270202636718750e+01
4.610994338989257812e+01
3.445957946777343750e+01
3.760574340820312500e+01
4.040132141113281250e+01
3.278230667114257812e+01
3.884683609008789062e+01
4.707384109497070312e+01
6.723883819580078125e+01
5.280584716796875000e+01
3.106341171264648438e+01
4.659056472778320312e+01
3.364643478393554688e+01
3.000000000000000000e+01
4.420492553710937500e+01
7.104892730712890625e+01
5.312972259521484375e+01
4.928744888305664062e+01
3.000000000000000000e+01
6.834514617919921875e+01
5.190591049194335938e+01
3.000000000000000000e+01
8.660010528564453125e+01
3.365628814697265625e+01
8.883935546875000000e+01
3.635124588012695312e+01
6.084921646118164062e+01
6.320308685302734375e+01
3.847853088378906250e+01
3.000000000000000000e+01
3.769026184082031250e+01
5.517159271240234375e+01
3.886479949951171875e+01
5.405532073974609375e+01
4.110265731811523438e+01
5.290706253051757812e+01
4.259616851806640625e+01
7.914714050292968750e+01
6.269138336181640625e+01
8.115064239501953125e+01
3.597800827026367188e+01
3.265146636962890625e+01
5.379637908935546875e+01
4.040132141113281250e+01
5.462603378295898438e+01
5.332795333862304688e+01
6.820781707763671875e+01
4.418507003784179688e+01
4.717022705078125000e+01
4.088838958740234375e+01
4.039711761474609375e+01
3.000000000000000000e+01
7.872032928466796875e+01
4.390449142456054688e+01
3.765853881835937500e+01
3.032316207885742188e+01
4.392986679077148438e+01
4.713011550903320312e+01
3.000000000000000000e+01
4.036016845703125000e+01
4.725813293457031250e+01
3.000000000000000000e+01
5.664739227294921875e+01
7.564793395996093750e+01
3.000000000000000000e+01
6.186732482910156250e+01
4.721538543701171875e+01
4.213545227050781250e+01
4.276383209228515625e+01
5.036609268188476562e+01
4.073347854614257812e+01
3.949678802490234375e+01
4.087293624877929688e+01
4.758216476440429688e+01
3.511973571777343750e+01
4.150516510009765625e+01
4.090180206298828125e+01
3.793017196655273438e+01
3.288425064086914062e+01
3.000000000000000000e+01
3.401946258544921875e+01
5.655663681030273438e+01
4.099794387817382812e+01
9.863143920898437500e+01
4.816527557373046875e+01
3.265009689331054688e+01
3.000000000000000000e+01
8.975098419189453125e+01
3.000000000000000000e+01
4.596766281127929688e+01
7.872032928466796875e+01
4.334695434570312500e+01
4.101666259765625000e+01
4.407145309448242188e+01
4.911036682128906250e+01
9.132643127441406250e+01
8.104061126708984375e+01
6.218457412719726562e+01
6.610401153564453125e+01
3.635729598999023438e+01
3.321363830566406250e+01
4.788632583618164062e+01
4.141854858398437500e+01
5.429999542236328125e+01
5.870471572875976562e+01
4.178888702392578125e+01
3.184631538391113281e+01
7.020999145507812500e+01
3.482840728759765625e+01
5.268417739868164062e+01
5.419815826416015625e+01
4.725071334838867188e+01
3.281416320800781250e+01
3.842877197265625000e+01
3.717670440673828125e+01
4.088771057128906250e+01
4.432357788085937500e+01
7.290387725830078125e+01
4.508080291748046875e+01
4.501782608032226562e+01
7.141996765136718750e+01
5.120645904541015625e+01
3.809640884399414062e+01
3.423014068603515625e+01
4.491125488281250000e+01
4.008526611328125000e+01
3.860084533691406250e+01
3.446661758422851562e+01
3.710961151123046875e+01
6.375211334228515625e+01
6.559564971923828125e+01
5.583114242553710938e+01
3.000000000000000000e+01
4.772690200805664062e+01
4.140114212036132812e+01
3.119888877868652344e+01
4.892111206054687500e+01
4.447296142578125000e+01
3.389105606079101562e+01
3.785548782348632812e+01
4.026511383056640625e+01
3.421778869628906250e+01
4.374257278442382812e+01
5.873712539672851562e+01
4.542464065551757812e+01
4.814704132080078125e+01
6.153779602050781250e+01
4.215852737426757812e+01
4.042927551269531250e+01
5.292944717407226562e+01
3.000000000000000000e+01
6.670327758789062500e+01
4.800527191162109375e+01
4.238158416748046875e+01
4.380816650390625000e+01
7.847991180419921875e+01
4.261958312988281250e+01
3.673472213745117188e+01
3.376164245605468750e+01
3.597232055664062500e+01
4.836035919189453125e+01
4.844689941406250000e+01
4.370851135253906250e+01
4.059268951416015625e+01
3.000000000000000000e+01
3.290732955932617188e+01
3.657780075073242188e+01
5.054549026489257812e+01
3.904343414306640625e+01
5.456127929687500000e+01
3.938378906250000000e+01
6.364430999755859375e+01
4.577614593505859375e+01
4.473830795288085938e+01
5.604473876953125000e+01
3.391090011596679688e+01
5.587668609619140625e+01
3.139947128295898438e+01
3.000000000000000000e+01
4.198440933227539062e+01
4.861950683593750000e+01
3.750514602661132812e+01
3.722501754760742188e+01
3.032240295410156250e+01
3.870713424682617188e+01
3.636975860595703125e+01
4.199832916259765625e+01
4.400000000000000000e+01
6.200000000000000000e+01
3.700000000000000000e+01
3.200000000000000000e+01
1.040000000000000000e+02
4.600000000000000000e+01
3.600000000000000000e+01
9.200000000000000000e+01
7.500000000000000000e+01
1.530000000000000000e+02
3.900000000000000000e+01
9.000000000000000000e+01
4.200000000000000000e+01
7.600000000000000000e+01
3.600000000000000000e+01
6.100000000000000000e+01
6.300000000000000000e+01
3.300000000000000000e+01
3.300000000000000000e+01
2.180000000000000000e+02
4.200000000000000000e+01
1.350000000000000000e+02
4.800000000000000000e+01
3.600000000000000000e+01
4.900000000000000000e+01
6.400000000000000000e+01
3.400000000000000000e+01
6.300000000000000000e+01
2.020000000000000000e+02
5.700000000000000000e+01
9.100000000000000000e+01
6.500000000000000000e+01
3.900000000000000000e+01
1.200000000000000000e+02
6.900000000000000000e+01
3.900000000000000000e+01
8.100000000000000000e+01
6.200000000000000000e+01
4.300000000000000000e+01
4.100000000000000000e+01
3.500000000000000000e+01
3.200000000000000000e+01
4.500000000000000000e+01
1.180000000000000000e+02
5.000000000000000000e+01
3.400000000000000000e+01
3.900000000000000000e+01
7.000000000000000000e+01
2.580000000000000000e+02
3.200000000000000000e+01
4.300000000000000000e+01
3.100000000000000000e+01
1.010000000000000000e+02
4.200000000000000000e+01
1.300000000000000000e+02
3.500000000000000000e+01
6.500000000000000000e+01
4.500000000000000000e+01
6.100000000000000000e+01
2.010000000000000000e+02
3.200000000000000000e+01
1.050000000000000000e+02
4.000000000000000000e+01
9.600000000000000000e+01
1.260000000000000000e+02
6.400000000000000000e+01
5.300000000000000000e+01
3.100000000000000000e+01
4.900000000000000000e+01
7.400000000000000000e+01
5.100000000000000000e+01
7.000000000000000000e+01
2.020000000000000000e+02
3.200000000000000000e+01
7.400000000000000000e+01
3.200000000000000000e+01
5.100000000000000000e+01
5.600000000000000000e+01
3.500000000000000000e+01
6.100000000000000000e+01
4.500000000000000000e+01
3.800000000000000000e+01
6.400000000000000000e+01
1.820000000000000000e+02
9.900000000000000000e+01
6.500000000000000000e+01
3.700000000000000000e+01
5.300000000000000000e+01
7.800000000000000000e+01
6.300000000000000000e+01
5.700000000000000000e+01
4.300000000000000000e+01
4.900000000000000000e+01
5.800000000000000000e+01
8.900000000000000000e+01
8.400000000000000000e+01
8.700000000000000000e+01
4.500000000000000000e+01
7.500000000000000000e+01
3.900000000000000000e+01
1.180000000000000000e+02
4.700000000000000000e+01
1.370000000000000000e+02
3.700000000000000000e+01
3.900000000000000000e+01
1.380000000000000000e+02
3.900000000000000000e+01
5.600000000000000000e+01
3.800000000000000000e+01
3.500000000000000000e+01
4.000000000000000000e+01
3.100000000000000000e+01
8.400000000000000000e+01
1.400000000000000000e+02
4.600000000000000000e+01
4.800000000000000000e+01
1.690000000000000000e+02
6.000000000000000000e+01
1.030000000000000000e+02
7.300000000000000000e+01
4.900000000000000000e+01
1.710000000000000000e+02
3.500000000000000000e+01
4.200000000000000000e+01
3.800000000000000000e+01
5.400000000000000000e+01
8.400000000000000000e+01
4.700000000000000000e+01
3.700000000000000000e+01
7.100000000000000000e+01
3.000000000000000000e+01
1.010000000000000000e+02
6.600000000000000000e+01
3.100000000000000000e+01
7.800000000000000000e+01
3.000000000000000000e+01
9.600000000000000000e+01
3.200000000000000000e+01
3.100000000000000000e+01
1.330000000000000000e+02
3.800000000000000000e+01
1.030000000000000000e+02
8.900000000000000000e+01
3.500000000000000000e+01
7.500000000000000000e+01
9.100000000000000000e+01
8.200000000000000000e+01
5.500000000000000000e+01
3.100000000000000000e+01
7.100000000000000000e+01
6.200000000000000000e+01
6.900000000000000000e+01
6.500000000000000000e+01
1.160000000000000000e+02
4.600000000000000000e+01
1.020000000000000000e+02
3.600000000000000000e+01
1.400000000000000000e+02
3.000000000000000000e+01
8.900000000000000000e+01
4.300000000000000000e+01
7.600000000000000000e+01
3.700000000000000000e+01
3.400000000000000000e+01
9.800000000000000000e+01
3.000000000000000000e+01
4.600000000000000000e+01
7.700000000000000000e+01
3.500000000000000000e+01
1.240000000000000000e+02
3.000000000000000000e+01
3.600000000000000000e+01
3.000000000000000000e+01
3.100000000000000000e+01
7.600000000000000000e+01
5.600000000000000000e+01
4.400000000000000000e+01
6.700000000000000000e+01
1.300000000000000000e+02
4.100000000000000000e+01
1.180000000000000000e+02
6.100000000000000000e+01
4.600000000000000000e+01
3.300000000000000000e+01
3.300000000000000000e+01
3.100000000000000000e+01
3.800000000000000000e+01
7.600000000000000000e+01
4.500000000000000000e+01
3.300000000000000000e+01
7.000000000000000000e+01
6.800000000000000000e+01
6.200000000000000000e+01
4.000000000000000000e+01
8.100000000000000000e+01
3.000000000000000000e+01
5.500000000000000000e+01
7.500000000000000000e+01
1.290000000000000000e+02
7.100000000000000000e+01
5.800000000000000000e+01
1.480000000000000000e+02
1.250000000000000000e+02
5.800000000000000000e+01
4.100000000000000000e+01
4.400000000000000000e+01
4.000000000000000000e+01
8.000000000000000000e+01
1.040000000000000000e+02
4.700000000000000000e+01
4.500000000000000000e+01
5.400000000000000000e+01
3.500000000000000000e+01
3.800000000000000000e+01
3.400000000000000000e+01
5.100000000000000000e+01
6.800000000000000000e+01
8.500000000000000000e+01
3.300000000000000000e+01
3.500000000000000000e+01
3.100000000000000000e+01
6.300000000000000000e+01
1.440000000000000000e+02
4.000000000000000000e+01
4.900000000000000000e+01
3.300000000000000000e+01
9.700000000000000000e+01
1.470000000000000000e+02
4.400000000000000000e+01
9.900000000000000000e+01
3.700000000000000000e+01
7.300000000000000000e+01
8.500000000000000000e+01
3.000000000000000000e+01
3.100000000000000000e+01
7.200000000000000000e+01
3.000000000000000000e+01
4.600000000000000000e+01
8.700000000000000000e+01
5.900000000000000000e+01
3.600000000000000000e+01
1.110000000000000000e+02
2.290000000000000000e+02
5.600000000000000000e+01
1.070000000000000000e+02
3.100000000000000000e+01
4.400000000000000000e+01
1.170000000000000000e+02
1.870000000000000000e+02
4.400000000000000000e+01
6.400000000000000000e+01
3.600000000000000000e+01
4.000000000000000000e+01
6.200000000000000000e+01
4.200000000000000000e+01
5.700000000000000000e+01
5.200000000000000000e+01
5.800000000000000000e+01
3.900000000000000000e+01
2.500000000000000000e+02
8.900000000000000000e+01
9.200000000000000000e+01
6.600000000000000000e+01
3.400000000000000000e+01
1.050000000000000000e+02
4.700000000000000000e+01
2.160000000000000000e+02
4.700000000000000000e+01
6.600000000000000000e+01
3.600000000000000000e+01
5.500000000000000000e+01
5.000000000000000000e+01
6.600000000000000000e+01
5.200000000000000000e+01
2.210000000000000000e+02
3.300000000000000000e+01
9.300000000000000000e+01
1.070000000000000000e+02
1.380000000000000000e+02
1.000000000000000000e+02
5.600000000000000000e+01
5.900000000000000000e+01
6.600000000000000000e+01
4.000000000000000000e+01
8.800000000000000000e+01
4.700000000000000000e+01
3.000000000000000000e+01
4.000000000000000000e+01
3.800000000000000000e+01
4.600000000000000000e+01
4.400000000000000000e+01
3.400000000000000000e+01
3.800000000000000000e+01
1.140000000000000000e+02
4.100000000000000000e+01
3.200000000000000000e+01
3.200000000000000000e+01
4.100000000000000000e+01
5.500000000000000000e+01
4.300000000000000000e+01
9.300000000000000000e+01
3.700000000000000000e+01
4.600000000000000000e+01
8.200000000000000000e+01
1.610000000000000000e+02
3.300000000000000000e+01
1.110000000000000000e+02
1.070000000000000000e+02
7.200000000000000000e+01
1.360000000000000000e+02
1.660000000000000000e+02
3.200000000000000000e+01
1.340000000000000000e+02
7.900000000000000000e+01
9.500000000000000000e+01
5.300000000000000000e+01
5.600000000000000000e+01
1.650000000000000000e+02
5.800000000000000000e+01
7.400000000000000000e+01
5.800000000000000000e+01
5.600000000000000000e+01
7.500000000000000000e+01
3.100000000000000000e+01
3.000000000000000000e+01
3.400000000000000000e+01
3.200000000000000000e+01
4.100000000000000000e+01
1.910000000000000000e+02
3.200000000000000000e+01
1.110000000000000000e+02
3.300000000000000000e+01
3.100000000000000000e+01
7.800000000000000000e+01
5.100000000000000000e+01
5.300000000000000000e+01
1.240000000000000000e+02
3.700000000000000000e+01
3.100000000000000000e+01
3.900000000000000000e+01
6.300000000000000000e+01
9.600000000000000000e+01
3.300000000000000000e+01
9.600000000000000000e+01
5.000000000000000000e+01
4.600000000000000000e+01
1.380000000000000000e+02
3.200000000000000000e+01
4.700000000000000000e+01
8.900000000000000000e+01
2.130000000000000000e+02
2.020000000000000000e+02
3.100000000000000000e+01
1.660000000000000000e+02
3.900000000000000000e+01
1.460000000000000000e+02
6.000000000000000000e+01
4.700000000000000000e+01
1.450000000000000000e+02
8.200000000000000000e+01
4.300000000000000000e+01
1.850000000000000000e+02
4.300000000000000000e+01
6.200000000000000000e+01
1.260000000000000000e+02
4.000000000000000000e+01
1.090000000000000000e+02
1.070000000000000000e+02
3.000000000000000000e+01
4.000000000000000000e+01
4.200000000000000000e+01
4.800000000000000000e+01
1.590000000000000000e+02
1.710000000000000000e+02
3.100000000000000000e+01
2.620000000000000000e+02
1.060000000000000000e+02
7.100000000000000000e+01
6.500000000000000000e+01
8.600000000000000000e+01
3.400000000000000000e+01
3.500000000000000000e+01
3.200000000000000000e+01
3.700000000000000000e+01
1.120000000000000000e+02
1.720000000000000000e+02
6.400000000000000000e+01
4.500000000000000000e+01
5.200000000000000000e+01
2.640000000000000000e+02
5.600000000000000000e+01
3.800000000000000000e+01
3.100000000000000000e+01
3.100000000000000000e+01
5.600000000000000000e+01
6.600000000000000000e+01
7.900000000000000000e+01
1.270000000000000000e+02
6.200000000000000000e+01
5.100000000000000000e+01
4.000000000000000000e+01
4.300000000000000000e+01
2.270000000000000000e+02
3.800000000000000000e+01
4.200000000000000000e+01
1.070000000000000000e+02
3.300000000000000000e+01
5.400000000000000000e+01
3.100000000000000000e+01
2.070000000000000000e+02
7.800000000000000000e+01
7.700000000000000000e+01
5.000000000000000000e+01
6.300000000000000000e+01
6.400000000000000000e+01
3.300000000000000000e+01
6.000000000000000000e+01
9.500000000000000000e+01
3.200000000000000000e+01
3.600000000000000000e+01
1.040000000000000000e+02
3.500000000000000000e+01
3.600000000000000000e+01
1.140000000000000000e+02
4.200000000000000000e+01
4.600000000000000000e+01
7.200000000000000000e+01
3.900000000000000000e+01
5.200000000000000000e+01
9.500000000000000000e+01
3.900000000000000000e+01
7.100000000000000000e+01
2.430000000000000000e+02
3.100000000000000000e+01
1.400000000000000000e+02
5.000000000000000000e+01
3.100000000000000000e+01
1.000000000000000000e+02
6.800000000000000000e+01
3.900000000000000000e+01
6.500000000000000000e+01
4.600000000000000000e+01
9.300000000000000000e+01
8.100000000000000000e+01
1.610000000000000000e+02
3.600000000000000000e+01
8.200000000000000000e+01
7.400000000000000000e+01
1.870000000000000000e+02
1.090000000000000000e+02
7.400000000000000000e+01
7.800000000000000000e+01
5.800000000000000000e+01
4.600000000000000000e+01
1.040000000000000000e+02
4.700000000000000000e+01
1.730000000000000000e+02
1.150000000000000000e+02
3.900000000000000000e+01
1.110000000000000000e+02
4.400000000000000000e+01
4.800000000000000000e+01
3.900000000000000000e+01
4.200000000000000000e+01
5.600000000000000000e+01
1.580000000000000000e+02
3.400000000000000000e+01
3.400000000000000000e+01
6.500000000000000000e+01
5.400000000000000000e+01
1.060000000000000000e+02
3.000000000000000000e+01
5.000000000000000000e+01
1.440000000000000000e+02
1.600000000000000000e+02
6.700000000000000000e+01
4.000000000000000000e+01
5.100000000000000000e+01
6.900000000000000000e+01
6.900000000000000000e+01
9.800000000000000000e+01
4.600000000000000000e+01
4.700000000000000000e+01
4.400000000000000000e+01
5.400000000000000000e+01
8.400000000000000000e+01
6.400000000000000000e+01
3.600000000000000000e+01
8.600000000000000000e+01
9.500000000000000000e+01
4.300000000000000000e+01
4.200000000000000000e+01
4.800000000000000000e+01
3.300000000000000000e+01
5.100000000000000000e+01
3.100000000000000000e+01
3.200000000000000000e+01
3.900000000000000000e+01
3.600000000000000000e+01
6.900000000000000000e+01
5.200000000000000000e+01
3.400000000000000000e+01
7.600000000000000000e+01
5.900000000000000000e+01
4.900000000000000000e+01
6.900000000000000000e+01
5.700000000000000000e+01
9.300000000000000000e+01
3.900000000000000000e+01
3.200000000000000000e+01
4.500000000000000000e+01
4.100000000000000000e+01
3.600000000000000000e+01
4.200000000000000000e+01
6.200000000000000000e+01
4.100000000000000000e+01
3.300000000000000000e+01
1.140000000000000000e+02
3.900000000000000000e+01
6.500000000000000000e+01
7.800000000000000000e+01
3.900000000000000000e+01
9.000000000000000000e+01
4.400000000000000000e+01
5.000000000000000000e+01
1.350000000000000000e+02
5.000000000000000000e+01
1.000000000000000000e+02
2.100000000000000000e+02
4.100000000000000000e+01
4.100000000000000000e+01
7.100000000000000000e+01
3.500000000000000000e+01
5.100000000000000000e+01
4.900000000000000000e+01
2.050000000000000000e+02
5.600000000000000000e+01
4.600000000000000000e+01
6.100000000000000000e+01
3.300000000000000000e+01
7.600000000000000000e+01
1.110000000000000000e+02
3.000000000000000000e+01
6.400000000000000000e+01
5.600000000000000000e+01
3.400000000000000000e+01
3.400000000000000000e+01
3.400000000000000000e+01
6.000000000000000000e+01
3.300000000000000000e+01
4.800000000000000000e+01
3.200000000000000000e+01
4.200000000000000000e+01
6.200000000000000000e+01
4.900000000000000000e+01
3.200000000000000000e+01
5.000000000000000000e+01
5.300000000000000000e+01
7.500000000000000000e+01
1.180000000000000000e+02
5.700000000000000000e+01
1.190000000000000000e+02
9.200000000000000000e+01
1.050000000000000000e+02
5.300000000000000000e+01
4.600000000000000000e+01
4.600000000000000000e+01
6.900000000000000000e+01
6.400000000000000000e+01
7.200000000000000000e+01
6.700000000000000000e+01
1.070000000000000000e+02
4.600000000000000000e+01
4.300000000000000000e+01
7.200000000000000000e+01
8.300000000000000000e+01
6.300000000000000000e+01
5.900000000000000000e+01
5.400000000000000000e+01
3.500000000000000000e+01
5.700000000000000000e+01
3.800000000000000000e+01
5.000000000000000000e+01
3.400000000000000000e+01
4.000000000000000000e+01
5.200000000000000000e+01
7.000000000000000000e+01
5.300000000000000000e+01
3.000000000000000000e+01
3.500000000000000000e+01
1.400000000000000000e+02
6.500000000000000000e+01
3.900000000000000000e+01
4.600000000000000000e+01
8.100000000000000000e+01
5.000000000000000000e+01
4.900000000000000000e+01
3.100000000000000000e+01
7.500000000000000000e+01
5.200000000000000000e+01
5.400000000000000000e+01
6.100000000000000000e+01
1.680000000000000000e+02
6.800000000000000000e+01
5.400000000000000000e+01
3.400000000000000000e+01
7.700000000000000000e+01
5.700000000000000000e+01
4.400000000000000000e+01
5.700000000000000000e+01
3.300000000000000000e+01
3.800000000000000000e+01
4.300000000000000000e+01
3.700000000000000000e+01
5.600000000000000000e+01
5.100000000000000000e+01
5.200000000000000000e+01
7.200000000000000000e+01
7.400000000000000000e+01
4.500000000000000000e+01
4.000000000000000000e+01
9.300000000000000000e+01
1.490000000000000000e+02
7.800000000000000000e+01
4.800000000000000000e+01
8.700000000000000000e+01
5.600000000000000000e+01
3.400000000000000000e+01
1.350000000000000000e+02
3.600000000000000000e+01
4.000000000000000000e+01
5.900000000000000000e+01
3.200000000000000000e+01
3.300000000000000000e+01
1.890000000000000000e+02
4.700000000000000000e+01
4.200000000000000000e+01
3.500000000000000000e+01
1.310000000000000000e+02
4.900000000000000000e+01
7.000000000000000000e+01
1.190000000000000000e+02
5.600000000000000000e+01
1.810000000000000000e+02
8.400000000000000000e+01
1.380000000000000000e+02
3.400000000000000000e+01
4.700000000000000000e+01
1.110000000000000000e+02
6.600000000000000000e+01
5.500000000000000000e+01
4.000000000000000000e+01
5.700000000000000000e+01
3.800000000000000000e+01
4.200000000000000000e+01
4.800000000000000000e+01
4.500000000000000000e+01
3.300000000000000000e+01
7.200000000000000000e+01
9.400000000000000000e+01
3.100000000000000000e+01
3.100000000000000000e+01
6.100000000000000000e+01
3.500000000000000000e+01
5.600000000000000000e+01
1.100000000000000000e+02
8.400000000000000000e+01
6.400000000000000000e+01
5.600000000000000000e+01
6.000000000000000000e+01
4.500000000000000000e+01
1.010000000000000000e+02
6.200000000000000000e+01
1.170000000000000000e+02
8.700000000000000000e+01
5.600000000000000000e+01
6.500000000000000000e+01
4.500000000000000000e+01
3.500000000000000000e+01
6.600000000000000000e+01
7.300000000000000000e+01
2.550000000000000000e+02
6.200000000000000000e+01
5.500000000000000000e+01
5.700000000000000000e+01
4.700000000000000000e+01
3.500000000000000000e+01
1.050000000000000000e+02
5.000000000000000000e+01
4.500000000000000000e+01
4.400000000000000000e+01
3.500000000000000000e+01
3.100000000000000000e+01
4.800000000000000000e+01
1.420000000000000000e+02
8.900000000000000000e+01
1.180000000000000000e+02
3.000000000000000000e+01
4.200000000000000000e+01
3.000000000000000000e+01
1.060000000000000000e+02
1.370000000000000000e+02
6.400000000000000000e+01
6.300000000000000000e+01
4.100000000000000000e+01
3.100000000000000000e+01
5.700000000000000000e+01
8.000000000000000000e+01
3.400000000000000000e+01
3.900000000000000000e+01
3.200000000000000000e+01
7.100000000000000000e+01
4.200000000000000000e+01
7.800000000000000000e+01
3.100000000000000000e+01
5.400000000000000000e+01
6.200000000000000000e+01
3.100000000000000000e+01
3.200000000000000000e+01
3.300000000000000000e+01
9.700000000000000000e+01
3.200000000000000000e+01
4.600000000000000000e+01
3.000000000000000000e+01
3.700000000000000000e+01
5.200000000000000000e+01
4.300000000000000000e+01
3.800000000000000000e+01
4.400000000000000000e+01
5.300000000000000000e+01
4.500000000000000000e+01
5.100000000000000000e+01
1.380000000000000000e+02
4.200000000000000000e+01
6.300000000000000000e+01
9.000000000000000000e+01
4.100000000000000000e+01
5.100000000000000000e+01
4.100000000000000000e+01
3.600000000000000000e+01
5.600000000000000000e+01
5.800000000000000000e+01
4.700000000000000000e+01
6.800000000000000000e+01
7.100000000000000000e+01
5.000000000000000000e+01
3.300000000000000000e+01
6.300000000000000000e+01
5.400000000000000000e+01
6.800000000000000000e+01
4.000000000000000000e+01
4.300000000000000000e+01
5.100000000000000000e+01
5.300000000000000000e+01
3.200000000000000000e+01
4.400000000000000000e+01
3.400000000000000000e+01
5.500000000000000000e+01
5.300000000000000000e+01
1.010000000000000000e+02
1.070000000000000000e+02
3.200000000000000000e+01
1.020000000000000000e+02
3.300000000000000000e+01
4.700000000000000000e+01
3.900000000000000000e+01
3.500000000000000000e+01
1.180000000000000000e+02
6.000000000000000000e+01
8.300000000000000000e+01
3.300000000000000000e+01
9.400000000000000000e+01
5.500000000000000000e+01
3.800000000000000000e+01
1.060000000000000000e+02
1.720000000000000000e+02
1.460000000000000000e+02
3.000000000000000000e+01
3.800000000000000000e+01
5.700000000000000000e+01
6.100000000000000000e+01
9.100000000000000000e+01
6.900000000000000000e+01
4.000000000000000000e+01
8.700000000000000000e+01
8.200000000000000000e+01
5.300000000000000000e+01
3.700000000000000000e+01
7.200000000000000000e+01
3.000000000000000000e+01
4.000000000000000000e+01
3.000000000000000000e+01
7.400000000000000000e+01
4.400000000000000000e+01
4.300000000000000000e+01
1.080000000000000000e+02
3.300000000000000000e+01
4.700000000000000000e+01
7.800000000000000000e+01
3.800000000000000000e+01
4.900000000000000000e+01
3.400000000000000000e+01
2.420000000000000000e+02
5.900000000000000000e+01
4.200000000000000000e+01
7.700000000000000000e+01
4.300000000000000000e+01
1.100000000000000000e+02
6.200000000000000000e+01
4.900000000000000000e+01
4.800000000000000000e+01
5.200000000000000000e+01
5.900000000000000000e+01
6.400000000000000000e+01
1.020000000000000000e+02
5.300000000000000000e+01
3.100000000000000000e+01
3.300000000000000000e+01
3.000000000000000000e+01
8.000000000000000000e+01
5.400000000000000000e+01
1.700000000000000000e+02
4.500000000000000000e+01
4.000000000000000000e+01
3.700000000000000000e+01
5.300000000000000000e+01
3.000000000000000000e+01
4.400000000000000000e+01
3.700000000000000000e+01
5.600000000000000000e+01
5.500000000000000000e+01
5.300000000000000000e+01
6.000000000000000000e+01
3.600000000000000000e+01
4.200000000000000000e+01
4.500000000000000000e+01
4.200000000000000000e+01
6.900000000000000000e+01
3.000000000000000000e+01
8.600000000000000000e+01
6.700000000000000000e+01
3.300000000000000000e+01
4.200000000000000000e+01
5.000000000000000000e+01
7.900000000000000000e+01
6.100000000000000000e+01
7.900000000000000000e+01
3.700000000000000000e+01
5.000000000000000000e+01
8.500000000000000000e+01
4.000000000000000000e+01
8.600000000000000000e+01
3.800000000000000000e+01
3.200000000000000000e+01
4.000000000000000000e+01
4.300000000000000000e+01
1.330000000000000000e+02
5.100000000000000000e+01
3.600000000000000000e+01
4.800000000000000000e+01
3.600000000000000000e+01
1.090000000000000000e+02
7.000000000000000000e+01
5.800000000000000000e+01
4.300000000000000000e+01
4.600000000000000000e+01
8.100000000000000000e+01
1.000000000000000000e+02
1.020000000000000000e+02
3.100000000000000000e+01
4.700000000000000000e+01
4.300000000000000000e+01
7.200000000000000000e+01
1.190000000000000000e+02
1.150000000000000000e+02
1.150000000000000000e+02
4.000000000000000000e+01
3.200000000000000000e+01
3.500000000000000000e+01
3.200000000000000000e+01
3.600000000000000000e+01
3.100000000000000000e+01
3.600000000000000000e+01
4.500000000000000000e+01
8.600000000000000000e+01
4.400000000000000000e+01
3.300000000000000000e+01
3.600000000000000000e+01
7.000000000000000000e+01
3.900000000000000000e+01
6.300000000000000000e+01
7.700000000000000000e+01
3.200000000000000000e+01
5.100000000000000000e+01
3.200000000000000000e+01
5.600000000000000000e+01
3.900000000000000000e+01
3.500000000000000000e+01
5.600000000000000000e+01
6.400000000000000000e+01
4.300000000000000000e+01
3.900000000000000000e+01
7.000000000000000000e+01
3.200000000000000000e+01
9.200000000000000000e+01
3.400000000000000000e+01
4.900000000000000000e+01
3.500000000000000000e+01
3.600000000000000000e+01
3.000000000000000000e+01
3.200000000000000000e+01
3.400000000000000000e+01
3.400000000000000000e+01
8.900000000000000000e+01
5.400000000000000000e+01
4.100000000000000000e+01
2.310000000000000000e+02
6.400000000000000000e+01
4.200000000000000000e+01
6.300000000000000000e+01
1.030000000000000000e+02
6.000000000000000000e+01
4.100000000000000000e+01
1.150000000000000000e+02
4.200000000000000000e+01
9.200000000000000000e+01
3.300000000000000000e+01
4.100000000000000000e+01
3.300000000000000000e+01
4.100000000000000000e+01
3.800000000000000000e+01
5.100000000000000000e+01
4.700000000000000000e+01
1.140000000000000000e+02
4.600000000000000000e+01
6.400000000000000000e+01
4.900000000000000000e+01
5.300000000000000000e+01
7.200000000000000000e+01
9.500000000000000000e+01
3.900000000000000000e+01
9.900000000000000000e+01
5.900000000000000000e+01
3.800000000000000000e+01
1.230000000000000000e+02
1.590000000000000000e+02
3.300000000000000000e+01
4.600000000000000000e+01
5.700000000000000000e+01
5.000000000000000000e+01
3.100000000000000000e+01
1.480000000000000000e+02
5.500000000000000000e+01
3.900000000000000000e+01
4.400000000000000000e+01
6.400000000000000000e+01
7.000000000000000000e+01
5.900000000000000000e+01
3.100000000000000000e+01
5.500000000000000000e+01
5.900000000000000000e+01
9.800000000000000000e+01
6.000000000000000000e+01
3.000000000000000000e+01
4.700000000000000000e+01
3.100000000000000000e+01
3.800000000000000000e+01
9.500000000000000000e+01
6.600000000000000000e+01
1.010000000000000000e+02
3.400000000000000000e+01
5.900000000000000000e+01
6.000000000000000000e+01
3.800000000000000000e+01
6.100000000000000000e+01
3.500000000000000000e+01
4.100000000000000000e+01
5.900000000000000000e+01
5.600000000000000000e+01
3.800000000000000000e+01
5.300000000000000000e+01
4.200000000000000000e+01
6.300000000000000000e+01
3.500000000000000000e+01
4.300000000000000000e+01
3.100000000000000000e+01
3.700000000000000000e+01
6.700000000000000000e+01
3.100000000000000000e+01
3.000000000000000000e+01
3.600000000000000000e+01
1.050000000000000000e+02
4.500000000000000000e+01
3.100000000000000000e+01
5.200000000000000000e+01
3.700000000000000000e+01
4.000000000000000000e+01
4.700000000000000000e+01
3.200000000000000000e+01
6.100000000000000000e+01
5.100000000000000000e+01
3.500000000000000000e+01
6.200000000000000000e+01
3.600000000000000000e+01
5.600000000000000000e+01
6.500000000000000000e+01
3.100000000000000000e+01
5.100000000000000000e+01
3.800000000000000000e+01
7.100000000000000000e+01
5.300000000000000000e+01
8.200000000000000000e+01
3.300000000000000000e+01
5.200000000000000000e+01
3.700000000000000000e+01
5.100000000000000000e+01
4.400000000000000000e+01
4.000000000000000000e+01
3.800000000000000000e+01
4.000000000000000000e+01
3.200000000000000000e+01
4.800000000000000000e+01
7.200000000000000000e+01
3.500000000000000000e+01
4.600000000000000000e+01
3.800000000000000000e+01
3.200000000000000000e+01
5.100000000000000000e+01
3.200000000000000000e+01
3.700000000000000000e+01
4.000000000000000000e+01
5.000000000000000000e+01
3.200000000000000000e+01
4.000000000000000000e+01
4.200000000000000000e+01
6.800000000000000000e+01
3.500000000000000000e+01
9.900000000000000000e+01
3.200000000000000000e+01
4.400000000000000000e+01
3.400000000000000000e+01
6.000000000000000000e+01
4.200000000000000000e+01
3.300000000000000000e+01
3.100000000000000000e+01
3.900000000000000000e+01
3.000000000000000000e+01
6.700000000000000000e+01
3.400000000000000000e+01
5.800000000000000000e+01
3.200000000000000000e+01
9.600000000000000000e+01
6.200000000000000000e+01
5.600000000000000000e+01
3.700000000000000000e+01
3.300000000000000000e+01
3.100000000000000000e+01
3.600000000000000000e+01
9.300000000000000000e+01
7.100000000000000000e+01
4.700000000000000000e+01
3.300000000000000000e+01
3.900000000000000000e+01
9.100000000000000000e+01
6.100000000000000000e+01
4.400000000000000000e+01
3.600000000000000000e+01
3.500000000000000000e+01
4.500000000000000000e+01
3.000000000000000000e+01
3.200000000000000000e+01
3.600000000000000000e+01
7.100000000000000000e+01
3.100000000000000000e+01
3.400000000000000000e+01
3.700000000000000000e+01
6.000000000000000000e+01
3.200000000000000000e+01
6.800000000000000000e+01
4.100000000000000000e+01
1.100000000000000000e+02
6.800000000000000000e+01
4.800000000000000000e+01
3.700000000000000000e+01
3.200000000000000000e+01
3.700000000000000000e+01
3.800000000000000000e+01
7.600000000000000000e+01
8.700000000000000000e+01
3.000000000000000000e+01
4.200000000000000000e+01
3.900000000000000000e+01
3.100000000000000000e+01
4.200000000000000000e+01
6.900000000000000000e+01
3.300000000000000000e+01
3.700000000000000000e+01
9.500000000000000000e+01
4.600000000000000000e+01
5.700000000000000000e+01
7.900000000000000000e+01
3.800000000000000000e+01
8.300000000000000000e+01
6.800000000000000000e+01
8.000000000000000000e+01
3.600000000000000000e+01
3.400000000000000000e+01
4.000000000000000000e+01
3.800000000000000000e+01
3.500000000000000000e+01
5.700000000000000000e+01
9.600000000000000000e+01
3.300000000000000000e+01
6.900000000000000000e+01
3.700000000000000000e+01
4.300000000000000000e+01
4.900000000000000000e+01
3.400000000000000000e+01
3.100000000000000000e+01
3.300000000000000000e+01
3.200000000000000000e+01
3.500000000000000000e+01
5.000000000000000000e+01
3.100000000000000000e+01
6.500000000000000000e+01
3.300000000000000000e+01
4.800000000000000000e+01
3.400000000000000000e+01
3.600000000000000000e+01
4.800000000000000000e+01
3.800000000000000000e+01
8.100000000000000000e+01
3.000000000000000000e+01
4.300000000000000000e+01
3.500000000000000000e+01
4.200000000000000000e+01
3.600000000000000000e+01
6.600000000000000000e+01
3.300000000000000000e+01
3.000000000000000000e+01
5.200000000000000000e+01
3.400000000000000000e+01
3.200000000000000000e+01
3.400000000000000000e+01
6.600000000000000000e+01
4.900000000000000000e+01
4.800000000000000000e+01
1.260000000000000000e+02
4.400000000000000000e+01
4.600000000000000000e+01
3.000000000000000000e+01
3.600000000000000000e+01
3.400000000000000000e+01
4.200000000000000000e+01
6.700000000000000000e+01
8.000000000000000000e+01
4.100000000000000000e+01
3.000000000000000000e+01
3.400000000000000000e+01
4.800000000000000000e+01
3.600000000000000000e+01
5.500000000000000000e+01
3.000000000000000000e+01
8.200000000000000000e+01
5.800000000000000000e+01
7.000000000000000000e+01
4.100000000000000000e+01
4.400000000000000000e+01
3.600000000000000000e+01
3.800000000000000000e+01
4.700000000000000000e+01
3.100000000000000000e+01
3.100000000000000000e+01
4.100000000000000000e+01
4.100000000000000000e+01
3.900000000000000000e+01
6.000000000000000000e+01
4.100000000000000000e+01
3.000000000000000000e+01
3.100000000000000000e+01
3.700000000000000000e+01
3.200000000000000000e+01
4.000000000000000000e+01
3.800000000000000000e+01
5.800000000000000000e+01
4.600000000000000000e+01
4.400000000000000000e+01
4.900000000000000000e+01
4.900000000000000000e+01
3.200000000000000000e+01
4.300000000000000000e+01
5.500000000000000000e+01
4.700000000000000000e+01
3.800000000000000000e+01
3.500000000000000000e+01
3.200000000000000000e+01
4.600000000000000000e+01
4.700000000000000000e+01
3.800000000000000000e+01
8.300000000000000000e+01
3.200000000000000000e+01
4.500000000000000000e+01
4.200000000000000000e+01
8.700000000000000000e+01
5.600000000000000000e+01
4.300000000000000000e+01
4.000000000000000000e+01
3.000000000000000000e+01
5.000000000000000000e+01
4.200000000000000000e+01
3.200000000000000000e+01
6.100000000000000000e+01
3.400000000000000000e+01
3.500000000000000000e+01
5.400000000000000000e+01
6.100000000000000000e+01
3.700000000000000000e+01
3.100000000000000000e+01
3.000000000000000000e+01
7.900000000000000000e+01
3.500000000000000000e+01
3.300000000000000000e+01
5.000000000000000000e+01
7.600000000000000000e+01
3.000000000000000000e+01
3.100000000000000000e+01
4.100000000000000000e+01
4.300000000000000000e+01
5.100000000000000000e+01
3.900000000000000000e+01
3.100000000000000000e+01
9.000000000000000000e+01
5.700000000000000000e+01
6.100000000000000000e+01
6.800000000000000000e+01
5.000000000000000000e+01
3.700000000000000000e+01
3.800000000000000000e+01
5.400000000000000000e+01
7.300000000000000000e+01
4.400000000000000000e+01
4.600000000000000000e+01
4.500000000000000000e+01
3.100000000000000000e+01
3.000000000000000000e+01
3.400000000000000000e+01
3.000000000000000000e+01
6.900000000000000000e+01
7.100000000000000000e+01
4.100000000000000000e+01
3.100000000000000000e+01
3.700000000000000000e+01
3.600000000000000000e+01
3.200000000000000000e+01
6.000000000000000000e+01
9.900000000000000000e+01
7.200000000000000000e+01
3.600000000000000000e+01
3.200000000000000000e+01
6.900000000000000000e+01
4.400000000000000000e+01
3.100000000000000000e+01
3.400000000000000000e+01
4.300000000000000000e+01
3.700000000000000000e+01
4.800000000000000000e+01
3.700000000000000000e+01
4.100000000000000000e+01
4.200000000000000000e+01
3.900000000000000000e+01
3.200000000000000000e+01
3.500000000000000000e+01
4.600000000000000000e+01
4.000000000000000000e+01
3.400000000000000000e+01
3.500000000000000000e+01
3.000000000000000000e+01
6.900000000000000000e+01
7.400000000000000000e+01
5.000000000000000000e+01
3.700000000000000000e+01
3.500000000000000000e+01
7.600000000000000000e+01
4.500000000000000000e+01
5.000000000000000000e+01
3.800000000000000000e+01
5.500000000000000000e+01
5.900000000000000000e+01
5.600000000000000000e+01
3.400000000000000000e+01
3.300000000000000000e+01
3.600000000000000000e+01
3.600000000000000000e+01
3.200000000000000000e+01
3.500000000000000000e+01
3.000000000000000000e+01
3.500000000000000000e+01
3.600000000000000000e+01
3.900000000000000000e+01
4.600000000000000000e+01
3.100000000000000000e+01
3.300000000000000000e+01
4.500000000000000000e+01
5.300000000000000000e+01
3.700000000000000000e+01
7.100000000000000000e+01
3.700000000000000000e+01
4.400000000000000000e+01
3.100000000000000000e+01
3.100000000000000000e+01
3.100000000000000000e+01
3.700000000000000000e+01
3.900000000000000000e+01
3.400000000000000000e+01
3.000000000000000000e+01
3.000000000000000000e+01
4.100000000000000000e+01
4.000000000000000000e+01
4.100000000000000000e+01
3.200000000000000000e+01
3.500000000000000000e+01
4.600000000000000000e+01
4.000000000000000000e+01
3.600000000000000000e+01
3.500000000000000000e+01
3.200000000000000000e+01
3.000000000000000000e+01
4.500000000000000000e+01
3.600000000000000000e+01
6.000000000000000000e+01
3.900000000000000000e+01
7.200000000000000000e+01
3.500000000000000000e+01
3.500000000000000000e+01
6.700000000000000000e+01
8.000000000000000000e+01
4.900000000000000000e+01
5.400000000000000000e+01
7.600000000000000000e+01
3.000000000000000000e+01
3.400000000000000000e+01
5.100000000000000000e+01
4.100000000000000000e+01
3.900000000000000000e+01
6.300000000000000000e+01
3.900000000000000000e+01
3.800000000000000000e+01
7.500000000000000000e+01
3.800000000000000000e+01
4.400000000000000000e+01
3.500000000000000000e+01
3.300000000000000000e+01
3.800000000000000000e+01
3.700000000000000000e+01
5.400000000000000000e+01
5.200000000000000000e+01
4.000000000000000000e+01
8.800000000000000000e+01
3.100000000000000000e+01
3.400000000000000000e+01
4.100000000000000000e+01
3.200000000000000000e+01
3.900000000000000000e+01
6.900000000000000000e+01
4.700000000000000000e+01
4.000000000000000000e+01
4.400000000000000000e+01
3.000000000000000000e+01
3.000000000000000000e+01
3.200000000000000000e+01
6.600000000000000000e+01
3.500000000000000000e+01
4.700000000000000000e+01
3.000000000000000000e+01
3.200000000000000000e+01
3.800000000000000000e+01
3.800000000000000000e+01
5.900000000000000000e+01
3.400000000000000000e+01
3.000000000000000000e+01
3.000000000000000000e+01
3.000000000000000000e+01
3.200000000000000000e+01
3.000000000000000000e+01
3.000000000000000000e+01
4.200000000000000000e+01
5.600000000000000000e+01
3.500000000000000000e+01
3.200000000000000000e+01
3.100000000000000000e+01
3.500000000000000000e+01
6.500000000000000000e+01
3.400000000000000000e+01
3.200000000000000000e+01
4.900000000000000000e+01
7.100000000000000000e+01
3.200000000000000000e+01
3.000000000000000000e+01
3.000000000000000000e+01
3.600000000000000000e+01
3.800000000000000000e+01
3.000000000000000000e+01
3.500000000000000000e+01
3.700000000000000000e+01
3.900000000000000000e+01
3.100000000000000000e+01
3.600000000000000000e+01
3.000000000000000000e+01
3.400000000000000000e+01
4.600000000000000000e+01
3.000000000000000000e+01
3.700000000000000000e+01
3.300000000000000000e+01
3.200000000000000000e+01
4.300000000000000000e+01
3.000000000000000000e+01
3.800000000000000000e+01
3.100000000000000000e+01
3.100000000000000000e+01
3.100000000000000000e+01
3.500000000000000000e+01
4.500000000000000000e+01
3.000000000000000000e+01
3.100000000000000000e+01
3.400000000000000000e+01
3.300000000000000000e+01
3.400000000000000000e+01
