4.739935302734375000e+01
5.730567550659179688e+01
4.137275695800781250e+01
4.008827590942382812e+01
6.257192230224609375e+01
7.119939422607421875e+01
3.000000000000000000e+01
1.044523773193359375e+02
5.034531784057617188e+01
1.098563232421875000e+02
4.870381546020507812e+01
1.474132385253906250e+02
4.574251556396484375e+01
4.508547210693359375e+01
3.361069869995117188e+01
6.670645141601562500e+01
6.774072265625000000e+01
4.165634918212890625e+01
4.342760467529296875e+01
1.234349975585937500e+02
3.964142608642578125e+01
8.446203613281250000e+01
3.040123748779296875e+01
5.973135375976562500e+01
5.961634063720703125e+01
7.158499145507812500e+01
4.521995544433593750e+01
7.737562561035156250e+01
1.827721557617187500e+02
7.348588562011718750e+01
6.132144927978515625e+01
5.151216506958007812e+01
4.979548645019531250e+01
1.391687622070312500e+02
8.751389312744140625e+01
8.668638610839843750e+01
6.439245605468750000e+01
5.409698867797851562e+01
4.495346450805664062e+01
7.055007934570312500e+01
4.616325378417968750e+01
3.998060989379882812e+01
4.900503540039062500e+01
4.427802276611328125e+01
3.765238952636718750e+01
3.360963821411132812e+01
5.543151473999023438e+01
6.048818588256835938e+01
1.378808746337890625e+02
5.687463760375976562e+01
4.066391372680664062e+01
3.000000000000000000e+01
5.729441833496093750e+01
4.339114379882812500e+01
9.056304931640625000e+01
4.461648941040039062e+01
7.586189270019531250e+01
4.744485092163085938e+01
5.198106002807617188e+01
6.089772796630859375e+01
5.702470016479492188e+01
6.703222656250000000e+01
4.003739929199218750e+01
6.763833618164062500e+01
8.429380798339843750e+01
5.079302978515625000e+01
5.302293014526367188e+01
3.000000000000000000e+01
4.710355758666992188e+01
6.510241699218750000e+01
6.502113342285156250e+01
4.265472412109375000e+01
1.539268188476562500e+02
4.841957092285156250e+01
7.100404357910156250e+01
6.932032775878906250e+01
5.194912338256835938e+01
5.511659622192382812e+01
4.419422912597656250e+01
8.104708099365234375e+01
3.489436340332031250e+01
6.774072265625000000e+01
4.959910202026367188e+01
8.133425903320312500e+01
8.472941589355468750e+01
4.954747772216796875e+01
3.828848648071289062e+01
4.720848464965820312e+01
4.574251556396484375e+01
5.248079681396484375e+01
4.837019729614257812e+01
4.578810119628906250e+01
6.820791625976562500e+01
5.568633270263671875e+01
1.077728958129882812e+02
9.970040130615234375e+01
6.522581481933593750e+01
3.866761398315429688e+01
1.040013885498046875e+02
4.586211013793945312e+01
8.859677124023437500e+01
7.584544372558593750e+01
1.420679168701171875e+02
4.408043670654296875e+01
4.564247894287109375e+01
7.180735778808593750e+01
3.302758407592773438e+01
5.677180480957031250e+01
4.743507385253906250e+01
3.000000000000000000e+01
4.642413330078125000e+01
4.490544128417968750e+01
7.065310668945312500e+01
8.620034027099609375e+01
4.382402801513671875e+01
4.145752716064453125e+01
1.001292724609375000e+02
4.719715881347656250e+01
6.997528076171875000e+01
4.256921386718750000e+01
4.954082489013671875e+01
4.923054885864257812e+01
4.612804794311523438e+01
3.945227813720703125e+01
3.802679824829101562e+01
4.395515823364257812e+01
8.222099304199218750e+01
5.971196746826171875e+01
4.676871871948242188e+01
5.408405685424804688e+01
5.064018630981445312e+01
9.578974914550781250e+01
7.945516204833984375e+01
4.593479919433593750e+01
6.287527465820312500e+01
5.477357482910156250e+01
9.529605865478515625e+01
4.351573944091796875e+01
4.226515960693359375e+01
6.597270965576171875e+01
4.307858657836914062e+01
1.041661605834960938e+02
7.448731994628906250e+01
5.247344207763671875e+01
7.904917907714843750e+01
4.388375473022460938e+01
8.582580566406250000e+01
1.041206970214843750e+02
6.574501800537109375e+01
1.488317565917968750e+02
6.877886962890625000e+01
7.949967956542968750e+01
5.041886520385742188e+01
8.317936706542968750e+01
5.771471405029296875e+01
1.118551483154296875e+02
4.191812133789062500e+01
1.170635147094726562e+02
4.388916397094726562e+01
6.344347000122070312e+01
3.953718566894531250e+01
6.022326660156250000e+01
5.013071441650390625e+01
4.493575286865234375e+01
6.698635864257812500e+01
4.495854949951171875e+01
6.386960601806640625e+01
4.870197296142578125e+01
3.652442169189453125e+01
1.563020935058593750e+02
5.198429107666015625e+01
4.044770431518554688e+01
3.979020690917968750e+01
3.000000000000000000e+01
4.650208282470703125e+01
7.281083679199218750e+01
5.021048736572265625e+01
3.832381820678710938e+01
6.780337524414062500e+01
5.592304229736328125e+01
6.771978759765625000e+01
5.948190689086914062e+01
7.477902984619140625e+01
6.349479293823242188e+01
4.416486358642578125e+01
3.830613708496093750e+01
3.000000000000000000e+01
8.000778198242187500e+01
4.989178466796875000e+01
4.573509979248046875e+01
5.846660995483398438e+01
7.282781982421875000e+01
5.711426544189453125e+01
3.939904785156250000e+01
5.678681945800781250e+01
3.442950439453125000e+01
4.862322998046875000e+01
7.473625946044921875e+01
1.122721786499023438e+02
7.466355895996093750e+01
5.279220581054687500e+01
9.079661560058593750e+01
6.273490142822265625e+01
3.000000000000000000e+01
5.957495880126953125e+01
4.389386749267578125e+01
6.482183837890625000e+01
6.319794082641601562e+01
1.434244384765625000e+02
3.838891601562500000e+01
5.133705520629882812e+01
8.019557189941406250e+01
4.669059371948242188e+01
4.028956604003906250e+01
3.706459045410156250e+01
3.194655418395996094e+01
6.865121459960937500e+01
5.431140136718750000e+01
5.109674072265625000e+01
4.294579315185546875e+01
3.857543182373046875e+01
6.365473175048828125e+01
8.940612792968750000e+01
4.254964447021484375e+01
4.100708007812500000e+01
3.898662567138671875e+01
5.234626007080078125e+01
1.003181610107421875e+02
5.796474838256835938e+01
1.120071792602539062e+02
4.083704376220703125e+01
4.748998260498046875e+01
5.955270004272460938e+01
4.118214416503906250e+01
4.311032104492187500e+01
6.426194763183593750e+01
4.319466781616210938e+01
4.619401550292968750e+01
7.364758300781250000e+01
6.103885650634765625e+01
4.406784057617187500e+01
1.258246002197265625e+02
7.271000671386718750e+01
6.269936370849609375e+01
9.098162078857421875e+01
4.271769332885742188e+01
5.211868286132812500e+01
1.188030624389648438e+02
1.945343933105468750e+02
4.549774551391601562e+01
5.577363967895507812e+01
4.048956298828125000e+01
5.549456405639648438e+01
1.034001922607421875e+02
4.157815933227539062e+01
7.614245605468750000e+01
4.702458190917968750e+01
4.034623336791992188e+01
3.517201232910156250e+01
1.537218627929687500e+02
4.793129730224609375e+01
5.718482589721679688e+01
6.538807678222656250e+01
4.017845916748046875e+01
1.494151763916015625e+02
5.353643798828125000e+01
1.286401824951171875e+02
7.407183837890625000e+01
5.092611694335937500e+01
7.812150573730468750e+01
6.077016830444335938e+01
5.046561431884765625e+01
6.269936370849609375e+01
6.743618774414062500e+01
9.603889465332031250e+01
3.037892723083496094e+01
5.833753967285156250e+01
7.847296142578125000e+01
9.695697021484375000e+01
8.737298583984375000e+01
7.118968963623046875e+01
6.213119888305664062e+01
6.706347656250000000e+01
4.494021987915039062e+01
6.678972625732421875e+01
3.859962844848632812e+01
4.139038848876953125e+01
5.769157409667968750e+01
3.817430496215820312e+01
4.260117340087890625e+01
4.409646987915039062e+01
5.472988128662109375e+01
3.572333526611328125e+01
7.328822326660156250e+01
3.723432922363281250e+01
3.289070892333984375e+01
4.856207275390625000e+01
5.544388580322265625e+01
4.858943939208984375e+01
6.682151794433593750e+01
6.696742248535156250e+01
3.486426925659179688e+01
3.841614532470703125e+01
7.552635192871093750e+01
6.308021545410156250e+01
3.989841461181640625e+01
7.488482666015625000e+01
7.800903320312500000e+01
7.465103912353515625e+01
1.039142761230468750e+02
1.288298797607421875e+02
3.785566329956054688e+01
8.800646972656250000e+01
7.040894317626953125e+01
1.002463150024414062e+02
4.211283874511718750e+01
3.909130859375000000e+01
1.126546020507812500e+02
6.493582153320312500e+01
1.040013809204101562e+02
4.641262435913085938e+01
4.604874038696289062e+01
5.109543609619140625e+01
4.786280822753906250e+01
3.477206802368164062e+01
4.026873779296875000e+01
4.246925735473632812e+01
3.975665664672851562e+01
1.539268188476562500e+02
3.509805679321289062e+01
8.372145080566406250e+01
5.110602188110351562e+01
6.268458557128906250e+01
4.523900985717773438e+01
4.590913009643554688e+01
4.808652877807617188e+01
7.768844604492187500e+01
5.757027435302734375e+01
3.000000000000000000e+01
3.377131271362304688e+01
4.965129470825195312e+01
9.189794158935546875e+01
3.928639221191406250e+01
7.465103149414062500e+01
4.554981231689453125e+01
5.031525421142578125e+01
1.129467468261718750e+02
4.613771820068359375e+01
4.837866973876953125e+01
9.632772827148437500e+01
1.344539947509765625e+02
1.616766357421875000e+02
5.629569625854492188e+01
6.703222656250000000e+01
3.786245346069335938e+01
7.978484344482421875e+01
5.578179931640625000e+01
3.779547500610351562e+01
1.048632812500000000e+02
4.919987487792968750e+01
7.201769256591796875e+01
1.200833740234375000e+02
7.071684265136718750e+01
6.578132629394531250e+01
9.154460144042968750e+01
3.749664688110351562e+01
7.868189239501953125e+01
1.226364593505859375e+02
4.285489273071289062e+01
6.207099533081054688e+01
5.870096588134765625e+01
4.536870193481445312e+01
1.025777053833007812e+02
1.166500244140625000e+02
5.957924652099609375e+01
1.069127502441406250e+02
7.745150756835937500e+01
7.348588562011718750e+01
7.320111846923828125e+01
6.533509063720703125e+01
3.843769073486328125e+01
3.807870864868164062e+01
4.036291503906250000e+01
5.613621520996093750e+01
5.646476364135742188e+01
7.271000671386718750e+01
4.839274597167968750e+01
4.108312988281250000e+01
3.514399719238281250e+01
2.566925354003906250e+02
6.046481704711914062e+01
5.166320419311523438e+01
3.436582565307617188e+01
3.000000000000000000e+01
4.251627349853515625e+01
6.565389251708984375e+01
7.032986450195312500e+01
8.526629638671875000e+01
7.840895843505859375e+01
4.932324218750000000e+01
5.003516387939453125e+01
4.360735321044921875e+01
1.617653198242187500e+02
4.488058471679687500e+01
3.975612640380859375e+01
8.105758666992187500e+01
3.818170166015625000e+01
6.533387756347656250e+01
6.455501556396484375e+01
1.377103576660156250e+02
7.700831604003906250e+01
7.591252136230468750e+01
6.445603942871093750e+01
5.398887634277343750e+01
6.621342468261718750e+01
4.114250946044921875e+01
7.476647186279296875e+01
8.978695678710937500e+01
4.383195495605468750e+01
4.335409927368164062e+01
7.370551300048828125e+01
3.000000000000000000e+01
3.919804382324218750e+01
1.207838668823242188e+02
6.632923889160156250e+01
5.587186431884765625e+01
6.428977966308593750e+01
4.200090026855468750e+01
6.502331542968750000e+01
9.267696380615234375e+01
5.247608947753906250e+01
8.372145080566406250e+01
1.938244018554687500e+02
4.786280822753906250e+01
1.086654663085937500e+02
4.964996337890625000e+01
5.725753021240234375e+01
9.401522827148437500e+01
7.737563323974609375e+01
5.885205078125000000e+01
6.996939086914062500e+01
3.668507385253906250e+01
5.012210464477539062e+01
5.080427551269531250e+01
5.418256378173828125e+01
4.120248413085937500e+01
5.667176055908203125e+01
6.062744903564453125e+01
1.898271179199218750e+02
9.414073181152343750e+01
5.456808090209960938e+01
5.041886520385742188e+01
5.047248840332031250e+01
5.152457427978515625e+01
7.570956420898437500e+01
3.000000000000000000e+01
7.804584503173828125e+01
8.063739013671875000e+01
5.376778411865234375e+01
1.100880279541015625e+02
9.595173645019531250e+01
6.248516845703125000e+01
4.541723632812500000e+01
5.170668029785156250e+01
4.449757003784179688e+01
1.903611145019531250e+02
3.938492202758789062e+01
4.975108718872070312e+01
5.288743591308593750e+01
4.404308700561523438e+01
1.024486846923828125e+02
4.568735885620117188e+01
4.820989227294921875e+01
1.370964508056640625e+02
6.308021163940429688e+01
8.119313049316406250e+01
7.053462219238281250e+01
4.630438613891601562e+01
6.178328704833984375e+01
7.767343902587890625e+01
7.394848632812500000e+01
8.065936279296875000e+01
7.017385864257812500e+01
4.136650466918945312e+01
6.666308593750000000e+01
7.997880554199218750e+01
5.421224975585937500e+01
4.028956604003906250e+01
6.922659301757812500e+01
8.987532806396484375e+01
6.730477905273437500e+01
5.476959609985351562e+01
5.853038787841796875e+01
3.204449462890625000e+01
4.251173019409179688e+01
3.072765350341796875e+01
4.303372955322265625e+01
3.471118927001953125e+01
5.958422470092773438e+01
4.891923522949218750e+01
4.979339599609375000e+01
4.386316680908203125e+01
8.280429077148437500e+01
6.320318222045898438e+01
3.693450546264648438e+01
4.017406463623046875e+01
5.325083160400390625e+01
5.167300033569335938e+01
3.100731086730957031e+01
3.634808731079101562e+01
8.836874389648437500e+01
3.950535583496093750e+01
5.680886077880859375e+01
3.029661560058593750e+01
5.951531219482421875e+01
4.674147796630859375e+01
3.361070251464843750e+01
1.165913696289062500e+02
5.592838287353515625e+01
4.574500274658203125e+01
8.760391235351562500e+01
3.975612640380859375e+01
6.388236618041992188e+01
5.580794525146484375e+01
4.931327819824218750e+01
1.069399414062500000e+02
4.841473388671875000e+01
1.506263732910156250e+02
1.039939880371093750e+02
3.815036773681640625e+01
4.439081954956054688e+01
8.441777801513671875e+01
5.503778839111328125e+01
6.464743041992187500e+01
6.538807678222656250e+01
2.051779174804687500e+02
4.685488510131835938e+01
6.314707565307617188e+01
5.263761901855468750e+01
4.388627624511718750e+01
4.948840332031250000e+01
9.069348144531250000e+01
3.352173995971679688e+01
7.346465301513671875e+01
5.220941162109375000e+01
4.573482131958007812e+01
4.583944702148437500e+01
5.083410644531250000e+01
4.361483764648437500e+01
4.028225708007812500e+01
3.972459411621093750e+01
3.722056198120117188e+01
4.087296295166015625e+01
4.243131256103515625e+01
4.918899154663085938e+01
4.560301208496093750e+01
5.253075408935546875e+01
5.677180480957031250e+01
6.868448638916015625e+01
1.434244537353515625e+02
6.758470153808593750e+01
1.012870635986328125e+02
7.318828582763671875e+01
1.011594009399414062e+02
3.523758697509765625e+01
4.561130142211914062e+01
8.630540466308593750e+01
4.923419952392578125e+01
6.412035369873046875e+01
8.330648803710937500e+01
6.966623687744140625e+01
5.956291961669921875e+01
4.382402801513671875e+01
4.538871765136718750e+01
5.721396636962890625e+01
9.718377685546875000e+01
4.360054397583007812e+01
5.619279479980468750e+01
4.203867340087890625e+01
4.007628250122070312e+01
9.742546081542968750e+01
4.837019729614257812e+01
4.437335586547851562e+01
4.376442718505859375e+01
4.634209442138671875e+01
7.524915313720703125e+01
1.092654418945312500e+02
4.190351104736328125e+01
4.008115005493164062e+01
3.907102966308593750e+01
8.526629638671875000e+01
6.417831420898437500e+01
4.102018737792968750e+01
5.115264129638671875e+01
6.107487487792968750e+01
4.302281951904296875e+01
5.048315048217773438e+01
4.935168457031250000e+01
6.773551940917968750e+01
3.945016098022460938e+01
7.405607604980468750e+01
5.879796600341796875e+01
7.991631317138671875e+01
6.448011779785156250e+01
4.574181365966796875e+01
3.567239761352539062e+01
5.831864166259765625e+01
7.514755249023437500e+01
4.746025466918945312e+01
6.396460723876953125e+01
5.363751983642578125e+01
3.978524398803710938e+01
5.338144683837890625e+01
5.839101028442382812e+01
3.388855743408203125e+01
5.143989562988281250e+01
6.400007629394531250e+01
6.062744522094726562e+01
5.898268127441406250e+01
5.764472961425781250e+01
3.532875442504882812e+01
7.628684234619140625e+01
1.114950866699218750e+02
5.942427825927734375e+01
4.277913284301757812e+01
1.011594009399414062e+02
5.629569625854492188e+01
5.745708847045898438e+01
8.987532806396484375e+01
4.249053192138671875e+01
4.039180755615234375e+01
8.051071166992187500e+01
3.000000000000000000e+01
4.658664703369140625e+01
1.692041931152343750e+02
5.094824600219726562e+01
3.052043533325195312e+01
4.637625122070312500e+01
1.248051910400390625e+02
8.358131408691406250e+01
4.776620483398437500e+01
1.057127990722656250e+02
4.529901123046875000e+01
1.127367095947265625e+02
7.442057800292968750e+01
1.250459289550781250e+02
5.482633972167968750e+01
4.276985168457031250e+01
9.497226715087890625e+01
7.925579071044921875e+01
7.879850006103515625e+01
5.757027435302734375e+01
4.653974914550781250e+01
3.000000000000000000e+01
4.355382156372070312e+01
6.076955032348632812e+01
4.789447784423828125e+01
4.067064666748046875e+01
7.424995422363281250e+01
7.817063903808593750e+01
5.079561614990234375e+01
3.395719146728515625e+01
4.701584625244140625e+01
3.760516357421875000e+01
4.605432128906250000e+01
1.171635055541992188e+02
5.779581832885742188e+01
7.816441345214843750e+01
5.405045318603515625e+01
4.957662200927734375e+01
3.268562316894531250e+01
1.041661605834960938e+02
6.521482849121093750e+01
7.665364837646484375e+01
8.147419738769531250e+01
5.796267700195312500e+01
3.770854187011718750e+01
3.808653640747070312e+01
4.994978332519531250e+01
5.962123107910156250e+01
6.233875274658203125e+01
1.903611145019531250e+02
4.619353485107421875e+01
6.312200927734375000e+01
9.235911560058593750e+01
8.623655700683593750e+01
3.975553131103515625e+01
5.026657104492187500e+01
5.195673751831054688e+01
6.824523925781250000e+01
9.216906738281250000e+01
3.028168487548828125e+01
3.771913146972656250e+01
6.232031631469726562e+01
1.052322235107421875e+02
5.537622070312500000e+01
1.506263580322265625e+02
6.456329345703125000e+01
3.415805053710937500e+01
4.991746139526367188e+01
5.966419982910156250e+01
1.727519531250000000e+02
1.021612396240234375e+02
5.341187286376953125e+01
7.971360778808593750e+01
3.000000000000000000e+01
7.408831024169921875e+01
9.447525024414062500e+01
3.646187591552734375e+01
4.116600418090820312e+01
7.877165985107421875e+01
8.542356872558593750e+01
5.088645935058593750e+01
1.084620513916015625e+02
4.193581008911132812e+01
5.004366302490234375e+01
6.493582153320312500e+01
7.829757690429687500e+01
6.374565505981445312e+01
4.495452117919921875e+01
4.274057006835937500e+01
3.745969390869140625e+01
3.823475646972656250e+01
4.488058471679687500e+01
4.870387649536132812e+01
7.114103698730468750e+01
6.632923889160156250e+01
3.689586639404296875e+01
4.089222717285156250e+01
4.527996063232421875e+01
5.166320419311523438e+01
3.637107086181640625e+01
8.918457031250000000e+01
3.009501457214355469e+01
7.277704620361328125e+01
7.945359039306640625e+01
4.381999206542968750e+01
3.502119064331054688e+01
3.632839202880859375e+01
6.344347381591796875e+01
6.807884216308593750e+01
5.375502777099609375e+01
6.580616760253906250e+01
5.559315109252929688e+01
8.445180511474609375e+01
5.676420211791992188e+01
4.071310424804687500e+01
5.733393096923828125e+01
5.074602508544921875e+01
6.178329086303710938e+01
5.926372528076171875e+01
4.223113250732421875e+01
6.236968231201171875e+01
5.376013946533203125e+01
5.606735992431640625e+01
4.842934036254882812e+01
4.858943939208984375e+01
4.966605377197265625e+01
4.698749923706054688e+01
7.317165374755859375e+01
6.763241577148437500e+01
4.942625808715820312e+01
7.739360046386718750e+01
4.166570281982421875e+01
6.103885650634765625e+01
5.448250961303710938e+01
5.875167083740234375e+01
7.124519348144531250e+01
6.241961669921875000e+01
7.987934875488281250e+01
4.377947998046875000e+01
7.677669525146484375e+01
5.423024368286132812e+01
5.717459487915039062e+01
8.417594909667968750e+01
1.234349975585937500e+02
1.443285522460937500e+02
3.983560943603515625e+01
3.000000000000000000e+01
4.510363006591796875e+01
6.282522964477539062e+01
9.414072418212890625e+01
9.222409820556640625e+01
6.137784576416015625e+01
1.114072265625000000e+02
4.701584625244140625e+01
5.296833038330078125e+01
3.164395713806152344e+01
5.510169219970703125e+01
6.375096511840820312e+01
4.012209701538085938e+01
4.343260955810546875e+01
7.685628509521484375e+01
5.455157852172851562e+01
4.206256103515625000e+01
8.796920776367187500e+01
4.236251831054687500e+01
5.533970642089843750e+01
6.510241699218750000e+01
5.751879501342773438e+01
3.687969970703125000e+01
4.495452117919921875e+01
2.125585632324218750e+02
8.734565734863281250e+01
4.276984786987304688e+01
5.361257171630859375e+01
5.501206588745117188e+01
1.342213439941406250e+02
4.092307281494140625e+01
5.616267395019531250e+01
6.499826049804687500e+01
4.067064666748046875e+01
6.424279785156250000e+01
5.286222457885742188e+01
5.380337524414062500e+01
5.494187927246093750e+01
5.801252365112304688e+01
3.902024078369140625e+01
3.480663299560546875e+01
6.829834747314453125e+01
5.448895263671875000e+01
2.007643585205078125e+02
5.187926483154296875e+01
4.688223266601562500e+01
6.243816375732421875e+01
6.223497772216796875e+01
4.566538238525390625e+01
7.023565673828125000e+01
6.315977478027343750e+01
5.123274230957031250e+01
4.574762344360351562e+01
6.784303283691406250e+01
6.003892898559570312e+01
4.041966629028320312e+01
4.276008605957031250e+01
6.101941680908203125e+01
3.815036773681640625e+01
4.105982971191406250e+01
3.401913070678710938e+01
5.509640502929687500e+01
6.042718505859375000e+01
3.412168121337890625e+01
5.123477935791015625e+01
4.856207275390625000e+01
7.843354797363281250e+01
6.885556030273437500e+01
1.023934478759765625e+02
4.335503768920898438e+01
8.065936279296875000e+01
8.288867187500000000e+01
4.114192199707031250e+01
8.417594909667968750e+01
4.294215393066406250e+01
4.869190216064453125e+01
3.752981185913085938e+01
4.259992980957031250e+01
1.213577499389648438e+02
6.000142669677734375e+01
4.087950134277343750e+01
7.221462249755859375e+01
3.626601409912109375e+01
1.048591308593750000e+02
6.300832748413085938e+01
4.331711578369140625e+01
4.951939773559570312e+01
7.908494567871093750e+01
8.160756683349609375e+01
7.404269409179687500e+01
4.975389862060546875e+01
3.554282760620117188e+01
4.465620422363281250e+01
5.811759185791015625e+01
6.658246612548828125e+01
1.268458557128906250e+02
1.014148406982421875e+02
1.359050292968750000e+02
6.007545852661132812e+01
3.747478485107421875e+01
6.185405731201171875e+01
4.059467315673828125e+01
5.422763442993164062e+01
3.009295272827148438e+01
3.000000000000000000e+01
5.827082061767578125e+01
1.299091186523437500e+02
5.479907226562500000e+01
3.280451202392578125e+01
5.574230194091796875e+01
6.134049987792968750e+01
3.771958160400390625e+01
4.609721755981445312e+01
6.233874893188476562e+01
4.151178741455078125e+01
8.102981567382812500e+01
7.408831024169921875e+01
5.586069488525390625e+01
5.529193496704101562e+01
3.489305877685546875e+01
5.275198364257812500e+01
5.320460510253906250e+01
4.028042602539062500e+01
7.137442779541015625e+01
7.395478057861328125e+01
5.091407394409179688e+01
9.098162078857421875e+01
4.751694488525390625e+01
3.934145355224609375e+01
5.692857360839843750e+01
4.359314727783203125e+01
4.245796203613281250e+01
4.481836318969726562e+01
4.323733520507812500e+01
3.678731155395507812e+01
7.818347167968750000e+01
4.932324218750000000e+01
4.095611190795898438e+01
1.898271179199218750e+02
8.060681152343750000e+01
4.305467224121093750e+01
6.242748260498046875e+01
7.130464935302734375e+01
4.386316680908203125e+01
4.736709213256835938e+01
1.183104705810546875e+02
5.102003479003906250e+01
6.789222717285156250e+01
4.419422912597656250e+01
3.492008209228515625e+01
5.248079681396484375e+01
6.165341186523437500e+01
4.714241409301757812e+01
4.588547515869140625e+01
5.487221908569335938e+01
4.892435836791992188e+01
4.853008651733398438e+01
4.919987487792968750e+01
3.604782867431640625e+01
4.173397445678710938e+01
7.111627197265625000e+01
7.712354278564453125e+01
4.663262176513671875e+01
9.008456420898437500e+01
4.453810882568359375e+01
4.335395050048828125e+01
7.489640045166015625e+01
6.959970855712890625e+01
4.253388214111328125e+01
4.962488937377929688e+01
3.070249176025390625e+01
4.742349243164062500e+01
3.007672882080078125e+01
9.135731506347656250e+01
5.072791290283203125e+01
3.706809997558593750e+01
7.053462219238281250e+01
5.379779434204101562e+01
5.493548583984375000e+01
3.440009689331054688e+01
5.704246139526367188e+01
5.483963012695312500e+01
4.256921386718750000e+01
7.151286315917968750e+01
7.253034210205078125e+01
3.841326141357421875e+01
5.938885498046875000e+01
3.670830154418945312e+01
5.146856307983398438e+01
8.222099304199218750e+01
7.956278991699218750e+01
5.380337524414062500e+01
5.627526092529296875e+01
6.600816345214843750e+01
5.704245758056640625e+01
4.194426345825195312e+01
5.064388275146484375e+01
3.000000000000000000e+01
4.101921081542968750e+01
5.810583877563476562e+01
6.251782608032226562e+01
3.303501892089843750e+01
4.793129730224609375e+01
6.079681777954101562e+01
5.689566802978515625e+01
3.696664428710937500e+01
5.887746429443359375e+01
3.882562255859375000e+01
4.402518081665039062e+01
6.455787658691406250e+01
4.387605285644531250e+01
6.701904296875000000e+01
3.630314254760742188e+01
7.624499511718750000e+01
6.198059844970703125e+01
5.155717086791992188e+01
4.320517730712890625e+01
4.163910675048828125e+01
7.285072326660156250e+01
7.417353820800781250e+01
3.828800964355468750e+01
3.991275787353515625e+01
6.073333740234375000e+01
6.559268188476562500e+01
5.279220581054687500e+01
3.882196807861328125e+01
9.552013397216796875e+01
4.352790451049804688e+01
4.762599945068359375e+01
4.107434082031250000e+01
4.383619689941406250e+01
5.875517654418945312e+01
3.000000000000000000e+01
9.401522827148437500e+01
5.619475936889648438e+01
5.133705520629882812e+01
4.022183990478515625e+01
5.061519622802734375e+01
4.738955688476562500e+01
6.432775878906250000e+01
3.000000000000000000e+01
3.824543762207031250e+01
3.283008193969726562e+01
4.324671173095703125e+01
7.217122650146484375e+01
5.409699249267578125e+01
6.726709747314453125e+01
7.902003479003906250e+01
5.172206878662109375e+01
4.020202636718750000e+01
3.960469436645507812e+01
3.175521850585937500e+01
5.061519622802734375e+01
7.987934875488281250e+01
4.624895477294921875e+01
5.059701919555664062e+01
3.587412261962890625e+01
8.020514678955078125e+01
6.122009658813476562e+01
6.978989410400390625e+01
5.054088592529296875e+01
3.413437271118164062e+01
7.248029327392578125e+01
3.350736999511718750e+01
6.519872283935546875e+01
3.434875869750976562e+01
4.858107757568359375e+01
4.420030975341796875e+01
3.000000000000000000e+01
4.150244522094726562e+01
4.228449249267578125e+01
7.722502899169921875e+01
4.327443695068359375e+01
7.956278991699218750e+01
5.215716934204101562e+01
4.204930877685546875e+01
4.174400329589843750e+01
5.361587905883789062e+01
3.840667724609375000e+01
4.744063949584960938e+01
6.773542785644531250e+01
7.032986450195312500e+01
4.931327819824218750e+01
4.111965179443359375e+01
4.425592041015625000e+01
7.447457122802734375e+01
5.305445098876953125e+01
4.550355148315429688e+01
4.614397811889648438e+01
3.220309829711914062e+01
4.150484466552734375e+01
4.223113250732421875e+01
4.652345275878906250e+01
4.562040710449218750e+01
4.557224273681640625e+01
4.538813018798828125e+01
4.265369415283203125e+01
3.390214538574218750e+01
4.654491043090820312e+01
3.133344268798828125e+01
7.558158111572265625e+01
5.626758575439453125e+01
6.597270965576171875e+01
5.215716934204101562e+01
6.789817047119140625e+01
3.753745269775390625e+01
4.487847900390625000e+01
5.414021301269531250e+01
3.295404052734375000e+01
4.660522079467773438e+01
7.343359375000000000e+01
3.000000000000000000e+01
6.094966125488281250e+01
4.783332061767578125e+01
4.439081954956054688e+01
5.157730865478515625e+01
7.840896606445312500e+01
3.387686538696289062e+01
4.151824188232421875e+01
7.482842254638671875e+01
4.876437377929687500e+01
7.908494567871093750e+01
7.759110260009765625e+01
3.000000000000000000e+01
7.432804870605468750e+01
6.354099273681640625e+01
5.885205078125000000e+01
5.257050704956054688e+01
5.227316665649414062e+01
6.426194763183593750e+01
6.455500793457031250e+01
5.414030456542968750e+01
6.016844177246093750e+01
7.349911499023437500e+01
4.797082519531250000e+01
7.574730682373046875e+01
4.240525817871093750e+01
3.763663101196289062e+01
3.921770095825195312e+01
5.318271636962890625e+01
4.307680892944335938e+01
7.296841430664062500e+01
4.524574661254882812e+01
4.688223266601562500e+01
4.050965881347656250e+01
4.701413345336914062e+01
3.352136993408203125e+01
4.079904174804687500e+01
7.652623748779296875e+01
4.673600769042968750e+01
4.279584503173828125e+01
5.634684753417968750e+01
3.567610168457031250e+01
4.433715438842773438e+01
4.532044219970703125e+01
4.320517730712890625e+01
3.000000000000000000e+01
3.657713317871093750e+01
4.484159088134765625e+01
5.170714569091796875e+01
3.000000000000000000e+01
4.601099777221679688e+01
6.232031250000000000e+01
3.993975067138671875e+01
4.028225708007812500e+01
4.797797393798828125e+01
7.127407073974609375e+01
5.250505828857421875e+01
8.271627807617187500e+01
1.135263366699218750e+02
5.223161315917968750e+01
4.044770431518554688e+01
4.690404510498046875e+01
4.928563308715820312e+01
3.000000000000000000e+01
5.167749023437500000e+01
6.613432312011718750e+01
8.147419738769531250e+01
4.209667587280273438e+01
3.843990325927734375e+01
4.647061920166015625e+01
5.755746841430664062e+01
3.506421661376953125e+01
4.948840332031250000e+01
5.751879501342773438e+01
6.337105560302734375e+01
3.009501457214355469e+01
5.775771331787109375e+01
3.915022277832031250e+01
5.540274429321289062e+01
5.338144683837890625e+01
4.060374450683593750e+01
5.528824615478515625e+01
5.323627090454101562e+01
3.881555557250976562e+01
6.258837127685546875e+01
4.936885070800781250e+01
4.702822875976562500e+01
5.537622070312500000e+01
4.157746887207031250e+01
4.338394927978515625e+01
3.975553131103515625e+01
4.542665863037109375e+01
3.000000000000000000e+01
7.586314392089843750e+01
4.848478698730468750e+01
5.760063552856445312e+01
4.236698532104492188e+01
4.515078735351562500e+01
7.598469543457031250e+01
6.447247314453125000e+01
5.360734176635742188e+01
6.346189117431640625e+01
3.842811584472656250e+01
5.019131088256835938e+01
5.751650238037109375e+01
3.523758697509765625e+01
4.383080673217773438e+01
5.074774169921875000e+01
6.655699157714843750e+01
5.102396392822265625e+01
5.673601531982421875e+01
4.609607696533203125e+01
7.740132904052734375e+01
4.126208877563476562e+01
9.138893127441406250e+01
8.252239990234375000e+01
6.019884872436523438e+01
5.056929779052734375e+01
4.460087203979492188e+01
7.176218414306640625e+01
5.789041519165039062e+01
4.067657470703125000e+01
6.861828613281250000e+01
4.760608291625976562e+01
4.069371032714843750e+01
5.686367034912109375e+01
8.187229156494140625e+01
4.999233245849609375e+01
5.598232269287109375e+01
3.000000000000000000e+01
6.808850860595703125e+01
3.811309051513671875e+01
3.712191772460937500e+01
4.649984741210937500e+01
1.069927062988281250e+02
4.967810821533203125e+01
4.943334579467773438e+01
4.925216674804687500e+01
7.878439331054687500e+01
4.328164291381835938e+01
4.813792037963867188e+01
5.657059097290039062e+01
1.023934478759765625e+02
5.610978698730468750e+01
5.983567810058593750e+01
7.816781616210937500e+01
6.710099029541015625e+01
6.466909790039062500e+01
3.000000000000000000e+01
3.875042724609375000e+01
5.356945800781250000e+01
3.844994735717773438e+01
3.937113571166992188e+01
3.850673675537109375e+01
3.484720230102539062e+01
5.537463760375976562e+01
3.409887695312500000e+01
4.671297454833984375e+01
4.445269012451171875e+01
6.449085998535156250e+01
5.291238021850585938e+01
3.471675872802734375e+01
4.238395309448242188e+01
3.843008422851562500e+01
3.000000000000000000e+01
4.628943252563476562e+01
7.448731994628906250e+01
4.865650558471679688e+01
4.508547210693359375e+01
3.000000000000000000e+01
6.666308593750000000e+01
6.097994232177734375e+01
3.435421752929687500e+01
7.285072326660156250e+01
4.504809951782226562e+01
8.725257110595703125e+01
4.147622680664062500e+01
5.552662658691406250e+01
5.958588409423828125e+01
4.718313980102539062e+01
3.170708465576171875e+01
4.969889450073242188e+01
4.893780899047851562e+01
5.398887634277343750e+01
4.527326583862304688e+01
4.390667724609375000e+01
5.070727539062500000e+01
4.610640335083007812e+01
6.424279785156250000e+01
6.675694274902343750e+01
7.800903320312500000e+01
4.923117065429687500e+01
4.502301406860351562e+01
5.455245590209960938e+01
5.537464141845703125e+01
4.870167922973632812e+01
4.928543090820312500e+01
5.595872116088867188e+01
5.219187927246093750e+01
5.356095123291015625e+01
4.478568267822265625e+01
4.021711349487304688e+01
4.029275894165039062e+01
7.826627349853515625e+01
3.577829360961914062e+01
3.968800735473632812e+01
3.902905654907226562e+01
3.460755920410156250e+01
4.694198989868164062e+01
3.000000000000000000e+01
5.031525421142578125e+01
3.894108581542968750e+01
3.008583068847656250e+01
6.349479293823242188e+01
7.221462249755859375e+01
3.000000000000000000e+01
5.016961669921875000e+01
5.096702575683593750e+01
4.157691192626953125e+01
4.190877151489257812e+01
5.637942886352539062e+01
4.099008560180664062e+01
4.294441604614257812e+01
4.168227386474609375e+01
4.998506927490234375e+01
4.968459701538085938e+01
4.921752929687500000e+01
4.294607543945312500e+01
4.149857330322265625e+01
3.720515441894531250e+01
3.791192626953125000e+01
3.784983444213867188e+01
5.086239242553710938e+01
5.059012603759765625e+01
8.187229156494140625e+01
5.445298385620117188e+01
3.000000000000000000e+01
3.854358291625976562e+01
9.664756774902343750e+01
4.388627624511718750e+01
3.962544250488281250e+01
7.826627349853515625e+01
5.511184310913085938e+01
4.432279205322265625e+01
4.032914733886718750e+01
4.891923522949218750e+01
1.106336364746093750e+02
8.838784027099609375e+01
5.233996963500976562e+01
8.177571868896484375e+01
4.408043670654296875e+01
3.000000000000000000e+01
8.456665802001953125e+01
4.626700592041015625e+01
5.401083374023437500e+01
5.935028457641601562e+01
3.726019668579101562e+01
3.238111114501953125e+01
6.279574584960937500e+01
4.048804473876953125e+01
4.602250671386718750e+01
5.506655883789062500e+01
4.469552612304687500e+01
3.310889053344726562e+01
4.277913284301757812e+01
6.354099273681640625e+01
4.304162216186523438e+01
4.111173629760742188e+01
8.075794982910156250e+01
4.549940109252929688e+01
4.428911209106445312e+01
7.782675170898437500e+01
4.813825988769531250e+01
3.239389419555664062e+01
3.863785171508789062e+01
4.444436645507812500e+01
4.887984466552734375e+01
4.049977874755859375e+01
4.189691543579101562e+01
4.848522186279296875e+01
5.533261108398437500e+01
5.680979537963867188e+01
4.257136917114257812e+01
3.596533203125000000e+01
4.902628707885742188e+01
4.245978546142578125e+01
3.838702011108398438e+01
6.220211791992187500e+01
5.472748565673828125e+01
4.193038177490234375e+01
3.000000000000000000e+01
3.620838165283203125e+01
3.994097518920898438e+01
3.313032531738281250e+01
5.803969955444335938e+01
3.963074111938476562e+01
4.209667587280273438e+01
3.687969970703125000e+01
4.737413787841796875e+01
5.566571426391601562e+01
4.975017547607421875e+01
5.134993743896484375e+01
6.197148132324218750e+01
5.018184661865234375e+01
4.691149902343750000e+01
3.756277847290039062e+01
7.843354797363281250e+01
4.954532623291015625e+01
3.424570846557617188e+01
4.654318237304687500e+01
5.063226699829101562e+01
6.042576980590820312e+01
4.487899398803710938e+01
4.849357604980468750e+01
3.480961990356445312e+01
3.091953849792480469e+01
4.396033477783203125e+01
3.852876281738281250e+01
5.080204772949218750e+01
4.726172256469726562e+01
5.882774353027343750e+01
4.203179168701171875e+01
6.369367218017578125e+01
4.237616348266601562e+01
4.083517837524414062e+01
7.622282409667968750e+01
3.705096435546875000e+01
4.976758956909179688e+01
3.000000000000000000e+01
3.000000000000000000e+01
5.360952758789062500e+01
4.553569030761718750e+01
3.648640060424804688e+01
4.857344436645507812e+01
3.000000000000000000e+01
4.045580291748046875e+01
4.614875030517578125e+01
3.592370986938476562e+01
4.400000000000000000e+01
6.200000000000000000e+01
3.700000000000000000e+01
3.200000000000000000e+01
1.040000000000000000e+02
4.600000000000000000e+01
3.600000000000000000e+01
9.200000000000000000e+01
7.500000000000000000e+01
1.530000000000000000e+02
3.900000000000000000e+01
9.000000000000000000e+01
4.200000000000000000e+01
7.600000000000000000e+01
3.600000000000000000e+01
6.100000000000000000e+01
6.300000000000000000e+01
3.300000000000000000e+01
3.300000000000000000e+01
2.180000000000000000e+02
4.200000000000000000e+01
1.350000000000000000e+02
4.800000000000000000e+01
3.600000000000000000e+01
4.900000000000000000e+01
6.400000000000000000e+01
3.400000000000000000e+01
6.300000000000000000e+01
2.020000000000000000e+02
5.700000000000000000e+01
9.100000000000000000e+01
6.500000000000000000e+01
3.900000000000000000e+01
1.200000000000000000e+02
6.900000000000000000e+01
3.900000000000000000e+01
8.100000000000000000e+01
6.200000000000000000e+01
4.300000000000000000e+01
4.100000000000000000e+01
3.500000000000000000e+01
3.200000000000000000e+01
4.500000000000000000e+01
1.180000000000000000e+02
5.000000000000000000e+01
3.400000000000000000e+01
3.900000000000000000e+01
7.000000000000000000e+01
2.580000000000000000e+02
3.200000000000000000e+01
4.300000000000000000e+01
3.100000000000000000e+01
1.010000000000000000e+02
4.200000000000000000e+01
1.300000000000000000e+02
3.500000000000000000e+01
6.500000000000000000e+01
4.500000000000000000e+01
6.100000000000000000e+01
2.010000000000000000e+02
3.200000000000000000e+01
1.050000000000000000e+02
4.000000000000000000e+01
9.600000000000000000e+01
1.260000000000000000e+02
6.400000000000000000e+01
5.300000000000000000e+01
3.100000000000000000e+01
4.900000000000000000e+01
7.400000000000000000e+01
5.100000000000000000e+01
7.000000000000000000e+01
2.020000000000000000e+02
3.200000000000000000e+01
7.400000000000000000e+01
3.200000000000000000e+01
5.100000000000000000e+01
5.600000000000000000e+01
3.500000000000000000e+01
6.100000000000000000e+01
4.500000000000000000e+01
3.800000000000000000e+01
6.400000000000000000e+01
1.820000000000000000e+02
9.900000000000000000e+01
6.500000000000000000e+01
3.700000000000000000e+01
5.300000000000000000e+01
7.800000000000000000e+01
6.300000000000000000e+01
5.700000000000000000e+01
4.300000000000000000e+01
4.900000000000000000e+01
5.800000000000000000e+01
8.900000000000000000e+01
8.400000000000000000e+01
8.700000000000000000e+01
4.500000000000000000e+01
7.500000000000000000e+01
3.900000000000000000e+01
1.180000000000000000e+02
4.700000000000000000e+01
1.370000000000000000e+02
3.700000000000000000e+01
3.900000000000000000e+01
1.380000000000000000e+02
3.900000000000000000e+01
5.600000000000000000e+01
3.800000000000000000e+01
3.500000000000000000e+01
4.000000000000000000e+01
3.100000000000000000e+01
8.400000000000000000e+01
1.400000000000000000e+02
4.600000000000000000e+01
4.800000000000000000e+01
1.690000000000000000e+02
6.000000000000000000e+01
1.030000000000000000e+02
7.300000000000000000e+01
4.900000000000000000e+01
1.710000000000000000e+02
3.500000000000000000e+01
4.200000000000000000e+01
3.800000000000000000e+01
5.400000000000000000e+01
8.400000000000000000e+01
4.700000000000000000e+01
3.700000000000000000e+01
7.100000000000000000e+01
3.000000000000000000e+01
1.010000000000000000e+02
6.600000000000000000e+01
3.100000000000000000e+01
7.800000000000000000e+01
3.000000000000000000e+01
9.600000000000000000e+01
3.200000000000000000e+01
3.100000000000000000e+01
1.330000000000000000e+02
3.800000000000000000e+01
1.030000000000000000e+02
8.900000000000000000e+01
3.500000000000000000e+01
7.500000000000000000e+01
9.100000000000000000e+01
8.200000000000000000e+01
5.500000000000000000e+01
3.100000000000000000e+01
7.100000000000000000e+01
6.200000000000000000e+01
6.900000000000000000e+01
6.500000000000000000e+01
1.160000000000000000e+02
4.600000000000000000e+01
1.020000000000000000e+02
3.600000000000000000e+01
1.400000000000000000e+02
3.000000000000000000e+01
8.900000000000000000e+01
4.300000000000000000e+01
7.600000000000000000e+01
3.700000000000000000e+01
3.400000000000000000e+01
9.800000000000000000e+01
3.000000000000000000e+01
4.600000000000000000e+01
7.700000000000000000e+01
3.500000000000000000e+01
1.240000000000000000e+02
3.000000000000000000e+01
3.600000000000000000e+01
3.000000000000000000e+01
3.100000000000000000e+01
7.600000000000000000e+01
5.600000000000000000e+01
4.400000000000000000e+01
6.700000000000000000e+01
1.300000000000000000e+02
4.100000000000000000e+01
1.180000000000000000e+02
6.100000000000000000e+01
4.600000000000000000e+01
3.300000000000000000e+01
3.300000000000000000e+01
3.100000000000000000e+01
3.800000000000000000e+01
7.600000000000000000e+01
4.500000000000000000e+01
3.300000000000000000e+01
7.000000000000000000e+01
6.800000000000000000e+01
6.200000000000000000e+01
4.000000000000000000e+01
8.100000000000000000e+01
3.000000000000000000e+01
5.500000000000000000e+01
7.500000000000000000e+01
1.290000000000000000e+02
7.100000000000000000e+01
5.800000000000000000e+01
1.480000000000000000e+02
1.250000000000000000e+02
5.800000000000000000e+01
4.100000000000000000e+01
4.400000000000000000e+01
4.000000000000000000e+01
8.000000000000000000e+01
1.040000000000000000e+02
4.700000000000000000e+01
4.500000000000000000e+01
5.400000000000000000e+01
3.500000000000000000e+01
3.800000000000000000e+01
3.400000000000000000e+01
5.100000000000000000e+01
6.800000000000000000e+01
8.500000000000000000e+01
3.300000000000000000e+01
3.500000000000000000e+01
3.100000000000000000e+01
6.300000000000000000e+01
1.440000000000000000e+02
4.000000000000000000e+01
4.900000000000000000e+01
3.300000000000000000e+01
9.700000000000000000e+01
1.470000000000000000e+02
4.400000000000000000e+01
9.900000000000000000e+01
3.700000000000000000e+01
7.300000000000000000e+01
8.500000000000000000e+01
3.000000000000000000e+01
3.100000000000000000e+01
7.200000000000000000e+01
3.000000000000000000e+01
4.600000000000000000e+01
8.700000000000000000e+01
5.900000000000000000e+01
3.600000000000000000e+01
1.110000000000000000e+02
2.290000000000000000e+02
5.600000000000000000e+01
1.070000000000000000e+02
3.100000000000000000e+01
4.400000000000000000e+01
1.170000000000000000e+02
1.870000000000000000e+02
4.400000000000000000e+01
6.400000000000000000e+01
3.600000000000000000e+01
4.000000000000000000e+01
6.200000000000000000e+01
4.200000000000000000e+01
5.700000000000000000e+01
5.200000000000000000e+01
5.800000000000000000e+01
3.900000000000000000e+01
2.500000000000000000e+02
8.900000000000000000e+01
9.200000000000000000e+01
6.600000000000000000e+01
3.400000000000000000e+01
1.050000000000000000e+02
4.700000000000000000e+01
2.160000000000000000e+02
4.700000000000000000e+01
6.600000000000000000e+01
3.600000000000000000e+01
5.500000000000000000e+01
5.000000000000000000e+01
6.600000000000000000e+01
5.200000000000000000e+01
2.210000000000000000e+02
3.300000000000000000e+01
9.300000000000000000e+01
1.070000000000000000e+02
1.380000000000000000e+02
1.000000000000000000e+02
5.600000000000000000e+01
5.900000000000000000e+01
6.600000000000000000e+01
4.000000000000000000e+01
8.800000000000000000e+01
4.700000000000000000e+01
3.000000000000000000e+01
4.000000000000000000e+01
3.800000000000000000e+01
4.600000000000000000e+01
4.400000000000000000e+01
3.400000000000000000e+01
3.800000000000000000e+01
1.140000000000000000e+02
4.100000000000000000e+01
3.200000000000000000e+01
3.200000000000000000e+01
4.100000000000000000e+01
5.500000000000000000e+01
4.300000000000000000e+01
9.300000000000000000e+01
3.700000000000000000e+01
4.600000000000000000e+01
8.200000000000000000e+01
1.610000000000000000e+02
3.300000000000000000e+01
1.110000000000000000e+02
1.070000000000000000e+02
7.200000000000000000e+01
1.360000000000000000e+02
1.660000000000000000e+02
3.200000000000000000e+01
1.340000000000000000e+02
7.900000000000000000e+01
9.500000000000000000e+01
5.300000000000000000e+01
5.600000000000000000e+01
1.650000000000000000e+02
5.800000000000000000e+01
7.400000000000000000e+01
5.800000000000000000e+01
5.600000000000000000e+01
7.500000000000000000e+01
3.100000000000000000e+01
3.000000000000000000e+01
3.400000000000000000e+01
3.200000000000000000e+01
4.100000000000000000e+01
1.910000000000000000e+02
3.200000000000000000e+01
1.110000000000000000e+02
3.300000000000000000e+01
3.100000000000000000e+01
7.800000000000000000e+01
5.100000000000000000e+01
5.300000000000000000e+01
1.240000000000000000e+02
3.700000000000000000e+01
3.100000000000000000e+01
3.900000000000000000e+01
6.300000000000000000e+01
9.600000000000000000e+01
3.300000000000000000e+01
9.600000000000000000e+01
5.000000000000000000e+01
4.600000000000000000e+01
1.380000000000000000e+02
3.200000000000000000e+01
4.700000000000000000e+01
8.900000000000000000e+01
2.130000000000000000e+02
2.020000000000000000e+02
3.100000000000000000e+01
1.660000000000000000e+02
3.900000000000000000e+01
1.460000000000000000e+02
6.000000000000000000e+01
4.700000000000000000e+01
1.450000000000000000e+02
8.200000000000000000e+01
4.300000000000000000e+01
1.850000000000000000e+02
4.300000000000000000e+01
6.200000000000000000e+01
1.260000000000000000e+02
4.000000000000000000e+01
1.090000000000000000e+02
1.070000000000000000e+02
3.000000000000000000e+01
4.000000000000000000e+01
4.200000000000000000e+01
4.800000000000000000e+01
1.590000000000000000e+02
1.710000000000000000e+02
3.100000000000000000e+01
2.620000000000000000e+02
1.060000000000000000e+02
7.100000000000000000e+01
6.500000000000000000e+01
8.600000000000000000e+01
3.400000000000000000e+01
3.500000000000000000e+01
3.200000000000000000e+01
3.700000000000000000e+01
1.120000000000000000e+02
1.720000000000000000e+02
6.400000000000000000e+01
4.500000000000000000e+01
5.200000000000000000e+01
2.640000000000000000e+02
5.600000000000000000e+01
3.800000000000000000e+01
3.100000000000000000e+01
3.100000000000000000e+01
5.600000000000000000e+01
6.600000000000000000e+01
7.900000000000000000e+01
1.270000000000000000e+02
6.200000000000000000e+01
5.100000000000000000e+01
4.000000000000000000e+01
4.300000000000000000e+01
2.270000000000000000e+02
3.800000000000000000e+01
4.200000000000000000e+01
1.070000000000000000e+02
3.300000000000000000e+01
5.400000000000000000e+01
3.100000000000000000e+01
2.070000000000000000e+02
7.800000000000000000e+01
7.700000000000000000e+01
5.000000000000000000e+01
6.300000000000000000e+01
6.400000000000000000e+01
3.300000000000000000e+01
6.000000000000000000e+01
9.500000000000000000e+01
3.200000000000000000e+01
3.600000000000000000e+01
1.040000000000000000e+02
3.500000000000000000e+01
3.600000000000000000e+01
1.140000000000000000e+02
4.200000000000000000e+01
4.600000000000000000e+01
7.200000000000000000e+01
3.900000000000000000e+01
5.200000000000000000e+01
9.500000000000000000e+01
3.900000000000000000e+01
7.100000000000000000e+01
2.430000000000000000e+02
3.100000000000000000e+01
1.400000000000000000e+02
5.000000000000000000e+01
3.100000000000000000e+01
1.000000000000000000e+02
6.800000000000000000e+01
3.900000000000000000e+01
6.500000000000000000e+01
4.600000000000000000e+01
9.300000000000000000e+01
8.100000000000000000e+01
1.610000000000000000e+02
3.600000000000000000e+01
8.200000000000000000e+01
7.400000000000000000e+01
1.870000000000000000e+02
1.090000000000000000e+02
7.400000000000000000e+01
7.800000000000000000e+01
5.800000000000000000e+01
4.600000000000000000e+01
1.040000000000000000e+02
4.700000000000000000e+01
1.730000000000000000e+02
1.150000000000000000e+02
3.900000000000000000e+01
1.110000000000000000e+02
4.400000000000000000e+01
4.800000000000000000e+01
3.900000000000000000e+01
4.200000000000000000e+01
5.600000000000000000e+01
1.580000000000000000e+02
3.400000000000000000e+01
3.400000000000000000e+01
6.500000000000000000e+01
5.400000000000000000e+01
1.060000000000000000e+02
3.000000000000000000e+01
5.000000000000000000e+01
1.440000000000000000e+02
1.600000000000000000e+02
6.700000000000000000e+01
4.000000000000000000e+01
5.100000000000000000e+01
6.900000000000000000e+01
6.900000000000000000e+01
9.800000000000000000e+01
4.600000000000000000e+01
4.700000000000000000e+01
4.400000000000000000e+01
5.400000000000000000e+01
8.400000000000000000e+01
6.400000000000000000e+01
3.600000000000000000e+01
8.600000000000000000e+01
9.500000000000000000e+01
4.300000000000000000e+01
4.200000000000000000e+01
4.800000000000000000e+01
3.300000000000000000e+01
5.100000000000000000e+01
3.100000000000000000e+01
3.200000000000000000e+01
3.900000000000000000e+01
3.600000000000000000e+01
6.900000000000000000e+01
5.200000000000000000e+01
3.400000000000000000e+01
7.600000000000000000e+01
5.900000000000000000e+01
4.900000000000000000e+01
6.900000000000000000e+01
5.700000000000000000e+01
9.300000000000000000e+01
3.900000000000000000e+01
3.200000000000000000e+01
4.500000000000000000e+01
4.100000000000000000e+01
3.600000000000000000e+01
4.200000000000000000e+01
6.200000000000000000e+01
4.100000000000000000e+01
3.300000000000000000e+01
1.140000000000000000e+02
3.900000000000000000e+01
6.500000000000000000e+01
7.800000000000000000e+01
3.900000000000000000e+01
9.000000000000000000e+01
4.400000000000000000e+01
5.000000000000000000e+01
1.350000000000000000e+02
5.000000000000000000e+01
1.000000000000000000e+02
2.100000000000000000e+02
4.100000000000000000e+01
4.100000000000000000e+01
7.100000000000000000e+01
3.500000000000000000e+01
5.100000000000000000e+01
4.900000000000000000e+01
2.050000000000000000e+02
5.600000000000000000e+01
4.600000000000000000e+01
6.100000000000000000e+01
3.300000000000000000e+01
7.600000000000000000e+01
1.110000000000000000e+02
3.000000000000000000e+01
6.400000000000000000e+01
5.600000000000000000e+01
3.400000000000000000e+01
3.400000000000000000e+01
3.400000000000000000e+01
6.000000000000000000e+01
3.300000000000000000e+01
4.800000000000000000e+01
3.200000000000000000e+01
4.200000000000000000e+01
6.200000000000000000e+01
4.900000000000000000e+01
3.200000000000000000e+01
5.000000000000000000e+01
5.300000000000000000e+01
7.500000000000000000e+01
1.180000000000000000e+02
5.700000000000000000e+01
1.190000000000000000e+02
9.200000000000000000e+01
1.050000000000000000e+02
5.300000000000000000e+01
4.600000000000000000e+01
4.600000000000000000e+01
6.900000000000000000e+01
6.400000000000000000e+01
7.200000000000000000e+01
6.700000000000000000e+01
1.070000000000000000e+02
4.600000000000000000e+01
4.300000000000000000e+01
7.200000000000000000e+01
8.300000000000000000e+01
6.300000000000000000e+01
5.900000000000000000e+01
5.400000000000000000e+01
3.500000000000000000e+01
5.700000000000000000e+01
3.800000000000000000e+01
5.000000000000000000e+01
3.400000000000000000e+01
4.000000000000000000e+01
5.200000000000000000e+01
7.000000000000000000e+01
5.300000000000000000e+01
3.000000000000000000e+01
3.500000000000000000e+01
1.400000000000000000e+02
6.500000000000000000e+01
3.900000000000000000e+01
4.600000000000000000e+01
8.100000000000000000e+01
5.000000000000000000e+01
4.900000000000000000e+01
3.100000000000000000e+01
7.500000000000000000e+01
5.200000000000000000e+01
5.400000000000000000e+01
6.100000000000000000e+01
1.680000000000000000e+02
6.800000000000000000e+01
5.400000000000000000e+01
3.400000000000000000e+01
7.700000000000000000e+01
5.700000000000000000e+01
4.400000000000000000e+01
5.700000000000000000e+01
3.300000000000000000e+01
3.800000000000000000e+01
4.300000000000000000e+01
3.700000000000000000e+01
5.600000000000000000e+01
5.100000000000000000e+01
5.200000000000000000e+01
7.200000000000000000e+01
7.400000000000000000e+01
4.500000000000000000e+01
4.000000000000000000e+01
9.300000000000000000e+01
1.490000000000000000e+02
7.800000000000000000e+01
4.800000000000000000e+01
8.700000000000000000e+01
5.600000000000000000e+01
3.400000000000000000e+01
1.350000000000000000e+02
3.600000000000000000e+01
4.000000000000000000e+01
5.900000000000000000e+01
3.200000000000000000e+01
3.300000000000000000e+01
1.890000000000000000e+02
4.700000000000000000e+01
4.200000000000000000e+01
3.500000000000000000e+01
1.310000000000000000e+02
4.900000000000000000e+01
7.000000000000000000e+01
1.190000000000000000e+02
5.600000000000000000e+01
1.810000000000000000e+02
8.400000000000000000e+01
1.380000000000000000e+02
3.400000000000000000e+01
4.700000000000000000e+01
1.110000000000000000e+02
6.600000000000000000e+01
5.500000000000000000e+01
4.000000000000000000e+01
5.700000000000000000e+01
3.800000000000000000e+01
4.200000000000000000e+01
4.800000000000000000e+01
4.500000000000000000e+01
3.300000000000000000e+01
7.200000000000000000e+01
9.400000000000000000e+01
3.100000000000000000e+01
3.100000000000000000e+01
6.100000000000000000e+01
3.500000000000000000e+01
5.600000000000000000e+01
1.100000000000000000e+02
8.400000000000000000e+01
6.400000000000000000e+01
5.600000000000000000e+01
6.000000000000000000e+01
4.500000000000000000e+01
1.010000000000000000e+02
6.200000000000000000e+01
1.170000000000000000e+02
8.700000000000000000e+01
5.600000000000000000e+01
6.500000000000000000e+01
4.500000000000000000e+01
3.500000000000000000e+01
6.600000000000000000e+01
7.300000000000000000e+01
2.550000000000000000e+02
6.200000000000000000e+01
5.500000000000000000e+01
5.700000000000000000e+01
4.700000000000000000e+01
3.500000000000000000e+01
1.050000000000000000e+02
5.000000000000000000e+01
4.500000000000000000e+01
4.400000000000000000e+01
3.500000000000000000e+01
3.100000000000000000e+01
4.800000000000000000e+01
1.420000000000000000e+02
8.900000000000000000e+01
1.180000000000000000e+02
3.000000000000000000e+01
4.200000000000000000e+01
3.000000000000000000e+01
1.060000000000000000e+02
1.370000000000000000e+02
6.400000000000000000e+01
6.300000000000000000e+01
4.100000000000000000e+01
3.100000000000000000e+01
5.700000000000000000e+01
8.000000000000000000e+01
3.400000000000000000e+01
3.900000000000000000e+01
3.200000000000000000e+01
7.100000000000000000e+01
4.200000000000000000e+01
7.800000000000000000e+01
3.100000000000000000e+01
5.400000000000000000e+01
6.200000000000000000e+01
3.100000000000000000e+01
3.200000000000000000e+01
3.300000000000000000e+01
9.700000000000000000e+01
3.200000000000000000e+01
4.600000000000000000e+01
3.000000000000000000e+01
3.700000000000000000e+01
5.200000000000000000e+01
4.300000000000000000e+01
3.800000000000000000e+01
4.400000000000000000e+01
5.300000000000000000e+01
4.500000000000000000e+01
5.100000000000000000e+01
1.380000000000000000e+02
4.200000000000000000e+01
6.300000000000000000e+01
9.000000000000000000e+01
4.100000000000000000e+01
5.100000000000000000e+01
4.100000000000000000e+01
3.600000000000000000e+01
5.600000000000000000e+01
5.800000000000000000e+01
4.700000000000000000e+01
6.800000000000000000e+01
7.100000000000000000e+01
5.000000000000000000e+01
3.300000000000000000e+01
6.300000000000000000e+01
5.400000000000000000e+01
6.800000000000000000e+01
4.000000000000000000e+01
4.300000000000000000e+01
5.100000000000000000e+01
5.300000000000000000e+01
3.200000000000000000e+01
4.400000000000000000e+01
3.400000000000000000e+01
5.500000000000000000e+01
5.300000000000000000e+01
1.010000000000000000e+02
1.070000000000000000e+02
3.200000000000000000e+01
1.020000000000000000e+02
3.300000000000000000e+01
4.700000000000000000e+01
3.900000000000000000e+01
3.500000000000000000e+01
1.180000000000000000e+02
6.000000000000000000e+01
8.300000000000000000e+01
3.300000000000000000e+01
9.400000000000000000e+01
5.500000000000000000e+01
3.800000000000000000e+01
1.060000000000000000e+02
1.720000000000000000e+02
1.460000000000000000e+02
3.000000000000000000e+01
3.800000000000000000e+01
5.700000000000000000e+01
6.100000000000000000e+01
9.100000000000000000e+01
6.900000000000000000e+01
4.000000000000000000e+01
8.700000000000000000e+01
8.200000000000000000e+01
5.300000000000000000e+01
3.700000000000000000e+01
7.200000000000000000e+01
3.000000000000000000e+01
4.000000000000000000e+01
3.000000000000000000e+01
7.400000000000000000e+01
4.400000000000000000e+01
4.300000000000000000e+01
1.080000000000000000e+02
3.300000000000000000e+01
4.700000000000000000e+01
7.800000000000000000e+01
3.800000000000000000e+01
4.900000000000000000e+01
3.400000000000000000e+01
2.420000000000000000e+02
5.900000000000000000e+01
4.200000000000000000e+01
7.700000000000000000e+01
4.300000000000000000e+01
1.100000000000000000e+02
6.200000000000000000e+01
4.900000000000000000e+01
4.800000000000000000e+01
5.200000000000000000e+01
5.900000000000000000e+01
6.400000000000000000e+01
1.020000000000000000e+02
5.300000000000000000e+01
3.100000000000000000e+01
3.300000000000000000e+01
3.000000000000000000e+01
8.000000000000000000e+01
5.400000000000000000e+01
1.700000000000000000e+02
4.500000000000000000e+01
4.000000000000000000e+01
3.700000000000000000e+01
5.300000000000000000e+01
3.000000000000000000e+01
4.400000000000000000e+01
3.700000000000000000e+01
5.600000000000000000e+01
5.500000000000000000e+01
5.300000000000000000e+01
6.000000000000000000e+01
3.600000000000000000e+01
4.200000000000000000e+01
4.500000000000000000e+01
4.200000000000000000e+01
6.900000000000000000e+01
3.000000000000000000e+01
8.600000000000000000e+01
6.700000000000000000e+01
3.300000000000000000e+01
4.200000000000000000e+01
5.000000000000000000e+01
7.900000000000000000e+01
6.100000000000000000e+01
7.900000000000000000e+01
3.700000000000000000e+01
5.000000000000000000e+01
8.500000000000000000e+01
4.000000000000000000e+01
8.600000000000000000e+01
3.800000000000000000e+01
3.200000000000000000e+01
4.000000000000000000e+01
4.300000000000000000e+01
1.330000000000000000e+02
5.100000000000000000e+01
3.600000000000000000e+01
4.800000000000000000e+01
3.600000000000000000e+01
1.090000000000000000e+02
7.000000000000000000e+01
5.800000000000000000e+01
4.300000000000000000e+01
4.600000000000000000e+01
8.100000000000000000e+01
1.000000000000000000e+02
1.020000000000000000e+02
3.100000000000000000e+01
4.700000000000000000e+01
4.300000000000000000e+01
7.200000000000000000e+01
1.190000000000000000e+02
1.150000000000000000e+02
1.150000000000000000e+02
4.000000000000000000e+01
3.200000000000000000e+01
3.500000000000000000e+01
3.200000000000000000e+01
3.600000000000000000e+01
3.100000000000000000e+01
3.600000000000000000e+01
4.500000000000000000e+01
8.600000000000000000e+01
4.400000000000000000e+01
3.300000000000000000e+01
3.600000000000000000e+01
7.000000000000000000e+01
3.900000000000000000e+01
6.300000000000000000e+01
7.700000000000000000e+01
3.200000000000000000e+01
5.100000000000000000e+01
3.200000000000000000e+01
5.600000000000000000e+01
3.900000000000000000e+01
3.500000000000000000e+01
5.600000000000000000e+01
6.400000000000000000e+01
4.300000000000000000e+01
3.900000000000000000e+01
7.000000000000000000e+01
3.200000000000000000e+01
9.200000000000000000e+01
3.400000000000000000e+01
4.900000000000000000e+01
3.500000000000000000e+01
3.600000000000000000e+01
3.000000000000000000e+01
3.200000000000000000e+01
3.400000000000000000e+01
3.400000000000000000e+01
8.900000000000000000e+01
5.400000000000000000e+01
4.100000000000000000e+01
2.310000000000000000e+02
6.400000000000000000e+01
4.200000000000000000e+01
6.300000000000000000e+01
1.030000000000000000e+02
6.000000000000000000e+01
4.100000000000000000e+01
1.150000000000000000e+02
4.200000000000000000e+01
9.200000000000000000e+01
3.300000000000000000e+01
4.100000000000000000e+01
3.300000000000000000e+01
4.100000000000000000e+01
3.800000000000000000e+01
5.100000000000000000e+01
4.700000000000000000e+01
1.140000000000000000e+02
4.600000000000000000e+01
6.400000000000000000e+01
4.900000000000000000e+01
5.300000000000000000e+01
7.200000000000000000e+01
9.500000000000000000e+01
3.900000000000000000e+01
9.900000000000000000e+01
5.900000000000000000e+01
3.800000000000000000e+01
1.230000000000000000e+02
1.590000000000000000e+02
3.300000000000000000e+01
4.600000000000000000e+01
5.700000000000000000e+01
5.000000000000000000e+01
3.100000000000000000e+01
1.480000000000000000e+02
5.500000000000000000e+01
3.900000000000000000e+01
4.400000000000000000e+01
6.400000000000000000e+01
7.000000000000000000e+01
5.900000000000000000e+01
3.100000000000000000e+01
5.500000000000000000e+01
5.900000000000000000e+01
9.800000000000000000e+01
6.000000000000000000e+01
3.000000000000000000e+01
4.700000000000000000e+01
3.100000000000000000e+01
3.800000000000000000e+01
9.500000000000000000e+01
6.600000000000000000e+01
1.010000000000000000e+02
3.400000000000000000e+01
5.900000000000000000e+01
6.000000000000000000e+01
3.800000000000000000e+01
6.100000000000000000e+01
3.500000000000000000e+01
4.100000000000000000e+01
5.900000000000000000e+01
5.600000000000000000e+01
3.800000000000000000e+01
5.300000000000000000e+01
4.200000000000000000e+01
6.300000000000000000e+01
3.500000000000000000e+01
4.300000000000000000e+01
3.100000000000000000e+01
3.700000000000000000e+01
6.700000000000000000e+01
3.100000000000000000e+01
3.000000000000000000e+01
3.600000000000000000e+01
1.050000000000000000e+02
4.500000000000000000e+01
3.100000000000000000e+01
5.200000000000000000e+01
3.700000000000000000e+01
4.000000000000000000e+01
4.700000000000000000e+01
3.200000000000000000e+01
6.100000000000000000e+01
5.100000000000000000e+01
3.500000000000000000e+01
6.200000000000000000e+01
3.600000000000000000e+01
5.600000000000000000e+01
6.500000000000000000e+01
3.100000000000000000e+01
5.100000000000000000e+01
3.800000000000000000e+01
7.100000000000000000e+01
5.300000000000000000e+01
8.200000000000000000e+01
3.300000000000000000e+01
5.200000000000000000e+01
3.700000000000000000e+01
5.100000000000000000e+01
4.400000000000000000e+01
4.000000000000000000e+01
3.800000000000000000e+01
4.000000000000000000e+01
3.200000000000000000e+01
4.800000000000000000e+01
7.200000000000000000e+01
3.500000000000000000e+01
4.600000000000000000e+01
3.800000000000000000e+01
3.200000000000000000e+01
5.100000000000000000e+01
3.200000000000000000e+01
3.700000000000000000e+01
4.000000000000000000e+01
5.000000000000000000e+01
3.200000000000000000e+01
4.000000000000000000e+01
4.200000000000000000e+01
6.800000000000000000e+01
3.500000000000000000e+01
9.900000000000000000e+01
3.200000000000000000e+01
4.400000000000000000e+01
3.400000000000000000e+01
6.000000000000000000e+01
4.200000000000000000e+01
3.300000000000000000e+01
3.100000000000000000e+01
3.900000000000000000e+01
3.000000000000000000e+01
6.700000000000000000e+01
3.400000000000000000e+01
5.800000000000000000e+01
3.200000000000000000e+01
9.600000000000000000e+01
6.200000000000000000e+01
5.600000000000000000e+01
3.700000000000000000e+01
3.300000000000000000e+01
3.100000000000000000e+01
3.600000000000000000e+01
9.300000000000000000e+01
7.100000000000000000e+01
4.700000000000000000e+01
3.300000000000000000e+01
3.900000000000000000e+01
9.100000000000000000e+01
6.100000000000000000e+01
4.400000000000000000e+01
3.600000000000000000e+01
3.500000000000000000e+01
4.500000000000000000e+01
3.000000000000000000e+01
3.200000000000000000e+01
3.600000000000000000e+01
7.100000000000000000e+01
3.100000000000000000e+01
3.400000000000000000e+01
3.700000000000000000e+01
6.000000000000000000e+01
3.200000000000000000e+01
6.800000000000000000e+01
4.100000000000000000e+01
1.100000000000000000e+02
6.800000000000000000e+01
4.800000000000000000e+01
3.700000000000000000e+01
3.200000000000000000e+01
3.700000000000000000e+01
3.800000000000000000e+01
7.600000000000000000e+01
8.700000000000000000e+01
3.000000000000000000e+01
4.200000000000000000e+01
3.900000000000000000e+01
3.100000000000000000e+01
4.200000000000000000e+01
6.900000000000000000e+01
3.300000000000000000e+01
3.700000000000000000e+01
9.500000000000000000e+01
4.600000000000000000e+01
5.700000000000000000e+01
7.900000000000000000e+01
3.800000000000000000e+01
8.300000000000000000e+01
6.800000000000000000e+01
8.000000000000000000e+01
3.600000000000000000e+01
3.400000000000000000e+01
4.000000000000000000e+01
3.800000000000000000e+01
3.500000000000000000e+01
5.700000000000000000e+01
9.600000000000000000e+01
3.300000000000000000e+01
6.900000000000000000e+01
3.700000000000000000e+01
4.300000000000000000e+01
4.900000000000000000e+01
3.400000000000000000e+01
3.100000000000000000e+01
3.300000000000000000e+01
3.200000000000000000e+01
3.500000000000000000e+01
5.000000000000000000e+01
3.100000000000000000e+01
6.500000000000000000e+01
3.300000000000000000e+01
4.800000000000000000e+01
3.400000000000000000e+01
3.600000000000000000e+01
4.800000000000000000e+01
3.800000000000000000e+01
8.100000000000000000e+01
3.000000000000000000e+01
4.300000000000000000e+01
3.500000000000000000e+01
4.200000000000000000e+01
3.600000000000000000e+01
6.600000000000000000e+01
3.300000000000000000e+01
3.000000000000000000e+01
5.200000000000000000e+01
3.400000000000000000e+01
3.200000000000000000e+01
3.400000000000000000e+01
6.600000000000000000e+01
4.900000000000000000e+01
4.800000000000000000e+01
1.260000000000000000e+02
4.400000000000000000e+01
4.600000000000000000e+01
3.000000000000000000e+01
3.600000000000000000e+01
3.400000000000000000e+01
4.200000000000000000e+01
6.700000000000000000e+01
8.000000000000000000e+01
4.100000000000000000e+01
3.000000000000000000e+01
3.400000000000000000e+01
4.800000000000000000e+01
3.600000000000000000e+01
5.500000000000000000e+01
3.000000000000000000e+01
8.200000000000000000e+01
5.800000000000000000e+01
7.000000000000000000e+01
4.100000000000000000e+01
4.400000000000000000e+01
3.600000000000000000e+01
3.800000000000000000e+01
4.700000000000000000e+01
3.100000000000000000e+01
3.100000000000000000e+01
4.100000000000000000e+01
4.100000000000000000e+01
3.900000000000000000e+01
6.000000000000000000e+01
4.100000000000000000e+01
3.000000000000000000e+01
3.100000000000000000e+01
3.700000000000000000e+01
3.200000000000000000e+01
4.000000000000000000e+01
3.800000000000000000e+01
5.800000000000000000e+01
4.600000000000000000e+01
4.400000000000000000e+01
4.900000000000000000e+01
4.900000000000000000e+01
3.200000000000000000e+01
4.300000000000000000e+01
5.500000000000000000e+01
4.700000000000000000e+01
3.800000000000000000e+01
3.500000000000000000e+01
3.200000000000000000e+01
4.600000000000000000e+01
4.700000000000000000e+01
3.800000000000000000e+01
8.300000000000000000e+01
3.200000000000000000e+01
4.500000000000000000e+01
4.200000000000000000e+01
8.700000000000000000e+01
5.600000000000000000e+01
4.300000000000000000e+01
4.000000000000000000e+01
3.000000000000000000e+01
5.000000000000000000e+01
4.200000000000000000e+01
3.200000000000000000e+01
6.100000000000000000e+01
3.400000000000000000e+01
3.500000000000000000e+01
5.400000000000000000e+01
6.100000000000000000e+01
3.700000000000000000e+01
3.100000000000000000e+01
3.000000000000000000e+01
7.900000000000000000e+01
3.500000000000000000e+01
3.300000000000000000e+01
5.000000000000000000e+01
7.600000000000000000e+01
3.000000000000000000e+01
3.100000000000000000e+01
4.100000000000000000e+01
4.300000000000000000e+01
5.100000000000000000e+01
3.900000000000000000e+01
3.100000000000000000e+01
9.000000000000000000e+01
5.700000000000000000e+01
6.100000000000000000e+01
6.800000000000000000e+01
5.000000000000000000e+01
3.700000000000000000e+01
3.800000000000000000e+01
5.400000000000000000e+01
7.300000000000000000e+01
4.400000000000000000e+01
4.600000000000000000e+01
4.500000000000000000e+01
3.100000000000000000e+01
3.000000000000000000e+01
3.400000000000000000e+01
3.000000000000000000e+01
6.900000000000000000e+01
7.100000000000000000e+01
4.100000000000000000e+01
3.100000000000000000e+01
3.700000000000000000e+01
3.600000000000000000e+01
3.200000000000000000e+01
6.000000000000000000e+01
9.900000000000000000e+01
7.200000000000000000e+01
3.600000000000000000e+01
3.200000000000000000e+01
6.900000000000000000e+01
4.400000000000000000e+01
3.100000000000000000e+01
3.400000000000000000e+01
4.300000000000000000e+01
3.700000000000000000e+01
4.800000000000000000e+01
3.700000000000000000e+01
4.100000000000000000e+01
4.200000000000000000e+01
3.900000000000000000e+01
3.200000000000000000e+01
3.500000000000000000e+01
4.600000000000000000e+01
4.000000000000000000e+01
3.400000000000000000e+01
3.500000000000000000e+01
3.000000000000000000e+01
6.900000000000000000e+01
7.400000000000000000e+01
5.000000000000000000e+01
3.700000000000000000e+01
3.500000000000000000e+01
7.600000000000000000e+01
4.500000000000000000e+01
5.000000000000000000e+01
3.800000000000000000e+01
5.500000000000000000e+01
5.900000000000000000e+01
5.600000000000000000e+01
3.400000000000000000e+01
3.300000000000000000e+01
3.600000000000000000e+01
3.600000000000000000e+01
3.200000000000000000e+01
3.500000000000000000e+01
3.000000000000000000e+01
3.500000000000000000e+01
3.600000000000000000e+01
3.900000000000000000e+01
4.600000000000000000e+01
3.100000000000000000e+01
3.300000000000000000e+01
4.500000000000000000e+01
5.300000000000000000e+01
3.700000000000000000e+01
7.100000000000000000e+01
3.700000000000000000e+01
4.400000000000000000e+01
3.100000000000000000e+01
3.100000000000000000e+01
3.100000000000000000e+01
3.700000000000000000e+01
3.900000000000000000e+01
3.400000000000000000e+01
3.000000000000000000e+01
3.000000000000000000e+01
4.100000000000000000e+01
4.000000000000000000e+01
4.100000000000000000e+01
3.200000000000000000e+01
3.500000000000000000e+01
4.600000000000000000e+01
4.000000000000000000e+01
3.600000000000000000e+01
3.500000000000000000e+01
3.200000000000000000e+01
3.000000000000000000e+01
4.500000000000000000e+01
3.600000000000000000e+01
6.000000000000000000e+01
3.900000000000000000e+01
7.200000000000000000e+01
3.500000000000000000e+01
3.500000000000000000e+01
6.700000000000000000e+01
8.000000000000000000e+01
4.900000000000000000e+01
5.400000000000000000e+01
7.600000000000000000e+01
3.000000000000000000e+01
3.400000000000000000e+01
5.100000000000000000e+01
4.100000000000000000e+01
3.900000000000000000e+01
6.300000000000000000e+01
3.900000000000000000e+01
3.800000000000000000e+01
7.500000000000000000e+01
3.800000000000000000e+01
4.400000000000000000e+01
3.500000000000000000e+01
3.300000000000000000e+01
3.800000000000000000e+01
3.700000000000000000e+01
5.400000000000000000e+01
5.200000000000000000e+01
4.000000000000000000e+01
8.800000000000000000e+01
3.100000000000000000e+01
3.400000000000000000e+01
4.100000000000000000e+01
3.200000000000000000e+01
3.900000000000000000e+01
6.900000000000000000e+01
4.700000000000000000e+01
4.000000000000000000e+01
4.400000000000000000e+01
3.000000000000000000e+01
3.000000000000000000e+01
3.200000000000000000e+01
6.600000000000000000e+01
3.500000000000000000e+01
4.700000000000000000e+01
3.000000000000000000e+01
3.200000000000000000e+01
3.800000000000000000e+01
3.800000000000000000e+01
5.900000000000000000e+01
3.400000000000000000e+01
3.000000000000000000e+01
3.000000000000000000e+01
3.000000000000000000e+01
3.200000000000000000e+01
3.000000000000000000e+01
3.000000000000000000e+01
4.200000000000000000e+01
5.600000000000000000e+01
3.500000000000000000e+01
3.200000000000000000e+01
3.100000000000000000e+01
3.500000000000000000e+01
6.500000000000000000e+01
3.400000000000000000e+01
3.200000000000000000e+01
4.900000000000000000e+01
7.100000000000000000e+01
3.200000000000000000e+01
3.000000000000000000e+01
3.000000000000000000e+01
3.600000000000000000e+01
3.800000000000000000e+01
3.000000000000000000e+01
3.500000000000000000e+01
3.700000000000000000e+01
3.900000000000000000e+01
3.100000000000000000e+01
3.600000000000000000e+01
3.000000000000000000e+01
3.400000000000000000e+01
4.600000000000000000e+01
3.000000000000000000e+01
3.700000000000000000e+01
3.300000000000000000e+01
3.200000000000000000e+01
4.300000000000000000e+01
3.000000000000000000e+01
3.800000000000000000e+01
3.100000000000000000e+01
3.100000000000000000e+01
3.100000000000000000e+01
3.500000000000000000e+01
4.500000000000000000e+01
3.000000000000000000e+01
3.100000000000000000e+01
3.400000000000000000e+01
3.300000000000000000e+01
3.400000000000000000e+01
