5.437237548828125000e+01
5.925054168701171875e+01
4.088265609741210938e+01
4.016017150878906250e+01
7.077610778808593750e+01
5.952415466308593750e+01
3.610127639770507812e+01
5.226623535156250000e+01
5.493060302734375000e+01
1.129141845703125000e+02
4.935413360595703125e+01
1.303739013671875000e+02
4.871843719482421875e+01
4.761737823486328125e+01
4.155066299438476562e+01
5.865470886230468750e+01
7.240536499023437500e+01
4.183148193359375000e+01
4.160107040405273438e+01
1.485873565673828125e+02
3.909264373779296875e+01
8.829488372802734375e+01
3.000000000000000000e+01
4.005512237548828125e+01
3.000000000000000000e+01
6.706191253662109375e+01
3.000000000000000000e+01
5.776666641235351562e+01
1.806304779052734375e+02
5.925347900390625000e+01
5.814184951782226562e+01
4.324860382080078125e+01
3.353572082519531250e+01
9.453265380859375000e+01
4.371179962158203125e+01
6.616654968261718750e+01
6.988253784179687500e+01
5.534111022949218750e+01
4.600962066650390625e+01
3.582918548583984375e+01
4.616566085815429688e+01
3.505747222900390625e+01
4.948443222045898438e+01
4.039008331298828125e+01
3.000000000000000000e+01
3.000000000000000000e+01
4.158514785766601562e+01
6.879196166992187500e+01
1.150806121826171875e+02
7.020018005371093750e+01
4.358801269531250000e+01
4.002444076538085938e+01
7.528684234619140625e+01
4.715924072265625000e+01
1.133524017333984375e+02
4.000165557861328125e+01
6.256097412109375000e+01
4.664545440673828125e+01
6.782846832275390625e+01
7.114067077636718750e+01
6.009767150878906250e+01
7.917430877685546875e+01
4.126103973388671875e+01
1.039002532958984375e+02
1.006197052001953125e+02
5.267622375488281250e+01
3.933683776855468750e+01
3.000000000000000000e+01
4.475461578369140625e+01
5.189141464233398438e+01
6.144884872436523438e+01
3.733020401000976562e+01
9.828009033203125000e+01
3.708098220825195312e+01
5.290203094482421875e+01
3.850368499755859375e+01
4.902675628662109375e+01
4.576229858398437500e+01
4.391246795654296875e+01
5.892247009277343750e+01
3.827388000488281250e+01
7.240536499023437500e+01
5.431294250488281250e+01
1.262123565673828125e+02
1.058053588867187500e+02
4.596791076660156250e+01
4.292860412597656250e+01
4.741661453247070312e+01
4.871843719482421875e+01
6.006827163696289062e+01
4.034187698364257812e+01
5.249250793457031250e+01
6.446089172363281250e+01
4.913710021972656250e+01
1.021433258056640625e+02
8.855872344970703125e+01
6.696095275878906250e+01
3.698892974853515625e+01
7.178880310058593750e+01
4.074682998657226562e+01
1.081660614013671875e+02
6.633293151855468750e+01
1.609601745605468750e+02
3.112919998168945312e+01
4.835645294189453125e+01
8.656800079345703125e+01
3.387898254394531250e+01
5.088172149658203125e+01
5.565349960327148438e+01
3.763909149169921875e+01
3.763625335693359375e+01
3.000000000000000000e+01
7.361120605468750000e+01
1.332346801757812500e+02
4.276162719726562500e+01
4.125009918212890625e+01
9.627964782714843750e+01
4.892426300048828125e+01
8.318193817138671875e+01
5.145026397705078125e+01
4.850410842895507812e+01
6.432336425781250000e+01
4.800203323364257812e+01
4.108070373535156250e+01
4.115261459350585938e+01
5.268285369873046875e+01
5.313040924072265625e+01
5.801207733154296875e+01
4.483782196044921875e+01
5.191127395629882812e+01
4.150388717651367188e+01
1.132273941040039062e+02
5.067984390258789062e+01
3.000000000000000000e+01
5.922560882568359375e+01
4.699694442749023438e+01
1.122091522216796875e+02
4.034141159057617188e+01
4.627820968627929688e+01
7.224006652832031250e+01
4.635975646972656250e+01
8.984224700927734375e+01
6.498639678955078125e+01
5.784056854248046875e+01
7.607946777343750000e+01
4.893305587768554688e+01
7.180780029296875000e+01
8.582460021972656250e+01
4.975437164306640625e+01
1.132206726074218750e+02
5.719625091552734375e+01
7.541633605957031250e+01
6.121817016601562500e+01
6.972257995605468750e+01
4.077738571166992188e+01
1.206073913574218750e+02
3.000000000000000000e+01
1.361014251708984375e+02
4.135788345336914062e+01
5.712884521484375000e+01
3.508441162109375000e+01
5.592370223999023438e+01
4.287333297729492188e+01
3.000000000000000000e+01
6.994938659667968750e+01
4.028232574462890625e+01
6.164391326904296875e+01
5.293579864501953125e+01
3.287699508666992188e+01
1.287670135498046875e+02
4.255570602416992188e+01
5.000265121459960938e+01
3.000000000000000000e+01
3.000000000000000000e+01
6.107373046875000000e+01
7.464265441894531250e+01
4.604881286621093750e+01
4.961334991455078125e+01
6.751402282714843750e+01
5.299180603027343750e+01
6.975633239746093750e+01
6.680453491210937500e+01
6.835818481445312500e+01
5.600457000732421875e+01
3.964166259765625000e+01
3.000000000000000000e+01
4.635357666015625000e+01
6.032444381713867188e+01
4.919146728515625000e+01
4.204115676879882812e+01
4.563366317749023438e+01
5.137791061401367188e+01
4.877629852294921875e+01
3.685354232788085938e+01
4.226064682006835938e+01
3.601245498657226562e+01
4.357601165771484375e+01
8.470959472656250000e+01
1.470272064208984375e+02
5.363986968994140625e+01
5.377009582519531250e+01
1.320593719482421875e+02
6.446211242675781250e+01
3.000000000000000000e+01
5.437903976440429688e+01
3.901905059814453125e+01
5.584930038452148438e+01
5.567154693603515625e+01
1.315592803955078125e+02
3.717708969116210938e+01
4.801310729980468750e+01
9.131455230712890625e+01
4.066109466552734375e+01
4.581566619873046875e+01
3.663850402832031250e+01
5.219031906127929688e+01
5.405767822265625000e+01
5.743286132812500000e+01
4.258529663085937500e+01
4.297599029541015625e+01
3.364152526855468750e+01
5.185084533691406250e+01
9.598185729980468750e+01
3.778201293945312500e+01
4.043282699584960938e+01
3.777383422851562500e+01
6.007384109497070312e+01
1.100816497802734375e+02
6.303713989257812500e+01
1.196335601806640625e+02
3.761537170410156250e+01
5.273651123046875000e+01
6.580228424072265625e+01
4.360046768188476562e+01
4.103086090087890625e+01
6.691377258300781250e+01
4.569944000244140625e+01
4.487643814086914062e+01
6.593956756591796875e+01
5.124774932861328125e+01
4.482978439331054688e+01
1.239260253906250000e+02
1.127006835937500000e+02
5.773580932617187500e+01
9.393663024902343750e+01
4.116803741455078125e+01
5.011166763305664062e+01
1.359691772460937500e+02
1.826108398437500000e+02
4.860204696655273438e+01
6.017443084716796875e+01
4.056327819824218750e+01
3.902632141113281250e+01
1.010961456298828125e+02
4.468668746948242188e+01
5.928899383544921875e+01
4.170603561401367188e+01
4.377065658569335938e+01
4.411906433105468750e+01
1.306132507324218750e+02
7.485803222656250000e+01
5.258135223388671875e+01
6.285366821289062500e+01
4.445373535156250000e+01
1.195856018066406250e+02
3.819059371948242188e+01
1.610478973388671875e+02
6.146083068847656250e+01
5.328846359252929688e+01
5.447696685791015625e+01
5.584280395507812500e+01
4.372220611572265625e+01
5.773580551147460938e+01
7.231774139404296875e+01
1.832831726074218750e+02
3.505596160888671875e+01
7.122991180419921875e+01
8.278726196289062500e+01
9.649528503417968750e+01
1.034120330810546875e+02
6.584024810791015625e+01
7.147151184082031250e+01
6.459012603759765625e+01
4.413405609130859375e+01
6.770117187500000000e+01
3.842251586914062500e+01
3.000000000000000000e+01
6.454141998291015625e+01
4.476263046264648438e+01
4.100966644287109375e+01
4.064970016479492188e+01
3.000000000000000000e+01
3.242984771728515625e+01
8.723088836669921875e+01
3.000000000000000000e+01
3.099139976501464844e+01
4.850559234619140625e+01
4.664027786254882812e+01
4.821847534179687500e+01
4.782351684570312500e+01
4.991316604614257812e+01
3.466055679321289062e+01
3.886748504638671875e+01
7.113128662109375000e+01
6.152913665771484375e+01
4.152705383300781250e+01
7.529191589355468750e+01
7.665214538574218750e+01
6.487765502929687500e+01
1.264065475463867188e+02
1.520158691406250000e+02
3.000000000000000000e+01
9.361750030517578125e+01
1.102810363769531250e+02
9.843890380859375000e+01
4.227918243408203125e+01
3.681238174438476562e+01
1.308380737304687500e+02
5.631031799316406250e+01
7.178880310058593750e+01
4.252802276611328125e+01
5.039792633056640625e+01
6.012899780273437500e+01
5.136394500732421875e+01
3.750365447998046875e+01
3.934786987304687500e+01
3.711864852905273438e+01
3.623708343505859375e+01
9.828009033203125000e+01
3.000000000000000000e+01
7.124918365478515625e+01
5.014278793334960938e+01
5.236904907226562500e+01
4.731701660156250000e+01
4.534938430786132812e+01
4.631162261962890625e+01
6.776832580566406250e+01
5.468015670776367188e+01
4.526663970947265625e+01
3.317218780517578125e+01
5.350611877441406250e+01
9.654621887207031250e+01
4.379044342041015625e+01
6.487765502929687500e+01
5.046878814697265625e+01
4.884772872924804688e+01
1.661833190917968750e+02
4.059204101562500000e+01
4.348952865600585938e+01
1.196183929443359375e+02
1.549112548828125000e+02
1.987612457275390625e+02
5.256524658203125000e+01
7.917430877685546875e+01
3.133444213867187500e+01
9.800670623779296875e+01
6.117548370361328125e+01
3.238555145263671875e+01
1.440636291503906250e+02
6.138420104980468750e+01
6.306193542480468750e+01
1.347440643310546875e+02
5.282902145385742188e+01
5.005210113525390625e+01
1.007120361328125000e+02
3.293043899536132812e+01
7.243086242675781250e+01
1.137921295166015625e+02
3.000000000000000000e+01
6.472578430175781250e+01
5.850679779052734375e+01
4.756951141357421875e+01
1.002305908203125000e+02
1.414243469238281250e+02
3.884826660156250000e+01
1.230453720092773438e+02
8.878070068359375000e+01
5.925347518920898438e+01
6.783647918701171875e+01
8.197348022460937500e+01
3.000000000000000000e+01
3.486900711059570312e+01
3.000000000000000000e+01
4.073202514648437500e+01
6.506297302246093750e+01
1.127006835937500000e+02
4.794774627685546875e+01
5.008338165283203125e+01
4.596351242065429688e+01
2.793539123535156250e+02
4.096945953369140625e+01
3.632254409790039062e+01
3.179525375366210938e+01
3.000000000000000000e+01
3.829977416992187500e+01
6.136817550659179688e+01
6.905325317382812500e+01
1.043657379150390625e+02
4.483477020263671875e+01
4.279254913330078125e+01
5.414552307128906250e+01
3.926455688476562500e+01
1.511150512695312500e+02
4.364305877685546875e+01
3.933770751953125000e+01
7.096086120605468750e+01
5.591205596923828125e+01
5.589264678955078125e+01
6.663131713867187500e+01
1.417978820800781250e+02
7.124566650390625000e+01
9.088494873046875000e+01
4.601060104370117188e+01
3.944101715087890625e+01
7.337761688232421875e+01
3.000000000000000000e+01
5.877794647216796875e+01
4.788914489746093750e+01
3.000000000000000000e+01
3.275581741333007812e+01
9.744372558593750000e+01
3.000000000000000000e+01
4.511117172241210938e+01
1.481972961425781250e+02
4.963823318481445312e+01
4.686288833618164062e+01
7.011410522460937500e+01
4.464823150634765625e+01
5.775845336914062500e+01
9.746583557128906250e+01
5.288924407958984375e+01
7.124918365478515625e+01
2.050462951660156250e+02
5.136394882202148438e+01
1.259154815673828125e+02
3.873648834228515625e+01
4.701739883422851562e+01
8.915428924560546875e+01
5.776667022705078125e+01
5.406582260131835938e+01
6.843391418457031250e+01
3.000000000000000000e+01
6.584202575683593750e+01
5.756241607666015625e+01
6.727206420898437500e+01
4.220901489257812500e+01
4.821717071533203125e+01
6.828070831298828125e+01
7.711320495605468750e+01
8.710539245605468750e+01
6.206480407714843750e+01
6.121817016601562500e+01
5.170084762573242188e+01
5.556692886352539062e+01
7.290703582763671875e+01
3.311561584472656250e+01
1.077891159057617188e+02
9.808700561523437500e+01
3.000000000000000000e+01
1.025854339599609375e+02
7.725764465332031250e+01
4.506428527832031250e+01
4.550646209716796875e+01
4.875728607177734375e+01
4.390598297119140625e+01
1.966171569824218750e+02
4.104274749755859375e+01
5.225384140014648438e+01
5.298569488525390625e+01
4.189467620849609375e+01
9.528841400146484375e+01
4.100886917114257812e+01
4.102144622802734375e+01
1.431872558593750000e+02
6.152913665771484375e+01
8.563899230957031250e+01
3.727723312377929688e+01
4.477042388916015625e+01
6.319898223876953125e+01
8.937289428710937500e+01
9.120908355712890625e+01
8.898976135253906250e+01
7.113401031494140625e+01
3.834436035156250000e+01
7.144419860839843750e+01
8.351946258544921875e+01
4.411419296264648438e+01
4.581566619873046875e+01
8.228613281250000000e+01
8.168972015380859375e+01
5.905079269409179688e+01
5.198081207275390625e+01
4.898176574707031250e+01
3.000000000000000000e+01
3.907696151733398438e+01
3.000000000000000000e+01
3.000000000000000000e+01
3.000000000000000000e+01
3.123392486572265625e+01
4.962047958374023438e+01
5.346166992187500000e+01
4.512532043457031250e+01
8.177024841308593750e+01
5.838851928710937500e+01
4.147811126708984375e+01
4.014590072631835938e+01
4.739811706542968750e+01
6.299226379394531250e+01
3.000000000000000000e+01
3.450231552124023438e+01
6.050988006591796875e+01
4.052217864990234375e+01
5.941694641113281250e+01
3.728782272338867188e+01
5.182940673828125000e+01
3.000000000000000000e+01
4.155066680908203125e+01
1.064454345703125000e+02
4.445572662353515625e+01
3.637140274047851562e+01
5.805252075195312500e+01
3.933770751953125000e+01
6.928113555908203125e+01
3.000000000000000000e+01
4.765091705322265625e+01
1.293420867919921875e+02
4.920305633544921875e+01
1.024031677246093750e+02
1.243143920898437500e+02
3.673099517822265625e+01
3.000000000000000000e+01
8.272710418701171875e+01
4.826002502441406250e+01
5.962889862060546875e+01
6.285367202758789062e+01
1.158180389404296875e+02
4.556193923950195312e+01
6.502565765380859375e+01
6.372406005859375000e+01
3.000000000000000000e+01
5.436619186401367188e+01
1.111922302246093750e+02
4.947113418579101562e+01
5.998904800415039062e+01
6.717179870605468750e+01
3.218161773681640625e+01
3.221290969848632812e+01
5.020702362060546875e+01
3.500513839721679688e+01
4.258747100830078125e+01
4.140406799316406250e+01
3.859678649902343750e+01
4.071771240234375000e+01
5.080699157714843750e+01
4.410175323486328125e+01
4.514828491210937500e+01
5.643760681152343750e+01
5.088172149658203125e+01
7.169720458984375000e+01
1.315592651367187500e+02
5.130142211914062500e+01
1.057613525390625000e+02
8.512753295898437500e+01
1.192712707519531250e+02
3.680305480957031250e+01
6.045015716552734375e+01
4.208240509033203125e+01
3.000000000000000000e+01
7.300724029541015625e+01
7.074791717529296875e+01
8.061324310302734375e+01
8.627603912353515625e+01
4.276162719726562500e+01
4.551969909667968750e+01
6.396022796630859375e+01
7.752943420410156250e+01
4.522638702392578125e+01
5.143205261230468750e+01
5.093985748291015625e+01
4.092850112915039062e+01
8.878924560546875000e+01
4.034187316894531250e+01
4.691429138183593750e+01
4.478279876708984375e+01
4.846178817749023438e+01
5.625094604492187500e+01
8.325062561035156250e+01
4.035353088378906250e+01
3.266468048095703125e+01
4.014875411987304688e+01
1.043657379150390625e+02
4.711495971679687500e+01
4.716157531738281250e+01
5.821269607543945312e+01
6.062162017822265625e+01
4.750069427490234375e+01
6.348061370849609375e+01
5.084988403320312500e+01
6.693869018554687500e+01
3.766990661621093750e+01
4.545856475830078125e+01
7.389059448242187500e+01
7.769844055175781250e+01
7.935173797607421875e+01
4.973138809204101562e+01
3.818142700195312500e+01
7.073771667480468750e+01
7.196207427978515625e+01
5.200784301757812500e+01
4.953770828247070312e+01
6.071501922607421875e+01
3.688125610351562500e+01
5.943348312377929688e+01
4.288653564453125000e+01
3.000000000000000000e+01
4.838159179687500000e+01
6.851998901367187500e+01
6.828070831298828125e+01
5.686822509765625000e+01
5.317707061767578125e+01
3.750173187255859375e+01
7.957897949218750000e+01
1.032975769042968750e+02
7.271408843994140625e+01
3.768700408935546875e+01
1.192712707519531250e+02
5.256525039672851562e+01
5.852971649169921875e+01
8.168972778320312500e+01
3.842749023437500000e+01
3.765412902832031250e+01
7.214107513427734375e+01
3.000000000000000000e+01
4.353059387207031250e+01
2.402893066406250000e+02
4.475062561035156250e+01
4.318748092651367188e+01
3.830027389526367188e+01
1.244196395874023438e+02
5.032984542846679688e+01
5.510881805419921875e+01
8.896858978271484375e+01
4.664671325683593750e+01
1.412044067382812500e+02
7.279393005371093750e+01
8.849121856689453125e+01
3.042201423645019531e+01
3.652441787719726562e+01
5.639297485351562500e+01
6.687711334228515625e+01
6.559973144531250000e+01
5.468015670776367188e+01
5.150613021850585938e+01
3.000000000000000000e+01
4.808883666992187500e+01
6.196978759765625000e+01
5.473508071899414062e+01
3.593290710449218750e+01
7.110716247558593750e+01
7.391676330566406250e+01
4.045691680908203125e+01
3.379244995117187500e+01
5.812786865234375000e+01
3.550011062622070312e+01
4.646334838867187500e+01
1.021162414550781250e+02
4.887665557861328125e+01
6.519916534423828125e+01
5.257003784179687500e+01
4.156388473510742188e+01
3.570066833496093750e+01
8.984225463867187500e+01
6.372422027587890625e+01
8.055836486816406250e+01
1.005737838745117188e+02
5.412404632568359375e+01
4.505291366577148438e+01
4.246322250366210938e+01
4.557385635375976562e+01
4.840443420410156250e+01
6.511792755126953125e+01
1.966171569824218750e+02
5.499247741699218750e+01
5.291229248046875000e+01
5.678135681152343750e+01
5.271028900146484375e+01
4.493293762207031250e+01
5.593996429443359375e+01
5.218178939819335938e+01
6.152014160156250000e+01
1.003138275146484375e+02
3.025752258300781250e+01
3.000000000000000000e+01
5.769355010986328125e+01
1.047479858398437500e+02
7.135377502441406250e+01
1.024031677246093750e+02
3.000000000000000000e+01
4.701473999023437500e+01
4.977296829223632812e+01
7.077179718017578125e+01
1.709128417968750000e+02
6.522900390625000000e+01
5.515872955322265625e+01
4.507526779174804688e+01
3.000000000000000000e+01
3.759886169433593750e+01
8.334956359863281250e+01
3.596951675415039062e+01
3.603725051879882812e+01
5.276305389404296875e+01
7.556848144531250000e+01
4.771875000000000000e+01
9.147473907470703125e+01
3.817090988159179688e+01
4.647575378417968750e+01
5.631031799316406250e+01
7.172628784179687500e+01
4.815388488769531250e+01
4.856678009033203125e+01
4.401546859741210938e+01
4.307931518554687500e+01
3.888526916503906250e+01
4.364305877685546875e+01
3.952951049804687500e+01
6.097352600097656250e+01
4.963822937011718750e+01
4.211775588989257812e+01
3.000000000000000000e+01
4.161556243896484375e+01
3.632254409790039062e+01
3.509624099731445312e+01
1.290789337158203125e+02
3.000000000000000000e+01
6.791348266601562500e+01
9.820250701904296875e+01
4.110061645507812500e+01
3.205927276611328125e+01
4.625693893432617188e+01
5.712884140014648438e+01
6.744319152832031250e+01
5.801105499267578125e+01
4.895622253417968750e+01
5.897858428955078125e+01
6.038359832763671875e+01
6.045427703857421875e+01
3.820909500122070312e+01
7.547722625732421875e+01
3.701976013183593750e+01
6.319898223876953125e+01
5.422773361206054688e+01
3.343935012817382812e+01
3.924327850341796875e+01
5.657943344116210938e+01
5.245865249633789062e+01
4.378401565551757812e+01
4.821847534179687500e+01
5.330406188964843750e+01
5.473789215087890625e+01
6.745300292968750000e+01
8.304566192626953125e+01
5.149696350097656250e+01
8.646655273437500000e+01
4.612475967407226562e+01
5.124775314331054688e+01
4.363671875000000000e+01
6.720846557617187500e+01
7.713403320312500000e+01
5.884500122070312500e+01
8.727930450439453125e+01
3.976707077026367188e+01
8.875228881835937500e+01
5.026376342773437500e+01
5.882118606567382812e+01
9.497963714599609375e+01
1.485873718261718750e+02
1.393989257812500000e+02
4.226089096069335938e+01
3.532250595092773438e+01
4.694782638549804688e+01
5.649354934692382812e+01
8.710539245605468750e+01
7.735209655761718750e+01
5.738926315307617188e+01
9.079063415527343750e+01
5.812786865234375000e+01
4.881863403320312500e+01
3.000000000000000000e+01
5.710223388671875000e+01
5.829916381835937500e+01
3.723551559448242188e+01
3.659495544433593750e+01
8.423725891113281250e+01
6.369907379150390625e+01
4.634810256958007812e+01
8.830249023437500000e+01
3.282033157348632812e+01
4.008115386962890625e+01
5.189141082763671875e+01
3.964904403686523438e+01
5.495491409301757812e+01
4.856678009033203125e+01
1.987044982910156250e+02
5.733702468872070312e+01
4.922714233398437500e+01
3.903546524047851562e+01
5.503952789306640625e+01
1.206336822509765625e+02
3.997218704223632812e+01
4.687810897827148438e+01
6.479002380371093750e+01
3.593290710449218750e+01
7.976646423339843750e+01
4.571785354614257812e+01
6.268334197998046875e+01
4.763975143432617188e+01
4.121101379394531250e+01
3.677404022216796875e+01
3.780316543579101562e+01
7.160807037353515625e+01
5.385345458984375000e+01
2.053065795898437500e+02
3.154643058776855469e+01
5.145258712768554688e+01
6.631728363037109375e+01
6.008962249755859375e+01
4.678968048095703125e+01
3.554223632812500000e+01
3.043488502502441406e+01
5.033818817138671875e+01
3.000000000000000000e+01
5.538942337036132812e+01
5.608819580078125000e+01
3.918795776367187500e+01
4.498797607421875000e+01
3.196606063842773438e+01
3.673099517822265625e+01
4.067372131347656250e+01
3.154261779785156250e+01
6.162404632568359375e+01
8.126702117919921875e+01
3.183922767639160156e+01
4.738057327270507812e+01
4.850559234619140625e+01
8.419325256347656250e+01
4.007331848144531250e+01
1.007046661376953125e+02
3.000000000000000000e+01
8.898976135253906250e+01
8.666388702392578125e+01
4.492432785034179688e+01
9.497964477539062500e+01
3.993403244018554688e+01
3.587890243530273438e+01
4.124277877807617188e+01
4.582712173461914062e+01
1.294041748046875000e+02
4.949792098999023438e+01
4.497766113281250000e+01
7.329119110107421875e+01
4.354966354370117188e+01
9.850845336914062500e+01
6.574130249023437500e+01
4.274599456787109375e+01
5.557753372192382812e+01
6.697430419921875000e+01
8.380416107177734375e+01
7.525724792480468750e+01
7.051065063476562500e+01
3.000000000000000000e+01
3.559776687622070312e+01
5.935167312622070312e+01
7.304455566406250000e+01
1.087407073974609375e+02
8.866676330566406250e+01
1.118513336181640625e+02
5.413208770751953125e+01
4.264881896972656250e+01
4.246973037719726562e+01
3.012120246887207031e+01
4.932910919189453125e+01
3.000000000000000000e+01
3.000000000000000000e+01
7.556904602050781250e+01
1.186966476440429688e+02
5.555906677246093750e+01
3.337403869628906250e+01
4.705555725097656250e+01
6.564708709716796875e+01
3.965428161621093750e+01
5.074665069580078125e+01
6.511792755126953125e+01
4.118003082275390625e+01
7.055567932128906250e+01
3.759886169433593750e+01
5.654044723510742188e+01
6.401210021972656250e+01
3.913658905029296875e+01
3.968090057373046875e+01
5.478820037841796875e+01
3.490451049804687500e+01
5.851237869262695312e+01
8.179237365722656250e+01
5.147589111328125000e+01
9.393663024902343750e+01
5.526634979248046875e+01
3.664386367797851562e+01
3.787409210205078125e+01
3.713278579711914062e+01
4.359304046630859375e+01
3.860410690307617188e+01
3.000000000000000000e+01
3.944187164306640625e+01
8.772550201416015625e+01
4.279254913330078125e+01
3.274335098266601562e+01
7.711320495605468750e+01
7.375959777832031250e+01
4.412180328369140625e+01
6.170418167114257812e+01
7.403117370605468750e+01
4.512532043457031250e+01
3.960021972656250000e+01
1.035065917968750000e+02
4.218814849853515625e+01
6.400192260742187500e+01
4.391246795654296875e+01
3.000000000000000000e+01
6.006827163696289062e+01
4.600210952758789062e+01
4.151522445678710938e+01
4.563593673706054688e+01
3.971830368041992188e+01
4.473582077026367188e+01
4.272152709960937500e+01
6.138420104980468750e+01
3.000000000000000000e+01
3.626081085205078125e+01
8.147428894042968750e+01
8.837723541259765625e+01
4.449762344360351562e+01
1.039996871948242188e+02
4.869319534301757812e+01
3.000000000000000000e+01
9.683905029296875000e+01
1.005084915161132812e+02
4.080120086669921875e+01
6.205707168579101562e+01
4.919512939453125000e+01
4.587089538574218750e+01
3.006296157836914062e+01
7.635583496093750000e+01
4.495618438720703125e+01
4.106148147583007812e+01
3.727723693847656250e+01
5.462516784667968750e+01
6.066404724121093750e+01
3.482487869262695312e+01
6.637466430664062500e+01
5.489587783813476562e+01
5.145026397705078125e+01
7.173365783691406250e+01
7.406356811523437500e+01
4.038401031494140625e+01
5.142483901977539062e+01
3.250309371948242188e+01
5.506822967529296875e+01
5.313040924072265625e+01
8.729814147949218750e+01
6.268334197998046875e+01
5.365120315551757812e+01
6.755877685546875000e+01
6.637466430664062500e+01
3.752037048339843750e+01
4.734831619262695312e+01
5.030158996582031250e+01
4.269712066650390625e+01
6.538497161865234375e+01
5.903791809082031250e+01
3.036326980590820312e+01
7.485803222656250000e+01
4.747208404541015625e+01
5.758435058593750000e+01
3.000000000000000000e+01
6.065656280517578125e+01
4.230826187133789062e+01
3.412244796752929688e+01
7.345368194580078125e+01
3.632320022583007812e+01
5.178638839721679688e+01
3.784374237060546875e+01
7.662245178222656250e+01
6.148088836669921875e+01
4.123242187500000000e+01
4.553990173339843750e+01
4.211641693115234375e+01
8.537144470214843750e+01
7.388332366943359375e+01
3.000000000000000000e+01
4.702190780639648438e+01
5.841875457763671875e+01
4.435733795166015625e+01
5.377009201049804688e+01
3.000000000000000000e+01
7.264146423339843750e+01
3.705543518066406250e+01
3.667864608764648438e+01
5.143777084350585938e+01
3.769474411010742188e+01
6.956098937988281250e+01
3.000000000000000000e+01
8.915428924560546875e+01
5.351094818115234375e+01
4.801310729980468750e+01
3.757712936401367188e+01
4.808733749389648438e+01
5.098765563964843750e+01
5.558831024169921875e+01
3.532250595092773438e+01
4.161228942871093750e+01
3.385811233520507812e+01
5.007772827148437500e+01
4.109101867675781250e+01
5.534111022949218750e+01
7.025204467773437500e+01
5.077019500732421875e+01
5.305573272705078125e+01
4.955446624755859375e+01
3.000000000000000000e+01
3.000000000000000000e+01
4.808733749389648438e+01
8.727930450439453125e+01
4.249659729003906250e+01
4.934882736206054688e+01
3.000000000000000000e+01
6.642720794677734375e+01
5.501103210449218750e+01
8.837422180175781250e+01
3.409958267211914062e+01
3.447082519531250000e+01
5.303882598876953125e+01
3.308459472656250000e+01
5.018264770507812500e+01
3.363045501708984375e+01
4.405151367187500000e+01
3.000000000000000000e+01
3.000000000000000000e+01
3.850869750976562500e+01
3.719812011718750000e+01
7.291409301757812500e+01
4.174099731445312500e+01
8.729814147949218750e+01
5.754713821411132812e+01
4.276502609252929688e+01
3.953701400756835938e+01
3.717411804199218750e+01
3.918398284912109375e+01
4.316034698486328125e+01
6.095935058593750000e+01
6.905326080322265625e+01
4.765091705322265625e+01
4.873122406005859375e+01
4.309310531616210938e+01
8.210950469970703125e+01
5.318338394165039062e+01
3.000000000000000000e+01
3.070039558410644531e+01
3.000000000000000000e+01
3.478956604003906250e+01
3.343935012817382812e+01
5.987239074707031250e+01
3.874125289916992188e+01
4.797588729858398438e+01
4.379919433593750000e+01
3.000000000000000000e+01
3.821536254882812500e+01
5.356069183349609375e+01
4.200861358642578125e+01
6.996248626708984375e+01
3.000000000000000000e+01
7.224006652832031250e+01
5.754713821411132812e+01
6.558058166503906250e+01
3.561618804931640625e+01
3.820844268798828125e+01
5.393724060058593750e+01
3.000000000000000000e+01
4.456090927124023438e+01
7.074272918701171875e+01
3.000000000000000000e+01
4.697314453125000000e+01
5.037261962890625000e+01
3.000000000000000000e+01
5.518773269653320312e+01
4.483477020263671875e+01
3.887474441528320312e+01
4.385957336425781250e+01
7.617478942871093750e+01
4.819900131225585938e+01
6.697430419921875000e+01
8.294813537597656250e+01
3.000000000000000000e+01
5.831840133666992188e+01
3.000000000000000000e+01
5.406582260131835938e+01
5.157221603393554688e+01
5.076791381835937500e+01
6.691377258300781250e+01
6.663131713867187500e+01
3.588423919677734375e+01
6.423014068603515625e+01
5.899531173706054688e+01
3.501449966430664062e+01
7.479425048828125000e+01
3.878219604492187500e+01
3.000000000000000000e+01
4.393982696533203125e+01
4.087594604492187500e+01
3.000000000000000000e+01
6.526400756835937500e+01
4.965956878662109375e+01
5.145258712768554688e+01
4.699856567382812500e+01
4.058486175537109375e+01
4.593888092041015625e+01
3.577001571655273438e+01
7.815541076660156250e+01
4.640981292724609375e+01
4.794203948974609375e+01
5.591461181640625000e+01
3.826337432861328125e+01
4.619316101074218750e+01
3.990271759033203125e+01
4.553990173339843750e+01
3.000000000000000000e+01
3.523045730590820312e+01
3.464698410034179688e+01
3.851637268066406250e+01
3.054934120178222656e+01
4.312430953979492188e+01
5.769355010986328125e+01
3.536216735839843750e+01
4.258747100830078125e+01
4.551393890380859375e+01
7.876029205322265625e+01
4.121179962158203125e+01
6.305281829833984375e+01
1.063539276123046875e+02
4.926940155029296875e+01
5.000265121459960938e+01
3.644041824340820312e+01
4.359216308593750000e+01
4.254779815673828125e+01
4.623420715332031250e+01
4.520182800292968750e+01
1.005737838745117188e+02
4.243441009521484375e+01
3.522638320922851562e+01
4.953913879394531250e+01
4.564230346679687500e+01
3.219472503662109375e+01
5.436619186401367188e+01
3.964904403686523438e+01
5.493129730224609375e+01
3.000000000000000000e+01
5.339380645751953125e+01
3.725107955932617188e+01
4.243187713623046875e+01
5.943348312377929688e+01
5.143393707275390625e+01
4.943097686767578125e+01
4.943232345581054688e+01
3.449880981445312500e+01
6.014483261108398438e+01
4.928343582153320312e+01
4.537209320068359375e+01
7.135377502441406250e+01
4.249827194213867188e+01
3.275634765625000000e+01
4.493293762207031250e+01
4.542432785034179688e+01
3.000000000000000000e+01
4.678730010986328125e+01
4.104586029052734375e+01
5.201421737670898438e+01
3.700758743286132812e+01
4.951372909545898438e+01
5.905861663818359375e+01
4.177498245239257812e+01
5.503438568115234375e+01
3.405006408691406250e+01
3.650651931762695312e+01
5.324247360229492188e+01
6.363746643066406250e+01
3.680305480957031250e+01
3.865085220336914062e+01
5.536685562133789062e+01
5.098468780517578125e+01
4.513347244262695312e+01
6.451194763183593750e+01
4.289262390136718750e+01
5.548141479492187500e+01
3.902001190185546875e+01
1.018249359130859375e+02
8.361823272705078125e+01
4.277328872680664062e+01
6.669848632812500000e+01
3.000000000000000000e+01
6.190544891357421875e+01
3.224328231811523438e+01
3.228093338012695312e+01
8.389946746826171875e+01
4.255133438110351562e+01
4.361128997802734375e+01
5.270437240600585938e+01
9.829939270019531250e+01
4.528936386108398438e+01
3.000000000000000000e+01
3.510064697265625000e+01
4.204823303222656250e+01
3.769482421875000000e+01
3.951519775390625000e+01
4.905749893188476562e+01
7.216027069091796875e+01
5.269848632812500000e+01
3.980098724365234375e+01
3.370459747314453125e+01
5.001969528198242188e+01
3.767599487304687500e+01
4.325343322753906250e+01
5.753256988525390625e+01
1.007046661376953125e+02
5.284488677978515625e+01
8.376403045654296875e+01
6.721402740478515625e+01
6.714432525634765625e+01
5.912813568115234375e+01
3.000000000000000000e+01
3.906521987915039062e+01
5.338814163208007812e+01
3.851272201538085938e+01
4.364141845703125000e+01
3.572994995117187500e+01
3.461020660400390625e+01
3.510875320434570312e+01
3.406256103515625000e+01
3.706996536254882812e+01
4.729615783691406250e+01
6.971221923828125000e+01
5.145939254760742188e+01
3.000000000000000000e+01
4.931006240844726562e+01
3.456708145141601562e+01
3.030216598510742188e+01
4.663007736206054688e+01
6.498639678955078125e+01
5.085212707519531250e+01
4.761737823486328125e+01
3.000000000000000000e+01
7.144419860839843750e+01
5.375817108154296875e+01
3.000000000000000000e+01
8.537144470214843750e+01
3.420610427856445312e+01
8.843864440917968750e+01
3.648537063598632812e+01
6.736434936523437500e+01
5.793726348876953125e+01
3.911691284179687500e+01
3.000000000000000000e+01
4.345661926269531250e+01
5.423623275756835938e+01
3.944102096557617188e+01
4.346593475341796875e+01
3.985662841796875000e+01
4.458694458007812500e+01
4.300195312500000000e+01
7.976646423339843750e+01
5.652201843261718750e+01
7.665213775634765625e+01
3.298765182495117188e+01
3.368329620361328125e+01
5.831802368164062500e+01
3.510874938964843750e+01
5.226071548461914062e+01
4.809435272216796875e+01
6.445530700683593750e+01
3.936555862426757812e+01
4.646051025390625000e+01
3.606217193603515625e+01
4.303820800781250000e+01
3.000000000000000000e+01
7.805048370361328125e+01
3.824216079711914062e+01
3.805654907226562500e+01
3.027015686035156250e+01
4.341677856445312500e+01
4.953326797485351562e+01
3.000000000000000000e+01
4.884772872924804688e+01
4.753206634521484375e+01
3.000000000000000000e+01
5.600457000732421875e+01
7.329119110107421875e+01
3.116538238525390625e+01
5.718265151977539062e+01
5.065671539306640625e+01
4.180741119384765625e+01
4.021904754638671875e+01
4.781355285644531250e+01
3.629316329956054688e+01
4.035536193847656250e+01
3.663165283203125000e+01
4.484769439697265625e+01
3.647439193725585938e+01
3.166268348693847656e+01
4.587685775756835938e+01
4.118609619140625000e+01
3.414184188842773438e+01
3.000000000000000000e+01
3.446046066284179688e+01
5.429637145996093750e+01
4.300307464599609375e+01
9.829939270019531250e+01
4.741453933715820312e+01
3.296090316772460938e+01
3.020878410339355469e+01
8.010259246826171875e+01
3.000000000000000000e+01
4.324554061889648438e+01
7.805047607421875000e+01
3.565371322631835938e+01
3.943717575073242188e+01
4.211969757080078125e+01
4.962047958374023438e+01
8.286418914794921875e+01
8.050878143310546875e+01
6.197665405273437500e+01
6.153810501098632812e+01
3.112919807434082031e+01
3.219898223876953125e+01
5.219205474853515625e+01
3.693987274169921875e+01
5.344040298461914062e+01
5.826040649414062500e+01
3.986107254028320312e+01
3.448545837402343750e+01
5.739767456054687500e+01
3.567201232910156250e+01
5.266933441162109375e+01
5.078009796142578125e+01
4.975096893310546875e+01
3.484373855590820312e+01
3.768700408935546875e+01
3.000000000000000000e+01
3.000000000000000000e+01
4.289480590820312500e+01
7.698403167724609375e+01
3.633746719360351562e+01
4.604618835449218750e+01
7.292939758300781250e+01
5.012752532958984375e+01
4.754861831665039062e+01
3.392597198486328125e+01
4.718747711181640625e+01
3.831789779663085938e+01
3.803869628906250000e+01
3.360617828369140625e+01
3.971797180175781250e+01
6.560074615478515625e+01
6.337642669677734375e+01
5.492874145507812500e+01
3.000000000000000000e+01
5.926950073242187500e+01
3.796292495727539062e+01
3.082598876953125000e+01
5.300907897949218750e+01
3.929889678955078125e+01
3.245891571044921875e+01
3.342908859252929688e+01
3.456064987182617188e+01
4.666912841796875000e+01
4.114241409301757812e+01
5.800858688354492188e+01
4.291501235961914062e+01
4.243441009521484375e+01
5.495491409301757812e+01
4.408409500122070312e+01
4.011784362792968750e+01
4.977423858642578125e+01
3.000000000000000000e+01
7.925430297851562500e+01
5.203867340087890625e+01
4.324944686889648438e+01
4.218698883056640625e+01
8.419325256347656250e+01
4.370102310180664062e+01
3.635047149658203125e+01
3.000000000000000000e+01
3.000000000000000000e+01
4.586340332031250000e+01
4.846275329589843750e+01
4.475576782226562500e+01
4.468645095825195312e+01
3.082166862487792969e+01
3.000000000000000000e+01
3.457967376708984375e+01
5.132804870605468750e+01
3.979757690429687500e+01
5.728981399536132812e+01
4.703456497192382812e+01
6.065587997436523438e+01
4.534391784667968750e+01
4.306381988525390625e+01
7.092176818847656250e+01
3.418539047241210938e+01
5.836875915527343750e+01
3.000000000000000000e+01
3.491800689697265625e+01
4.314441680908203125e+01
4.895119094848632812e+01
3.418149566650390625e+01
3.940463256835937500e+01
3.041226959228515625e+01
3.912246322631835938e+01
3.456180572509765625e+01
3.918858337402343750e+01
