4.998643112182617188e+01
7.010601806640625000e+01
3.836251831054687500e+01
3.940636444091796875e+01
6.198731994628906250e+01
6.481240081787109375e+01
3.000000000000000000e+01
8.210939788818359375e+01
6.572222900390625000e+01
1.310280914306640625e+02
4.877466583251953125e+01
1.291079711914062500e+02
4.884896850585937500e+01
4.640249633789062500e+01
4.782690429687500000e+01
7.154723358154296875e+01
7.143930053710937500e+01
4.058134460449218750e+01
4.581952285766601562e+01
1.483455200195312500e+02
4.348770141601562500e+01
8.659324645996093750e+01
3.000000000000000000e+01
4.143004608154296875e+01
4.030523681640625000e+01
7.070732879638671875e+01
3.000000000000000000e+01
5.324093246459960938e+01
1.777358093261718750e+02
5.184375381469726562e+01
6.171980667114257812e+01
4.469666290283203125e+01
4.236760711669921875e+01
9.971490478515625000e+01
5.083979797363281250e+01
5.700167465209960938e+01
7.068310546875000000e+01
5.709353256225585938e+01
4.517989349365234375e+01
3.000000000000000000e+01
4.726638793945312500e+01
4.122506713867187500e+01
5.654915618896484375e+01
4.891311645507812500e+01
4.033125686645507812e+01
4.179085540771484375e+01
3.667741775512695312e+01
6.425643157958984375e+01
1.279264526367187500e+02
5.711107635498046875e+01
4.246750640869140625e+01
3.774620056152343750e+01
6.857412719726562500e+01
4.365410614013671875e+01
1.153537597656250000e+02
4.106866455078125000e+01
7.585205078125000000e+01
4.379629898071289062e+01
6.443150329589843750e+01
7.084600067138671875e+01
5.616268539428710938e+01
8.125425720214843750e+01
4.141323852539062500e+01
9.788309478759765625e+01
1.040233001708984375e+02
5.830911636352539062e+01
4.023567962646484375e+01
3.000000000000000000e+01
4.971504974365234375e+01
5.066312408447265625e+01
6.171254730224609375e+01
3.291110992431640625e+01
8.647682189941406250e+01
3.147172927856445312e+01
5.524256134033203125e+01
3.805290603637695312e+01
4.720706558227539062e+01
4.998349380493164062e+01
4.069086837768554688e+01
6.701878356933593750e+01
3.353623580932617188e+01
7.143930053710937500e+01
5.336347961425781250e+01
1.277038421630859375e+02
1.029326324462890625e+02
4.150704193115234375e+01
3.878656768798828125e+01
4.998927688598632812e+01
4.884896850585937500e+01
5.946215438842773438e+01
4.724060440063476562e+01
5.067900085449218750e+01
6.582566833496093750e+01
5.471436309814453125e+01
1.029276962280273438e+02
9.266790008544921875e+01
6.815907287597656250e+01
4.280453109741210938e+01
7.259428405761718750e+01
5.329127502441406250e+01
9.771517944335937500e+01
5.478603363037109375e+01
1.524808349609375000e+02
3.750506591796875000e+01
4.647679138183593750e+01
8.712014770507812500e+01
3.699002075195312500e+01
5.796719360351562500e+01
4.914017486572265625e+01
4.418750762939453125e+01
4.126197814941406250e+01
3.488695144653320312e+01
7.454022216796875000e+01
1.334584808349609375e+02
4.294214630126953125e+01
3.952126312255859375e+01
8.762898254394531250e+01
4.954250717163085938e+01
7.562355041503906250e+01
5.351781463623046875e+01
4.858752822875976562e+01
6.148923110961914062e+01
4.666249084472656250e+01
4.237320709228515625e+01
4.077560043334960938e+01
5.268173599243164062e+01
6.384227371215820312e+01
5.826694869995117188e+01
5.102613067626953125e+01
4.082332611083984375e+01
5.101790618896484375e+01
1.180728149414062500e+02
5.534951782226562500e+01
3.000000000000000000e+01
5.597192001342773438e+01
3.608000183105468750e+01
1.245802917480468750e+02
4.944454193115234375e+01
4.112389755249023438e+01
7.455874633789062500e+01
4.424040985107421875e+01
9.225039672851562500e+01
5.628897857666015625e+01
5.164448165893554688e+01
5.907016754150390625e+01
4.870313644409179688e+01
8.691249084472656250e+01
9.895099639892578125e+01
4.588458251953125000e+01
1.302370910644531250e+02
5.020579147338867188e+01
8.033863830566406250e+01
5.734862899780273438e+01
6.818894195556640625e+01
4.982570266723632812e+01
1.208636474609375000e+02
3.000000000000000000e+01
1.416018066406250000e+02
4.508135986328125000e+01
6.493389892578125000e+01
3.426371765136718750e+01
5.190728759765625000e+01
5.158269500732421875e+01
4.115504455566406250e+01
6.897682189941406250e+01
4.765325927734375000e+01
5.878723907470703125e+01
4.998149871826171875e+01
3.535681533813476562e+01
1.309860076904296875e+02
4.243579101562500000e+01
4.391360473632812500e+01
3.000000000000000000e+01
3.000000000000000000e+01
5.522512054443359375e+01
3.818331909179687500e+01
4.618109893798828125e+01
4.878820800781250000e+01
7.070140838623046875e+01
5.115759277343750000e+01
6.678746795654296875e+01
6.436540222167968750e+01
7.417110443115234375e+01
6.148375320434570312e+01
4.367812347412109375e+01
4.712032318115234375e+01
4.226107788085937500e+01
4.999858856201171875e+01
5.410907745361328125e+01
5.270690917968750000e+01
5.004618835449218750e+01
4.974915313720703125e+01
5.974907684326171875e+01
4.041463470458984375e+01
4.959325790405273438e+01
3.479483413696289062e+01
4.195394134521484375e+01
7.596986389160156250e+01
1.548803710937500000e+02
7.084819030761718750e+01
7.191403198242187500e+01
1.196802139282226562e+02
7.416500091552734375e+01
4.035126113891601562e+01
4.350065612792968750e+01
4.247483062744140625e+01
6.013283538818359375e+01
6.187487411499023438e+01
1.112023849487304688e+02
3.638204574584960938e+01
4.309306335449218750e+01
9.625257873535156250e+01
4.788861846923828125e+01
3.902327728271484375e+01
4.062669754028320312e+01
4.145541381835937500e+01
4.851442718505859375e+01
5.520403289794921875e+01
4.644884490966796875e+01
4.735927963256835938e+01
4.064508819580078125e+01
6.737233734130859375e+01
9.612989807128906250e+01
4.149641418457031250e+01
4.137751007080078125e+01
4.456902313232421875e+01
6.142440795898437500e+01
1.125617675781250000e+02
6.413727569580078125e+01
1.362548370361328125e+02
4.244307708740234375e+01
4.281660461425781250e+01
5.698796463012695312e+01
7.260711669921875000e+01
3.299022293090820312e+01
6.135078430175781250e+01
4.000405883789062500e+01
4.279413604736328125e+01
7.967773437500000000e+01
5.373912048339843750e+01
4.350799179077148438e+01
1.205716400146484375e+02
1.142797851562500000e+02
6.500491333007812500e+01
9.098002624511718750e+01
3.315140533447265625e+01
5.442923355102539062e+01
1.461159210205078125e+02
1.900763244628906250e+02
4.273026275634765625e+01
5.969421768188476562e+01
4.287965393066406250e+01
5.430963897705078125e+01
1.025762329101562500e+02
5.031194305419921875e+01
6.411825561523437500e+01
4.433246612548828125e+01
5.022583770751953125e+01
4.361107635498046875e+01
1.695792541503906250e+02
5.848010253906250000e+01
5.208610153198242188e+01
6.220797729492187500e+01
5.190991592407226562e+01
1.422985229492187500e+02
4.494734573364257812e+01
1.493522033691406250e+02
6.605679321289062500e+01
7.804312133789062500e+01
5.103622055053710938e+01
5.967184448242187500e+01
4.705620574951171875e+01
6.500491333007812500e+01
7.721002960205078125e+01
1.788792266845703125e+02
4.003828048706054688e+01
6.937698364257812500e+01
8.080123901367187500e+01
9.758264160156250000e+01
1.001260070800781250e+02
8.458274841308593750e+01
6.970487976074218750e+01
5.661794662475585938e+01
4.348211669921875000e+01
6.727480316162109375e+01
3.937996673583984375e+01
3.000000000000000000e+01
6.307897949218750000e+01
4.020716094970703125e+01
3.983353424072265625e+01
4.199355697631835938e+01
3.873701095581054688e+01
3.042618560791015625e+01
1.130933837890625000e+02
3.188790893554687500e+01
3.000000000000000000e+01
4.179206085205078125e+01
6.996877288818359375e+01
4.845971298217773438e+01
5.838596343994140625e+01
4.871760940551757812e+01
3.750923538208007812e+01
3.854317092895507812e+01
6.575024414062500000e+01
5.985043334960937500e+01
3.744171524047851562e+01
7.703790283203125000e+01
8.579287719726562500e+01
7.044435882568359375e+01
1.339694824218750000e+02
1.632087402343750000e+02
3.000000000000000000e+01
9.149652862548828125e+01
1.113615875244140625e+02
9.108053588867187500e+01
4.370749664306640625e+01
4.123046875000000000e+01
1.414310913085937500e+02
5.984262084960937500e+01
7.259427642822265625e+01
5.213736343383789062e+01
4.934641647338867188e+01
4.710507583618164062e+01
5.410699844360351562e+01
3.497073745727539062e+01
3.754987716674804688e+01
3.763309097290039062e+01
3.854378890991210938e+01
8.647682189941406250e+01
3.545031356811523438e+01
8.673821258544921875e+01
5.468835830688476562e+01
6.290464019775390625e+01
4.556191253662109375e+01
4.089783096313476562e+01
4.864480590820312500e+01
7.173741149902343750e+01
4.898952865600585938e+01
3.000000000000000000e+01
3.484741210937500000e+01
6.394065093994140625e+01
8.529467773437500000e+01
4.369676208496093750e+01
7.044435882568359375e+01
5.425677871704101562e+01
5.000816726684570312e+01
1.633145751953125000e+02
4.215968322753906250e+01
4.839772415161132812e+01
1.007956008911132812e+02
1.635782928466796875e+02
2.107087554931640625e+02
5.053908920288085938e+01
8.125425720214843750e+01
3.963847732543945312e+01
1.102416152954101562e+02
6.102556610107421875e+01
3.964004135131835938e+01
1.461505432128906250e+02
5.770940399169921875e+01
6.316830825805664062e+01
1.480680236816406250e+02
4.726743316650390625e+01
6.866880798339843750e+01
7.930924224853515625e+01
3.520683670043945312e+01
7.265162658691406250e+01
1.187829360961914062e+02
3.079538536071777344e+01
6.194426727294921875e+01
6.199568939208984375e+01
4.798578643798828125e+01
1.011104125976562500e+02
1.431187286376953125e+02
7.375403594970703125e+01
1.321388244628906250e+02
8.403739929199218750e+01
5.184375381469726562e+01
8.576335144042968750e+01
9.005174255371093750e+01
3.000000000000000000e+01
3.657603836059570312e+01
3.277833175659179688e+01
4.231059265136718750e+01
6.373215103149414062e+01
1.142797851562500000e+02
5.186994171142578125e+01
4.446657562255859375e+01
4.280294418334960938e+01
2.699899291992187500e+02
3.685680770874023438e+01
3.990775299072265625e+01
3.078561592102050781e+01
3.000000000000000000e+01
4.793246459960937500e+01
6.681031036376953125e+01
6.880371093750000000e+01
1.099453277587890625e+02
5.314834976196289062e+01
4.809295272827148438e+01
5.234901809692382812e+01
4.385578155517578125e+01
1.573009643554687500e+02
4.570912170410156250e+01
3.958019256591796875e+01
5.286434173583984375e+01
4.635798263549804688e+01
6.470866394042968750e+01
7.036415100097656250e+01
1.351806945800781250e+02
7.990939331054687500e+01
9.820159149169921875e+01
5.710692214965820312e+01
4.144524002075195312e+01
6.987340545654296875e+01
3.605642700195312500e+01
6.789868927001953125e+01
7.497842407226562500e+01
3.103748512268066406e+01
3.845194625854492188e+01
1.003105850219726562e+02
3.813812255859375000e+01
4.044945907592773438e+01
1.538460388183593750e+02
5.950150299072265625e+01
4.867982482910156250e+01
7.542745208740234375e+01
4.851833724975585938e+01
6.090626525878906250e+01
9.014944458007812500e+01
5.428469848632812500e+01
8.673821258544921875e+01
2.319244537353515625e+02
5.410699844360351562e+01
1.232173843383789062e+02
3.894372940063476562e+01
4.812773513793945312e+01
7.856285858154296875e+01
5.324093246459960938e+01
5.673776626586914062e+01
6.783501434326171875e+01
3.000000000000000000e+01
6.633081817626953125e+01
5.284730148315429688e+01
7.393331146240234375e+01
4.477451705932617188e+01
4.769434356689453125e+01
7.080204010009765625e+01
1.137019271850585938e+02
8.465857696533203125e+01
5.507475662231445312e+01
5.734862899780273438e+01
4.636783981323242188e+01
6.209923553466796875e+01
6.253279113769531250e+01
4.240270996093750000e+01
1.096221313476562500e+02
1.020630493164062500e+02
3.532457733154296875e+01
1.196524047851562500e+02
8.060305786132812500e+01
5.402140045166015625e+01
4.641411590576171875e+01
4.740792465209960938e+01
5.042756652832031250e+01
1.754371185302734375e+02
3.659296798706054688e+01
5.392596817016601562e+01
5.262404632568359375e+01
4.423076629638671875e+01
1.149128952026367188e+02
4.622365188598632812e+01
4.781480407714843750e+01
1.405624389648437500e+02
5.985043334960937500e+01
9.663256835937500000e+01
6.371429061889648438e+01
6.538774871826171875e+01
5.471527481079101562e+01
9.730932617187500000e+01
9.083451843261718750e+01
6.978439331054687500e+01
8.570925140380859375e+01
3.359489440917968750e+01
6.374004745483398438e+01
8.355965423583984375e+01
4.519186782836914062e+01
3.902327728271484375e+01
7.785569763183593750e+01
9.700948333740234375e+01
6.702066040039062500e+01
5.416347885131835938e+01
5.346655273437500000e+01
3.193078041076660156e+01
4.505871963500976562e+01
3.000000000000000000e+01
3.292176818847656250e+01
3.000000000000000000e+01
3.111887359619140625e+01
4.578323745727539062e+01
5.326319503784179688e+01
4.488065338134765625e+01
7.870568084716796875e+01
6.640853881835937500e+01
4.461572647094726562e+01
3.829201889038085938e+01
5.507834243774414062e+01
6.804046630859375000e+01
4.411054229736328125e+01
3.353669357299804688e+01
5.655191802978515625e+01
3.373629760742187500e+01
5.456383514404296875e+01
3.000000000000000000e+01
5.614631652832031250e+01
3.000000000000000000e+01
4.782690429687500000e+01
1.038960342407226562e+02
4.404116439819335938e+01
3.530813980102539062e+01
6.266865539550781250e+01
3.958019256591796875e+01
6.922197723388671875e+01
3.187298393249511719e+01
4.804318618774414062e+01
1.326849060058593750e+02
4.646615219116210938e+01
1.109241790771484375e+02
1.090780563354492188e+02
3.630295944213867188e+01
3.131826400756835938e+01
9.262295532226562500e+01
4.550007629394531250e+01
6.270401000976562500e+01
6.220797348022460938e+01
1.635410614013671875e+02
4.978250885009765625e+01
4.786055374145507812e+01
5.520239639282226562e+01
3.389491271972656250e+01
4.506710052490234375e+01
1.102308425903320312e+02
3.832715988159179688e+01
7.055563354492187500e+01
5.600151062011718750e+01
4.110162353515625000e+01
3.229267120361328125e+01
5.118025207519531250e+01
4.807486724853515625e+01
4.101736068725585938e+01
4.291870117187500000e+01
3.742984771728515625e+01
4.297570800781250000e+01
4.653919982910156250e+01
5.899009704589843750e+01
4.756359100341796875e+01
5.217969512939453125e+01
5.796719360351562500e+01
7.075342559814453125e+01
1.112023925781250000e+02
5.893749237060546875e+01
9.671038055419921875e+01
8.795384979248046875e+01
1.302730712890625000e+02
4.201339340209960938e+01
5.543881225585937500e+01
3.000000000000000000e+01
4.224689865112304688e+01
7.499237823486328125e+01
8.031393432617187500e+01
7.913217163085937500e+01
8.666632080078125000e+01
4.294214630126953125e+01
4.306079483032226562e+01
7.059356689453125000e+01
8.389118194580078125e+01
4.130336380004882812e+01
5.013917160034179688e+01
4.008296585083007812e+01
3.791455841064453125e+01
9.439461517333984375e+01
4.724060440063476562e+01
4.558559799194335938e+01
4.486632537841796875e+01
4.563531112670898438e+01
5.927367782592773438e+01
7.972666168212890625e+01
4.307643890380859375e+01
3.116621208190917969e+01
3.662614440917968750e+01
1.099453277587890625e+02
5.171162414550781250e+01
3.321704483032226562e+01
5.524944686889648438e+01
5.749572372436523438e+01
4.389466094970703125e+01
4.478419494628906250e+01
4.983582305908203125e+01
7.047579193115234375e+01
4.431361007690429688e+01
5.430249023437500000e+01
7.758592987060546875e+01
8.107353210449218750e+01
7.539318847656250000e+01
4.613070297241210938e+01
3.000000000000000000e+01
6.762374114990234375e+01
6.772772979736328125e+01
4.624236297607421875e+01
5.469440078735351562e+01
5.387581253051757812e+01
3.968015670776367188e+01
5.623384475708007812e+01
3.173034667968750000e+01
3.000000000000000000e+01
5.330405426025390625e+01
6.351965332031250000e+01
7.080204010009765625e+01
5.210956573486328125e+01
5.504694747924804688e+01
4.174127578735351562e+01
7.758834075927734375e+01
1.102439498901367188e+02
7.052967834472656250e+01
4.081312561035156250e+01
1.302730865478515625e+02
5.053908920288085938e+01
6.315098571777343750e+01
9.700948333740234375e+01
3.780952453613281250e+01
3.749034118652343750e+01
6.345287322998046875e+01
3.589258956909179688e+01
4.382151031494140625e+01
2.312347717285156250e+02
4.980598068237304688e+01
4.308479690551757812e+01
3.211070251464843750e+01
1.346067199707031250e+02
6.019307327270507812e+01
5.120234298706054688e+01
9.528236389160156250e+01
4.889857482910156250e+01
1.354414062500000000e+02
7.458267211914062500e+01
8.767700958251953125e+01
3.000000000000000000e+01
3.663850784301757812e+01
7.596243286132812500e+01
8.006449127197265625e+01
7.031391906738281250e+01
4.898952865600585938e+01
4.405434036254882812e+01
3.000000000000000000e+01
4.926995849609375000e+01
6.422863006591796875e+01
4.958713531494140625e+01
3.652014541625976562e+01
7.685482025146484375e+01
8.093256378173828125e+01
3.182178306579589844e+01
3.579996490478515625e+01
5.190586090087890625e+01
3.000000000000000000e+01
4.873382949829101562e+01
1.245993347167968750e+02
4.894546508789062500e+01
7.510322570800781250e+01
5.054153442382812500e+01
4.296895599365234375e+01
3.596195983886718750e+01
9.225038909912109375e+01
6.278296661376953125e+01
7.488284301757812500e+01
1.050940399169921875e+02
5.786424255371093750e+01
4.840436553955078125e+01
3.972749710083007812e+01
4.705584716796875000e+01
5.901839447021484375e+01
7.593927001953125000e+01
1.754371185302734375e+02
4.850185775756835938e+01
4.956253433227539062e+01
5.199311828613281250e+01
5.934241485595703125e+01
4.876657485961914062e+01
5.820964050292968750e+01
5.226245498657226562e+01
6.213594055175781250e+01
7.147071838378906250e+01
3.000000000000000000e+01
3.590664291381835938e+01
6.219654083251953125e+01
1.084839630126953125e+02
6.479768371582031250e+01
1.109241790771484375e+02
3.856873321533203125e+01
3.763732147216796875e+01
4.267855834960937500e+01
7.659589385986328125e+01
1.704721679687500000e+02
7.404629516601562500e+01
5.761677932739257812e+01
6.169351196289062500e+01
3.294708251953125000e+01
3.285816192626953125e+01
8.095210266113281250e+01
3.052646636962890625e+01
3.737926483154296875e+01
6.023548889160156250e+01
8.284078979492187500e+01
5.220588684082031250e+01
1.067597808837890625e+02
4.252893829345703125e+01
5.762937927246093750e+01
5.984262084960937500e+01
7.587335968017578125e+01
5.387099456787109375e+01
4.897029876708984375e+01
5.085942077636718750e+01
3.390596771240234375e+01
4.208480834960937500e+01
4.570912551879882812e+01
4.099495697021484375e+01
5.882871246337890625e+01
5.950150299072265625e+01
4.769535446166992188e+01
3.000000000000000000e+01
4.364514923095703125e+01
3.990775299072265625e+01
3.295118713378906250e+01
1.347348937988281250e+02
3.000000000000000000e+01
6.382027816772460938e+01
1.045138702392578125e+02
4.939721679687500000e+01
3.000000000000000000e+01
3.430887985229492188e+01
6.493389892578125000e+01
6.805178833007812500e+01
6.292474365234375000e+01
5.614604187011718750e+01
5.432368850708007812e+01
6.204388427734375000e+01
6.102394866943359375e+01
4.077106475830078125e+01
7.439723205566406250e+01
4.016035079956054688e+01
5.471527099609375000e+01
5.173802185058593750e+01
3.414388656616210938e+01
3.922109985351562500e+01
5.230418395996093750e+01
6.312724685668945312e+01
5.002002334594726562e+01
4.845971298217773438e+01
4.823575973510742188e+01
5.504925918579101562e+01
6.646380615234375000e+01
8.469616699218750000e+01
6.049717712402343750e+01
8.441529846191406250e+01
4.095505523681640625e+01
5.373912048339843750e+01
4.323778533935546875e+01
6.175515747070312500e+01
6.630722045898437500e+01
5.955709838867187500e+01
6.825409698486328125e+01
4.494243621826171875e+01
9.471375274658203125e+01
4.506437301635742188e+01
5.176095581054687500e+01
9.090910339355468750e+01
1.483455200195312500e+02
9.499481201171875000e+01
4.263076019287109375e+01
3.098468971252441406e+01
4.957614517211914062e+01
6.435351562500000000e+01
8.465857696533203125e+01
8.438385009765625000e+01
6.477911376953125000e+01
1.123552551269531250e+02
5.190586090087890625e+01
4.589565277099609375e+01
3.507406234741210938e+01
5.952348327636718750e+01
4.850110626220703125e+01
3.535763168334960938e+01
4.116422271728515625e+01
8.781024169921875000e+01
7.142400360107421875e+01
4.576601409912109375e+01
9.109478759765625000e+01
4.200160598754882812e+01
4.897636795043945312e+01
5.066312408447265625e+01
5.117515563964843750e+01
5.676070404052734375e+01
4.897029876708984375e+01
2.048684997558593750e+02
6.033446502685546875e+01
4.668837738037109375e+01
4.504853820800781250e+01
5.559944915771484375e+01
1.259992675781250000e+02
4.524398422241210938e+01
4.711023712158203125e+01
5.694851684570312500e+01
3.652014541625976562e+01
8.151091766357421875e+01
5.123521804809570312e+01
6.265256881713867188e+01
4.814357757568359375e+01
4.989747619628906250e+01
4.077253341674804688e+01
5.668482971191406250e+01
6.326651000976562500e+01
6.283262634277343750e+01
1.952701721191406250e+02
3.632437133789062500e+01
4.857934570312500000e+01
6.344392776489257812e+01
5.603105163574218750e+01
4.501857376098632812e+01
3.408183288574218750e+01
4.718083953857421875e+01
5.065840911865234375e+01
3.862239837646484375e+01
5.027574157714843750e+01
5.397981643676757812e+01
4.406465148925781250e+01
4.904957580566406250e+01
3.894299316406250000e+01
3.630295944213867188e+01
4.698122024536132812e+01
3.000000000000000000e+01
5.964349365234375000e+01
8.448976135253906250e+01
3.000000000000000000e+01
4.364365386962890625e+01
4.179206085205078125e+01
7.454508972167968750e+01
5.503605270385742188e+01
9.857726287841796875e+01
3.000000000000000000e+01
6.978439331054687500e+01
8.565534210205078125e+01
4.360994720458984375e+01
9.090910339355468750e+01
3.302613449096679688e+01
4.571562957763671875e+01
4.135562896728515625e+01
4.416937637329101562e+01
1.462417755126953125e+02
4.760544204711914062e+01
3.000000000000000000e+01
6.879319763183593750e+01
4.641160964965820312e+01
1.060875701904296875e+02
7.177000427246093750e+01
3.619918823242187500e+01
6.048600006103515625e+01
7.862905883789062500e+01
8.368581390380859375e+01
7.433259582519531250e+01
7.139569854736328125e+01
3.288109207153320312e+01
3.805171966552734375e+01
6.783144378662109375e+01
7.223590850830078125e+01
1.265304107666015625e+02
1.057266540527343750e+02
1.154205780029296875e+02
4.616017532348632812e+01
4.287680053710937500e+01
5.120209121704101562e+01
3.273464202880859375e+01
5.234602737426757812e+01
3.000000000000000000e+01
3.000000000000000000e+01
7.329936218261718750e+01
1.107445373535156250e+02
6.653755950927734375e+01
3.000000000000000000e+01
5.672041702270507812e+01
6.642638397216796875e+01
4.433856582641601562e+01
4.789066314697265625e+01
7.593927001953125000e+01
4.432731246948242188e+01
7.019320678710937500e+01
3.285816574096679688e+01
5.339980316162109375e+01
7.208272552490234375e+01
4.347290039062500000e+01
3.600613784790039062e+01
5.740005111694335938e+01
3.709443283081054688e+01
7.013394165039062500e+01
6.896841430664062500e+01
4.446873474121093750e+01
9.098002624511718750e+01
6.439990997314453125e+01
3.992552566528320312e+01
4.714553833007812500e+01
3.179685974121093750e+01
3.380351257324218750e+01
3.701275253295898438e+01
3.503636550903320312e+01
3.453540039062500000e+01
8.879067993164062500e+01
4.809295272827148438e+01
4.204613494873046875e+01
1.137019271850585938e+02
8.012559509277343750e+01
4.263269424438476562e+01
6.656946563720703125e+01
7.090409088134765625e+01
4.488065338134765625e+01
5.342660903930664062e+01
1.079348754882812500e+02
5.974465942382812500e+01
8.483778381347656250e+01
4.069086837768554688e+01
3.189419364929199219e+01
5.946215438842773438e+01
4.431805038452148438e+01
5.329759979248046875e+01
4.434415435791015625e+01
4.128900909423828125e+01
4.974067687988281250e+01
4.635074615478515625e+01
5.770940399169921875e+01
3.822448730468750000e+01
3.738049697875976562e+01
8.435217285156250000e+01
8.652189636230468750e+01
4.779534912109375000e+01
9.096743774414062500e+01
5.053557586669921875e+01
3.000000000000000000e+01
1.007707748413085938e+02
8.488394927978515625e+01
4.058748626708984375e+01
6.342605590820312500e+01
4.320770263671875000e+01
5.010587310791015625e+01
3.000000000000000000e+01
9.271447753906250000e+01
5.527652740478515625e+01
4.824276733398437500e+01
6.371428680419921875e+01
5.859380340576171875e+01
5.382332992553710938e+01
3.360739898681640625e+01
5.322001266479492188e+01
6.739105987548828125e+01
5.351781463623046875e+01
7.547373199462890625e+01
7.022692871093750000e+01
3.857048034667968750e+01
5.492713165283203125e+01
3.822973251342773438e+01
5.088964843750000000e+01
6.384227371215820312e+01
1.037345123291015625e+02
6.265257263183593750e+01
4.635706329345703125e+01
6.430364227294921875e+01
5.322001647949218750e+01
4.613199234008789062e+01
4.527584838867187500e+01
5.295977020263671875e+01
4.220963668823242188e+01
6.255383300781250000e+01
5.572961807250976562e+01
4.078422927856445312e+01
5.848010253906250000e+01
4.819358444213867188e+01
5.622541809082031250e+01
3.339862060546875000e+01
6.270041656494140625e+01
3.940934753417968750e+01
3.899189758300781250e+01
8.057442474365234375e+01
3.969986724853515625e+01
7.477188110351562500e+01
3.693801116943359375e+01
7.954905700683593750e+01
6.771717834472656250e+01
4.711896896362304688e+01
4.461618804931640625e+01
3.958037567138671875e+01
4.725245666503906250e+01
7.391952514648437500e+01
3.731288909912109375e+01
4.344252014160156250e+01
5.980005645751953125e+01
5.356507873535156250e+01
7.191403198242187500e+01
3.920330810546875000e+01
7.129851531982421875e+01
4.424895477294921875e+01
3.315264129638671875e+01
5.386167144775390625e+01
4.575366592407226562e+01
7.133526611328125000e+01
3.000000000000000000e+01
7.856285858154296875e+01
4.960414505004882812e+01
4.309306335449218750e+01
3.646649932861328125e+01
4.024244689941406250e+01
4.631211853027343750e+01
4.977943801879882812e+01
3.098468971252441406e+01
3.912118530273437500e+01
3.000000000000000000e+01
3.852510452270507812e+01
5.230792617797851562e+01
5.709353256225585938e+01
6.731870269775390625e+01
5.055886840820312500e+01
4.942578506469726562e+01
4.718168258666992188e+01
3.000000000000000000e+01
4.487459564208984375e+01
4.024244689941406250e+01
6.825409698486328125e+01
4.991903686523437500e+01
4.599508666992187500e+01
3.573013687133789062e+01
7.818502807617187500e+01
5.490029525756835938e+01
7.925056457519531250e+01
3.960627746582031250e+01
3.397559738159179688e+01
6.301794433593750000e+01
3.002459144592285156e+01
4.813589477539062500e+01
3.000000000000000000e+01
4.755733108520507812e+01
3.000000000000000000e+01
3.000000000000000000e+01
4.717184066772460938e+01
3.885508346557617188e+01
7.475843811035156250e+01
4.221433258056640625e+01
1.037345123291015625e+02
5.350537872314453125e+01
4.230243301391601562e+01
3.884890365600585938e+01
3.797335052490234375e+01
3.478072357177734375e+01
4.233101654052734375e+01
6.159754180908203125e+01
6.880371093750000000e+01
4.804319000244140625e+01
4.780281829833984375e+01
4.350299835205078125e+01
8.195082092285156250e+01
5.770249938964843750e+01
4.258575057983398438e+01
3.000000000000000000e+01
3.000000000000000000e+01
4.249516677856445312e+01
3.414388656616210938e+01
6.331633758544921875e+01
3.959757232666015625e+01
3.764390945434570312e+01
3.999579620361328125e+01
3.980202865600585938e+01
3.260532379150390625e+01
5.051811218261718750e+01
3.591378021240234375e+01
5.905707550048828125e+01
3.772302246093750000e+01
7.455874633789062500e+01
5.350537872314453125e+01
6.207370376586914062e+01
3.000000000000000000e+01
3.000000000000000000e+01
5.679488372802734375e+01
3.000000000000000000e+01
5.116896820068359375e+01
7.966584014892578125e+01
3.000000000000000000e+01
4.930584716796875000e+01
5.589945220947265625e+01
3.131826400756835938e+01
5.343168640136718750e+01
5.314834976196289062e+01
3.000000000000000000e+01
4.464709091186523438e+01
7.879928588867187500e+01
4.686844253540039062e+01
7.862905883789062500e+01
8.492935180664062500e+01
3.000000000000000000e+01
6.881575012207031250e+01
4.347554016113281250e+01
5.673776626586914062e+01
5.063282012939453125e+01
5.406452941894531250e+01
6.135078430175781250e+01
7.036415100097656250e+01
4.212693786621093750e+01
6.178591156005859375e+01
7.273513793945312500e+01
3.747694396972656250e+01
8.880001068115234375e+01
3.183642578125000000e+01
3.148555755615234375e+01
4.156284713745117188e+01
4.623545455932617188e+01
3.558582305908203125e+01
7.118035888671875000e+01
5.592426300048828125e+01
4.857934570312500000e+01
3.706917190551757812e+01
4.806853485107421875e+01
4.111317443847656250e+01
4.438472366333007812e+01
7.557607269287109375e+01
4.616191482543945312e+01
3.590764236450195312e+01
6.188273620605468750e+01
3.797849655151367188e+01
4.927824783325195312e+01
4.342914581298828125e+01
4.461618804931640625e+01
3.104503250122070312e+01
3.783916473388671875e+01
3.874124145507812500e+01
5.981122970581054688e+01
3.534384155273437500e+01
4.572915267944335938e+01
6.219654083251953125e+01
3.643398284912109375e+01
4.101736068725585938e+01
5.009340667724609375e+01
7.946800231933593750e+01
4.631071853637695312e+01
6.293025970458984375e+01
1.150339508056640625e+02
4.895519638061523438e+01
4.391360473632812500e+01
4.879396438598632812e+01
4.508778381347656250e+01
4.523001098632812500e+01
4.487748718261718750e+01
5.121640014648437500e+01
1.050940399169921875e+02
6.230521392822265625e+01
3.651025009155273438e+01
4.885299682617187500e+01
5.256748962402343750e+01
3.000000000000000000e+01
4.506710052490234375e+01
5.117515563964843750e+01
5.797789764404296875e+01
3.000000000000000000e+01
6.335760498046875000e+01
4.044232177734375000e+01
5.298605346679687500e+01
5.623384857177734375e+01
4.809920501708984375e+01
4.845471191406250000e+01
4.179371643066406250e+01
3.122895431518554688e+01
6.873175048828125000e+01
4.760422897338867188e+01
4.824884033203125000e+01
6.479769134521484375e+01
4.065016174316406250e+01
3.336495971679687500e+01
4.876657485961914062e+01
5.297098922729492188e+01
4.035126113891601562e+01
5.079144668579101562e+01
4.402259445190429688e+01
4.547662353515625000e+01
4.087756347656250000e+01
5.925838851928710938e+01
4.430107116699218750e+01
3.994405364990234375e+01
5.171494674682617188e+01
5.190410995483398438e+01
5.051108551025390625e+01
5.132045745849609375e+01
5.062007522583007812e+01
4.201339340209960938e+01
4.447436523437500000e+01
5.715314483642578125e+01
5.533702087402343750e+01
3.981447601318359375e+01
6.097711944580078125e+01
4.523999404907226562e+01
5.390792846679687500e+01
4.252208709716796875e+01
1.002225494384765625e+02
9.257612609863281250e+01
4.445962142944335938e+01
5.898094177246093750e+01
3.059591865539550781e+01
6.637437438964843750e+01
3.000000000000000000e+01
3.646495056152343750e+01
8.410014343261718750e+01
4.512141036987304688e+01
3.922121810913085938e+01
5.092546463012695312e+01
9.354985046386718750e+01
3.394052886962890625e+01
5.544576644897460938e+01
3.000000000000000000e+01
5.384180450439453125e+01
4.354288864135742188e+01
3.059194564819335938e+01
5.376798629760742188e+01
7.541706848144531250e+01
4.707554244995117188e+01
3.111390495300292969e+01
3.000000000000000000e+01
5.036564636230468750e+01
4.022043991088867188e+01
4.981567382812500000e+01
6.199389266967773438e+01
9.857726287841796875e+01
5.876552581787109375e+01
7.466114044189453125e+01
6.940812683105468750e+01
8.115078735351562500e+01
6.533247375488281250e+01
3.621369171142578125e+01
3.813602828979492188e+01
5.211833572387695312e+01
3.818116378784179688e+01
4.031324005126953125e+01
3.288965606689453125e+01
3.340969467163085938e+01
3.816379165649414062e+01
3.142072486877441406e+01
3.000000000000000000e+01
4.855066299438476562e+01
6.748774719238281250e+01
5.322647857666015625e+01
3.738093948364257812e+01
4.273767471313476562e+01
3.000000000000000000e+01
4.930960845947265625e+01
4.469129180908203125e+01
5.628897857666015625e+01
5.338261413574218750e+01
4.640249633789062500e+01
3.000000000000000000e+01
6.374004745483398438e+01
5.971098709106445312e+01
3.000000000000000000e+01
4.725246047973632812e+01
3.138265037536621094e+01
9.155404663085937500e+01
3.975555801391601562e+01
4.863056182861328125e+01
5.755124282836914062e+01
4.131892776489257812e+01
3.016975784301757812e+01
3.542895889282226562e+01
5.324020385742187500e+01
4.144524002075195312e+01
5.318070220947265625e+01
4.165804290771484375e+01
3.000000000000000000e+01
3.747651672363281250e+01
8.151091766357421875e+01
6.299454116821289062e+01
8.579287719726562500e+01
3.000000000000000000e+01
3.634527206420898438e+01
5.411340332031250000e+01
3.816378784179687500e+01
4.993899917602539062e+01
5.963549804687500000e+01
6.511920166015625000e+01
4.713642120361328125e+01
5.247241210937500000e+01
3.717644500732421875e+01
3.868381118774414062e+01
3.000000000000000000e+01
8.695399475097656250e+01
3.546421432495117188e+01
4.010276412963867188e+01
3.572082901000976562e+01
4.402986145019531250e+01
4.169120788574218750e+01
3.000000000000000000e+01
5.000816726684570312e+01
4.363840484619140625e+01
3.424076843261718750e+01
6.148375320434570312e+01
6.879319763183593750e+01
3.000000000000000000e+01
6.124120330810546875e+01
4.534599304199218750e+01
4.296323394775390625e+01
4.297777557373046875e+01
4.835592651367187500e+01
3.765009689331054688e+01
4.247410202026367188e+01
3.997153091430664062e+01
4.267803192138671875e+01
3.808190155029296875e+01
3.823887634277343750e+01
3.758177185058593750e+01
3.548188018798828125e+01
3.402679443359375000e+01
3.564589309692382812e+01
3.518201828002929688e+01
5.788352203369140625e+01
4.390846252441406250e+01
9.354985046386718750e+01
3.000000000000000000e+01
4.000878524780273438e+01
4.171926498413085938e+01
7.214250183105468750e+01
3.389491271972656250e+01
4.370474243164062500e+01
8.695399475097656250e+01
4.451916503906250000e+01
4.644491195678710938e+01
3.722828292846679688e+01
4.578323745727539062e+01
9.396434020996093750e+01
6.583662414550781250e+01
6.686380767822265625e+01
7.686657714843750000e+01
3.750506591796875000e+01
3.138801574707031250e+01
6.186177825927734375e+01
4.610800170898437500e+01
5.305847549438476562e+01
5.929452514648437500e+01
3.897901916503906250e+01
3.410376739501953125e+01
6.601850128173828125e+01
3.371430969238281250e+01
6.076622390747070312e+01
5.556601333618164062e+01
4.438945388793945312e+01
3.227281951904296875e+01
4.081312561035156250e+01
4.347553634643554688e+01
3.000000000000000000e+01
4.379966354370117188e+01
8.418202972412109375e+01
4.009228515625000000e+01
4.271576309204101562e+01
7.950018310546875000e+01
5.682808303833007812e+01
4.004986572265625000e+01
3.869382476806640625e+01
3.869906616210937500e+01
4.618581771850585938e+01
3.968971252441406250e+01
4.390968704223632812e+01
3.611819076538085938e+01
5.902079010009765625e+01
7.366901397705078125e+01
5.620544815063476562e+01
3.921490478515625000e+01
4.374908447265625000e+01
3.954299545288085938e+01
3.000000000000000000e+01
5.943933868408203125e+01
4.586468505859375000e+01
4.516264343261718750e+01
3.000000000000000000e+01
3.951716613769531250e+01
3.797377395629882812e+01
3.032629203796386719e+01
5.553628158569335938e+01
4.725497055053710938e+01
6.230521392822265625e+01
5.676070404052734375e+01
4.501546478271484375e+01
3.249903106689453125e+01
4.619669342041015625e+01
3.000000000000000000e+01
7.728129577636718750e+01
4.675259780883789062e+01
4.564479064941406250e+01
4.376276397705078125e+01
7.454508972167968750e+01
4.299640655517578125e+01
3.000000000000000000e+01
4.366761016845703125e+01
3.393212509155273438e+01
5.601475143432617188e+01
4.478022384643554688e+01
4.542487335205078125e+01
3.000000000000000000e+01
3.313883972167968750e+01
3.000000000000000000e+01
4.096263885498046875e+01
4.541381072998046875e+01
4.016403961181640625e+01
5.055813598632812500e+01
3.534889984130859375e+01
7.272907257080078125e+01
4.731217956542968750e+01
5.147596359252929688e+01
7.493992614746093750e+01
3.036243247985839844e+01
5.847479629516601562e+01
3.000000000000000000e+01
3.004390335083007812e+01
4.002438354492187500e+01
4.290347290039062500e+01
3.901016235351562500e+01
3.185670471191406250e+01
3.463938140869140625e+01
4.402625656127929688e+01
3.998108291625976562e+01
4.278804016113281250e+01
