5.029547500610351562e+01
6.322086715698242188e+01
4.036575317382812500e+01
3.966745758056640625e+01
6.401672363281250000e+01
6.979776000976562500e+01
3.189904975891113281e+01
6.925043487548828125e+01
5.867871093750000000e+01
1.297032165527343750e+02
4.995145416259765625e+01
1.486217803955078125e+02
4.999880981445312500e+01
4.338098526000976562e+01
3.000000000000000000e+01
7.444432830810546875e+01
6.505873107910156250e+01
3.907562255859375000e+01
4.278144836425781250e+01
1.336749725341796875e+02
3.919609451293945312e+01
9.161240386962890625e+01
3.000000000000000000e+01
4.901675415039062500e+01
4.415808105468750000e+01
7.319578552246093750e+01
3.000000000000000000e+01
6.092832946777343750e+01
2.007449340820312500e+02
5.296289443969726562e+01
5.947966003417968750e+01
4.381098937988281250e+01
4.141293334960937500e+01
1.156222457885742188e+02
6.835023498535156250e+01
5.961007690429687500e+01
6.694281768798828125e+01
6.023239898681640625e+01
4.381370544433593750e+01
3.000000000000000000e+01
3.956783294677734375e+01
3.832036590576171875e+01
6.303475189208984375e+01
5.088024902343750000e+01
3.444868087768554688e+01
5.478903961181640625e+01
3.433799743652343750e+01
6.140145111083984375e+01
1.338839569091796875e+02
5.227930450439453125e+01
3.852896881103515625e+01
3.000000000000000000e+01
6.063810729980468750e+01
4.349878692626953125e+01
1.084576568603515625e+02
5.645051574707031250e+01
7.864564514160156250e+01
4.304327392578125000e+01
5.635673522949218750e+01
6.551032257080078125e+01
5.276575851440429688e+01
8.206476593017578125e+01
4.167837524414062500e+01
7.983941650390625000e+01
9.432885742187500000e+01
5.817912673950195312e+01
4.156146621704101562e+01
3.000000000000000000e+01
4.878649902343750000e+01
5.349747467041015625e+01
5.832306671142578125e+01
3.281064605712890625e+01
1.013253173828125000e+02
3.195564842224121094e+01
6.146271896362304688e+01
5.686137390136718750e+01
4.638790130615234375e+01
3.997966003417968750e+01
4.198340988159179688e+01
6.085797119140625000e+01
3.593729400634765625e+01
6.505873107910156250e+01
5.088964080810546875e+01
1.025315399169921875e+02
9.642643737792968750e+01
4.529388427734375000e+01
4.134049224853515625e+01
5.093909454345703125e+01
4.999880981445312500e+01
5.476353454589843750e+01
4.286400985717773438e+01
5.318183898925781250e+01
6.656306457519531250e+01
5.120078277587890625e+01
1.098026351928710938e+02
9.405493164062500000e+01
6.372117614746093750e+01
3.911202621459960938e+01
9.006359863281250000e+01
4.485295104980468750e+01
9.258855438232421875e+01
6.238453292846679688e+01
1.542591094970703125e+02
3.086662673950195312e+01
4.944551086425781250e+01
8.456587219238281250e+01
3.237621688842773438e+01
6.198715209960937500e+01
4.827404403686523438e+01
3.160389137268066406e+01
4.254309082031250000e+01
3.000000000000000000e+01
6.850482177734375000e+01
1.093390884399414062e+02
4.013622283935546875e+01
3.951583862304687500e+01
9.542570495605468750e+01
4.805239486694335938e+01
6.809174346923828125e+01
5.178900909423828125e+01
4.801922988891601562e+01
5.819881820678710938e+01
4.913845062255859375e+01
4.479120254516601562e+01
3.936618041992187500e+01
4.808834838867187500e+01
6.249362945556640625e+01
5.755210494995117188e+01
4.444015502929687500e+01
5.702456665039062500e+01
5.488710403442382812e+01
1.098174209594726562e+02
6.104505157470703125e+01
3.000000000000000000e+01
6.130825424194335938e+01
4.411213302612304688e+01
1.200763931274414062e+02
5.029531860351562500e+01
3.684731292724609375e+01
7.741456604003906250e+01
4.858036041259765625e+01
1.063263168334960938e+02
7.493198394775390625e+01
6.019499206542968750e+01
6.673648834228515625e+01
4.605146026611328125e+01
8.427523040771484375e+01
1.013858795166015625e+02
5.262047576904296875e+01
1.259630584716796875e+02
5.513350296020507812e+01
7.175502014160156250e+01
5.352552032470703125e+01
8.220780181884765625e+01
5.635765457153320312e+01
1.231127929687500000e+02
3.383228302001953125e+01
1.194682922363281250e+02
4.198667144775390625e+01
6.514373779296875000e+01
3.562173080444335938e+01
4.639574432373046875e+01
5.154082489013671875e+01
4.391816711425781250e+01
6.847380828857421875e+01
3.961604309082031250e+01
6.244103622436523438e+01
4.825566101074218750e+01
3.669124603271484375e+01
1.374145202636718750e+02
4.096859359741210938e+01
4.326974105834960938e+01
4.212300109863281250e+01
3.000000000000000000e+01
5.009734725952148438e+01
5.944373703002929688e+01
4.256588745117187500e+01
4.589545440673828125e+01
7.271101379394531250e+01
5.504357910156250000e+01
6.814574432373046875e+01
5.733370971679687500e+01
6.660044860839843750e+01
6.393657302856445312e+01
4.101116180419921875e+01
4.641150665283203125e+01
3.580206680297851562e+01
7.088169860839843750e+01
6.109493255615234375e+01
4.729458236694335938e+01
4.603365325927734375e+01
6.806138610839843750e+01
6.073088836669921875e+01
3.951144409179687500e+01
5.653053665161132812e+01
5.780406188964843750e+01
3.431449890136718750e+01
7.310695648193359375e+01
1.223042297363281250e+02
7.485608673095703125e+01
6.741663360595703125e+01
1.085919952392578125e+02
6.836315155029296875e+01
3.000000000000000000e+01
4.566323852539062500e+01
4.288310241699218750e+01
6.650959777832031250e+01
7.051337432861328125e+01
1.154128341674804688e+02
3.460795974731445312e+01
4.404542541503906250e+01
9.793795013427734375e+01
4.114257812500000000e+01
3.645492553710937500e+01
3.996299362182617188e+01
3.859054565429687500e+01
4.997301483154296875e+01
5.443181991577148438e+01
4.487345886230468750e+01
4.586498260498046875e+01
3.484786224365234375e+01
7.659703063964843750e+01
9.389358520507812500e+01
4.212336730957031250e+01
4.134502410888671875e+01
3.172073745727539062e+01
5.776145935058593750e+01
1.099332504272460938e+02
6.557944488525390625e+01
9.983467864990234375e+01
3.692623519897460938e+01
4.166505050659179688e+01
5.080760955810546875e+01
4.437634277343750000e+01
4.270576477050781250e+01
5.784772491455078125e+01
3.742685317993164062e+01
4.642172622680664062e+01
6.808134460449218750e+01
5.487921905517578125e+01
4.467421722412109375e+01
1.259324264526367188e+02
9.131169128417968750e+01
6.883327484130859375e+01
8.547962951660156250e+01
3.236833572387695312e+01
5.272060394287109375e+01
1.433064575195312500e+02
1.775096740722656250e+02
5.844008636474609375e+01
5.759580993652343750e+01
4.109933471679687500e+01
5.264048004150390625e+01
1.068907928466796875e+02
4.781168746948242188e+01
5.510283660888671875e+01
4.312373352050781250e+01
4.196467208862304688e+01
3.787866210937500000e+01
1.593137817382812500e+02
6.146107482910156250e+01
5.092363357543945312e+01
7.884146881103515625e+01
4.828549194335937500e+01
1.419150085449218750e+02
5.438941574096679688e+01
1.336693420410156250e+02
7.566202545166015625e+01
7.202630615234375000e+01
5.403863525390625000e+01
5.666236495971679688e+01
4.726153182983398438e+01
6.883327484130859375e+01
7.302673339843750000e+01
1.399458923339843750e+02
3.467274093627929688e+01
6.232049179077148438e+01
7.806259155273437500e+01
9.941929626464843750e+01
9.073973083496093750e+01
5.780398559570312500e+01
6.773464965820312500e+01
6.728482055664062500e+01
3.876667785644531250e+01
6.801565551757812500e+01
4.126300430297851562e+01
3.119826126098632812e+01
6.181277084350585938e+01
4.326844787597656250e+01
3.288562774658203125e+01
3.985846710205078125e+01
3.896223068237304688e+01
3.000000000000000000e+01
1.095218658447265625e+02
3.684761047363281250e+01
3.862163925170898438e+01
5.102671051025390625e+01
4.742312622070312500e+01
4.899147033691406250e+01
5.295866394042968750e+01
5.484566497802734375e+01
3.027270126342773438e+01
3.654077911376953125e+01
7.286056518554687500e+01
7.126633453369140625e+01
3.910511016845703125e+01
7.563755798339843750e+01
8.032815551757812500e+01
7.208918762207031250e+01
1.119718399047851562e+02
1.631450500488281250e+02
3.000000000000000000e+01
9.898094177246093750e+01
1.058127212524414062e+02
9.887513732910156250e+01
4.104486083984375000e+01
3.868233871459960938e+01
1.448002014160156250e+02
6.358209228515625000e+01
9.006359863281250000e+01
4.660213851928710938e+01
4.611150360107421875e+01
5.121409225463867188e+01
4.756754684448242188e+01
3.424473190307617188e+01
4.329726791381835938e+01
3.532653427124023438e+01
3.657894134521484375e+01
1.013253173828125000e+02
3.169099426269531250e+01
7.366973876953125000e+01
5.199852752685546875e+01
5.029372024536132812e+01
4.341194915771484375e+01
4.431114959716796875e+01
4.819059371948242188e+01
8.070579528808593750e+01
4.582164001464843750e+01
3.000000000000000000e+01
3.631451797485351562e+01
6.247167205810546875e+01
8.477087402343750000e+01
4.328871154785156250e+01
7.208918762207031250e+01
4.787094879150390625e+01
4.723165130615234375e+01
1.499531860351562500e+02
3.119489097595214844e+01
4.640695190429687500e+01
1.014687500000000000e+02
1.524692687988281250e+02
1.811011047363281250e+02
5.042877960205078125e+01
8.206476593017578125e+01
3.833300399780273438e+01
9.558666992187500000e+01
5.343885803222656250e+01
3.320611190795898438e+01
1.341641235351562500e+02
5.238290405273437500e+01
6.891112518310546875e+01
1.220613555908203125e+02
5.977864456176757812e+01
7.327911376953125000e+01
8.777964782714843750e+01
3.000000000000000000e+01
7.989918518066406250e+01
1.140699310302734375e+02
3.000000000000000000e+01
5.860644149780273438e+01
6.109870147705078125e+01
5.156240844726562500e+01
9.728141784667968750e+01
1.475483398437500000e+02
7.549664306640625000e+01
1.081642761230468750e+02
7.675309753417968750e+01
5.296289443969726562e+01
8.658525085449218750e+01
7.858699035644531250e+01
3.000000000000000000e+01
3.000000000000000000e+01
3.000000000000000000e+01
4.223012542724609375e+01
6.275143432617187500e+01
9.131168365478515625e+01
4.425814819335937500e+01
4.334257507324218750e+01
5.067127609252929688e+01
2.907484436035156250e+02
4.630844879150390625e+01
3.580796051025390625e+01
3.306399536132812500e+01
3.000000000000000000e+01
4.703890991210937500e+01
6.743228149414062500e+01
7.820416259765625000e+01
1.043143005371093750e+02
6.147900390625000000e+01
5.100762939453125000e+01
5.094972229003906250e+01
4.062190246582031250e+01
1.399297332763671875e+02
4.608613967895507812e+01
4.407660675048828125e+01
6.724816894531250000e+01
4.432013702392578125e+01
5.845979309082031250e+01
6.696775817871093750e+01
1.524113922119140625e+02
7.195156860351562500e+01
9.802668762207031250e+01
6.390203094482421875e+01
4.307897186279296875e+01
7.295108032226562500e+01
3.674378967285156250e+01
6.774603271484375000e+01
8.226974487304687500e+01
3.000000000000000000e+01
3.638827896118164062e+01
1.011796417236328125e+02
3.000000000000000000e+01
4.024977111816406250e+01
1.450056457519531250e+02
6.788600158691406250e+01
5.614101791381835938e+01
6.824150085449218750e+01
4.515805053710937500e+01
6.560847473144531250e+01
8.880201721191406250e+01
5.027455139160156250e+01
7.366973876953125000e+01
2.129131622314453125e+02
4.756754684448242188e+01
1.147314529418945312e+02
4.557146072387695312e+01
5.448179626464843750e+01
8.030644226074218750e+01
6.092832946777343750e+01
5.471174621582031250e+01
7.027964782714843750e+01
3.574372100830078125e+01
6.156331253051757812e+01
5.045039749145507812e+01
6.663354492187500000e+01
3.823986816406250000e+01
5.047379302978515625e+01
6.448992156982421875e+01
1.507306365966796875e+02
8.568886566162109375e+01
4.871255111694335938e+01
5.352552032470703125e+01
4.867061614990234375e+01
5.512501525878906250e+01
7.084574890136718750e+01
3.009760856628417969e+01
1.063973922729492188e+02
1.061686859130859375e+02
4.105621337890625000e+01
1.137909851074218750e+02
9.531700134277343750e+01
5.421484375000000000e+01
4.800001525878906250e+01
4.378583145141601562e+01
4.433983612060546875e+01
2.119073181152343750e+02
3.825147628784179688e+01
5.258638000488281250e+01
4.847902679443359375e+01
4.373647308349609375e+01
1.064180831909179688e+02
4.188151550292968750e+01
5.337976074218750000e+01
1.366558685302734375e+02
7.126632690429687500e+01
7.841569519042968750e+01
3.000000000000000000e+01
3.142805290222167969e+01
5.756848907470703125e+01
8.299890136718750000e+01
8.613887786865234375e+01
6.830487060546875000e+01
7.515409088134765625e+01
3.202568817138671875e+01
8.562210083007812500e+01
9.735648345947265625e+01
4.798388671875000000e+01
3.645492553710937500e+01
6.946662139892578125e+01
1.082285308837890625e+02
7.314230346679687500e+01
5.654175949096679688e+01
4.476961517333984375e+01
3.000000000000000000e+01
3.839299011230468750e+01
3.226781463623046875e+01
4.515625762939453125e+01
3.653787231445312500e+01
3.252793502807617188e+01
5.286676406860351562e+01
5.205266571044921875e+01
4.518299102783203125e+01
7.857120513916015625e+01
6.077294540405273438e+01
3.961486816406250000e+01
4.002638244628906250e+01
5.546164321899414062e+01
5.749232482910156250e+01
3.000000000000000000e+01
3.598787689208984375e+01
5.615435791015625000e+01
3.443117141723632812e+01
6.209290313720703125e+01
3.000000000000000000e+01
5.117662811279296875e+01
3.000000000000000000e+01
3.000000000000000000e+01
1.142955551147460938e+02
4.419880294799804688e+01
3.000000000000000000e+01
7.191746520996093750e+01
4.407660675048828125e+01
7.549842071533203125e+01
4.036038208007812500e+01
5.401144027709960938e+01
1.341691741943359375e+02
4.225561141967773438e+01
1.406964111328125000e+02
1.117771987915039062e+02
3.733776473999023438e+01
3.816067504882812500e+01
9.540834808349609375e+01
4.061080932617187500e+01
6.029764175415039062e+01
7.884146881103515625e+01
1.937149658203125000e+02
5.154539108276367188e+01
6.149188995361328125e+01
5.325957489013671875e+01
3.457332611083984375e+01
4.755675506591796875e+01
1.069623565673828125e+02
4.560117340087890625e+01
7.864618682861328125e+01
5.718947601318359375e+01
4.073702621459960938e+01
3.658705902099609375e+01
4.750526046752929688e+01
5.356982803344726562e+01
4.117703247070312500e+01
4.157221221923828125e+01
3.721611785888671875e+01
4.038146591186523438e+01
4.541133499145507812e+01
4.514630889892578125e+01
4.081264877319335938e+01
5.955101776123046875e+01
6.198715209960937500e+01
6.988478088378906250e+01
1.154128417968750000e+02
6.737112426757812500e+01
1.099627075195312500e+02
9.012866210937500000e+01
1.045489349365234375e+02
4.123415374755859375e+01
6.420539855957031250e+01
3.385495376586914062e+01
3.810083770751953125e+01
7.044193267822265625e+01
6.705189514160156250e+01
7.926168060302734375e+01
7.624291992187500000e+01
4.013622283935546875e+01
3.868294525146484375e+01
6.949751281738281250e+01
8.556098937988281250e+01
4.421790313720703125e+01
5.163456344604492188e+01
4.100606918334960938e+01
3.729143142700195312e+01
9.238916015625000000e+01
4.286400985717773438e+01
4.155623626708984375e+01
4.347454071044921875e+01
4.782134246826171875e+01
7.856202697753906250e+01
8.887745666503906250e+01
3.138871383666992188e+01
3.602009963989257812e+01
3.000000000000000000e+01
1.043143005371093750e+02
5.278110504150390625e+01
3.305730438232421875e+01
6.003518676757812500e+01
5.061928939819335938e+01
4.091870117187500000e+01
5.019661712646484375e+01
5.075113296508789062e+01
6.742523193359375000e+01
3.988438415527343750e+01
6.257680130004882812e+01
7.029714202880859375e+01
8.821794128417968750e+01
7.074370574951171875e+01
4.205612182617187500e+01
3.551509475708007812e+01
6.538634490966796875e+01
7.430981445312500000e+01
4.617797851562500000e+01
5.810641860961914062e+01
5.283806991577148438e+01
3.809064483642578125e+01
5.949588394165039062e+01
3.831835937500000000e+01
3.042937850952148438e+01
5.309465026855468750e+01
6.502639007568359375e+01
6.448992919921875000e+01
5.032780838012695312e+01
4.896782684326171875e+01
3.531994247436523438e+01
7.145437622070312500e+01
1.061019897460937500e+02
6.236380004882812500e+01
3.798905181884765625e+01
1.045489273071289062e+02
5.042877960205078125e+01
6.434187316894531250e+01
1.082285308837890625e+02
3.363463592529296875e+01
3.280472183227539062e+01
6.930648803710937500e+01
3.000000000000000000e+01
4.324535369873046875e+01
2.347975158691406250e+02
5.568373870849609375e+01
3.000000000000000000e+01
3.334328460693359375e+01
1.410489654541015625e+02
6.663967132568359375e+01
5.248107528686523438e+01
1.182447509765625000e+02
4.760057830810546875e+01
1.236609039306640625e+02
7.969577026367187500e+01
1.100543060302734375e+02
3.485953140258789062e+01
3.519989013671875000e+01
8.066804504394531250e+01
7.867629241943359375e+01
6.671920013427734375e+01
4.582164001464843750e+01
4.580610656738281250e+01
3.000000000000000000e+01
4.830165100097656250e+01
5.892269897460937500e+01
5.052716064453125000e+01
3.845477676391601562e+01
7.137306976318359375e+01
8.242571258544921875e+01
3.955184173583984375e+01
3.108987617492675781e+01
5.011610412597656250e+01
3.000000000000000000e+01
4.703310775756835938e+01
1.202253036499023438e+02
4.685880279541015625e+01
8.055433654785156250e+01
4.804328155517578125e+01
4.386647796630859375e+01
3.328035736083984375e+01
1.063263168334960938e+02
5.930878448486328125e+01
7.312428283691406250e+01
1.021050262451171875e+02
5.642868041992187500e+01
4.393584442138671875e+01
4.695456314086914062e+01
4.250044250488281250e+01
6.798306274414062500e+01
6.844316864013671875e+01
2.119073181152343750e+02
4.773533248901367188e+01
6.499092864990234375e+01
6.238829040527343750e+01
6.387623214721679688e+01
4.548211288452148438e+01
4.973929595947265625e+01
5.207112503051757812e+01
6.513520812988281250e+01
1.020798950195312500e+02
3.135050010681152344e+01
4.516751861572265625e+01
6.736279296875000000e+01
1.050113220214843750e+02
5.666462326049804688e+01
1.406964111328125000e+02
4.527331924438476562e+01
3.000000000000000000e+01
4.575680541992187500e+01
7.603471374511718750e+01
1.781877441406250000e+02
7.555526733398437500e+01
5.563353729248046875e+01
5.644081115722656250e+01
3.000000000000000000e+01
3.000000000000000000e+01
8.217082214355468750e+01
3.490105056762695312e+01
3.832233428955078125e+01
5.933897781372070312e+01
9.157349395751953125e+01
5.489144134521484375e+01
8.952767944335937500e+01
4.447544097900390625e+01
5.494132995605468750e+01
6.358209228515625000e+01
8.415923309326171875e+01
5.259877014160156250e+01
5.094330596923828125e+01
4.746823501586914062e+01
3.187976646423339844e+01
3.225974655151367188e+01
4.608613967895507812e+01
3.389389419555664062e+01
4.040883255004882812e+01
6.788600158691406250e+01
3.415031051635742188e+01
3.383852005004882812e+01
4.214753723144531250e+01
3.580796051025390625e+01
4.018153762817382812e+01
1.175429687500000000e+02
3.000000000000000000e+01
6.752162933349609375e+01
1.011145782470703125e+02
4.746975708007812500e+01
3.064516067504882812e+01
3.072942733764648438e+01
6.514373779296875000e+01
6.829875183105468750e+01
5.655113983154296875e+01
5.283609390258789062e+01
5.742645263671875000e+01
6.810994720458984375e+01
5.999381637573242188e+01
4.144960784912109375e+01
6.600556182861328125e+01
3.166862869262695312e+01
5.756849288940429688e+01
5.060400390625000000e+01
3.312862396240234375e+01
3.947330474853515625e+01
5.300617218017578125e+01
6.417270660400390625e+01
5.051755905151367188e+01
4.899147033691406250e+01
5.155213546752929688e+01
4.898010253906250000e+01
6.246680450439453125e+01
8.003231811523437500e+01
5.494062805175781250e+01
8.461439514160156250e+01
4.500999450683593750e+01
5.487921905517578125e+01
5.445170593261718750e+01
6.333438873291015625e+01
6.883848571777343750e+01
5.901451873779296875e+01
8.088087463378906250e+01
4.149415588378906250e+01
8.508615112304687500e+01
5.114378356933593750e+01
4.695027923583984375e+01
9.761758422851562500e+01
1.336749725341796875e+02
1.262390975952148438e+02
4.142472457885742188e+01
3.072200012207031250e+01
4.604209136962890625e+01
5.378460311889648438e+01
8.568886566162109375e+01
7.025532531738281250e+01
6.524754333496093750e+01
9.229747009277343750e+01
5.011610412597656250e+01
4.169234466552734375e+01
3.137949562072753906e+01
5.616016006469726562e+01
5.429016876220703125e+01
3.441941070556640625e+01
4.040967178344726562e+01
8.679647064208984375e+01
5.804698181152343750e+01
4.299211883544921875e+01
8.727488708496093750e+01
4.242618179321289062e+01
3.884554672241210938e+01
5.349747085571289062e+01
5.175442123413085938e+01
5.278794479370117188e+01
5.094330596923828125e+01
2.030552368164062500e+02
6.988464355468750000e+01
4.638611602783203125e+01
3.865176010131835938e+01
4.774799728393554688e+01
1.346537475585937500e+02
4.078868103027343750e+01
4.736204910278320312e+01
6.201552581787109375e+01
3.845477676391601562e+01
7.457006072998046875e+01
4.457530212402343750e+01
5.834704208374023438e+01
4.976469421386718750e+01
5.365847396850585938e+01
3.870377731323242188e+01
5.295065307617187500e+01
7.058592224121093750e+01
5.757960510253906250e+01
1.984260253906250000e+02
3.718817520141601562e+01
5.303825759887695312e+01
6.392592620849609375e+01
4.766761016845703125e+01
4.174269104003906250e+01
3.534666824340820312e+01
4.572518539428710938e+01
5.244273376464843750e+01
3.231847000122070312e+01
5.536602783203125000e+01
5.192704010009765625e+01
4.021685409545898438e+01
4.652555084228515625e+01
3.492639923095703125e+01
3.733776473999023438e+01
4.838529205322265625e+01
3.299939346313476562e+01
6.093959808349609375e+01
7.398018646240234375e+01
3.000000000000000000e+01
4.136892700195312500e+01
5.102671051025390625e+01
8.045289611816406250e+01
5.488891601562500000e+01
1.021150817871093750e+02
3.090125274658203125e+01
6.830487060546875000e+01
8.030077362060546875e+01
4.483624649047851562e+01
9.761758422851562500e+01
3.180118179321289062e+01
3.542528533935546875e+01
3.907569122314453125e+01
4.257057189941406250e+01
1.308811645507812500e+02
4.986333465576171875e+01
3.000000000000000000e+01
6.751935577392578125e+01
4.760246276855468750e+01
1.086850128173828125e+02
5.297026062011718750e+01
3.883443069458007812e+01
5.418696212768554688e+01
7.393473052978515625e+01
7.861669158935546875e+01
7.122559356689453125e+01
6.213125991821289062e+01
4.066501235961914062e+01
3.997526550292968750e+01
7.114538574218750000e+01
7.315798950195312500e+01
1.015012435913085938e+02
1.003554153442382812e+02
1.326372985839843750e+02
5.126580047607421875e+01
3.859674072265625000e+01
5.802917480468750000e+01
3.093642616271972656e+01
5.573764038085937500e+01
3.000000000000000000e+01
3.000000000000000000e+01
6.773487854003906250e+01
1.258950653076171875e+02
6.041421890258789062e+01
3.000000000000000000e+01
6.092935562133789062e+01
6.836598205566406250e+01
4.331559371948242188e+01
4.967128372192382812e+01
6.844316864013671875e+01
4.267133331298828125e+01
5.766532135009765625e+01
3.000000000000000000e+01
5.712673950195312500e+01
6.281431961059570312e+01
3.736301040649414062e+01
3.747060394287109375e+01
5.431104278564453125e+01
3.837122726440429688e+01
6.747892761230468750e+01
6.008756256103515625e+01
4.654100799560546875e+01
8.547962951660156250e+01
5.261847686767578125e+01
3.874026107788085938e+01
4.742224121093750000e+01
3.261660003662109375e+01
3.557284927368164062e+01
3.284726333618164062e+01
3.539216613769531250e+01
3.652342987060546875e+01
6.998798370361328125e+01
5.100762939453125000e+01
3.511582946777343750e+01
1.507306518554687500e+02
7.866023254394531250e+01
4.113017654418945312e+01
6.187908172607421875e+01
7.941371154785156250e+01
4.518299102783203125e+01
5.747369766235351562e+01
1.052249603271484375e+02
4.180387115478515625e+01
8.956728363037109375e+01
4.198340988159179688e+01
3.118951034545898438e+01
5.476353454589843750e+01
4.631965637207031250e+01
4.841068267822265625e+01
4.237409591674804688e+01
5.015958404541015625e+01
5.478102874755859375e+01
4.145217132568359375e+01
5.238290405273437500e+01
3.386998748779296875e+01
3.999596786499023438e+01
7.764434814453125000e+01
8.895381164550781250e+01
5.052316284179687500e+01
1.013021469116210938e+02
5.019812774658203125e+01
3.042772293090820312e+01
8.320999908447265625e+01
8.377102661132812500e+01
3.851502990722656250e+01
6.050791168212890625e+01
3.801773834228515625e+01
4.673041534423828125e+01
3.000000000000000000e+01
9.659294891357421875e+01
4.948761367797851562e+01
4.641581726074218750e+01
3.000000000000000000e+01
5.880728149414062500e+01
5.675317382812500000e+01
3.418917465209960938e+01
6.028166961669921875e+01
5.704760742187500000e+01
5.178900909423828125e+01
8.256207275390625000e+01
6.557798767089843750e+01
3.859042358398437500e+01
5.274769973754882812e+01
3.679549789428710938e+01
5.650442504882812500e+01
6.249362945556640625e+01
8.860655975341796875e+01
5.834704208374023438e+01
4.786373901367187500e+01
6.245394897460937500e+01
6.028166961669921875e+01
5.420781326293945312e+01
4.705334472656250000e+01
3.044191551208496094e+01
3.969377136230468750e+01
5.873519134521484375e+01
5.817028045654296875e+01
4.109656906127929688e+01
6.146107482910156250e+01
4.021244430541992188e+01
4.819661712646484375e+01
3.904138183593750000e+01
5.346018600463867188e+01
4.213322448730468750e+01
5.006993103027343750e+01
7.688902282714843750e+01
3.509867095947265625e+01
5.741733551025390625e+01
3.477009582519531250e+01
7.626850891113281250e+01
6.957701873779296875e+01
4.445810317993164062e+01
4.749479675292968750e+01
4.050093078613281250e+01
8.529460144042968750e+01
8.038541412353515625e+01
3.691955947875976562e+01
4.278285217285156250e+01
5.935145568847656250e+01
5.376780700683593750e+01
6.741664123535156250e+01
4.319300079345703125e+01
8.367323303222656250e+01
4.141960144042968750e+01
3.000000000000000000e+01
3.959466552734375000e+01
4.181793212890625000e+01
6.665425109863281250e+01
3.000000000000000000e+01
8.030644226074218750e+01
6.611212158203125000e+01
4.404542541503906250e+01
3.914115142822265625e+01
4.977768707275390625e+01
3.990953063964843750e+01
5.383894729614257812e+01
3.072200012207031250e+01
3.997079849243164062e+01
3.000000000000000000e+01
4.635850524902343750e+01
6.205143356323242188e+01
6.023239898681640625e+01
6.705338287353515625e+01
4.672788238525390625e+01
5.030136871337890625e+01
4.427234649658203125e+01
3.000000000000000000e+01
3.000000000000000000e+01
4.977768325805664062e+01
8.088087463378906250e+01
4.758469390869140625e+01
4.710153198242187500e+01
3.979683303833007812e+01
7.117848205566406250e+01
6.115831756591796875e+01
7.703565979003906250e+01
4.511277770996093750e+01
3.497860336303710938e+01
6.541396331787109375e+01
3.000000000000000000e+01
6.184529876708984375e+01
3.058206939697265625e+01
4.960358428955078125e+01
3.000000000000000000e+01
3.000000000000000000e+01
4.712976074218750000e+01
5.764251708984375000e+01
7.748858642578125000e+01
4.401660919189453125e+01
8.860656738281250000e+01
5.288464355468750000e+01
3.924441146850585938e+01
3.797456359863281250e+01
3.584043884277343750e+01
3.000000000000000000e+01
4.196787261962890625e+01
6.082139587402343750e+01
7.820416259765625000e+01
5.401143646240234375e+01
3.991777038574218750e+01
4.001751708984375000e+01
7.112008666992187500e+01
5.858863067626953125e+01
4.271479415893554688e+01
3.000000000000000000e+01
3.000000000000000000e+01
3.616526794433593750e+01
3.312862396240234375e+01
5.248235321044921875e+01
4.994541931152343750e+01
3.000000000000000000e+01
4.506705474853515625e+01
3.676446533203125000e+01
3.134418678283691406e+01
5.005937576293945312e+01
3.481569290161132812e+01
4.914829254150390625e+01
4.525452423095703125e+01
7.741456604003906250e+01
5.288464355468750000e+01
6.522392272949218750e+01
3.000000000000000000e+01
3.180048561096191406e+01
5.567139434814453125e+01
3.000000000000000000e+01
4.756322479248046875e+01
7.565605163574218750e+01
3.240059280395507812e+01
5.617233657836914062e+01
3.933891296386718750e+01
3.816067504882812500e+01
4.770421981811523438e+01
6.147900009155273438e+01
3.229697799682617188e+01
4.389421081542968750e+01
8.081652832031250000e+01
4.365541839599609375e+01
7.393473052978515625e+01
8.005632019042968750e+01
3.000000000000000000e+01
8.414561462402343750e+01
4.103749084472656250e+01
5.471174621582031250e+01
3.957561111450195312e+01
5.818767547607421875e+01
5.784772109985351562e+01
6.696776580810546875e+01
4.840850830078125000e+01
5.932489395141601562e+01
8.364048004150390625e+01
3.289102935791015625e+01
7.664046478271484375e+01
4.304404449462890625e+01
3.000000000000000000e+01
3.683535385131835938e+01
5.306248474121093750e+01
3.000000000000000000e+01
7.141574859619140625e+01
5.511082458496093750e+01
5.303825759887695312e+01
3.696337127685546875e+01
5.342459869384765625e+01
4.225074005126953125e+01
3.018716239929199219e+01
7.056971740722656250e+01
3.536732101440429688e+01
3.830715942382812500e+01
6.717196655273437500e+01
3.739665603637695312e+01
4.367749023437500000e+01
5.494319915771484375e+01
4.749479675292968750e+01
3.000000000000000000e+01
3.462415695190429688e+01
3.969318389892578125e+01
4.811608886718750000e+01
3.114813613891601562e+01
4.662208557128906250e+01
6.736279296875000000e+01
4.151829147338867188e+01
4.117703247070312500e+01
4.567536163330078125e+01
7.537482452392578125e+01
4.606839752197265625e+01
6.161841583251953125e+01
1.195429382324218750e+02
4.496071243286132812e+01
4.326974105834960938e+01
4.917174530029296875e+01
4.540758514404296875e+01
4.113117980957031250e+01
3.925246429443359375e+01
6.103437042236328125e+01
1.021050262451171875e+02
5.321043014526367188e+01
3.886486434936523438e+01
5.154312133789062500e+01
5.612084960937500000e+01
3.593748092651367188e+01
4.755675506591796875e+01
5.175442123413085938e+01
5.013130187988281250e+01
3.000000000000000000e+01
5.852071762084960938e+01
3.634096527099609375e+01
6.021598052978515625e+01
5.949588775634765625e+01
3.510028076171875000e+01
5.081686019897460938e+01
4.232108306884765625e+01
3.000000000000000000e+01
5.895092773437500000e+01
4.663902282714843750e+01
4.183505249023437500e+01
5.666462326049804688e+01
3.932500076293945312e+01
4.264926147460937500e+01
4.548211288452148438e+01
4.514217376708984375e+01
3.000000000000000000e+01
7.245622253417968750e+01
3.760446166992187500e+01
4.094957351684570312e+01
4.030352783203125000e+01
4.291387557983398438e+01
4.765511322021484375e+01
4.285294342041015625e+01
5.096090316772460938e+01
3.593884277343750000e+01
3.000000000000000000e+01
5.226953125000000000e+01
5.947782135009765625e+01
4.123415374755859375e+01
4.001625442504882812e+01
5.726924133300781250e+01
4.823402023315429688e+01
4.543488693237304688e+01
5.893847656250000000e+01
4.371477508544921875e+01
7.054150390625000000e+01
4.383094406127929688e+01
1.031082534790039062e+02
9.306632995605468750e+01
4.723534393310546875e+01
6.246671295166015625e+01
3.214963912963867188e+01
7.365789794921875000e+01
3.449173355102539062e+01
3.686023330688476562e+01
8.587924194335937500e+01
3.976650238037109375e+01
3.751229095458984375e+01
4.826659393310546875e+01
9.282021331787109375e+01
3.633693695068359375e+01
5.961386871337890625e+01
3.000000000000000000e+01
4.992024993896484375e+01
4.189324188232421875e+01
3.371671295166015625e+01
5.142458724975585938e+01
9.740090942382812500e+01
5.005073165893554688e+01
4.364916610717773438e+01
3.000000000000000000e+01
4.579668807983398438e+01
3.938810729980468750e+01
5.031961822509765625e+01
5.574213790893554688e+01
1.021150817871093750e+02
4.893722915649414062e+01
7.322076416015625000e+01
6.700395202636718750e+01
8.021682739257812500e+01
5.662673568725585938e+01
3.000000000000000000e+01
3.740674972534179688e+01
5.478274917602539062e+01
3.903267288208007812e+01
4.023520660400390625e+01
3.299678802490234375e+01
3.646482086181640625e+01
3.876124572753906250e+01
3.396385955810546875e+01
3.000000000000000000e+01
4.474448394775390625e+01
6.535307312011718750e+01
4.853316116333007812e+01
3.534730529785156250e+01
4.022373199462890625e+01
3.173334503173828125e+01
5.709668350219726562e+01
4.399450302124023438e+01
7.493198394775390625e+01
4.768461990356445312e+01
4.338098526000976562e+01
3.000000000000000000e+01
8.562210083007812500e+01
6.256550598144531250e+01
3.000000000000000000e+01
8.529460144042968750e+01
3.253398513793945312e+01
9.784294891357421875e+01
4.348899841308593750e+01
5.098305892944335938e+01
5.693565368652343750e+01
4.090497589111328125e+01
3.000000000000000000e+01
3.761827850341796875e+01
4.824750900268554688e+01
4.307897186279296875e+01
4.417124938964843750e+01
3.812438964843750000e+01
4.050493621826171875e+01
3.883379364013671875e+01
7.457006072998046875e+01
6.411242675781250000e+01
8.032815551757812500e+01
3.842898178100585938e+01
3.899259185791015625e+01
5.550878143310546875e+01
3.876124572753906250e+01
4.811451721191406250e+01
4.750885772705078125e+01
6.357632446289062500e+01
5.092185211181640625e+01
4.718812942504882812e+01
3.506362915039062500e+01
3.780874633789062500e+01
3.000000000000000000e+01
7.915663146972656250e+01
3.691718292236328125e+01
3.829315948486328125e+01
3.933790588378906250e+01
4.097167205810546875e+01
4.442831039428710938e+01
3.000000000000000000e+01
4.723165130615234375e+01
5.355228042602539062e+01
3.369440460205078125e+01
6.393657302856445312e+01
6.751935577392578125e+01
3.353792190551757812e+01
5.390813827514648438e+01
4.360742950439453125e+01
4.178233337402343750e+01
4.401837921142578125e+01
5.312997817993164062e+01
3.823674392700195312e+01
4.062698364257812500e+01
4.337771987915039062e+01
4.834038925170898438e+01
3.174103164672851562e+01
3.875669097900390625e+01
3.243174743652343750e+01
3.698012542724609375e+01
3.058658027648925781e+01
3.952071380615234375e+01
3.648166656494140625e+01
5.650879669189453125e+01
4.254772567749023438e+01
9.282021331787109375e+01
4.594242858886718750e+01
3.237274551391601562e+01
3.524972152709960938e+01
8.324501037597656250e+01
3.457332611083984375e+01
3.802601242065429688e+01
7.915662384033203125e+01
4.873284149169921875e+01
4.711109924316406250e+01
3.763589477539062500e+01
5.286676406860351562e+01
9.253594970703125000e+01
8.629412841796875000e+01
5.887343597412109375e+01
7.591567230224609375e+01
3.086662673950195312e+01
3.000000000000000000e+01
4.793582153320312500e+01
4.104449844360351562e+01
5.537318038940429688e+01
6.281282043457031250e+01
3.298612594604492188e+01
3.738474273681640625e+01
7.063662719726562500e+01
3.440003585815429688e+01
5.297690200805664062e+01
5.757958984375000000e+01
4.309777069091796875e+01
3.365732192993164062e+01
3.798905181884765625e+01
4.103749084472656250e+01
4.126794052124023438e+01
4.155049896240234375e+01
8.417277526855468750e+01
4.044948196411132812e+01
3.522577667236328125e+01
7.730630493164062500e+01
5.646673965454101562e+01
3.491698837280273438e+01
3.802639770507812500e+01
3.996170806884765625e+01
4.709294128417968750e+01
3.853247833251953125e+01
3.627944946289062500e+01
3.255584335327148438e+01
5.693750762939453125e+01
6.423878479003906250e+01
5.493525695800781250e+01
3.314335250854492188e+01
4.487107467651367188e+01
4.295939636230468750e+01
4.483892059326171875e+01
7.121910095214843750e+01
3.801750946044921875e+01
5.278298568725585938e+01
3.817659378051757812e+01
3.000000000000000000e+01
3.294716644287109375e+01
3.000000000000000000e+01
5.114642333984375000e+01
4.229340362548828125e+01
5.321042633056640625e+01
5.278794479370117188e+01
4.127534484863281250e+01
4.029132843017578125e+01
5.132214355468750000e+01
3.000000000000000000e+01
6.759547424316406250e+01
3.837054824829101562e+01
4.815717697143554688e+01
4.045821380615234375e+01
8.045289611816406250e+01
4.207580566406250000e+01
3.262359619140625000e+01
3.000000000000000000e+01
3.565678405761718750e+01
5.719500732421875000e+01
4.159910964965820312e+01
4.095153045654296875e+01
3.000000000000000000e+01
3.245737838745117188e+01
3.000000000000000000e+01
3.895929718017578125e+01
4.269149780273437500e+01
3.879843139648437500e+01
5.721721649169921875e+01
4.627899169921875000e+01
6.326201629638671875e+01
4.505229568481445312e+01
4.753156280517578125e+01
5.114707946777343750e+01
3.398294830322265625e+01
4.960112762451171875e+01
3.270596313476562500e+01
3.151462745666503906e+01
4.594754028320312500e+01
4.588700103759765625e+01
3.229286956787109375e+01
3.744790649414062500e+01
3.146104621887207031e+01
4.309193038940429688e+01
3.964777755737304688e+01
4.252002716064453125e+01
