5.021753692626953125e+01
6.519726562500000000e+01
3.707567977905273438e+01
3.894667816162109375e+01
6.331123352050781250e+01
7.971083068847656250e+01
3.286754608154296875e+01
6.012271881103515625e+01
5.772201538085937500e+01
1.278772125244140625e+02
5.251943969726562500e+01
1.603450775146484375e+02
4.840985870361328125e+01
4.466086578369140625e+01
3.000000000000000000e+01
7.464723205566406250e+01
7.175788879394531250e+01
4.047406768798828125e+01
4.491757965087890625e+01
1.483722076416015625e+02
3.978432846069335938e+01
8.204432678222656250e+01
3.032056427001953125e+01
4.145452499389648438e+01
5.776764297485351562e+01
7.779770660400390625e+01
3.000000000000000000e+01
7.299417114257812500e+01
1.687369537353515625e+02
5.278443908691406250e+01
5.322032165527343750e+01
4.653540802001953125e+01
3.743555831909179688e+01
9.450769042968750000e+01
6.696944427490234375e+01
5.140435028076171875e+01
6.809711456298828125e+01
5.639181518554687500e+01
4.509961700439453125e+01
3.638285064697265625e+01
4.840861511230468750e+01
4.292702484130859375e+01
5.341033554077148438e+01
4.822865295410156250e+01
3.852170562744140625e+01
5.728567504882812500e+01
3.012287521362304688e+01
6.207975769042968750e+01
1.349194183349609375e+02
4.213546752929687500e+01
4.644451904296875000e+01
3.226221084594726562e+01
7.507821655273437500e+01
5.039914703369140625e+01
1.064991378784179688e+02
4.478420639038085938e+01
7.820671081542968750e+01
5.350885772705078125e+01
6.109419250488281250e+01
6.879273986816406250e+01
5.350993347167968750e+01
7.920571899414062500e+01
4.255504608154296875e+01
8.639140319824218750e+01
9.431283569335937500e+01
5.978989791870117188e+01
3.776094436645507812e+01
3.000000000000000000e+01
4.779222106933593750e+01
4.122040557861328125e+01
6.465811920166015625e+01
3.378200531005859375e+01
1.092324676513671875e+02
3.490957260131835938e+01
6.808824157714843750e+01
4.868515777587890625e+01
5.669485473632812500e+01
4.851703643798828125e+01
4.214764022827148438e+01
6.254642868041992188e+01
3.617957305908203125e+01
7.175788879394531250e+01
5.256083679199218750e+01
1.113885345458984375e+02
1.026750946044921875e+02
4.005403518676757812e+01
4.426660919189453125e+01
5.105682373046875000e+01
4.840985870361328125e+01
5.524297332763671875e+01
4.654423141479492188e+01
5.154138946533203125e+01
6.524691772460937500e+01
5.749335479736328125e+01
9.895203399658203125e+01
9.552416992187500000e+01
6.585435485839843750e+01
4.062637710571289062e+01
9.267752075195312500e+01
4.578708648681640625e+01
1.034350967407226562e+02
6.558435058593750000e+01
1.501808319091796875e+02
3.980963134765625000e+01
5.046662902832031250e+01
8.574127197265625000e+01
3.082930183410644531e+01
5.890252685546875000e+01
4.907213592529296875e+01
3.000000000000000000e+01
4.317147064208984375e+01
3.194737243652343750e+01
7.019627380371093750e+01
1.199618148803710938e+02
4.055408096313476562e+01
3.914932250976562500e+01
9.301781463623046875e+01
4.819167327880859375e+01
7.187557983398437500e+01
5.013763809204101562e+01
4.928001403808593750e+01
5.904118728637695312e+01
5.570096588134765625e+01
4.616303634643554688e+01
4.188642501831054688e+01
5.155059814453125000e+01
5.821139526367187500e+01
6.240128707885742188e+01
4.858946609497070312e+01
6.281815338134765625e+01
4.849478149414062500e+01
1.200210571289062500e+02
6.340307235717773438e+01
3.244302749633789062e+01
6.271838378906250000e+01
4.635519409179687500e+01
1.232496032714843750e+02
5.092240905761718750e+01
3.963992309570312500e+01
8.177037048339843750e+01
4.396080017089843750e+01
1.046425781250000000e+02
6.250068664550781250e+01
5.132113265991210938e+01
6.839382934570312500e+01
4.405778503417968750e+01
8.837483215332031250e+01
9.785215759277343750e+01
5.440020370483398438e+01
1.204547424316406250e+02
5.607405853271484375e+01
7.659794616699218750e+01
5.529473114013671875e+01
7.644631958007812500e+01
6.060990905761718750e+01
1.316596679687500000e+02
3.178486251831054688e+01
1.288986816406250000e+02
4.410678100585937500e+01
4.768910217285156250e+01
4.172025680541992188e+01
6.110102462768554688e+01
5.309776306152343750e+01
3.910779571533203125e+01
7.295153808593750000e+01
4.468038940429687500e+01
6.461093902587890625e+01
4.871836471557617188e+01
3.972321701049804688e+01
1.321052856445312500e+02
4.413904190063476562e+01
4.673821258544921875e+01
3.484577178955078125e+01
3.000000000000000000e+01
5.235451507568359375e+01
6.331101989746093750e+01
4.574598693847656250e+01
4.760271835327148438e+01
7.159331512451171875e+01
5.338320922851562500e+01
7.213757324218750000e+01
5.632897186279296875e+01
6.488535308837890625e+01
6.767967987060546875e+01
4.372941207885742188e+01
3.397320556640625000e+01
3.855052947998046875e+01
7.728768157958984375e+01
5.577643585205078125e+01
5.080794525146484375e+01
5.249611282348632812e+01
6.183888626098632812e+01
5.275192642211914062e+01
3.924428558349609375e+01
5.049583435058593750e+01
3.942367553710937500e+01
3.580843734741210938e+01
7.985640716552734375e+01
1.426488952636718750e+02
7.000228881835937500e+01
6.506507873535156250e+01
1.216740264892578125e+02
7.146601867675781250e+01
3.000000000000000000e+01
4.245775604248046875e+01
4.319710922241210938e+01
7.119226837158203125e+01
7.001904296875000000e+01
1.318820495605468750e+02
3.754555511474609375e+01
4.494465637207031250e+01
9.820916748046875000e+01
4.497317504882812500e+01
3.679548263549804688e+01
4.111686706542968750e+01
4.033620071411132812e+01
5.878934478759765625e+01
5.730890274047851562e+01
4.486162185668945312e+01
4.456376266479492188e+01
3.682009506225585938e+01
6.346599960327148438e+01
1.007675323486328125e+02
4.400106811523437500e+01
4.046969223022460938e+01
3.624227523803710938e+01
5.617448806762695312e+01
1.155914611816406250e+02
6.449546051025390625e+01
8.909419250488281250e+01
3.866860580444335938e+01
4.399828338623046875e+01
6.357084655761718750e+01
3.648619461059570312e+01
3.969847869873046875e+01
5.632193374633789062e+01
3.959580230712890625e+01
3.747534942626953125e+01
7.477527618408203125e+01
6.038586807250976562e+01
4.441496658325195312e+01
1.285757751464843750e+02
9.925795745849609375e+01
6.566881561279296875e+01
8.516981506347656250e+01
3.575696563720703125e+01
4.608542251586914062e+01
1.358256683349609375e+02
1.724017486572265625e+02
4.307007980346679688e+01
5.836169433593750000e+01
4.254320526123046875e+01
4.985629272460937500e+01
9.983392333984375000e+01
5.509641265869140625e+01
6.395900726318359375e+01
4.636967849731445312e+01
4.522112274169921875e+01
4.348698043823242188e+01
1.636373596191406250e+02
6.295100021362304688e+01
5.037506866455078125e+01
6.397110748291015625e+01
5.522368240356445312e+01
1.356279144287109375e+02
5.453044128417968750e+01
1.469132080078125000e+02
6.410396575927734375e+01
7.602616882324218750e+01
6.667290496826171875e+01
5.761088562011718750e+01
4.576886749267578125e+01
6.566881561279296875e+01
7.320114898681640625e+01
1.584052734375000000e+02
3.225409698486328125e+01
6.916693878173828125e+01
8.542994689941406250e+01
9.858926391601562500e+01
9.588244628906250000e+01
6.783679962158203125e+01
7.233781433105468750e+01
6.276202392578125000e+01
4.331250381469726562e+01
6.023902130126953125e+01
4.243529129028320312e+01
3.000000000000000000e+01
6.215024566650390625e+01
4.290257263183593750e+01
3.612252807617187500e+01
3.862975692749023438e+01
4.546875381469726562e+01
3.297096252441406250e+01
1.067882156372070312e+02
3.170516586303710938e+01
3.559143066406250000e+01
5.663750457763671875e+01
5.263776016235351562e+01
5.129996490478515625e+01
5.851823806762695312e+01
5.980865478515625000e+01
3.063854980468750000e+01
4.083511352539062500e+01
8.232953643798828125e+01
6.984839630126953125e+01
4.150064086914062500e+01
8.086816406250000000e+01
8.935940551757812500e+01
7.781250000000000000e+01
1.297297973632812500e+02
1.627152709960937500e+02
3.000000000000000000e+01
8.292874908447265625e+01
1.074014282226562500e+02
9.035372924804687500e+01
4.028251647949218750e+01
3.957228088378906250e+01
1.431404571533203125e+02
6.184513854980468750e+01
9.267752075195312500e+01
4.786748886108398438e+01
4.732086563110351562e+01
3.920687484741210938e+01
4.747064590454101562e+01
3.461047744750976562e+01
4.263372802734375000e+01
3.775237274169921875e+01
3.745950698852539062e+01
1.092324676513671875e+02
3.273509979248046875e+01
8.156562042236328125e+01
5.197235870361328125e+01
5.778269195556640625e+01
4.488300704956054688e+01
4.560177230834960938e+01
4.915501403808593750e+01
7.429919433593750000e+01
4.557051467895507812e+01
4.120529937744140625e+01
3.607346343994140625e+01
5.535346984863281250e+01
8.312005615234375000e+01
4.370467376708984375e+01
7.781250000000000000e+01
5.027504348754882812e+01
4.629296112060546875e+01
1.476601409912109375e+02
3.762906646728515625e+01
4.240334320068359375e+01
9.621821594238281250e+01
1.712620086669921875e+02
1.889682617187500000e+02
4.647041320800781250e+01
7.920571899414062500e+01
3.390257644653320312e+01
9.468002319335937500e+01
5.711849212646484375e+01
3.743841552734375000e+01
1.504435424804687500e+02
5.425741195678710938e+01
6.767636871337890625e+01
1.308807983398437500e+02
6.077893066406250000e+01
7.312271118164062500e+01
9.514772796630859375e+01
3.792623519897460938e+01
7.313852691650390625e+01
1.160316467285156250e+02
3.417366790771484375e+01
6.372527313232421875e+01
6.147980880737304688e+01
4.660221862792968750e+01
1.089241790771484375e+02
1.251210556030273438e+02
7.934167480468750000e+01
1.215673370361328125e+02
8.260971069335937500e+01
5.278443908691406250e+01
8.204808807373046875e+01
8.163003540039062500e+01
3.000000000000000000e+01
3.620643234252929688e+01
3.000000000000000000e+01
4.593079757690429688e+01
6.393587112426757812e+01
9.925795745849609375e+01
4.729943084716796875e+01
4.227339935302734375e+01
3.923089981079101562e+01
2.524805145263671875e+02
4.804158782958984375e+01
4.030366134643554688e+01
3.550402832031250000e+01
3.000000000000000000e+01
4.474802398681640625e+01
6.892715454101562500e+01
7.443386840820312500e+01
1.065239410400390625e+02
5.472624969482421875e+01
5.092188262939453125e+01
5.660534667968750000e+01
4.632612991333007812e+01
1.489735107421875000e+02
4.061825942993164062e+01
3.559387969970703125e+01
6.889913940429687500e+01
4.774109268188476562e+01
6.461219787597656250e+01
5.776492691040039062e+01
1.278892440795898438e+02
7.789105224609375000e+01
9.844279479980468750e+01
6.169027328491210938e+01
4.526950073242187500e+01
7.144886779785156250e+01
3.707591629028320312e+01
7.302844238281250000e+01
6.945110321044921875e+01
3.341565704345703125e+01
3.904096221923828125e+01
9.898161315917968750e+01
3.000000000000000000e+01
4.094481658935546875e+01
1.415594482421875000e+02
7.125289916992187500e+01
5.427009582519531250e+01
7.347108459472656250e+01
4.711552429199218750e+01
6.132037734985351562e+01
9.065080261230468750e+01
6.149326324462890625e+01
8.156561279296875000e+01
2.163559875488281250e+02
4.747064590454101562e+01
1.206978149414062500e+02
4.452418518066406250e+01
5.067830657958984375e+01
9.400994873046875000e+01
7.299417114257812500e+01
5.824567794799804688e+01
7.374832916259765625e+01
3.000000000000000000e+01
6.433778381347656250e+01
5.114933395385742188e+01
6.953249359130859375e+01
4.086899185180664062e+01
5.325683212280273438e+01
6.952606201171875000e+01
1.262624206542968750e+02
9.466803741455078125e+01
6.158710098266601562e+01
5.529473114013671875e+01
4.972364425659179688e+01
5.497016906738281250e+01
6.211779022216796875e+01
3.000000000000000000e+01
1.059037170410156250e+02
9.053904724121093750e+01
3.100878524780273438e+01
1.061034927368164062e+02
9.600730133056640625e+01
5.648072052001953125e+01
4.683278656005859375e+01
4.576779174804687500e+01
4.724629974365234375e+01
1.733428039550781250e+02
4.010791778564453125e+01
5.084201812744140625e+01
5.044578933715820312e+01
4.283733367919921875e+01
1.064486694335937500e+02
4.552624893188476562e+01
5.467750930786132812e+01
1.346225128173828125e+02
6.984839630126953125e+01
8.861029052734375000e+01
3.974179077148437500e+01
3.766572189331054688e+01
4.801210403442382812e+01
9.764327239990234375e+01
8.762429809570312500e+01
6.930360412597656250e+01
7.522917175292968750e+01
3.785259246826171875e+01
7.269434356689453125e+01
7.793924713134765625e+01
5.003652954101562500e+01
3.679548263549804688e+01
6.711463165283203125e+01
9.938664245605468750e+01
7.704938507080078125e+01
5.844950866699218750e+01
4.416029739379882812e+01
3.000000000000000000e+01
4.241161346435546875e+01
3.000000000000000000e+01
3.805542373657226562e+01
3.000000000000000000e+01
3.029899215698242188e+01
5.001639175415039062e+01
5.718588256835937500e+01
4.580719757080078125e+01
6.894990539550781250e+01
6.524463653564453125e+01
4.475291824340820312e+01
3.970475769042968750e+01
5.515486907958984375e+01
6.105758666992187500e+01
3.000000000000000000e+01
3.716177368164062500e+01
6.119842910766601562e+01
3.398851394653320312e+01
6.090248107910156250e+01
3.000000000000000000e+01
5.582684707641601562e+01
3.000000000000000000e+01
3.000000000000000000e+01
9.445330047607421875e+01
4.768654632568359375e+01
3.481492614746093750e+01
7.950292968750000000e+01
3.559387969970703125e+01
6.175209808349609375e+01
4.033664703369140625e+01
4.206826019287109375e+01
1.286021728515625000e+02
4.153517532348632812e+01
1.379306182861328125e+02
1.225267639160156250e+02
3.666816711425781250e+01
3.318407440185546875e+01
9.414016723632812500e+01
4.770817565917968750e+01
6.647550201416015625e+01
6.397110748291015625e+01
1.735261077880859375e+02
5.032841491699218750e+01
5.747195434570312500e+01
6.033303451538085938e+01
3.782038879394531250e+01
4.663676452636718750e+01
1.058037948608398438e+02
4.445857238769531250e+01
6.600705718994140625e+01
5.658180999755859375e+01
4.458573913574218750e+01
3.039897346496582031e+01
5.241183853149414062e+01
4.886999130249023438e+01
4.208396530151367188e+01
4.284513473510742188e+01
3.854442596435546875e+01
4.144013214111328125e+01
5.272791290283203125e+01
4.422509765625000000e+01
4.155086898803710938e+01
5.083268356323242188e+01
5.890252685546875000e+01
7.423542022705078125e+01
1.318820343017578125e+02
5.771588516235351562e+01
9.286585235595703125e+01
7.438106536865234375e+01
1.203525390625000000e+02
4.365496826171875000e+01
4.999147033691406250e+01
3.000000000000000000e+01
3.524197769165039062e+01
7.521537780761718750e+01
7.888605499267578125e+01
8.482740020751953125e+01
7.890492248535156250e+01
4.055408096313476562e+01
4.134755706787109375e+01
6.869380950927734375e+01
8.852478790283203125e+01
5.187812805175781250e+01
5.618259429931640625e+01
4.280455017089843750e+01
3.937186431884765625e+01
9.405526733398437500e+01
4.654423141479492188e+01
4.594760131835937500e+01
4.492879104614257812e+01
4.756609344482421875e+01
6.415107727050781250e+01
9.050466156005859375e+01
3.348973846435546875e+01
3.531464767456054688e+01
4.046159362792968750e+01
1.065239410400390625e+02
5.825281143188476562e+01
4.188609313964843750e+01
5.403698348999023438e+01
5.400917816162109375e+01
4.192834854125976562e+01
4.856831359863281250e+01
5.715523529052734375e+01
7.608663940429687500e+01
4.228168106079101562e+01
6.285058593750000000e+01
7.621395874023437500e+01
8.970007324218750000e+01
7.401464843750000000e+01
5.122608947753906250e+01
3.601156997680664062e+01
7.383161926269531250e+01
6.478244018554687500e+01
5.170283889770507812e+01
6.376011657714843750e+01
5.549456024169921875e+01
3.748101425170898438e+01
6.019624328613281250e+01
5.345689392089843750e+01
3.000000000000000000e+01
5.224081420898437500e+01
6.763156127929687500e+01
6.952606201171875000e+01
4.887018585205078125e+01
5.449139404296875000e+01
3.793517303466796875e+01
7.789939117431640625e+01
1.133028564453125000e+02
7.424200439453125000e+01
4.637137603759765625e+01
1.203525390625000000e+02
4.647041320800781250e+01
7.428831481933593750e+01
9.938664245605468750e+01
3.598992156982421875e+01
3.769223785400390625e+01
5.921257781982421875e+01
3.000000000000000000e+01
4.488459777832031250e+01
2.502351837158203125e+02
5.269013214111328125e+01
3.535791397094726562e+01
3.591292572021484375e+01
1.363505401611328125e+02
7.162651062011718750e+01
5.857016754150390625e+01
9.276859283447265625e+01
4.865957641601562500e+01
1.305506439208984375e+02
6.936935424804687500e+01
1.131463623046875000e+02
3.585829544067382812e+01
3.575392532348632812e+01
7.944143676757812500e+01
8.053019714355468750e+01
7.163490295410156250e+01
4.557051467895507812e+01
4.495960235595703125e+01
3.000000000000000000e+01
4.805770492553710938e+01
6.501610565185546875e+01
6.245366668701171875e+01
3.795697784423828125e+01
7.486433410644531250e+01
8.064466857910156250e+01
4.188804626464843750e+01
3.370198059082031250e+01
5.091463470458984375e+01
3.161501502990722656e+01
4.711245727539062500e+01
1.154481201171875000e+02
5.642740249633789062e+01
7.505343627929687500e+01
5.039837646484375000e+01
4.253802490234375000e+01
3.488623428344726562e+01
1.046425781250000000e+02
6.354909896850585938e+01
6.940752410888671875e+01
9.343080902099609375e+01
5.412454986572265625e+01
4.664819717407226562e+01
4.344836044311523438e+01
4.277909469604492188e+01
5.239230728149414062e+01
7.219430541992187500e+01
1.733428039550781250e+02
4.820431518554687500e+01
4.900183868408203125e+01
4.576964569091796875e+01
6.464462280273437500e+01
5.528237152099609375e+01
5.564154434204101562e+01
5.334757232666015625e+01
7.165113067626953125e+01
1.015092620849609375e+02
3.000000000000000000e+01
3.553882217407226562e+01
5.989657592773437500e+01
1.177776641845703125e+02
6.995922851562500000e+01
1.379306182861328125e+02
4.161348342895507812e+01
3.529295349121093750e+01
5.005176925659179688e+01
8.468788146972656250e+01
1.631438293457031250e+02
5.601461410522460938e+01
5.908382415771484375e+01
6.632963562011718750e+01
3.279635620117187500e+01
3.327491378784179688e+01
9.174276733398437500e+01
3.685778808593750000e+01
3.986382675170898438e+01
6.660578918457031250e+01
9.140654754638671875e+01
5.484554672241210938e+01
9.560833740234375000e+01
4.451527404785156250e+01
5.658811569213867188e+01
6.184513854980468750e+01
8.190883636474609375e+01
5.280549240112304688e+01
4.937771224975585938e+01
4.770153045654296875e+01
3.299193191528320312e+01
3.000000000000000000e+01
4.061825942993164062e+01
3.849905014038085938e+01
4.332489013671875000e+01
7.125289916992187500e+01
3.000000000000000000e+01
3.000000000000000000e+01
4.210898208618164062e+01
4.030366134643554688e+01
3.098087692260742188e+01
1.241439971923828125e+02
3.000000000000000000e+01
7.348693084716796875e+01
1.165819091796875000e+02
4.456549835205078125e+01
3.000000000000000000e+01
3.000000000000000000e+01
4.768910217285156250e+01
6.650885772705078125e+01
6.009072875976562500e+01
6.210128021240234375e+01
5.004700469970703125e+01
6.439392852783203125e+01
6.577833557128906250e+01
3.895999908447265625e+01
6.702308654785156250e+01
3.000000000000000000e+01
4.801210403442382812e+01
5.624267578125000000e+01
3.362810897827148438e+01
3.812499618530273438e+01
5.192175292968750000e+01
6.770458984375000000e+01
5.179721832275390625e+01
5.129996490478515625e+01
4.932795333862304688e+01
5.144060516357421875e+01
7.061788940429687500e+01
8.249818420410156250e+01
5.684433746337890625e+01
9.383934783935546875e+01
4.415645217895507812e+01
6.038586807250976562e+01
4.877106475830078125e+01
6.442805480957031250e+01
7.354345703125000000e+01
5.721419525146484375e+01
7.109385681152343750e+01
4.407051849365234375e+01
8.909784698486328125e+01
4.686122512817382812e+01
5.275753402709960938e+01
7.805200195312500000e+01
1.483722076416015625e+02
1.378522338867187500e+02
5.092711639404296875e+01
3.000000000000000000e+01
4.516307830810546875e+01
5.829279327392578125e+01
9.466803741455078125e+01
8.077632141113281250e+01
6.892601013183593750e+01
1.023836059570312500e+02
5.091463470458984375e+01
4.359841156005859375e+01
3.657065582275390625e+01
6.045632171630859375e+01
5.446304321289062500e+01
3.698294448852539062e+01
4.389469528198242188e+01
7.686450195312500000e+01
6.152078247070312500e+01
4.425254058837890625e+01
8.692596435546875000e+01
4.272264480590820312e+01
4.545216751098632812e+01
4.122040557861328125e+01
5.726223754882812500e+01
4.808143615722656250e+01
4.937771224975585938e+01
2.045268249511718750e+02
7.006279754638671875e+01
4.684134674072265625e+01
4.603547668457031250e+01
5.508251571655273438e+01
1.279801330566406250e+02
4.310848236083984375e+01
4.834355926513671875e+01
6.335905838012695312e+01
3.795697784423828125e+01
7.794970703125000000e+01
4.309555053710937500e+01
6.025723266601562500e+01
4.677175140380859375e+01
4.558266448974609375e+01
3.821759796142578125e+01
4.510464477539062500e+01
5.745140838623046875e+01
6.081212234497070312e+01
1.985716705322265625e+02
3.804964447021484375e+01
4.998229980468750000e+01
6.741643524169921875e+01
5.378227233886718750e+01
4.298931503295898438e+01
3.000000000000000000e+01
5.136724853515625000e+01
5.072280120849609375e+01
4.303665161132812500e+01
4.652659606933593750e+01
6.039979553222656250e+01
4.399695587158203125e+01
4.887107086181640625e+01
3.000000000000000000e+01
3.666816711425781250e+01
4.169647979736328125e+01
3.400810623168945312e+01
5.118499755859375000e+01
7.686495971679687500e+01
3.000000000000000000e+01
4.081526184082031250e+01
5.663750457763671875e+01
6.542956542968750000e+01
5.119274139404296875e+01
1.006194458007812500e+02
3.337801361083984375e+01
6.930360412597656250e+01
8.321859741210937500e+01
4.790154266357421875e+01
7.805199432373046875e+01
3.698392105102539062e+01
4.423416900634765625e+01
3.983825683593750000e+01
4.449625396728515625e+01
1.215013961791992188e+02
5.266609573364257812e+01
3.000000000000000000e+01
6.940111541748046875e+01
4.726930999755859375e+01
1.150703659057617188e+02
5.788796997070312500e+01
3.875171661376953125e+01
5.613335418701171875e+01
8.634947967529296875e+01
8.291629791259765625e+01
8.070291137695312500e+01
6.327281570434570312e+01
3.605547332763671875e+01
3.997245788574218750e+01
6.144682693481445312e+01
6.840202331542968750e+01
1.242488861083984375e+02
8.380155944824218750e+01
1.116264877319335938e+02
6.007360458374023438e+01
4.180267333984375000e+01
5.758670043945312500e+01
3.685997009277343750e+01
4.637976837158203125e+01
3.000000000000000000e+01
3.000000000000000000e+01
7.126251220703125000e+01
1.094158935546875000e+02
5.838445281982421875e+01
3.996321105957031250e+01
6.457225036621093750e+01
6.835198974609375000e+01
4.537630462646484375e+01
4.860662078857421875e+01
7.219430541992187500e+01
4.208509063720703125e+01
7.515819549560546875e+01
3.327491378784179688e+01
5.553913116455078125e+01
6.530725097656250000e+01
3.740824127197265625e+01
4.368270492553710938e+01
5.633718872070312500e+01
4.079199218750000000e+01
6.889460754394531250e+01
7.583369445800781250e+01
4.822587585449218750e+01
8.516981506347656250e+01
4.779522323608398438e+01
3.682411193847656250e+01
3.551921463012695312e+01
3.321628189086914062e+01
4.583800506591796875e+01
3.420627212524414062e+01
3.070445632934570312e+01
3.713950347900390625e+01
8.417600250244140625e+01
5.092188262939453125e+01
3.788771057128906250e+01
1.262624206542968750e+02
7.591658020019531250e+01
4.108120346069335938e+01
6.505627441406250000e+01
7.302680969238281250e+01
4.580719757080078125e+01
5.584240341186523438e+01
1.153374938964843750e+02
5.335479736328125000e+01
8.091262817382812500e+01
4.214764022827148438e+01
3.312548065185546875e+01
5.524297332763671875e+01
4.689570617675781250e+01
4.885313415527343750e+01
4.660714721679687500e+01
4.914181137084960938e+01
4.858990478515625000e+01
4.556805419921875000e+01
5.425741195678710938e+01
3.644578933715820312e+01
3.744880676269531250e+01
8.294340515136718750e+01
9.843257904052734375e+01
5.590941238403320312e+01
1.059519500732421875e+02
5.094520568847656250e+01
3.000000000000000000e+01
9.084999084472656250e+01
8.353912353515625000e+01
3.796192932128906250e+01
6.312714385986328125e+01
4.796468734741210938e+01
5.689648056030273438e+01
3.000000000000000000e+01
9.561589050292968750e+01
4.775496673583984375e+01
4.988053512573242188e+01
3.974179077148437500e+01
6.055295562744140625e+01
5.587803268432617188e+01
3.373112106323242188e+01
5.042792510986328125e+01
6.178625869750976562e+01
5.013764190673828125e+01
7.772787475585937500e+01
7.068445587158203125e+01
3.265612030029296875e+01
4.756061935424804688e+01
3.930514526367187500e+01
5.573421096801757812e+01
5.821139526367187500e+01
8.539337921142578125e+01
6.025723266601562500e+01
4.735134887695312500e+01
6.902626037597656250e+01
5.042792510986328125e+01
5.464302825927734375e+01
4.733422470092773438e+01
3.679724884033203125e+01
4.301905441284179688e+01
5.973695755004882812e+01
5.575293731689453125e+01
4.213776397705078125e+01
6.295100021362304688e+01
4.708211898803710938e+01
6.187771987915039062e+01
3.939299011230468750e+01
5.796154022216796875e+01
4.014515686035156250e+01
3.912880325317382812e+01
7.627084350585937500e+01
3.842438888549804688e+01
6.332294845581054688e+01
3.377445220947265625e+01
8.517595672607421875e+01
6.559841918945312500e+01
3.619208145141601562e+01
4.490055084228515625e+01
4.284085845947265625e+01
8.123490905761718750e+01
7.955368804931640625e+01
3.828989791870117188e+01
4.415697097778320312e+01
5.478642272949218750e+01
5.292908859252929688e+01
6.506507110595703125e+01
4.360673522949218750e+01
7.756704711914062500e+01
4.276833724975585938e+01
3.544250488281250000e+01
4.526239013671875000e+01
4.465097808837890625e+01
6.701513671875000000e+01
3.047366333007812500e+01
9.400994873046875000e+01
5.588933563232421875e+01
4.494466018676757812e+01
3.744208908081054688e+01
4.878313446044921875e+01
3.313934707641601562e+01
5.477231979370117188e+01
3.000000000000000000e+01
3.958865356445312500e+01
3.000000000000000000e+01
4.561244964599609375e+01
6.802883148193359375e+01
5.639181518554687500e+01
7.170147705078125000e+01
5.720247650146484375e+01
5.191216278076171875e+01
4.653708267211914062e+01
3.000000000000000000e+01
3.000000000000000000e+01
4.878313446044921875e+01
7.109385681152343750e+01
5.736978149414062500e+01
5.108523178100585938e+01
3.983929443359375000e+01
6.787393188476562500e+01
6.224312591552734375e+01
7.446744537353515625e+01
4.125990295410156250e+01
3.463246536254882812e+01
8.265112304687500000e+01
3.000000000000000000e+01
6.020004272460937500e+01
3.000000000000000000e+01
4.396313476562500000e+01
3.000000000000000000e+01
3.000000000000000000e+01
4.739855957031250000e+01
4.229799652099609375e+01
7.814776611328125000e+01
4.485478591918945312e+01
8.539337921142578125e+01
5.371279525756835938e+01
3.983045578002929688e+01
3.884838485717773438e+01
3.968217086791992188e+01
3.311433410644531250e+01
4.233787536621093750e+01
6.014657211303710938e+01
7.443386840820312500e+01
4.206826019287109375e+01
4.539520263671875000e+01
4.141435623168945312e+01
7.820417022705078125e+01
5.877883911132812500e+01
3.968711853027343750e+01
3.691586685180664062e+01
3.000000000000000000e+01
4.183547210693359375e+01
3.362810897827148438e+01
5.508647537231445312e+01
5.818125534057617188e+01
3.296321868896484375e+01
4.093515014648437500e+01
3.697939682006835938e+01
3.186304092407226562e+01
5.275886535644531250e+01
3.828694534301757812e+01
6.012496185302734375e+01
4.858165740966796875e+01
8.177037048339843750e+01
5.371279525756835938e+01
6.864254760742187500e+01
3.000000000000000000e+01
3.743962860107421875e+01
6.278450012207031250e+01
3.000000000000000000e+01
4.914949417114257812e+01
7.656500244140625000e+01
3.000000000000000000e+01
5.107685470581054688e+01
4.634004211425781250e+01
3.318407440185546875e+01
5.504804229736328125e+01
5.472624969482421875e+01
3.000000000000000000e+01
4.315531921386718750e+01
8.378361511230468750e+01
4.207168579101562500e+01
8.634947967529296875e+01
8.623463439941406250e+01
3.447508239746093750e+01
7.626757049560546875e+01
5.851741790771484375e+01
5.824567413330078125e+01
4.705220413208007812e+01
5.316632080078125000e+01
5.632193374633789062e+01
5.776492691040039062e+01
5.060884094238281250e+01
6.404629516601562500e+01
7.088658142089843750e+01
3.551562118530273438e+01
7.987649536132812500e+01
3.000000000000000000e+01
3.234177017211914062e+01
3.983991241455078125e+01
5.173918151855468750e+01
3.591432189941406250e+01
6.575981140136718750e+01
4.866196441650390625e+01
4.998229980468750000e+01
3.900307464599609375e+01
5.122960281372070312e+01
4.058227157592773438e+01
4.080797958374023438e+01
7.961346435546875000e+01
3.096202659606933594e+01
3.804337310791015625e+01
7.012952423095703125e+01
4.130468750000000000e+01
4.321114349365234375e+01
4.460885620117187500e+01
4.490055084228515625e+01
3.000000000000000000e+01
3.678144836425781250e+01
3.920249176025390625e+01
5.555398559570312500e+01
3.000000000000000000e+01
4.814517211914062500e+01
5.989657592773437500e+01
3.679082870483398438e+01
4.208396911621093750e+01
4.506803131103515625e+01
8.013253021240234375e+01
4.501300811767578125e+01
5.129887390136718750e+01
1.291198120117187500e+02
4.739479446411132812e+01
4.673821258544921875e+01
4.837308502197265625e+01
4.505274581909179688e+01
4.206529235839843750e+01
4.061572265625000000e+01
5.787393951416015625e+01
9.343080902099609375e+01
5.603526306152343750e+01
3.591973876953125000e+01
5.362515640258789062e+01
6.360964965820312500e+01
3.236856842041015625e+01
4.663676452636718750e+01
5.726223754882812500e+01
5.317453002929687500e+01
3.000000000000000000e+01
5.550770950317382812e+01
3.871880340576171875e+01
5.913788604736328125e+01
6.019624710083007812e+01
3.000000000000000000e+01
5.449865722656250000e+01
4.741933441162109375e+01
3.000000000000000000e+01
5.122740936279296875e+01
4.746767425537109375e+01
4.640452194213867188e+01
6.995922851562500000e+01
4.090118789672851562e+01
3.539582824707031250e+01
5.528236770629882812e+01
4.935320663452148438e+01
3.000000000000000000e+01
6.633923339843750000e+01
3.577247238159179688e+01
3.966561126708984375e+01
4.073559188842773438e+01
5.301271820068359375e+01
4.523000335693359375e+01
4.128142166137695312e+01
5.145574569702148438e+01
5.181195068359375000e+01
3.697723770141601562e+01
5.344313049316406250e+01
5.916227722167968750e+01
4.365496826171875000e+01
4.207727813720703125e+01
5.794302368164062500e+01
5.452011489868164062e+01
4.518711090087890625e+01
6.757321166992187500e+01
4.106958770751953125e+01
6.674148559570312500e+01
4.401336669921875000e+01
1.094587097167968750e+02
8.802956390380859375e+01
4.866480255126953125e+01
5.162659454345703125e+01
3.829721832275390625e+01
6.894949340820312500e+01
3.397983932495117188e+01
4.196803283691406250e+01
8.608783721923828125e+01
4.454630279541015625e+01
4.055363082885742188e+01
5.083582687377929688e+01
8.959124755859375000e+01
3.225901031494140625e+01
5.732892227172851562e+01
3.614999771118164062e+01
5.404486846923828125e+01
4.215547561645507812e+01
3.856293487548828125e+01
5.788744354248046875e+01
8.135729217529296875e+01
5.029911804199218750e+01
3.783021163940429688e+01
3.403416442871093750e+01
5.757938766479492188e+01
4.359063720703125000e+01
4.581040954589843750e+01
5.972057342529296875e+01
1.006194381713867188e+02
5.358242034912109375e+01
7.700043487548828125e+01
7.430619812011718750e+01
7.564248657226562500e+01
6.443294525146484375e+01
3.168233489990234375e+01
3.851300811767578125e+01
5.239661407470703125e+01
3.833390045166015625e+01
4.438154602050781250e+01
3.986382293701171875e+01
3.967166137695312500e+01
3.000000000000000000e+01
3.409651184082031250e+01
3.000000000000000000e+01
4.572818756103515625e+01
7.593030548095703125e+01
4.920952606201171875e+01
3.866641998291015625e+01
4.108422088623046875e+01
3.603767395019531250e+01
4.455069351196289062e+01
5.378774261474609375e+01
6.250068664550781250e+01
4.975275039672851562e+01
4.466086578369140625e+01
3.000000000000000000e+01
7.269433593750000000e+01
5.824354171752929688e+01
3.389345932006835938e+01
8.123490905761718750e+01
3.201069641113281250e+01
9.336705780029296875e+01
4.238732147216796875e+01
4.164606094360351562e+01
6.481660461425781250e+01
4.619652557373046875e+01
3.000000000000000000e+01
4.249056243896484375e+01
4.958568572998046875e+01
4.526950073242187500e+01
5.264768981933593750e+01
4.080802917480468750e+01
4.325624084472656250e+01
3.995537948608398438e+01
7.794970703125000000e+01
5.950638580322265625e+01
8.935940551757812500e+01
3.963483047485351562e+01
4.448035430908203125e+01
5.436548995971679688e+01
3.000000000000000000e+01
4.462080383300781250e+01
4.616503524780273438e+01
6.254592514038085938e+01
5.040974426269531250e+01
4.928575134277343750e+01
4.054969787597656250e+01
3.978795623779296875e+01
3.000000000000000000e+01
8.500611877441406250e+01
4.057485961914062500e+01
4.047295379638671875e+01
3.646999359130859375e+01
4.336949157714843750e+01
4.363508605957031250e+01
3.000000000000000000e+01
4.629296112060546875e+01
5.587071609497070312e+01
3.023219871520996094e+01
6.767967987060546875e+01
6.940111541748046875e+01
3.000000000000000000e+01
5.324013137817382812e+01
4.590291595458984375e+01
4.207339096069335938e+01
4.497231674194335938e+01
5.123984909057617188e+01
4.083790969848632812e+01
4.235712814331054688e+01
4.174954223632812500e+01
4.649159240722656250e+01
3.288011169433593750e+01
4.198283386230468750e+01
3.532197952270507812e+01
3.755273818969726562e+01
3.353117370605468750e+01
4.076663970947265625e+01
3.502506256103515625e+01
5.649713516235351562e+01
4.560741806030273438e+01
8.959124755859375000e+01
4.334502792358398438e+01
3.520779418945312500e+01
3.558220672607421875e+01
8.354298400878906250e+01
3.782038879394531250e+01
3.977099227905273438e+01
8.500611877441406250e+01
5.151158523559570312e+01
5.085525512695312500e+01
3.868650054931640625e+01
5.001639175415039062e+01
8.603488922119140625e+01
9.043286895751953125e+01
6.144773864746093750e+01
6.986555480957031250e+01
3.980963516235351562e+01
3.320021438598632812e+01
7.090609741210937500e+01
4.050254058837890625e+01
5.756146621704101562e+01
6.627827453613281250e+01
4.131561279296875000e+01
3.937562561035156250e+01
6.542761230468750000e+01
3.544515609741210938e+01
5.239165496826171875e+01
6.642803192138671875e+01
4.482875823974609375e+01
3.388902282714843750e+01
4.637137603759765625e+01
5.851742172241210938e+01
3.508098220825195312e+01
4.863327407836914062e+01
8.014315032958984375e+01
3.820075225830078125e+01
3.832001113891601562e+01
7.333181762695312500e+01
5.681494903564453125e+01
3.701029205322265625e+01
3.758652877807617188e+01
4.030575561523437500e+01
5.263570785522460938e+01
4.066714096069335938e+01
3.859543991088867188e+01
3.534257888793945312e+01
5.849734497070312500e+01
6.863942718505859375e+01
5.934780883789062500e+01
3.319987869262695312e+01
4.869616699218750000e+01
4.560605239868164062e+01
3.831267547607421875e+01
6.007674789428710938e+01
4.921289825439453125e+01
4.781954956054687500e+01
3.000000000000000000e+01
3.000000000000000000e+01
3.000000000000000000e+01
3.456475448608398438e+01
5.536150360107421875e+01
4.355868148803710938e+01
5.603526306152343750e+01
4.808143615722656250e+01
4.560619354248046875e+01
3.826448822021484375e+01
5.375668334960937500e+01
3.000000000000000000e+01
7.642013549804687500e+01
4.321909713745117188e+01
4.503230285644531250e+01
4.150948333740234375e+01
6.542956542968750000e+01
4.176424789428710938e+01
3.329433822631835938e+01
4.395040512084960938e+01
3.955774688720703125e+01
6.071412658691406250e+01
4.180530548095703125e+01
4.165824890136718750e+01
3.176808357238769531e+01
3.000000000000000000e+01
3.000000000000000000e+01
4.049990463256835938e+01
4.630333709716796875e+01
4.122779083251953125e+01
5.288259124755859375e+01
4.826802062988281250e+01
7.107061767578125000e+01
4.556062316894531250e+01
4.677846527099609375e+01
5.262664794921875000e+01
3.248843383789062500e+01
5.215743255615234375e+01
3.572447586059570312e+01
3.474335479736328125e+01
4.175654983520507812e+01
4.714294815063476562e+01
3.331558227539062500e+01
3.438696289062500000e+01
3.662805175781250000e+01
3.821432113647460938e+01
4.243391418457031250e+01
4.648611450195312500e+01
