4.877310180664062500e+01
6.441254425048828125e+01
3.639654541015625000e+01
3.981624603271484375e+01
6.428585052490234375e+01
5.542253494262695312e+01
3.000000000000000000e+01
5.790748977661132812e+01
5.721062469482421875e+01
1.355330200195312500e+02
4.451417541503906250e+01
1.222773284912109375e+02
4.937506484985351562e+01
4.293895721435546875e+01
3.235028457641601562e+01
6.282422637939453125e+01
6.373937225341796875e+01
4.151325225830078125e+01
4.227149581909179688e+01
1.422938537597656250e+02
4.337834167480468750e+01
8.690308380126953125e+01
3.000000000000000000e+01
3.942263412475585938e+01
3.551318359375000000e+01
7.044156646728515625e+01
3.000000000000000000e+01
6.465299224853515625e+01
1.906237945556640625e+02
4.627591323852539062e+01
6.036161804199218750e+01
4.351156616210937500e+01
4.174132919311523438e+01
9.575241088867187500e+01
4.898330307006835938e+01
5.863866424560546875e+01
7.058599090576171875e+01
5.114736938476562500e+01
4.326083374023437500e+01
3.000000000000000000e+01
4.224846649169921875e+01
3.759000396728515625e+01
6.069495010375976562e+01
5.342504501342773438e+01
3.518667984008789062e+01
3.000000000000000000e+01
3.000000000000000000e+01
6.645346832275390625e+01
1.225069732666015625e+02
5.916029357910156250e+01
4.009101104736328125e+01
3.450105285644531250e+01
6.629478454589843750e+01
3.832628631591796875e+01
1.090569534301757812e+02
4.435371780395507812e+01
6.555679321289062500e+01
3.778741455078125000e+01
7.063069915771484375e+01
6.784881591796875000e+01
5.630015182495117188e+01
8.131579589843750000e+01
4.009802246093750000e+01
9.506600952148437500e+01
1.059441375732421875e+02
5.565088653564453125e+01
4.716726303100585938e+01
3.000000000000000000e+01
4.413040161132812500e+01
5.524079895019531250e+01
5.388804626464843750e+01
3.174476814270019531e+01
6.268330383300781250e+01
3.275739288330078125e+01
4.423128890991210938e+01
3.959342575073242188e+01
5.347839355468750000e+01
3.824757003784179688e+01
3.802801513671875000e+01
6.404172515869140625e+01
3.370050430297851562e+01
6.373937225341796875e+01
5.202457809448242188e+01
1.269360961914062500e+02
9.206518554687500000e+01
3.848817062377929688e+01
4.137128067016601562e+01
4.795034027099609375e+01
4.937506484985351562e+01
5.988174057006835938e+01
4.415383148193359375e+01
4.979291915893554688e+01
5.734537506103515625e+01
5.185404968261718750e+01
1.123686141967773438e+02
1.039456329345703125e+02
6.420786285400390625e+01
4.300688171386718750e+01
7.819985961914062500e+01
5.155556488037109375e+01
1.089166946411132812e+02
6.607720947265625000e+01
1.618078155517578125e+02
3.188875961303710938e+01
4.426140594482421875e+01
8.152566528320312500e+01
3.000000000000000000e+01
6.222953796386718750e+01
4.922983169555664062e+01
3.000000000000000000e+01
3.708980560302734375e+01
3.000000000000000000e+01
7.392324066162109375e+01
1.321636047363281250e+02
4.111785888671875000e+01
4.107434844970703125e+01
8.753382873535156250e+01
4.698170852661132812e+01
7.355506134033203125e+01
5.392501831054687500e+01
4.780366516113281250e+01
6.418239593505859375e+01
4.147422027587890625e+01
4.079340744018554688e+01
3.999543380737304688e+01
5.134481430053710938e+01
5.811672592163085938e+01
6.160659027099609375e+01
4.653866958618164062e+01
3.277353286743164062e+01
4.747824478149414062e+01
1.101200103759765625e+02
5.156066894531250000e+01
3.017012405395507812e+01
5.484604263305664062e+01
3.694706726074218750e+01
1.311985473632812500e+02
4.663220214843750000e+01
3.955917358398437500e+01
7.222705841064453125e+01
4.121897888183593750e+01
1.029369812011718750e+02
5.587836456298828125e+01
4.181583786010742188e+01
6.474867248535156250e+01
4.992854309082031250e+01
8.521364593505859375e+01
9.086949157714843750e+01
4.673754882812500000e+01
1.059959411621093750e+02
5.315737915039062500e+01
7.607441711425781250e+01
5.344894027709960938e+01
6.685862731933593750e+01
4.722404098510742188e+01
1.238275070190429688e+02
3.153318405151367188e+01
1.350266723632812500e+02
4.191505050659179688e+01
5.701745605468750000e+01
3.376081085205078125e+01
4.654195404052734375e+01
5.142453765869140625e+01
4.212939834594726562e+01
6.402700805664062500e+01
4.349155807495117188e+01
5.464356231689453125e+01
4.912551498413085938e+01
3.446400833129882812e+01
1.074584045410156250e+02
4.944255828857421875e+01
3.733462905883789062e+01
3.804528808593750000e+01
3.000000000000000000e+01
5.498557281494140625e+01
4.445510864257812500e+01
4.079242706298828125e+01
4.463121414184570312e+01
7.210881042480468750e+01
4.899708557128906250e+01
6.223459243774414062e+01
6.387021255493164062e+01
5.396733093261718750e+01
5.572485351562500000e+01
4.276901245117187500e+01
3.263818740844726562e+01
3.673713302612304688e+01
5.127018737792968750e+01
5.623786926269531250e+01
5.129941177368164062e+01
4.660755157470703125e+01
4.907228088378906250e+01
5.228971099853515625e+01
4.262964630126953125e+01
5.765456771850585938e+01
4.322829437255859375e+01
3.290703201293945312e+01
7.176461791992187500e+01
1.375503234863281250e+02
5.983557128906250000e+01
5.474784469604492188e+01
1.339902038574218750e+02
4.667011260986328125e+01
3.000000000000000000e+01
5.237897491455078125e+01
4.268246459960937500e+01
6.409205627441406250e+01
6.022484588623046875e+01
9.783286285400390625e+01
3.610173034667968750e+01
4.444371795654296875e+01
9.361390686035156250e+01
4.467597579956054688e+01
3.814792633056640625e+01
3.870930862426757812e+01
4.235863113403320312e+01
4.765689849853515625e+01
5.460093307495117188e+01
4.630489349365234375e+01
4.572024154663085938e+01
3.838950347900390625e+01
6.954191589355468750e+01
9.017057037353515625e+01
4.061581802368164062e+01
4.369466400146484375e+01
4.346881103515625000e+01
6.211533737182617188e+01
1.194253234863281250e+02
6.675950622558593750e+01
1.168332748413085938e+02
3.779916000366210938e+01
4.254450988769531250e+01
4.980897140502929688e+01
4.837824630737304688e+01
3.738358306884765625e+01
6.291473007202148438e+01
3.876187515258789062e+01
4.524861526489257812e+01
7.274988555908203125e+01
5.438676452636718750e+01
4.418793487548828125e+01
1.127506103515625000e+02
1.139914855957031250e+02
7.142376708984375000e+01
8.952467346191406250e+01
3.157259559631347656e+01
4.570119476318359375e+01
1.229558105468750000e+02
1.725743560791015625e+02
4.514356613159179688e+01
5.900019836425781250e+01
4.334857177734375000e+01
4.852013397216796875e+01
8.648355102539062500e+01
4.970858001708984375e+01
5.582380676269531250e+01
3.667578887939453125e+01
4.423313522338867188e+01
3.890759277343750000e+01
1.548802490234375000e+02
6.571009826660156250e+01
5.088149261474609375e+01
6.999448394775390625e+01
4.861621856689453125e+01
1.012454528808593750e+02
4.396484756469726562e+01
1.491890258789062500e+02
6.284645080566406250e+01
5.811674880981445312e+01
5.050101089477539062e+01
5.223726654052734375e+01
5.329737091064453125e+01
7.142376708984375000e+01
7.662040710449218750e+01
1.779672088623046875e+02
3.531783294677734375e+01
6.324838256835937500e+01
7.365155029296875000e+01
9.875536346435546875e+01
9.615805816650390625e+01
4.559606552124023438e+01
6.627842712402343750e+01
5.690311431884765625e+01
4.408957290649414062e+01
6.628990936279296875e+01
4.083834075927734375e+01
3.000000000000000000e+01
6.121996307373046875e+01
4.382022476196289062e+01
4.248023605346679688e+01
4.086761856079101562e+01
3.807841873168945312e+01
3.229074478149414062e+01
1.117259292602539062e+02
3.281114196777343750e+01
3.967980957031250000e+01
3.825279235839843750e+01
5.024339675903320312e+01
4.681680297851562500e+01
4.872959518432617188e+01
4.379130554199218750e+01
3.489499282836914062e+01
3.636084747314453125e+01
7.845140075683593750e+01
6.073798370361328125e+01
3.323671340942382812e+01
7.424822998046875000e+01
6.909434509277343750e+01
6.838259124755859375e+01
1.270173187255859375e+02
1.779359436035156250e+02
3.000000000000000000e+01
1.030726623535156250e+02
1.148597259521484375e+02
9.568516540527343750e+01
4.228643035888671875e+01
3.987770462036132812e+01
1.466912994384765625e+02
6.020389556884765625e+01
7.819986724853515625e+01
4.793135833740234375e+01
5.016974258422851562e+01
5.411416625976562500e+01
5.268266677856445312e+01
3.475195312500000000e+01
3.722117614746093750e+01
3.578932571411132812e+01
3.650975799560546875e+01
6.268330764770507812e+01
3.180017471313476562e+01
8.299092864990234375e+01
4.942289352416992188e+01
5.063992309570312500e+01
4.446910858154296875e+01
3.945772171020507812e+01
5.134867095947265625e+01
8.298308563232421875e+01
5.080483245849609375e+01
3.000000000000000000e+01
3.420952606201171875e+01
6.412345123291015625e+01
8.206923675537109375e+01
4.113359832763671875e+01
6.838259124755859375e+01
4.942077636718750000e+01
4.762654876708984375e+01
1.639640502929687500e+02
3.872543716430664062e+01
3.744704437255859375e+01
1.010410919189453125e+02
1.599364624023437500e+02
1.855046386718750000e+02
3.924594879150390625e+01
8.131579589843750000e+01
3.000000000000000000e+01
1.070721740722656250e+02
5.855728149414062500e+01
3.865971374511718750e+01
1.480806274414062500e+02
5.587989807128906250e+01
5.652804946899414062e+01
1.167444381713867188e+02
5.469979858398437500e+01
5.932763671875000000e+01
8.175877380371093750e+01
3.363462829589843750e+01
7.060749053955078125e+01
1.028013000488281250e+02
3.422065734863281250e+01
5.930556869506835938e+01
6.462091064453125000e+01
4.575594329833984375e+01
9.202420043945312500e+01
1.516282196044921875e+02
7.279200744628906250e+01
1.114293823242187500e+02
8.809854125976562500e+01
4.627591705322265625e+01
7.950327301025390625e+01
8.362535095214843750e+01
3.000000000000000000e+01
3.045146369934082031e+01
3.000000000000000000e+01
3.501320266723632812e+01
6.391678237915039062e+01
1.139914855957031250e+02
4.755645370483398438e+01
4.429707336425781250e+01
4.792635345458984375e+01
2.747453613281250000e+02
4.006404495239257812e+01
3.568607330322265625e+01
3.041677856445312500e+01
3.000000000000000000e+01
5.012408447265625000e+01
6.852835083007812500e+01
6.007036972045898438e+01
9.920431518554687500e+01
5.979673004150390625e+01
4.712523651123046875e+01
5.180996704101562500e+01
4.116751098632812500e+01
1.341726379394531250e+02
4.275046920776367188e+01
3.932194519042968750e+01
5.223551177978515625e+01
4.167039489746093750e+01
5.760258865356445312e+01
5.715530014038085938e+01
1.415310668945312500e+02
6.872816467285156250e+01
9.086683654785156250e+01
5.696190261840820312e+01
4.368512344360351562e+01
6.593247985839843750e+01
3.524042510986328125e+01
6.365057373046875000e+01
7.573210144042968750e+01
3.000000000000000000e+01
3.820794677734375000e+01
9.639418029785156250e+01
3.503268051147460938e+01
3.955702209472656250e+01
1.328045196533203125e+02
6.229993057250976562e+01
4.611586761474609375e+01
7.528976440429687500e+01
4.848080825805664062e+01
5.624220275878906250e+01
9.349645233154296875e+01
4.753340148925781250e+01
8.299092864990234375e+01
2.176050415039062500e+02
5.268266677856445312e+01
1.175847244262695312e+02
3.632698822021484375e+01
5.119633483886718750e+01
8.888645935058593750e+01
6.465299224853515625e+01
5.443440246582031250e+01
6.307713317871093750e+01
3.000000000000000000e+01
7.079221343994140625e+01
4.850013351440429688e+01
7.233838653564453125e+01
4.234325408935546875e+01
4.595535278320312500e+01
6.725798034667968750e+01
4.363459014892578125e+01
8.440602874755859375e+01
4.922705078125000000e+01
5.344894027709960938e+01
4.577188873291015625e+01
6.145290374755859375e+01
5.949054718017578125e+01
3.277657318115234375e+01
1.097270507812500000e+02
1.090985717773437500e+02
3.133883285522460938e+01
1.234165496826171875e+02
8.853824615478515625e+01
5.135356140136718750e+01
4.530082321166992188e+01
4.457999038696289062e+01
4.829198455810546875e+01
1.835408477783203125e+02
4.040252685546875000e+01
5.489841461181640625e+01
5.405093383789062500e+01
4.589410018920898438e+01
9.395351409912109375e+01
4.297649765014648438e+01
4.028993225097656250e+01
1.338472747802734375e+02
6.073798370361328125e+01
9.299234008789062500e+01
3.113537597656250000e+01
3.660217666625976562e+01
5.512362289428710938e+01
9.514865875244140625e+01
9.071736907958984375e+01
7.704483032226562500e+01
6.771681213378906250e+01
3.000000000000000000e+01
6.321681213378906250e+01
9.483412170410156250e+01
4.923660278320312500e+01
3.814792633056640625e+01
7.792947387695312500e+01
9.047625732421875000e+01
5.970081329345703125e+01
5.261357116699218750e+01
5.470934295654296875e+01
3.000000000000000000e+01
4.104193878173828125e+01
3.000000000000000000e+01
3.080848693847656250e+01
3.000000000000000000e+01
3.000000000000000000e+01
4.428569412231445312e+01
5.465337753295898438e+01
4.392906951904296875e+01
7.236848449707031250e+01
6.483190917968750000e+01
4.507830047607421875e+01
3.973381423950195312e+01
5.770776748657226562e+01
6.115955352783203125e+01
3.000000000000000000e+01
3.358005523681640625e+01
6.385091400146484375e+01
3.311231994628906250e+01
5.556686401367187500e+01
3.000000000000000000e+01
5.406728363037109375e+01
3.000000000000000000e+01
3.235028839111328125e+01
1.100919952392578125e+02
4.689644622802734375e+01
3.381747817993164062e+01
5.119622802734375000e+01
3.932194519042968750e+01
7.894213867187500000e+01
3.000000000000000000e+01
5.060166931152343750e+01
1.381477355957031250e+02
4.212039184570312500e+01
9.747436523437500000e+01
1.105573730468750000e+02
3.928318405151367188e+01
3.618478775024414062e+01
8.975176239013671875e+01
4.984729766845703125e+01
5.628256988525390625e+01
6.999448394775390625e+01
1.070256271362304688e+02
4.735310363769531250e+01
5.666991424560546875e+01
5.357331848144531250e+01
3.905769729614257812e+01
4.174620056152343750e+01
1.102969055175781250e+02
4.083702468872070312e+01
6.801571655273437500e+01
6.144744491577148438e+01
4.352193450927734375e+01
3.000000000000000000e+01
4.844725036621093750e+01
4.810131454467773438e+01
4.389221954345703125e+01
3.946281814575195312e+01
3.882980346679687500e+01
4.339238739013671875e+01
4.366193389892578125e+01
4.802869033813476562e+01
4.534429550170898438e+01
5.289730453491210938e+01
6.222953796386718750e+01
6.587080383300781250e+01
9.783287048339843750e+01
6.485312652587890625e+01
1.085799407958984375e+02
9.576210021972656250e+01
1.191209716796875000e+02
4.213515853881835938e+01
5.865960311889648438e+01
3.000000000000000000e+01
4.371982955932617188e+01
7.179193878173828125e+01
6.545700836181640625e+01
7.236402893066406250e+01
8.298053741455078125e+01
4.111785888671875000e+01
4.158436965942382812e+01
7.144106292724609375e+01
9.026896667480468750e+01
4.211117172241210938e+01
4.557697677612304688e+01
4.167474365234375000e+01
4.016773986816406250e+01
8.431175994873046875e+01
4.415383148193359375e+01
4.665274810791015625e+01
4.288184356689453125e+01
4.703750610351562500e+01
6.123897933959960938e+01
8.739428710937500000e+01
4.070718383789062500e+01
3.082537460327148438e+01
3.579515075683593750e+01
9.920431518554687500e+01
5.354258346557617188e+01
3.930556488037109375e+01
5.797309494018554688e+01
5.646365356445312500e+01
4.285695648193359375e+01
4.453966522216796875e+01
4.935155487060546875e+01
7.020198822021484375e+01
4.136692810058593750e+01
5.846088027954101562e+01
7.719413757324218750e+01
7.157182312011718750e+01
7.475083160400390625e+01
4.359574127197265625e+01
3.330205154418945312e+01
6.273040771484375000e+01
7.012924194335937500e+01
4.903854751586914062e+01
5.558821868896484375e+01
5.445356750488281250e+01
4.072337341308593750e+01
5.753721237182617188e+01
4.265322494506835938e+01
3.000000000000000000e+01
5.363147735595703125e+01
6.735270690917968750e+01
6.725798034667968750e+01
5.107627868652343750e+01
4.960494995117187500e+01
4.023653793334960938e+01
7.022585296630859375e+01
1.049963760375976562e+02
6.342862701416015625e+01
3.530449676513671875e+01
1.191209716796875000e+02
3.924594879150390625e+01
5.687912368774414062e+01
9.047624969482421875e+01
3.710266113281250000e+01
3.499761199951171875e+01
6.195394897460937500e+01
3.086731529235839844e+01
4.232664489746093750e+01
2.314391479492187500e+02
4.244839859008789062e+01
3.000000000000000000e+01
3.200424575805664062e+01
1.429497680664062500e+02
5.339677047729492188e+01
5.002540206909179688e+01
1.007253646850585938e+02
4.872375869750976562e+01
1.394109954833984375e+02
7.121072387695312500e+01
7.745668029785156250e+01
3.163954353332519531e+01
3.959880447387695312e+01
5.415937805175781250e+01
7.579510498046875000e+01
6.813465881347656250e+01
5.080483627319335938e+01
4.529160308837890625e+01
3.000000000000000000e+01
4.941307067871093750e+01
5.963414382934570312e+01
4.998130035400390625e+01
4.103638839721679688e+01
6.960368347167968750e+01
7.713472747802734375e+01
3.866133880615234375e+01
3.491295623779296875e+01
5.361760330200195312e+01
3.000000000000000000e+01
5.289922332763671875e+01
9.653784179687500000e+01
4.779657745361328125e+01
6.694636535644531250e+01
4.751371765136718750e+01
4.687402343750000000e+01
3.465895462036132812e+01
1.029369812011718750e+02
6.095257568359375000e+01
6.872738647460937500e+01
1.005310440063476562e+02
5.458032608032226562e+01
4.873950576782226562e+01
4.076936340332031250e+01
3.974915695190429688e+01
5.775696945190429688e+01
7.042479705810546875e+01
1.835408477783203125e+02
4.880862426757812500e+01
5.638421630859375000e+01
5.251715087890625000e+01
4.876042938232421875e+01
3.930189132690429688e+01
5.793077850341796875e+01
5.039364624023437500e+01
6.674563598632812500e+01
6.797882843017578125e+01
3.000000000000000000e+01
4.187372589111328125e+01
6.095530700683593750e+01
9.983099365234375000e+01
6.086628341674804688e+01
9.747436523437500000e+01
3.935852813720703125e+01
3.692798995971679688e+01
4.464757537841796875e+01
7.466041564941406250e+01
1.696837768554687500e+02
7.594721221923828125e+01
5.510861206054687500e+01
5.463022613525390625e+01
3.830849838256835938e+01
3.000000000000000000e+01
7.778733825683593750e+01
3.414629745483398438e+01
3.655157470703125000e+01
4.856158447265625000e+01
8.562902069091796875e+01
5.248887634277343750e+01
8.753952789306640625e+01
4.171640014648437500e+01
5.270895385742187500e+01
6.020389556884765625e+01
8.370908355712890625e+01
5.063803100585937500e+01
4.736264038085937500e+01
4.790687561035156250e+01
3.443196105957031250e+01
3.812863159179687500e+01
4.275046920776367188e+01
3.839500045776367188e+01
3.692675018310546875e+01
6.229992675781250000e+01
4.201015090942382812e+01
3.000000000000000000e+01
3.929256439208984375e+01
3.568607330322265625e+01
3.176835632324218750e+01
1.315488281250000000e+02
3.000000000000000000e+01
6.447370910644531250e+01
9.690188598632812500e+01
4.805506896972656250e+01
3.000000000000000000e+01
3.000000000000000000e+01
5.701745605468750000e+01
6.767832946777343750e+01
6.107857894897460938e+01
4.889587402343750000e+01
5.630143356323242188e+01
5.570258712768554688e+01
5.936260986328125000e+01
4.533991241455078125e+01
7.621369934082031250e+01
3.845279312133789062e+01
5.512362289428710938e+01
5.980316925048828125e+01
3.202166748046875000e+01
3.833163452148437500e+01
5.448211669921875000e+01
6.150505065917968750e+01
5.306782531738281250e+01
4.681680297851562500e+01
5.228234863281250000e+01
5.088047409057617188e+01
6.961428833007812500e+01
9.059233093261718750e+01
6.046088409423828125e+01
9.617433929443359375e+01
4.074668884277343750e+01
5.438676834106445312e+01
5.923068618774414062e+01
5.688083648681640625e+01
6.391880798339843750e+01
6.000306701660156250e+01
6.979930114746093750e+01
3.920167160034179688e+01
8.757610321044921875e+01
4.136236190795898438e+01
4.679904937744140625e+01
9.893583679199218750e+01
1.422938537597656250e+02
9.854175567626953125e+01
5.399935531616210938e+01
3.000000000000000000e+01
4.689039230346679688e+01
6.526116943359375000e+01
8.440602874755859375e+01
7.247329711914062500e+01
6.891398620605468750e+01
1.028083190917968750e+02
5.361760330200195312e+01
4.377040863037109375e+01
3.000000000000000000e+01
5.842056274414062500e+01
4.793930053710937500e+01
3.209937286376953125e+01
3.830080032348632812e+01
7.904904174804687500e+01
6.738201141357421875e+01
4.632694244384765625e+01
8.300411987304687500e+01
3.355779266357421875e+01
3.970301437377929688e+01
5.524079895019531250e+01
4.681501388549804688e+01
5.281116485595703125e+01
4.736264038085937500e+01
1.631214141845703125e+02
6.084754562377929688e+01
4.436159515380859375e+01
4.066535949707031250e+01
5.219812011718750000e+01
1.310840148925781250e+02
4.179273223876953125e+01
4.143122482299804688e+01
5.775271606445312500e+01
4.103638839721679688e+01
8.663836669921875000e+01
4.761619567871093750e+01
5.918556213378906250e+01
5.081682968139648438e+01
3.606101226806640625e+01
4.735032272338867188e+01
3.000000000000000000e+01
7.471593475341796875e+01
5.924899291992187500e+01
2.048999176025390625e+02
3.588087463378906250e+01
4.862007904052734375e+01
6.834805297851562500e+01
6.095851898193359375e+01
4.397589874267578125e+01
3.490486526489257812e+01
4.152355957031250000e+01
5.077288818359375000e+01
3.402978515625000000e+01
3.954639434814453125e+01
5.257157135009765625e+01
4.139399719238281250e+01
4.713196182250976562e+01
3.072678756713867188e+01
3.928318405151367188e+01
5.046123123168945312e+01
3.017570686340332031e+01
5.777124786376953125e+01
7.847574615478515625e+01
3.001310348510742188e+01
4.095194625854492188e+01
3.825279235839843750e+01
7.460272216796875000e+01
4.696752929687500000e+01
1.017341079711914062e+02
3.000000000000000000e+01
7.704483032226562500e+01
8.551011657714843750e+01
4.194101333618164062e+01
9.893583679199218750e+01
3.000000000000000000e+01
4.032563018798828125e+01
4.019874191284179688e+01
4.384761810302734375e+01
1.047835998535156250e+02
4.824834442138671875e+01
3.000000000000000000e+01
7.002555847167968750e+01
4.707727050781250000e+01
1.041841430664062500e+02
5.718521881103515625e+01
3.778413009643554688e+01
5.833700561523437500e+01
7.574662780761718750e+01
7.944564819335937500e+01
7.570497131347656250e+01
7.364652252197265625e+01
3.890147399902343750e+01
3.847178649902343750e+01
7.143423461914062500e+01
6.212936019897460938e+01
1.159959487915039062e+02
9.839760589599609375e+01
1.225872879028320312e+02
5.524762344360351562e+01
4.095445632934570312e+01
4.478254318237304688e+01
3.000000000000000000e+01
5.291783905029296875e+01
3.000000000000000000e+01
3.000000000000000000e+01
7.172639465332031250e+01
1.202717437744140625e+02
4.861800384521484375e+01
3.000000000000000000e+01
4.938843154907226562e+01
6.844144439697265625e+01
3.822498321533203125e+01
4.277781677246093750e+01
7.042480468750000000e+01
4.136523437500000000e+01
6.506932830810546875e+01
3.000000000000000000e+01
5.367235565185546875e+01
6.556095886230468750e+01
3.590262603759765625e+01
3.980485534667968750e+01
5.255565643310546875e+01
3.570131301879882812e+01
6.908936309814453125e+01
6.466929626464843750e+01
4.709675598144531250e+01
8.952467346191406250e+01
5.090316009521484375e+01
3.915093612670898438e+01
4.510004425048828125e+01
3.145507049560546875e+01
4.635253906250000000e+01
3.580348587036132812e+01
3.358330154418945312e+01
3.572483062744140625e+01
8.965736389160156250e+01
4.712523651123046875e+01
3.991949081420898438e+01
4.363459014892578125e+01
7.839782714843750000e+01
3.954109954833984375e+01
6.091268920898437500e+01
7.260470581054687500e+01
4.392906951904296875e+01
5.622351074218750000e+01
9.548025512695312500e+01
5.381591415405273438e+01
8.349575042724609375e+01
3.802801513671875000e+01
3.402709197998046875e+01
5.988174057006835938e+01
4.987636566162109375e+01
4.489304351806640625e+01
4.199423980712890625e+01
3.359821319580078125e+01
5.404189682006835938e+01
4.264237976074218750e+01
5.587989807128906250e+01
3.000000000000000000e+01
3.753691864013671875e+01
7.221468353271484375e+01
9.938375854492187500e+01
3.838803100585937500e+01
9.615792846679687500e+01
4.767875289916992188e+01
3.000000000000000000e+01
9.472639465332031250e+01
8.671854400634765625e+01
4.112686157226562500e+01
5.974678039550781250e+01
3.790212249755859375e+01
4.433391571044921875e+01
3.000000000000000000e+01
9.865122985839843750e+01
4.644957733154296875e+01
4.077743148803710938e+01
3.113537979125976562e+01
5.625476074218750000e+01
5.723947906494140625e+01
3.483177947998046875e+01
5.227165222167968750e+01
6.513140869140625000e+01
5.392501831054687500e+01
7.088127136230468750e+01
6.824598693847656250e+01
3.466583251953125000e+01
4.793029403686523438e+01
3.872772598266601562e+01
5.056215667724609375e+01
5.811672592163085938e+01
8.101813507080078125e+01
5.918556213378906250e+01
4.863919067382812500e+01
6.279396820068359375e+01
5.227165222167968750e+01
5.418977355957031250e+01
4.699813461303710938e+01
4.743971633911132812e+01
4.328663635253906250e+01
6.484979248046875000e+01
5.558404159545898438e+01
4.643987274169921875e+01
6.571009826660156250e+01
4.586795806884765625e+01
5.705910491943359375e+01
3.422105789184570312e+01
5.963155364990234375e+01
4.067834091186523438e+01
3.956278991699218750e+01
7.526891326904296875e+01
3.539390563964843750e+01
7.005468750000000000e+01
3.796171569824218750e+01
7.664765930175781250e+01
5.813727569580078125e+01
3.746738433837890625e+01
3.314930343627929688e+01
3.607902908325195312e+01
5.662597656250000000e+01
7.144030761718750000e+01
4.094235229492187500e+01
4.088619995117187500e+01
6.215696334838867188e+01
4.961455535888671875e+01
5.474784469604492188e+01
4.825854873657226562e+01
5.728739929199218750e+01
4.238802719116210938e+01
3.056666755676269531e+01
4.712736511230468750e+01
4.378813934326171875e+01
7.450064086914062500e+01
3.000000000000000000e+01
8.888645935058593750e+01
4.913819122314453125e+01
4.444371795654296875e+01
3.400498962402343750e+01
4.161510848999023438e+01
4.315339279174804688e+01
5.231402587890625000e+01
3.000000000000000000e+01
4.089916610717773438e+01
3.000000000000000000e+01
3.710689926147460938e+01
5.433821105957031250e+01
5.114736938476562500e+01
6.489061737060546875e+01
4.856855773925781250e+01
4.741726684570312500e+01
4.646648025512695312e+01
3.000000000000000000e+01
3.000000000000000000e+01
4.161510848999023438e+01
6.979930114746093750e+01
4.624156951904296875e+01
4.203956604003906250e+01
3.153690719604492188e+01
7.292193603515625000e+01
4.765764617919921875e+01
7.923657226562500000e+01
4.169361877441406250e+01
3.535124969482421875e+01
5.561599349975585938e+01
3.000000000000000000e+01
4.824426269531250000e+01
3.298160552978515625e+01
4.816572570800781250e+01
3.000000000000000000e+01
3.000000000000000000e+01
4.436705780029296875e+01
3.695078659057617188e+01
7.528524017333984375e+01
4.234614562988281250e+01
8.101813507080078125e+01
5.316670989990234375e+01
4.154450607299804688e+01
3.833447265625000000e+01
3.786143493652343750e+01
3.042374992370605469e+01
4.507208251953125000e+01
5.379592132568359375e+01
6.007036590576171875e+01
5.060166931152343750e+01
4.518154144287109375e+01
4.182034301757812500e+01
7.586650848388671875e+01
5.969252777099609375e+01
4.302628326416015625e+01
3.000000000000000000e+01
3.000000000000000000e+01
4.039763641357421875e+01
3.202166748046875000e+01
6.766526794433593750e+01
3.997366333007812500e+01
3.540967941284179688e+01
4.538776779174804688e+01
3.911327362060546875e+01
3.348770523071289062e+01
4.693970108032226562e+01
3.760745620727539062e+01
4.883152770996093750e+01
4.778437805175781250e+01
7.222705841064453125e+01
5.316670989990234375e+01
6.136017227172851562e+01
3.000000000000000000e+01
3.097431945800781250e+01
5.721065139770507812e+01
3.000000000000000000e+01
4.590959930419921875e+01
7.249304962158203125e+01
3.000000000000000000e+01
4.719448471069335938e+01
5.257880401611328125e+01
3.618478775024414062e+01
4.996251678466796875e+01
5.979673004150390625e+01
3.000000000000000000e+01
4.200813674926757812e+01
8.839305114746093750e+01
4.394016265869140625e+01
7.574662780761718750e+01
7.764072418212890625e+01
3.000000000000000000e+01
7.603770446777343750e+01
3.931644439697265625e+01
5.443440246582031250e+01
4.437895965576171875e+01
5.679541015625000000e+01
6.291473007202148438e+01
5.715529632568359375e+01
4.128613281250000000e+01
6.435166931152343750e+01
7.179153442382812500e+01
3.438199615478515625e+01
8.260125732421875000e+01
4.733109283447265625e+01
3.000000000000000000e+01
4.095564651489257812e+01
4.222945022583007812e+01
3.000000000000000000e+01
5.679232788085937500e+01
4.084415054321289062e+01
4.862007904052734375e+01
3.718735504150390625e+01
4.381274032592773438e+01
3.000000000000000000e+01
3.781468582153320312e+01
7.435295867919921875e+01
3.108109855651855469e+01
3.645381164550781250e+01
5.528633499145507812e+01
3.790670776367187500e+01
4.893035125732421875e+01
4.574418640136718750e+01
3.314930343627929688e+01
3.000000000000000000e+01
3.538981628417968750e+01
3.851035308837890625e+01
5.310974121093750000e+01
3.000000000000000000e+01
4.417897033691406250e+01
6.095530700683593750e+01
3.763105773925781250e+01
4.389221954345703125e+01
4.830294036865234375e+01
7.585908508300781250e+01
4.595441436767578125e+01
6.359112548828125000e+01
1.168560104370117188e+02
4.737139892578125000e+01
3.733462524414062500e+01
5.036034774780273438e+01
4.617553329467773438e+01
4.428538513183593750e+01
3.635917663574218750e+01
4.316637802124023438e+01
1.005310516357421875e+02
4.950614547729492188e+01
3.885076141357421875e+01
4.573255920410156250e+01
4.530889129638671875e+01
3.000000000000000000e+01
4.174620056152343750e+01
4.681501007080078125e+01
4.852540969848632812e+01
3.000000000000000000e+01
5.862503814697265625e+01
3.975965118408203125e+01
5.007226181030273438e+01
5.753721237182617188e+01
3.874794769287109375e+01
4.492427825927734375e+01
4.393872833251953125e+01
3.000000000000000000e+01
6.088365554809570312e+01
4.252135467529296875e+01
4.642959594726562500e+01
6.086628723144531250e+01
3.822575378417968750e+01
3.000000000000000000e+01
3.930189132690429688e+01
4.926238250732421875e+01
3.000000000000000000e+01
5.535581588745117188e+01
3.950575256347656250e+01
3.512152099609375000e+01
3.781224441528320312e+01
4.862574005126953125e+01
4.871181869506835938e+01
3.967627716064453125e+01
5.169488143920898438e+01
4.116127014160156250e+01
3.413756179809570312e+01
4.913658905029296875e+01
5.984860992431640625e+01
4.213515853881835938e+01
4.180205154418945312e+01
5.715737915039062500e+01
5.141539382934570312e+01
4.370034790039062500e+01
5.347295379638671875e+01
3.635622406005859375e+01
5.428963088989257812e+01
4.107762527465820312e+01
1.005900650024414062e+02
8.224448394775390625e+01
4.267246627807617188e+01
6.355716705322265625e+01
3.847558212280273438e+01
7.006887054443359375e+01
3.000000000000000000e+01
3.996753692626953125e+01
8.690544128417968750e+01
4.077651214599609375e+01
3.982020187377929688e+01
4.812963104248046875e+01
9.945270538330078125e+01
3.629119873046875000e+01
4.680299758911132812e+01
3.769317626953125000e+01
5.245507431030273438e+01
4.412758636474609375e+01
3.159423828125000000e+01
5.445363616943359375e+01
9.001994323730468750e+01
4.235051345825195312e+01
3.820410156250000000e+01
3.124269104003906250e+01
4.660529327392578125e+01
4.051456832885742188e+01
3.911571502685546875e+01
5.826964569091796875e+01
1.017341003417968750e+02
5.646138000488281250e+01
7.834515380859375000e+01
7.734249877929687500e+01
7.584152221679687500e+01
6.337074279785156250e+01
3.064315223693847656e+01
3.423639297485351562e+01
5.713807678222656250e+01
4.064702606201171875e+01
3.788130950927734375e+01
3.753195571899414062e+01
3.000000000000000000e+01
3.000000000000000000e+01
3.098324203491210938e+01
3.000000000000000000e+01
4.744836044311523438e+01
6.421252441406250000e+01
4.733280944824218750e+01
3.564143753051757812e+01
4.065958404541015625e+01
3.232985305786132812e+01
5.018099212646484375e+01
4.199514007568359375e+01
5.587836837768554688e+01
5.099607467651367188e+01
4.293895721435546875e+01
3.000000000000000000e+01
6.321681213378906250e+01
4.740149307250976562e+01
3.000000000000000000e+01
5.662597656250000000e+01
3.132698631286621094e+01
8.434698486328125000e+01
4.053927612304687500e+01
5.026031494140625000e+01
5.491542816162109375e+01
3.658445358276367188e+01
3.092077636718750000e+01
3.649930572509765625e+01
4.988437652587890625e+01
4.368511962890625000e+01
4.023836135864257812e+01
4.193246459960937500e+01
3.325487136840820312e+01
3.712061309814453125e+01
8.663836669921875000e+01
6.352872848510742188e+01
6.909434509277343750e+01
3.134273910522460938e+01
3.145344161987304688e+01
4.841887664794921875e+01
3.000000000000000000e+01
5.086372375488281250e+01
4.959460067749023438e+01
6.140605163574218750e+01
4.412406539916992188e+01
4.493186950683593750e+01
3.642884063720703125e+01
3.742419052124023438e+01
3.000000000000000000e+01
8.393135833740234375e+01
3.058514785766601562e+01
3.879899978637695312e+01
3.152016448974609375e+01
4.164961242675781250e+01
4.193806838989257812e+01
3.000000000000000000e+01
4.762654876708984375e+01
4.971982574462890625e+01
4.048410797119140625e+01
5.572485351562500000e+01
7.002555847167968750e+01
3.505901718139648438e+01
5.849674224853515625e+01
4.180261230468750000e+01
4.226738357543945312e+01
4.106435775756835938e+01
4.737066268920898438e+01
3.828894042968750000e+01
4.191271972656250000e+01
3.721598815917968750e+01
4.226501846313476562e+01
3.434291076660156250e+01
3.621587371826171875e+01
3.000000000000000000e+01
3.361000442504882812e+01
3.426181030273437500e+01
3.632173538208007812e+01
3.595359039306640625e+01
5.861810302734375000e+01
4.300240707397460938e+01
9.945271301269531250e+01
3.529093933105468750e+01
3.727263641357421875e+01
3.711597442626953125e+01
7.215584564208984375e+01
3.905770111083984375e+01
4.175935363769531250e+01
8.393136596679687500e+01
3.832835769653320312e+01
4.538945388793945312e+01
3.869170379638671875e+01
4.428569793701171875e+01
9.563839721679687500e+01
7.215234375000000000e+01
6.020881652832031250e+01
7.477452087402343750e+01
3.188875770568847656e+01
3.116001510620117188e+01
5.083292770385742188e+01
4.084821319580078125e+01
5.051369094848632812e+01
6.216465759277343750e+01
3.533026123046875000e+01
3.424493026733398438e+01
5.070222473144531250e+01
3.718459320068359375e+01
5.589582061767578125e+01
4.545985794067382812e+01
4.311484146118164062e+01
3.593770980834960938e+01
3.530449676513671875e+01
3.931644439697265625e+01
3.794606781005859375e+01
4.040438079833984375e+01
7.043797302246093750e+01
3.787615585327148438e+01
4.421626281738281250e+01
7.544895935058593750e+01
5.354293823242187500e+01
3.968030548095703125e+01
3.958350372314453125e+01
3.845089721679687500e+01
4.352169799804687500e+01
4.032299804687500000e+01
4.064478683471679688e+01
3.573506546020507812e+01
6.417958068847656250e+01
6.133657836914062500e+01
5.498107147216796875e+01
4.171151733398437500e+01
3.636614227294921875e+01
3.747430801391601562e+01
3.000000000000000000e+01
6.231908035278320312e+01
4.530223846435546875e+01
4.945782470703125000e+01
3.413575363159179688e+01
3.297986984252929688e+01
3.499869537353515625e+01
3.039612197875976562e+01
5.432388305664062500e+01
4.325300979614257812e+01
4.950614929199218750e+01
5.281116485595703125e+01
4.166256713867187500e+01
3.219843292236328125e+01
4.365215682983398438e+01
3.110491371154785156e+01
6.656997680664062500e+01
4.120627212524414062e+01
3.586477661132812500e+01
4.487202453613281250e+01
7.460272216796875000e+01
4.092733764648437500e+01
3.000000000000000000e+01
3.000000000000000000e+01
3.044317054748535156e+01
5.688664245605468750e+01
4.063064575195312500e+01
4.325386047363281250e+01
3.000000000000000000e+01
3.000000000000000000e+01
3.000000000000000000e+01
3.910884475708007812e+01
4.332006835937500000e+01
3.994777679443359375e+01
4.977863693237304688e+01
4.037607574462890625e+01
6.528585052490234375e+01
4.569369506835937500e+01
5.144913482666015625e+01
6.168817138671875000e+01
3.000000000000000000e+01
5.534351348876953125e+01
4.001197814941406250e+01
3.000000000000000000e+01
4.065783309936523438e+01
4.427114105224609375e+01
3.531631088256835938e+01
3.450863265991210938e+01
3.202391815185546875e+01
4.098304748535156250e+01
4.119054412841796875e+01
4.202197265625000000e+01
