5.496744537353515625e+01
6.822276306152343750e+01
3.949966430664062500e+01
4.018016815185546875e+01
7.601278686523437500e+01
6.737394714355468750e+01
3.000000000000000000e+01
6.487965393066406250e+01
6.169749069213867188e+01
1.177061614990234375e+02
5.162951278686523438e+01
1.230823287963867188e+02
4.765917968750000000e+01
4.922432708740234375e+01
4.553435134887695312e+01
5.009679412841796875e+01
6.600115966796875000e+01
4.136392974853515625e+01
4.453146362304687500e+01
1.387391052246093750e+02
4.054913330078125000e+01
9.407289886474609375e+01
3.400217437744140625e+01
3.617616653442382812e+01
3.776625823974609375e+01
6.760013580322265625e+01
3.000000000000000000e+01
5.996374130249023438e+01
1.841868591308593750e+02
5.199660491943359375e+01
5.168405914306640625e+01
4.290187454223632812e+01
4.747614288330078125e+01
9.788531494140625000e+01
5.895780181884765625e+01
7.510037231445312500e+01
6.853170776367187500e+01
6.006515121459960938e+01
4.517047882080078125e+01
4.711202621459960938e+01
4.283896636962890625e+01
3.594136047363281250e+01
5.040257263183593750e+01
4.456516647338867188e+01
3.000000000000000000e+01
3.313072586059570312e+01
4.203497695922851562e+01
6.669386291503906250e+01
1.191263504028320312e+02
7.869910430908203125e+01
4.827742767333984375e+01
3.523181152343750000e+01
7.026220703125000000e+01
4.648040008544921875e+01
1.239052429199218750e+02
4.267751312255859375e+01
7.011196899414062500e+01
4.363656234741210938e+01
7.740682983398437500e+01
7.486634826660156250e+01
5.951494216918945312e+01
7.578125000000000000e+01
4.093826293945312500e+01
1.040164031982421875e+02
9.709815979003906250e+01
5.574538421630859375e+01
4.584816741943359375e+01
3.000000000000000000e+01
4.671380615234375000e+01
5.144495391845703125e+01
5.725595855712890625e+01
3.881457519531250000e+01
1.191222305297851562e+02
3.254013824462890625e+01
5.294658660888671875e+01
4.219687652587890625e+01
4.772055435180664062e+01
3.673816680908203125e+01
4.824204254150390625e+01
6.543516540527343750e+01
3.717176055908203125e+01
6.600115966796875000e+01
5.511226654052734375e+01
1.253952941894531250e+02
1.060000915527343750e+02
3.433360290527343750e+01
4.078288269042968750e+01
4.945061111450195312e+01
4.765917968750000000e+01
6.357377243041992188e+01
4.105194091796875000e+01
5.109845352172851562e+01
6.415223693847656250e+01
5.022119140625000000e+01
1.075420532226562500e+02
9.855245208740234375e+01
6.345962524414062500e+01
3.764700317382812500e+01
7.933255004882812500e+01
3.754947280883789062e+01
1.062880630493164062e+02
7.095699310302734375e+01
1.641230316162109375e+02
3.585133361816406250e+01
4.684342956542968750e+01
8.968988037109375000e+01
3.167892456054687500e+01
5.552711868286132812e+01
5.376877212524414062e+01
3.000000000000000000e+01
3.600257110595703125e+01
3.000000000000000000e+01
6.903356170654296875e+01
1.274885482788085938e+02
4.338655471801757812e+01
4.531533050537109375e+01
1.003268585205078125e+02
4.979974746704101562e+01
8.581423187255859375e+01
5.235148239135742188e+01
4.720994949340820312e+01
6.204749679565429688e+01
5.201715087890625000e+01
3.519131088256835938e+01
4.291828536987304688e+01
5.340093994140625000e+01
6.585133361816406250e+01
5.667118835449218750e+01
4.616638946533203125e+01
5.619876480102539062e+01
4.344400787353515625e+01
1.047214508056640625e+02
5.837466049194335938e+01
3.500006103515625000e+01
5.529601287841796875e+01
3.996402740478515625e+01
1.206353073120117188e+02
4.325574874877929688e+01
4.770834350585937500e+01
7.277059173583984375e+01
4.750627136230468750e+01
9.754266357421875000e+01
6.439855194091796875e+01
6.014951705932617188e+01
7.433645629882812500e+01
4.993983459472656250e+01
7.684378814697265625e+01
1.003554077148437500e+02
5.119554138183593750e+01
1.129094390869140625e+02
5.534535980224609375e+01
7.555957794189453125e+01
5.898870468139648438e+01
8.053354644775390625e+01
4.345000457763671875e+01
1.236353912353515625e+02
3.340808868408203125e+01
1.417518615722656250e+02
4.275475311279296875e+01
6.626686096191406250e+01
3.556386566162109375e+01
6.403075408935546875e+01
4.486312484741210938e+01
3.508242797851562500e+01
7.155496215820312500e+01
4.491607666015625000e+01
6.480065155029296875e+01
5.109107208251953125e+01
3.062512779235839844e+01
1.261454925537109375e+02
4.381767272949218750e+01
4.930163574218750000e+01
3.158640289306640625e+01
3.000000000000000000e+01
5.928603363037109375e+01
6.246832275390625000e+01
4.002919769287109375e+01
5.383115386962890625e+01
7.035694885253906250e+01
5.200223541259765625e+01
7.333928680419921875e+01
6.704229736328125000e+01
6.770278930664062500e+01
5.892366790771484375e+01
3.898912048339843750e+01
3.000000000000000000e+01
4.478012084960937500e+01
7.903546142578125000e+01
5.743228149414062500e+01
4.712054061889648438e+01
4.517750549316406250e+01
5.747825622558593750e+01
5.848209381103515625e+01
3.929901123046875000e+01
4.704011917114257812e+01
4.773452377319335938e+01
4.538091659545898438e+01
8.633621978759765625e+01
1.475394744873046875e+02
6.140642547607421875e+01
5.530786132812500000e+01
1.268933258056640625e+02
6.233930969238281250e+01
3.000000000000000000e+01
5.446881866455078125e+01
4.107466888427734375e+01
6.317797470092773438e+01
5.266557312011718750e+01
1.116179809570312500e+02
3.749165344238281250e+01
4.928002166748046875e+01
9.327893066406250000e+01
4.206320190429687500e+01
4.943055725097656250e+01
3.793931198120117188e+01
4.958998870849609375e+01
4.158782196044921875e+01
6.140058135986328125e+01
4.223899841308593750e+01
4.604943084716796875e+01
3.706963348388671875e+01
6.612011718750000000e+01
9.711191558837890625e+01
3.626372528076171875e+01
4.116706466674804688e+01
3.823896789550781250e+01
6.339102172851562500e+01
1.100299072265625000e+02
6.524844360351562500e+01
1.359479064941406250e+02
3.772242355346679688e+01
5.340159606933593750e+01
6.485704803466796875e+01
4.948686981201171875e+01
3.600230789184570312e+01
6.518895721435546875e+01
4.707088470458984375e+01
4.682495117187500000e+01
7.312445831298828125e+01
5.325315093994140625e+01
4.538565826416015625e+01
1.277819824218750000e+02
1.139714431762695312e+02
6.671423339843750000e+01
9.646524047851562500e+01
3.000000000000000000e+01
5.014617538452148438e+01
1.366338653564453125e+02
1.835471343994140625e+02
5.512874603271484375e+01
6.379764556884765625e+01
4.439997863769531250e+01
3.904521942138671875e+01
1.003160552978515625e+02
4.549041366577148438e+01
5.242019653320312500e+01
3.970692443847656250e+01
4.103942108154296875e+01
3.624122619628906250e+01
1.328193664550781250e+02
6.878706359863281250e+01
5.322428894042968750e+01
4.533185195922851562e+01
4.244039535522460938e+01
1.117725219726562500e+02
4.394621658325195312e+01
1.478443450927734375e+02
6.129417037963867188e+01
6.313151931762695312e+01
5.889014053344726562e+01
5.031651687622070312e+01
4.939330291748046875e+01
6.671423339843750000e+01
7.094081878662109375e+01
1.795497894287109375e+02
3.711654281616210938e+01
7.722583007812500000e+01
8.161552429199218750e+01
9.899695587158203125e+01
9.647752380371093750e+01
7.958753967285156250e+01
7.431655883789062500e+01
6.160249328613281250e+01
4.593674468994140625e+01
6.420323181152343750e+01
3.965737915039062500e+01
3.000000000000000000e+01
6.638113403320312500e+01
4.010155868530273438e+01
4.033860778808593750e+01
4.254979324340820312e+01
3.000000000000000000e+01
3.000000000000000000e+01
8.343424224853515625e+01
4.213385009765625000e+01
3.579822540283203125e+01
5.279965591430664062e+01
5.217787170410156250e+01
5.845962524414062500e+01
5.347029113769531250e+01
4.800254440307617188e+01
3.203345108032226562e+01
3.818235778808593750e+01
6.874941253662109375e+01
6.178715515136718750e+01
4.322586822509765625e+01
7.507447052001953125e+01
8.413493347167968750e+01
6.448614501953125000e+01
1.268636322021484375e+02
1.509062194824218750e+02
3.000000000000000000e+01
1.018208236694335938e+02
1.081830291748046875e+02
1.011254806518554688e+02
4.436354064941406250e+01
3.844857788085937500e+01
1.247430572509765625e+02
5.704128265380859375e+01
7.933255004882812500e+01
4.939408111572265625e+01
5.417203521728515625e+01
4.332785797119140625e+01
5.502106475830078125e+01
3.836479187011718750e+01
3.957329940795898438e+01
3.992126846313476562e+01
3.588425445556640625e+01
1.191222305297851562e+02
3.064273262023925781e+01
7.254859161376953125e+01
4.863851928710937500e+01
5.311601257324218750e+01
4.592863845825195312e+01
4.403791809082031250e+01
4.818569946289062500e+01
6.642203521728515625e+01
5.498125076293945312e+01
4.971254730224609375e+01
3.347045135498046875e+01
5.677372360229492188e+01
8.554911804199218750e+01
4.185463714599609375e+01
6.448614501953125000e+01
4.934052276611328125e+01
4.525627899169921875e+01
1.588441314697265625e+02
4.181561279296875000e+01
3.887987518310546875e+01
1.220236206054687500e+02
1.544015045166015625e+02
1.955297546386718750e+02
4.773987579345703125e+01
7.578125000000000000e+01
3.000000000000000000e+01
8.794536590576171875e+01
6.503813934326171875e+01
3.371435165405273438e+01
1.552401885986328125e+02
6.115392684936523438e+01
6.340010070800781250e+01
1.349686431884765625e+02
5.989030838012695312e+01
6.278155136108398438e+01
1.040755920410156250e+02
3.682266616821289062e+01
7.498123931884765625e+01
1.110209197998046875e+02
3.000000000000000000e+01
5.628152465820312500e+01
5.732314300537109375e+01
5.475634002685546875e+01
1.149067687988281250e+02
1.343660125732421875e+02
3.675857925415039062e+01
1.365378875732421875e+02
8.611041259765625000e+01
5.199660491943359375e+01
6.110144042968750000e+01
8.371497344970703125e+01
3.000000000000000000e+01
3.850031661987304688e+01
3.000000000000000000e+01
4.067048645019531250e+01
6.522943878173828125e+01
1.139714431762695312e+02
5.413944625854492188e+01
4.921019744873046875e+01
4.501548004150390625e+01
2.769688110351562500e+02
3.610969543457031250e+01
4.822471618652343750e+01
3.318509674072265625e+01
3.000000000000000000e+01
4.082731246948242188e+01
7.056222534179687500e+01
7.841511535644531250e+01
9.905654907226562500e+01
4.719804382324218750e+01
4.265343856811523438e+01
5.085869598388671875e+01
4.322761535644531250e+01
1.450454711914062500e+02
4.557803726196289062e+01
4.638569259643554688e+01
5.487444686889648438e+01
4.576408386230468750e+01
5.569917678833007812e+01
6.171914672851562500e+01
1.334735412597656250e+02
7.180509948730468750e+01
8.371222686767578125e+01
5.453950500488281250e+01
4.169668579101562500e+01
6.680482482910156250e+01
3.000000000000000000e+01
7.868773651123046875e+01
6.850259399414062500e+01
3.181307983398437500e+01
3.432001495361328125e+01
9.645032501220703125e+01
3.000000000000000000e+01
4.433503341674804688e+01
1.441468048095703125e+02
5.067867279052734375e+01
4.475888824462890625e+01
7.267362976074218750e+01
4.126059722900390625e+01
5.763902282714843750e+01
9.657671356201171875e+01
5.445711517333984375e+01
7.254859161376953125e+01
2.286316833496093750e+02
5.502106475830078125e+01
1.286599426269531250e+02
4.178172302246093750e+01
5.067649078369140625e+01
9.076821136474609375e+01
5.996374130249023438e+01
5.888596343994140625e+01
6.657032012939453125e+01
3.000000000000000000e+01
7.001593780517578125e+01
5.540953826904296875e+01
7.070344543457031250e+01
4.411972808837890625e+01
5.102552032470703125e+01
6.975663757324218750e+01
9.258805084228515625e+01
9.145878601074218750e+01
6.217984771728515625e+01
5.898870468139648438e+01
5.223545455932617188e+01
6.122348403930664062e+01
7.278208923339843750e+01
3.317975997924804688e+01
1.067061233520507812e+02
9.221253204345703125e+01
3.693640136718750000e+01
1.044901351928710938e+02
8.244643402099609375e+01
4.416433715820312500e+01
4.423986053466796875e+01
4.732538604736328125e+01
4.553435897827148438e+01
1.905420074462890625e+02
3.000000000000000000e+01
5.565093994140625000e+01
5.584727478027343750e+01
4.327934265136718750e+01
8.735304260253906250e+01
4.222952270507812500e+01
4.550099182128906250e+01
1.385794219970703125e+02
6.178715515136718750e+01
8.556689453125000000e+01
3.972760009765625000e+01
4.390011978149414062e+01
6.009580612182617188e+01
8.621549987792968750e+01
9.166262054443359375e+01
9.039662170410156250e+01
7.271305084228515625e+01
4.577482223510742188e+01
6.767053985595703125e+01
8.811899566650390625e+01
4.831809997558593750e+01
4.943055725097656250e+01
8.188716125488281250e+01
8.090093231201171875e+01
6.185414123535156250e+01
5.727542495727539062e+01
5.352033615112304688e+01
3.223621368408203125e+01
3.922452926635742188e+01
3.000000000000000000e+01
3.000000000000000000e+01
3.953711700439453125e+01
3.303843307495117188e+01
4.551299285888671875e+01
4.901683044433593750e+01
4.488666534423828125e+01
7.565112304687500000e+01
6.136899185180664062e+01
4.603237533569335938e+01
4.077282333374023438e+01
5.016341400146484375e+01
6.187799835205078125e+01
3.000000000000000000e+01
3.401861953735351562e+01
7.054160308837890625e+01
4.115869903564453125e+01
5.728279113769531250e+01
3.449608612060546875e+01
5.160747909545898438e+01
3.000000000000000000e+01
4.553435516357421875e+01
1.255220336914062500e+02
4.395726776123046875e+01
3.294699478149414062e+01
5.713877487182617188e+01
4.638569259643554688e+01
7.482236480712890625e+01
3.000000000000000000e+01
5.223981475830078125e+01
1.380386199951171875e+02
4.802154922485351562e+01
1.133958740234375000e+02
1.266027679443359375e+02
3.943737030029296875e+01
3.172897911071777344e+01
8.598225402832031250e+01
4.374568939208984375e+01
6.555091857910156250e+01
4.533185577392578125e+01
1.239894027709960938e+02
4.233928680419921875e+01
7.181318664550781250e+01
4.651938629150390625e+01
3.000000000000000000e+01
5.273222732543945312e+01
1.127314758300781250e+02
5.792744827270507812e+01
5.783817291259765625e+01
6.424443817138671875e+01
3.564546203613281250e+01
3.386688232421875000e+01
5.124681091308593750e+01
4.771160888671875000e+01
4.419622802734375000e+01
4.225386047363281250e+01
4.015835189819335938e+01
4.303852462768554688e+01
4.834695434570312500e+01
5.510845947265625000e+01
4.774802017211914062e+01
5.656191253662109375e+01
5.552711868286132812e+01
6.640225982666015625e+01
1.116179809570312500e+02
5.512751770019531250e+01
1.065183944702148438e+02
8.677268218994140625e+01
1.214137420654296875e+02
3.936997985839843750e+01
5.961631011962890625e+01
5.949361801147460938e+01
3.000000000000000000e+01
7.351820373535156250e+01
7.017663574218750000e+01
8.287767791748046875e+01
8.030188751220703125e+01
4.338655853271484375e+01
4.872460937500000000e+01
6.578490447998046875e+01
8.802424621582031250e+01
4.710122680664062500e+01
5.768812561035156250e+01
4.921424484252929688e+01
3.982272338867187500e+01
1.007190017700195312e+02
4.105194091796875000e+01
5.313412475585937500e+01
4.437286376953125000e+01
4.911734008789062500e+01
5.045343017578125000e+01
9.647968292236328125e+01
4.552346420288085938e+01
3.316648101806640625e+01
3.223281478881835938e+01
9.905654907226562500e+01
5.101732635498046875e+01
4.912997817993164062e+01
5.865410995483398438e+01
6.157102966308593750e+01
5.284808349609375000e+01
6.203426742553710938e+01
5.153141403198242188e+01
6.663838958740234375e+01
4.075601196289062500e+01
5.527128601074218750e+01
6.910015106201171875e+01
8.796792602539062500e+01
7.924899291992187500e+01
4.825912475585937500e+01
3.581052017211914062e+01
7.595027160644531250e+01
7.549962615966796875e+01
4.881494140625000000e+01
5.892010879516601562e+01
6.074659729003906250e+01
3.899328231811523438e+01
5.228114318847656250e+01
3.971831130981445312e+01
3.042514801025390625e+01
5.106881332397460938e+01
7.675590515136718750e+01
6.975662994384765625e+01
5.690066528320312500e+01
5.109941101074218750e+01
3.886094284057617188e+01
8.014175415039062500e+01
1.111518325805664062e+02
7.221461486816406250e+01
3.291915893554687500e+01
1.214137496948242188e+02
4.773987197875976562e+01
6.299729156494140625e+01
8.090093231201171875e+01
3.789503479003906250e+01
3.774531173706054688e+01
7.150234985351562500e+01
3.000000000000000000e+01
4.273769760131835938e+01
2.402733764648437500e+02
5.333219146728515625e+01
3.615583038330078125e+01
4.290550613403320312e+01
1.354212951660156250e+02
6.694282531738281250e+01
5.930593872070312500e+01
1.068628845214843750e+02
5.001370620727539062e+01
1.374537963867187500e+02
7.927565002441406250e+01
8.712675476074218750e+01
3.305801010131835938e+01
4.311125564575195312e+01
6.057232666015625000e+01
7.082714843750000000e+01
6.561011505126953125e+01
5.498125076293945312e+01
5.060240554809570312e+01
3.000000000000000000e+01
4.773759841918945312e+01
6.007020568847656250e+01
5.998339843750000000e+01
3.997984313964843750e+01
7.097351837158203125e+01
7.618453979492187500e+01
3.817745590209960938e+01
3.351833343505859375e+01
5.428320312500000000e+01
3.000000000000000000e+01
4.826421356201171875e+01
9.924993133544921875e+01
5.581332778930664062e+01
6.827866363525390625e+01
4.994699859619140625e+01
4.238243103027343750e+01
3.613977813720703125e+01
9.754267120361328125e+01
6.764636230468750000e+01
8.417680358886718750e+01
1.183690795898437500e+02
5.808034515380859375e+01
4.883257675170898438e+01
3.561707687377929688e+01
5.398983383178710938e+01
4.958345794677734375e+01
6.611824035644531250e+01
1.905420074462890625e+02
5.217453384399414062e+01
5.652004241943359375e+01
6.012310791015625000e+01
5.616503906250000000e+01
4.961588287353515625e+01
5.850792694091796875e+01
5.515460205078125000e+01
6.022313308715820312e+01
1.159521560668945312e+02
3.000000000000000000e+01
3.000000000000000000e+01
6.227376174926757812e+01
1.029830932617187500e+02
6.674527740478515625e+01
1.133958740234375000e+02
3.479277038574218750e+01
5.775685119628906250e+01
5.039861297607421875e+01
7.611167144775390625e+01
1.653551635742187500e+02
6.551182556152343750e+01
4.972313690185546875e+01
5.017436981201171875e+01
3.694879531860351562e+01
4.905174636840820312e+01
8.255035400390625000e+01
3.720256805419921875e+01
3.564588165283203125e+01
5.218610382080078125e+01
8.167480468750000000e+01
5.686220550537109375e+01
1.001821594238281250e+02
3.746767425537109375e+01
4.895283508300781250e+01
5.704128646850585938e+01
8.041819000244140625e+01
5.310633087158203125e+01
4.756775665283203125e+01
4.785605239868164062e+01
4.190483474731445312e+01
3.668676376342773438e+01
4.557803726196289062e+01
4.449447631835937500e+01
7.001046752929687500e+01
5.067867660522460938e+01
3.874282836914062500e+01
3.000000000000000000e+01
4.554223632812500000e+01
4.822471618652343750e+01
3.370557785034179688e+01
1.266307220458984375e+02
3.000000000000000000e+01
5.832837677001953125e+01
1.021661453247070312e+02
4.422173309326171875e+01
3.000000000000000000e+01
3.000000000000000000e+01
6.626686096191406250e+01
6.565972137451171875e+01
5.687958908081054688e+01
4.900682830810546875e+01
6.248147583007812500e+01
6.957772064208984375e+01
6.717436981201171875e+01
4.155461883544921875e+01
7.529911041259765625e+01
4.484495925903320312e+01
6.009580612182617188e+01
5.830769348144531250e+01
3.354990005493164062e+01
3.759128570556640625e+01
5.705371856689453125e+01
5.441455078125000000e+01
4.671863937377929688e+01
5.845962524414062500e+01
5.333987045288085938e+01
5.277727508544921875e+01
7.009563446044921875e+01
8.807792663574218750e+01
5.483748626708984375e+01
8.780486297607421875e+01
4.412973022460937500e+01
5.325315093994140625e+01
5.082926177978515625e+01
7.070625305175781250e+01
7.729283142089843750e+01
5.778215026855468750e+01
8.962902069091796875e+01
3.976686859130859375e+01
8.769670104980468750e+01
5.021442413330078125e+01
5.859268188476562500e+01
1.008955459594726562e+02
1.387390899658203125e+02
1.188550109863281250e+02
4.130839920043945312e+01
3.411116409301757812e+01
5.491480255126953125e+01
6.667903137207031250e+01
9.145878601074218750e+01
8.764613342285156250e+01
5.610487747192382812e+01
9.299896240234375000e+01
5.428320312500000000e+01
4.620970916748046875e+01
3.000775146484375000e+01
5.806391906738281250e+01
5.786681365966796875e+01
3.632600402832031250e+01
3.690089416503906250e+01
7.933761596679687500e+01
6.699465942382812500e+01
4.735147857666015625e+01
8.353136444091796875e+01
3.159048271179199219e+01
4.315036773681640625e+01
5.144495391845703125e+01
5.122523498535156250e+01
5.070398712158203125e+01
4.756775665283203125e+01
2.154865112304687500e+02
6.263787841796875000e+01
4.993851470947265625e+01
3.790002059936523438e+01
5.461570739746093750e+01
1.305281219482421875e+02
4.196797561645507812e+01
4.520674514770507812e+01
6.274633026123046875e+01
3.997984313964843750e+01
8.443268585205078125e+01
4.306364440917968750e+01
5.986167526245117188e+01
5.094108200073242188e+01
4.089513397216796875e+01
4.567517852783203125e+01
4.392478179931640625e+01
5.253674697875976562e+01
5.105297470092773438e+01
2.358129272460937500e+02
3.981451416015625000e+01
4.877363204956054688e+01
7.098175048828125000e+01
5.527586746215820312e+01
4.646018600463867188e+01
4.077159881591796875e+01
3.250021362304687500e+01
5.098034667968750000e+01
3.264405441284179688e+01
4.860130310058593750e+01
5.582746887207031250e+01
3.987395477294921875e+01
4.630240631103515625e+01
3.489861297607421875e+01
3.943737030029296875e+01
4.625460052490234375e+01
3.164197731018066406e+01
5.566245651245117188e+01
7.806680297851562500e+01
3.164671134948730469e+01
5.281289672851562500e+01
5.279965591430664062e+01
8.154248046875000000e+01
4.450082015991210938e+01
1.003754425048828125e+02
4.150115966796875000e+01
9.039662170410156250e+01
8.214331054687500000e+01
4.711878967285156250e+01
1.008955459594726562e+02
3.292210006713867188e+01
3.083704566955566406e+01
4.234512710571289062e+01
4.431968688964843750e+01
1.324412689208984375e+02
5.455937194824218750e+01
4.627058410644531250e+01
7.473228454589843750e+01
4.438865661621093750e+01
1.042481460571289062e+02
7.174571990966796875e+01
4.688559341430664062e+01
5.736981201171875000e+01
6.927992248535156250e+01
8.501760864257812500e+01
6.722303009033203125e+01
7.228866577148437500e+01
3.800414276123046875e+01
3.799016189575195312e+01
5.079958343505859375e+01
7.956126403808593750e+01
1.128337249755859375e+02
9.058511352539062500e+01
1.274543304443359375e+02
4.946726989746093750e+01
4.371448516845703125e+01
4.877807998657226562e+01
3.000000000000000000e+01
5.219781494140625000e+01
3.000000000000000000e+01
3.000000000000000000e+01
7.394796752929687500e+01
1.154447250366210938e+02
6.051180267333984375e+01
3.000000000000000000e+01
5.692658615112304688e+01
6.853427124023437500e+01
3.927891540527343750e+01
5.214771652221679688e+01
6.611824035644531250e+01
4.164099884033203125e+01
8.748980712890625000e+01
4.905175018310546875e+01
5.895885086059570312e+01
6.129941558837890625e+01
3.910420227050781250e+01
3.430576324462890625e+01
5.703465270996093750e+01
3.916073608398437500e+01
6.605892944335937500e+01
7.506527709960937500e+01
5.312855529785156250e+01
9.646524047851562500e+01
6.389086914062500000e+01
3.598423004150390625e+01
3.000000000000000000e+01
3.484609985351562500e+01
3.660425186157226562e+01
3.927235794067382812e+01
3.377943801879882812e+01
3.963562774658203125e+01
1.001090087890625000e+02
4.265343856811523438e+01
3.567461395263671875e+01
9.258805084228515625e+01
7.366175842285156250e+01
4.368054199218750000e+01
6.023484039306640625e+01
7.236013031005859375e+01
4.488666534423828125e+01
4.515148925781250000e+01
1.018152465820312500e+02
4.761947631835937500e+01
7.505976867675781250e+01
4.824204254150390625e+01
3.000000000000000000e+01
6.357377243041992188e+01
4.603647613525390625e+01
3.678576660156250000e+01
5.017118453979492188e+01
4.209146118164062500e+01
5.358696365356445312e+01
3.987564849853515625e+01
6.115392684936523438e+01
3.000000000000000000e+01
3.755030441284179688e+01
7.633268737792968750e+01
8.746331787109375000e+01
5.047871780395507812e+01
9.757130432128906250e+01
5.003657531738281250e+01
3.031548500061035156e+01
9.167657470703125000e+01
1.014092483520507812e+02
4.173227691650390625e+01
6.730042266845703125e+01
5.134339141845703125e+01
4.690066528320312500e+01
3.789470672607421875e+01
7.841893005371093750e+01
5.134098052978515625e+01
3.880720138549804688e+01
3.972760391235351562e+01
5.395773315429687500e+01
6.060365676879882812e+01
3.382346343994140625e+01
6.283910751342773438e+01
6.018621826171875000e+01
5.235148239135742188e+01
7.196192932128906250e+01
8.534048461914062500e+01
3.661177062988281250e+01
4.957810592651367188e+01
3.278036880493164062e+01
5.563422775268554688e+01
6.585133361816406250e+01
9.062149810791015625e+01
5.986167526245117188e+01
5.523415374755859375e+01
6.127705764770507812e+01
6.283911132812500000e+01
4.078174972534179688e+01
4.901644134521484375e+01
4.515203857421875000e+01
4.861222457885742188e+01
6.692498779296875000e+01
5.061298370361328125e+01
3.689469146728515625e+01
6.878706359863281250e+01
4.985084533691406250e+01
7.586838531494140625e+01
3.000000000000000000e+01
5.784665679931640625e+01
4.211894607543945312e+01
5.624531555175781250e+01
7.465718078613281250e+01
3.569714736938476562e+01
5.444760894775390625e+01
3.843573760986328125e+01
7.442330932617187500e+01
6.657859802246093750e+01
4.283662414550781250e+01
4.239991378784179688e+01
4.294174194335937500e+01
9.582987976074218750e+01
7.575127410888671875e+01
3.580045318603515625e+01
5.059927368164062500e+01
6.232889175415039062e+01
5.118419647216796875e+01
5.530786514282226562e+01
3.194701766967773438e+01
7.146982574462890625e+01
4.350292587280273438e+01
3.889162445068359375e+01
4.422011566162109375e+01
4.397522354125976562e+01
6.698594665527343750e+01
3.000000000000000000e+01
9.076821136474609375e+01
5.624216461181640625e+01
4.928002166748046875e+01
3.979386901855468750e+01
5.119095611572265625e+01
5.486435699462890625e+01
5.256770324707031250e+01
3.411116409301757812e+01
4.282388305664062500e+01
3.578902053833007812e+01
5.096535491943359375e+01
5.334803009033203125e+01
6.006515121459960938e+01
7.544329833984375000e+01
6.020583724975585938e+01
5.449501037597656250e+01
4.991255187988281250e+01
3.000000000000000000e+01
3.078052902221679688e+01
5.119095611572265625e+01
8.962901306152343750e+01
4.229146957397460938e+01
4.929129409790039062e+01
3.000000000000000000e+01
6.859676361083984375e+01
5.637115859985351562e+01
8.336755371093750000e+01
3.709981918334960938e+01
3.300990676879882812e+01
5.726390075683593750e+01
3.556351852416992188e+01
3.771795654296875000e+01
3.372980499267578125e+01
4.956112289428710938e+01
3.000000000000000000e+01
3.000000000000000000e+01
3.738797760009765625e+01
4.201533508300781250e+01
7.562157440185546875e+01
4.078909301757812500e+01
9.062149810791015625e+01
5.686445999145507812e+01
4.380008316040039062e+01
4.126834869384765625e+01
3.951192474365234375e+01
3.716426086425781250e+01
4.612255859375000000e+01
5.765174865722656250e+01
7.841511535644531250e+01
5.223981475830078125e+01
4.447653198242187500e+01
4.587542724609375000e+01
7.873723602294921875e+01
5.509472656250000000e+01
4.850334167480468750e+01
3.000000000000000000e+01
3.000000000000000000e+01
3.639149093627929688e+01
3.354990005493164062e+01
6.364109802246093750e+01
3.804517364501953125e+01
4.382853317260742188e+01
4.102238082885742188e+01
3.187839889526367188e+01
3.954721832275390625e+01
4.878721618652343750e+01
4.047237396240234375e+01
6.893081665039062500e+01
3.579374694824218750e+01
7.277059173583984375e+01
5.686445999145507812e+01
6.268144226074218750e+01
3.000000000000000000e+01
4.002588272094726562e+01
5.793054580688476562e+01
3.000000000000000000e+01
5.058113098144531250e+01
7.788763427734375000e+01
3.000000000000000000e+01
4.793590545654296875e+01
5.334745025634765625e+01
3.172898101806640625e+01
5.411159515380859375e+01
4.719804382324218750e+01
3.332632064819335938e+01
4.268043518066406250e+01
7.893293762207031250e+01
4.757837677001953125e+01
6.927992248535156250e+01
7.998777770996093750e+01
3.216427230834960938e+01
6.409088897705078125e+01
4.562970352172851562e+01
5.888596343994140625e+01
4.197769165039062500e+01
4.383793640136718750e+01
6.518895721435546875e+01
6.171914291381835938e+01
4.182251739501953125e+01
6.022447586059570312e+01
7.461560058593750000e+01
3.692336273193359375e+01
9.268606567382812500e+01
4.372180557250976562e+01
3.000000000000000000e+01
4.296530914306640625e+01
4.467932128906250000e+01
3.000000000000000000e+01
6.641912078857421875e+01
5.170091247558593750e+01
4.877362823486328125e+01
4.679975128173828125e+01
4.053927993774414062e+01
4.277264022827148438e+01
4.052776336669921875e+01
7.884972381591796875e+01
4.578227233886718750e+01
3.815154266357421875e+01
5.939992904663085938e+01
4.640080261230468750e+01
4.840010833740234375e+01
4.079621124267578125e+01
4.239991378784179688e+01
3.000000000000000000e+01
3.518557739257812500e+01
3.670771789550781250e+01
4.387834167480468750e+01
3.000000000000000000e+01
4.237907409667968750e+01
6.227376174926757812e+01
3.000000000000000000e+01
4.419622802734375000e+01
4.862432861328125000e+01
7.266684722900390625e+01
4.109717941284179688e+01
7.600439453125000000e+01
1.096958465576171875e+02
4.872702789306640625e+01
4.930163574218750000e+01
3.923195648193359375e+01
4.830594253540039062e+01
4.316925811767578125e+01
4.468803405761718750e+01
5.212219238281250000e+01
1.183690795898437500e+02
4.824824523925781250e+01
3.819952774047851562e+01
4.822199249267578125e+01
4.766684722900390625e+01
3.586518478393554688e+01
5.273222732543945312e+01
5.122523880004882812e+01
5.432919692993164062e+01
3.000000000000000000e+01
5.579600143432617188e+01
3.828910446166992188e+01
4.389393997192382812e+01
5.228113937377929688e+01
4.168665695190429688e+01
4.742884826660156250e+01
4.976771926879882812e+01
3.038582229614257812e+01
6.391511917114257812e+01
4.528031158447265625e+01
4.514822387695312500e+01
6.674527740478515625e+01
4.187718582153320312e+01
3.654717254638671875e+01
4.961588287353515625e+01
4.663201904296875000e+01
3.000000000000000000e+01
5.707773590087890625e+01
4.769902038574218750e+01
4.903472137451171875e+01
3.689991760253906250e+01
5.137296295166015625e+01
6.040447998046875000e+01
5.196024322509765625e+01
5.366683578491210938e+01
4.541436767578125000e+01
3.435721588134765625e+01
5.173515319824218750e+01
6.819923400878906250e+01
3.936997985839843750e+01
4.237210845947265625e+01
5.742541122436523438e+01
5.332894897460937500e+01
4.797340011596679688e+01
6.684545898437500000e+01
4.223517227172851562e+01
5.200944519042968750e+01
3.782979583740234375e+01
9.870068359375000000e+01
7.724493408203125000e+01
4.120700073242187500e+01
5.388328170776367188e+01
3.000000000000000000e+01
7.157247161865234375e+01
3.392334365844726562e+01
3.822433471679687500e+01
8.134748840332031250e+01
4.353007507324218750e+01
4.946866226196289062e+01
5.142139434814453125e+01
1.016823501586914062e+02
4.057946777343750000e+01
4.274754333496093750e+01
3.229701995849609375e+01
5.076361083984375000e+01
4.116834259033203125e+01
3.562251663208007812e+01
5.584280776977539062e+01
7.908020782470703125e+01
5.377273559570312500e+01
4.611287689208984375e+01
4.245702743530273438e+01
5.730406188964843750e+01
4.318919372558593750e+01
4.336740112304687500e+01
5.140198898315429688e+01
1.003754425048828125e+02
5.827839660644531250e+01
8.304055786132812500e+01
5.734937667846679688e+01
7.088888549804687500e+01
5.479936981201171875e+01
3.000000000000000000e+01
3.890470886230468750e+01
5.515103530883789062e+01
4.049691772460937500e+01
3.911444473266601562e+01
3.633512115478515625e+01
4.020022583007812500e+01
3.866453552246093750e+01
3.344742202758789062e+01
3.314303970336914062e+01
4.701020812988281250e+01
6.569728088378906250e+01
4.844892120361328125e+01
3.038507652282714844e+01
4.867704010009765625e+01
3.368397521972656250e+01
3.000000000000000000e+01
4.329740142822265625e+01
6.439855957031250000e+01
5.202793884277343750e+01
4.922432708740234375e+01
3.000000000000000000e+01
6.767053985595703125e+01
6.016102600097656250e+01
3.000000000000000000e+01
9.582987976074218750e+01
3.675717926025390625e+01
1.023750915527343750e+02
3.881978225708007812e+01
6.264242935180664062e+01
6.918600463867187500e+01
3.711645507812500000e+01
3.078961563110351562e+01
3.206179428100585938e+01
5.396671295166015625e+01
4.169668579101562500e+01
4.451296997070312500e+01
4.049118804931640625e+01
4.037738800048828125e+01
4.181357192993164062e+01
8.443268585205078125e+01
7.143821716308593750e+01
8.413493347167968750e+01
3.637557983398437500e+01
3.596871948242187500e+01
5.171009826660156250e+01
3.866453552246093750e+01
6.505661773681640625e+01
5.582086181640625000e+01
6.293248748779296875e+01
4.639554214477539062e+01
4.480304336547851562e+01
3.890053939819335938e+01
4.174850082397460938e+01
3.000000000000000000e+01
7.639486694335937500e+01
4.262974929809570312e+01
4.064819335937500000e+01
3.000000000000000000e+01
4.553740310668945312e+01
4.814968490600585938e+01
3.051285171508789062e+01
4.525627899169921875e+01
5.926028442382812500e+01
3.248156356811523438e+01
5.892366790771484375e+01
7.473228454589843750e+01
3.000000000000000000e+01
6.459121704101562500e+01
4.815384674072265625e+01
4.235279846191406250e+01
4.149172973632812500e+01
4.742755126953125000e+01
4.064920806884765625e+01
4.071992874145507812e+01
4.104163360595703125e+01
4.476464462280273438e+01
3.063442039489746094e+01
4.360617065429687500e+01
4.122291946411132812e+01
4.137377929687500000e+01
3.135148429870605469e+01
3.000000000000000000e+01
3.704694366455078125e+01
5.759125900268554688e+01
4.448917770385742188e+01
1.016823577880859375e+02
4.304757690429687500e+01
3.381989669799804688e+01
3.000000000000000000e+01
8.038106536865234375e+01
3.000000000000000000e+01
4.634430313110351562e+01
7.639486694335937500e+01
4.178303909301757812e+01
3.842306518554687500e+01
4.456785202026367188e+01
4.551299667358398438e+01
9.511452484130859375e+01
9.005959320068359375e+01
6.029137420654296875e+01
8.026454925537109375e+01
3.585133361816406250e+01
3.785865783691406250e+01
7.097661590576171875e+01
4.167364120483398438e+01
5.402570343017578125e+01
5.761415863037109375e+01
4.257763671875000000e+01
3.152135086059570312e+01
5.168132781982421875e+01
3.589753723144531250e+01
5.375782775878906250e+01
4.525936126708984375e+01
4.875671386718750000e+01
3.407409667968750000e+01
3.291915893554687500e+01
4.562970352172851562e+01
3.232593917846679688e+01
4.163002395629882812e+01
7.315416717529296875e+01
4.010788345336914062e+01
3.237071228027343750e+01
6.604993438720703125e+01
4.894096374511718750e+01
3.741919326782226562e+01
3.770460510253906250e+01
4.639515686035156250e+01
4.211644363403320312e+01
3.786810302734375000e+01
3.512792205810546875e+01
4.277728271484375000e+01
7.356864166259765625e+01
5.808097839355468750e+01
5.405624771118164062e+01
3.416619110107421875e+01
4.270769500732421875e+01
4.132071304321289062e+01
3.665428161621093750e+01
5.278485870361328125e+01
4.076616287231445312e+01
3.926690673828125000e+01
3.608973312377929688e+01
3.705895996093750000e+01
3.075335693359375000e+01
3.000000000000000000e+01
5.524320983886718750e+01
4.768727493286132812e+01
4.824824523925781250e+01
5.070398712158203125e+01
4.379450988769531250e+01
3.976497650146484375e+01
5.282017517089843750e+01
3.000000000000000000e+01
5.906002807617187500e+01
4.613495254516601562e+01
3.925163650512695312e+01
4.487609863281250000e+01
8.154248809814453125e+01
4.427225112915039062e+01
3.614609146118164062e+01
3.327941513061523438e+01
3.472207260131835938e+01
4.664736557006835938e+01
4.607777786254882812e+01
4.494149398803710938e+01
4.153081130981445312e+01
3.000000000000000000e+01
3.040135955810546875e+01
3.298831939697265625e+01
4.751174545288085938e+01
3.941961288452148438e+01
5.490432357788085938e+01
4.216447830200195312e+01
7.084654235839843750e+01
4.573150634765625000e+01
4.544709396362304688e+01
5.616600036621093750e+01
3.506849288940429688e+01
5.013528442382812500e+01
3.000000000000000000e+01
3.199226379394531250e+01
4.524008560180664062e+01
4.936108779907226562e+01
3.575744628906250000e+01
3.569767761230468750e+01
3.000000000000000000e+01
4.003956222534179688e+01
3.766085815429687500e+01
4.529615783691406250e+01
