4.860913467407226562e+01
6.698703002929687500e+01
3.381673431396484375e+01
3.905462646484375000e+01
6.526105499267578125e+01
6.866456604003906250e+01
3.000000000000000000e+01
6.536505889892578125e+01
5.797051620483398438e+01
1.194884033203125000e+02
4.953103637695312500e+01
1.407401275634765625e+02
4.579176712036132812e+01
4.208308029174804688e+01
3.000000000000000000e+01
7.693236541748046875e+01
6.552970886230468750e+01
3.986730194091796875e+01
4.110810852050781250e+01
1.473616485595703125e+02
4.525710296630859375e+01
9.238512420654296875e+01
3.000000000000000000e+01
4.746979141235351562e+01
4.670166015625000000e+01
7.235407257080078125e+01
3.000000000000000000e+01
5.924404907226562500e+01
1.813824462890625000e+02
5.499208068847656250e+01
6.775857543945312500e+01
4.143035125732421875e+01
4.090968322753906250e+01
1.226389617919921875e+02
7.935292053222656250e+01
6.254267883300781250e+01
6.853964233398437500e+01
5.712411880493164062e+01
4.140316390991210938e+01
3.818501281738281250e+01
4.205883407592773438e+01
3.058976936340332031e+01
5.801335144042968750e+01
5.161791610717773438e+01
3.361972045898437500e+01
4.763889312744140625e+01
3.216394424438476562e+01
6.348463439941406250e+01
1.344541625976562500e+02
5.346249389648437500e+01
4.373116302490234375e+01
4.201819610595703125e+01
6.687863159179687500e+01
4.374676895141601562e+01
1.165621185302734375e+02
4.492214202880859375e+01
7.666181945800781250e+01
4.535816192626953125e+01
7.828122711181640625e+01
6.553663635253906250e+01
5.404740142822265625e+01
7.814147186279296875e+01
4.301583862304687500e+01
8.762123107910156250e+01
8.491728210449218750e+01
5.832765960693359375e+01
4.721045684814453125e+01
3.000000000000000000e+01
5.160310363769531250e+01
5.666346740722656250e+01
6.202478790283203125e+01
3.103997230529785156e+01
8.940647888183593750e+01
3.000000000000000000e+01
6.028115463256835938e+01
5.046829223632812500e+01
4.631936264038085938e+01
4.861016464233398438e+01
4.492349243164062500e+01
6.452534484863281250e+01
3.459394836425781250e+01
6.552970886230468750e+01
5.669465637207031250e+01
1.145996704101562500e+02
1.022948150634765625e+02
5.083869934082031250e+01
4.196624374389648438e+01
4.893977355957031250e+01
4.579176712036132812e+01
5.438324737548828125e+01
4.290056610107421875e+01
5.092039489746093750e+01
6.728863525390625000e+01
4.692390441894531250e+01
8.645946502685546875e+01
7.969911193847656250e+01
6.475308227539062500e+01
4.343315124511718750e+01
8.026780700683593750e+01
4.822137832641601562e+01
1.064415588378906250e+02
6.883300781250000000e+01
1.430468444824218750e+02
3.000000000000000000e+01
4.735562896728515625e+01
8.086837768554687500e+01
3.000000000000000000e+01
5.987926483154296875e+01
4.884008026123046875e+01
5.695105743408203125e+01
4.019388580322265625e+01
3.272671127319335938e+01
7.219618225097656250e+01
1.248434600830078125e+02
4.038056182861328125e+01
4.153516387939453125e+01
9.220381164550781250e+01
5.106945419311523438e+01
7.245535278320312500e+01
4.896954727172851562e+01
4.929231262207031250e+01
6.770122528076171875e+01
4.902556610107421875e+01
4.099529266357421875e+01
3.922330474853515625e+01
5.145143127441406250e+01
5.776924133300781250e+01
5.992125701904296875e+01
4.227611541748046875e+01
5.025489807128906250e+01
4.893221282958984375e+01
1.149978866577148438e+02
5.818878173828125000e+01
3.000000000000000000e+01
5.288113021850585938e+01
3.689624023437500000e+01
1.183348999023437500e+02
4.908959579467773438e+01
3.965919876098632812e+01
8.067234039306640625e+01
4.581944656372070312e+01
9.661054992675781250e+01
7.132789611816406250e+01
5.334577941894531250e+01
6.938288116455078125e+01
5.204003906250000000e+01
9.250376892089843750e+01
1.112204055786132812e+02
5.902038574218750000e+01
1.173246612548828125e+02
5.469960021972656250e+01
7.427246856689453125e+01
5.019059753417968750e+01
5.851903152465820312e+01
5.294375991821289062e+01
1.302875823974609375e+02
3.126247596740722656e+01
1.363307647705078125e+02
4.232986831665039062e+01
5.553696823120117188e+01
3.424629974365234375e+01
5.768896484375000000e+01
5.008064270019531250e+01
4.919594192504882812e+01
7.002838134765625000e+01
3.797997665405273438e+01
5.819616699218750000e+01
5.427267837524414062e+01
3.379923248291015625e+01
1.314789581298828125e+02
5.104235076904296875e+01
4.648978424072265625e+01
4.479018020629882812e+01
3.000000000000000000e+01
5.782735443115234375e+01
6.430235290527343750e+01
4.631291198730468750e+01
5.086148071289062500e+01
6.890822601318359375e+01
5.435079956054687500e+01
6.962825775146484375e+01
6.271982574462890625e+01
7.045216369628906250e+01
6.493661499023437500e+01
4.270069885253906250e+01
3.887688827514648438e+01
4.266494369506835938e+01
8.180805969238281250e+01
5.636631774902343750e+01
4.900743865966796875e+01
4.473704528808593750e+01
6.378493499755859375e+01
5.790329742431640625e+01
4.279320526123046875e+01
5.738396453857421875e+01
3.678759002685546875e+01
4.436434173583984375e+01
7.687835693359375000e+01
1.463339538574218750e+02
7.595289611816406250e+01
6.443876647949218750e+01
1.252658843994140625e+02
8.589083099365234375e+01
3.461441802978515625e+01
4.989781188964843750e+01
4.426568603515625000e+01
7.273703002929687500e+01
6.649726104736328125e+01
1.197559356689453125e+02
3.594969558715820312e+01
4.454796981811523438e+01
9.872059631347656250e+01
4.030391311645507812e+01
3.435462951660156250e+01
4.038625717163085938e+01
3.807371520996093750e+01
4.862085723876953125e+01
5.750198364257812500e+01
4.441959762573242188e+01
4.220528411865234375e+01
3.235879516601562500e+01
6.649345397949218750e+01
9.568548583984375000e+01
4.189897918701171875e+01
4.330785369873046875e+01
3.997015380859375000e+01
5.914777374267578125e+01
1.181786499023437500e+02
6.250787353515625000e+01
1.101017150878906250e+02
3.967504501342773438e+01
4.294103240966796875e+01
5.436589050292968750e+01
4.925162506103515625e+01
4.204919052124023438e+01
6.366796875000000000e+01
4.164398956298828125e+01
4.522994613647460938e+01
7.444086456298828125e+01
6.250124359130859375e+01
4.799509048461914062e+01
1.276946945190429688e+02
1.033874130249023438e+02
5.966013336181640625e+01
8.786531066894531250e+01
3.293955612182617188e+01
5.494581604003906250e+01
1.358727416992187500e+02
2.014972381591796875e+02
4.632625961303710938e+01
6.071720504760742188e+01
3.896007156372070312e+01
5.453991317749023438e+01
1.003011779785156250e+02
4.525580596923828125e+01
6.174866485595703125e+01
4.265079879760742188e+01
3.986540222167968750e+01
4.629978561401367188e+01
1.867221984863281250e+02
4.878357315063476562e+01
5.401381683349609375e+01
5.907130813598632812e+01
4.293640899658203125e+01
1.345238037109375000e+02
5.271031951904296875e+01
1.461833648681640625e+02
7.345413208007812500e+01
8.054677581787109375e+01
5.493174743652343750e+01
5.281482696533203125e+01
4.824795532226562500e+01
5.966012954711914062e+01
6.621067810058593750e+01
1.691406097412109375e+02
3.296150207519531250e+01
7.079807281494140625e+01
8.188492584228515625e+01
9.925759124755859375e+01
1.023652343750000000e+02
6.229444503784179688e+01
7.202452850341796875e+01
6.363091278076171875e+01
4.326975631713867188e+01
5.822600555419921875e+01
3.829537963867187500e+01
3.000000000000000000e+01
5.750525665283203125e+01
3.385263061523437500e+01
3.481095123291015625e+01
3.706938934326171875e+01
3.617226409912109375e+01
3.331076812744140625e+01
1.027297210693359375e+02
3.309569931030273438e+01
3.444172668457031250e+01
4.325910186767578125e+01
5.073906707763671875e+01
5.656439208984375000e+01
5.686633300781250000e+01
6.422971343994140625e+01
3.306896209716796875e+01
3.940784835815429688e+01
7.791772460937500000e+01
5.934560775756835938e+01
3.915447235107421875e+01
7.821011352539062500e+01
8.400077819824218750e+01
7.447482299804687500e+01
1.331253204345703125e+02
1.619729766845703125e+02
3.000000000000000000e+01
9.437064361572265625e+01
1.147052307128906250e+02
9.475083160400390625e+01
3.958168029785156250e+01
3.861779403686523438e+01
1.323399047851562500e+02
6.467518615722656250e+01
8.026780700683593750e+01
4.712751770019531250e+01
4.655285644531250000e+01
4.784980773925781250e+01
4.783102416992187500e+01
3.330875015258789062e+01
4.301209259033203125e+01
3.727702331542968750e+01
3.619864654541015625e+01
8.940647888183593750e+01
3.272933197021484375e+01
7.666835784912109375e+01
5.046256637573242188e+01
5.191732788085937500e+01
4.154589843750000000e+01
4.762350082397460938e+01
5.148137664794921875e+01
8.265782165527343750e+01
4.883325958251953125e+01
3.773191070556640625e+01
3.823328399658203125e+01
5.785441207885742188e+01
9.196798706054687500e+01
4.237601470947265625e+01
7.447482299804687500e+01
4.614176177978515625e+01
4.934469223022460938e+01
1.689650878906250000e+02
3.215641784667968750e+01
4.157154083251953125e+01
1.040874023437500000e+02
1.705468597412109375e+02
1.976649169921875000e+02
4.890165328979492188e+01
7.814147949218750000e+01
3.668995285034179688e+01
1.181670608520507812e+02
5.618897628784179688e+01
3.483020019531250000e+01
1.498629760742187500e+02
6.110060119628906250e+01
6.750648498535156250e+01
1.385802307128906250e+02
6.106952667236328125e+01
6.496663665771484375e+01
9.191430664062500000e+01
3.452539062500000000e+01
8.136083984375000000e+01
1.234916763305664062e+02
3.046465682983398438e+01
5.820600891113281250e+01
6.366874694824218750e+01
4.982009124755859375e+01
9.818312072753906250e+01
1.368945922851562500e+02
7.408084106445312500e+01
1.217193450927734375e+02
8.507503509521484375e+01
5.499207687377929688e+01
9.619738769531250000e+01
7.528383636474609375e+01
3.000000000000000000e+01
3.639405059814453125e+01
3.000000000000000000e+01
3.991857910156250000e+01
6.103754425048828125e+01
1.033874130249023438e+02
4.211755371093750000e+01
4.009123229980468750e+01
4.015612792968750000e+01
2.713495788574218750e+02
4.312369918823242188e+01
4.547290039062500000e+01
3.033929634094238281e+01
3.000000000000000000e+01
5.003896713256835938e+01
6.054955291748046875e+01
7.039431762695312500e+01
1.104090728759765625e+02
6.984507751464843750e+01
3.962200546264648438e+01
5.039321899414062500e+01
4.514662170410156250e+01
1.430430908203125000e+02
4.111301422119140625e+01
4.144493484497070312e+01
6.711133575439453125e+01
3.931619262695312500e+01
6.260229492187500000e+01
5.900960540771484375e+01
1.348847961425781250e+02
7.953898620605468750e+01
9.931771850585937500e+01
5.262965393066406250e+01
4.814962005615234375e+01
7.642139434814453125e+01
3.494255447387695312e+01
6.298331832885742188e+01
7.896135711669921875e+01
3.769747543334960938e+01
3.681600952148437500e+01
1.022998809814453125e+02
3.868351745605468750e+01
4.239797973632812500e+01
1.491037902832031250e+02
6.760665893554687500e+01
4.730108642578125000e+01
7.443982696533203125e+01
4.991813278198242188e+01
6.274648666381835938e+01
9.502333068847656250e+01
5.292985153198242188e+01
7.666835784912109375e+01
2.309359436035156250e+02
4.783102416992187500e+01
1.268926391601562500e+02
4.143358993530273438e+01
5.250029754638671875e+01
8.615737152099609375e+01
5.924404907226562500e+01
5.832605743408203125e+01
7.202818298339843750e+01
3.674177551269531250e+01
6.517032623291015625e+01
5.206889343261718750e+01
7.185948944091796875e+01
3.880764389038085938e+01
5.204774475097656250e+01
6.993791961669921875e+01
1.322414550781250000e+02
9.128623962402343750e+01
5.255850982666015625e+01
5.019059753417968750e+01
4.511264801025390625e+01
5.409207153320312500e+01
6.200986099243164062e+01
3.517704391479492188e+01
1.137457962036132812e+02
9.702450561523437500e+01
3.340118408203125000e+01
1.168983764648437500e+02
8.793562316894531250e+01
5.001567459106445312e+01
4.752881622314453125e+01
4.094504547119140625e+01
4.504264450073242188e+01
1.834753417968750000e+02
3.642977142333984375e+01
4.902782440185546875e+01
5.232619857788085938e+01
3.974266815185546875e+01
1.155599517822265625e+02
4.549590301513671875e+01
4.261441421508789062e+01
1.550556945800781250e+02
5.934560775756835938e+01
9.299745941162109375e+01
3.173042678833007812e+01
4.009271240234375000e+01
4.670661544799804688e+01
9.515842437744140625e+01
9.105633544921875000e+01
7.497271728515625000e+01
8.242985534667968750e+01
3.136397171020507812e+01
6.145965576171875000e+01
8.777397918701171875e+01
5.422523498535156250e+01
3.435462951660156250e+01
7.600926208496093750e+01
1.061477661132812500e+02
6.530200195312500000e+01
5.677491760253906250e+01
4.644391250610351562e+01
3.000000000000000000e+01
4.396431732177734375e+01
3.000000000000000000e+01
3.497302246093750000e+01
3.000000000000000000e+01
3.148575782775878906e+01
5.634506225585937500e+01
5.163470840454101562e+01
4.268147277832031250e+01
8.574626159667968750e+01
6.860144042968750000e+01
4.831184387207031250e+01
4.020053863525390625e+01
5.849963760375976562e+01
5.520565414428710938e+01
3.132569885253906250e+01
3.555910491943359375e+01
6.783873748779296875e+01
3.677577590942382812e+01
6.619674682617187500e+01
3.000000000000000000e+01
5.527590179443359375e+01
3.000000000000000000e+01
3.000000000000000000e+01
1.047817840576171875e+02
4.767160797119140625e+01
3.275505065917968750e+01
6.599802398681640625e+01
4.144493484497070312e+01
6.971551513671875000e+01
3.000000000000000000e+01
5.054066848754882812e+01
1.268057174682617188e+02
4.294618225097656250e+01
1.225164947509765625e+02
1.160221633911132812e+02
3.829395294189453125e+01
3.589692687988281250e+01
9.822253417968750000e+01
5.286621475219726562e+01
6.751166534423828125e+01
5.907130813598632812e+01
1.920248107910156250e+02
4.150073242187500000e+01
4.294205856323242188e+01
5.351107406616210938e+01
3.472959136962890625e+01
4.354156112670898438e+01
1.115371093750000000e+02
3.814698791503906250e+01
7.749895477294921875e+01
4.555022048950195312e+01
4.834440231323242188e+01
3.222397994995117188e+01
4.851483154296875000e+01
4.686592102050781250e+01
4.500402832031250000e+01
4.558758926391601562e+01
3.645353317260742188e+01
3.779343795776367188e+01
4.676013183593750000e+01
5.242050170898437500e+01
3.796323394775390625e+01
5.296139526367187500e+01
5.987926483154296875e+01
6.806256103515625000e+01
1.197559204101562500e+02
6.215410995483398438e+01
1.015738830566406250e+02
8.957570648193359375e+01
1.236147689819335938e+02
4.303779220581054688e+01
5.075167846679687500e+01
3.000000000000000000e+01
4.412908172607421875e+01
7.598498535156250000e+01
7.608415222167968750e+01
8.272351837158203125e+01
7.425392913818359375e+01
4.038056182861328125e+01
4.137653732299804688e+01
6.760444641113281250e+01
9.219313812255859375e+01
5.125862121582031250e+01
4.302983474731445312e+01
3.958336639404296875e+01
3.747587585449218750e+01
9.033384704589843750e+01
4.290056610107421875e+01
4.409470367431640625e+01
4.330046844482421875e+01
4.350029754638671875e+01
6.759266662597656250e+01
8.354381561279296875e+01
3.502330017089843750e+01
3.414216232299804688e+01
3.510225677490234375e+01
1.104090728759765625e+02
6.092518615722656250e+01
3.342407608032226562e+01
5.998954391479492188e+01
5.898441314697265625e+01
3.842909240722656250e+01
4.964500427246093750e+01
4.524982452392578125e+01
7.219947814941406250e+01
3.832051849365234375e+01
6.097087097167968750e+01
7.650367736816406250e+01
7.932354736328125000e+01
7.502182006835937500e+01
4.543913269042968750e+01
3.729322433471679688e+01
6.799378967285156250e+01
7.593275451660156250e+01
4.450276947021484375e+01
5.702920532226562500e+01
5.489793395996093750e+01
3.972891235351562500e+01
6.240562438964843750e+01
4.243284988403320312e+01
3.000000000000000000e+01
4.832077407836914062e+01
6.734498596191406250e+01
6.993791961669921875e+01
5.186005401611328125e+01
5.344332504272460938e+01
3.618946456909179688e+01
7.703857421875000000e+01
1.125289154052734375e+02
6.904589080810546875e+01
4.885283660888671875e+01
1.236147766113281250e+02
4.890165328979492188e+01
6.620674133300781250e+01
1.061477661132812500e+02
4.082062911987304688e+01
3.461231613159179688e+01
7.039376831054687500e+01
3.409048461914062500e+01
4.449735641479492188e+01
2.494981384277343750e+02
5.643246459960937500e+01
3.000000000000000000e+01
3.523197555541992188e+01
1.334439086914062500e+02
5.528415679931640625e+01
5.438930511474609375e+01
9.918940734863281250e+01
4.516309356689453125e+01
1.371863098144531250e+02
8.033264923095703125e+01
9.612802124023437500e+01
3.236999893188476562e+01
3.842110443115234375e+01
7.607571411132812500e+01
9.028681945800781250e+01
6.376190567016601562e+01
4.883325576782226562e+01
4.230840301513671875e+01
4.114060211181640625e+01
5.182575225830078125e+01
5.770938110351562500e+01
5.188686370849609375e+01
3.934918975830078125e+01
7.544582366943359375e+01
8.977507019042968750e+01
3.665338516235351562e+01
3.033554840087890625e+01
5.450619125366210938e+01
3.000000000000000000e+01
5.127339172363281250e+01
1.272644195556640625e+02
5.559214782714843750e+01
8.181410980224609375e+01
4.251584625244140625e+01
4.844928741455078125e+01
3.289591979980468750e+01
9.661054992675781250e+01
6.194070053100585938e+01
7.733045959472656250e+01
1.034656982421875000e+02
6.300540161132812500e+01
4.857260894775390625e+01
5.090366363525390625e+01
4.743009185791015625e+01
6.063294219970703125e+01
5.599974441528320312e+01
1.834753417968750000e+02
5.221085357666015625e+01
5.910546112060546875e+01
5.461434173583984375e+01
5.911444091796875000e+01
4.825354003906250000e+01
5.635853958129882812e+01
5.083354187011718750e+01
6.479132080078125000e+01
9.883191680908203125e+01
3.000000000000000000e+01
4.428287506103515625e+01
5.955886459350585938e+01
1.058665771484375000e+02
6.215255355834960938e+01
1.225164871215820312e+02
3.700366210937500000e+01
3.985530090332031250e+01
4.436361312866210938e+01
7.443939208984375000e+01
1.858323364257812500e+02
7.648294067382812500e+01
5.776588058471679688e+01
7.257793426513671875e+01
4.375069808959960938e+01
3.000000000000000000e+01
8.747540283203125000e+01
3.000000000000000000e+01
3.741177368164062500e+01
5.894065093994140625e+01
8.409470367431640625e+01
5.297452545166015625e+01
9.950483703613281250e+01
4.436832427978515625e+01
4.635796737670898438e+01
6.467518615722656250e+01
8.735654449462890625e+01
5.547256088256835938e+01
4.813385009765625000e+01
4.497226333618164062e+01
3.764452362060546875e+01
3.856757354736328125e+01
4.111301803588867188e+01
3.388241577148437500e+01
4.257814788818359375e+01
6.760665893554687500e+01
4.158566284179687500e+01
3.157015991210937500e+01
3.767322540283203125e+01
4.547290039062500000e+01
3.408848953247070312e+01
1.351416625976562500e+02
3.000000000000000000e+01
6.654051208496093750e+01
1.020297622680664062e+02
4.411651611328125000e+01
3.471036529541015625e+01
3.000000000000000000e+01
5.553696441650390625e+01
7.147979736328125000e+01
5.949202728271484375e+01
5.530905532836914062e+01
5.152284622192382812e+01
5.553952026367187500e+01
5.923139953613281250e+01
4.239952850341796875e+01
7.136703491210937500e+01
3.170090293884277344e+01
4.670661544799804688e+01
6.099471282958984375e+01
3.496561431884765625e+01
3.633998870849609375e+01
5.784897613525390625e+01
6.442060852050781250e+01
5.461750030517578125e+01
5.656439208984375000e+01
5.086531829833984375e+01
4.712634658813476562e+01
7.440925598144531250e+01
7.955400085449218750e+01
5.557482147216796875e+01
9.662096405029296875e+01
4.259148406982421875e+01
6.250124359130859375e+01
3.849043655395507812e+01
6.129703140258789062e+01
7.033493041992187500e+01
5.885796737670898438e+01
7.348464202880859375e+01
4.620941925048828125e+01
8.392932128906250000e+01
4.261333847045898438e+01
5.110527801513671875e+01
9.321738433837890625e+01
1.473616485595703125e+02
1.404257507324218750e+02
5.266889190673828125e+01
3.143346786499023438e+01
4.612248992919921875e+01
5.875211334228515625e+01
9.128623962402343750e+01
7.749906158447265625e+01
6.770736694335937500e+01
1.064448699951171875e+02
5.450619125366210938e+01
3.803364562988281250e+01
4.106161880493164062e+01
5.900361633300781250e+01
5.077106094360351562e+01
3.409645462036132812e+01
4.074879837036132812e+01
8.937631225585937500e+01
6.520651245117187500e+01
4.266086196899414062e+01
9.383416748046875000e+01
4.260506820678710938e+01
4.084677886962890625e+01
5.666346740722656250e+01
5.031795883178710938e+01
6.381389617919921875e+01
4.813385009765625000e+01
2.369325866699218750e+02
6.308164215087890625e+01
4.652875137329101562e+01
3.728531646728515625e+01
4.599744415283203125e+01
1.177640838623046875e+02
4.125967407226562500e+01
4.069026184082031250e+01
5.926152038574218750e+01
3.934918975830078125e+01
7.644494628906250000e+01
4.995901107788085938e+01
6.389490890502929688e+01
5.003865814208984375e+01
4.780748367309570312e+01
4.933817291259765625e+01
4.029390716552734375e+01
6.142596054077148438e+01
6.200159835815429688e+01
2.044644927978515625e+02
4.735229110717773438e+01
5.587313079833984375e+01
7.081027221679687500e+01
6.123947906494140625e+01
4.753961563110351562e+01
3.809152984619140625e+01
3.848466491699218750e+01
5.143508529663085938e+01
4.059703445434570312e+01
5.672480392456054688e+01
5.309236145019531250e+01
4.539841461181640625e+01
5.090964508056640625e+01
3.000000000000000000e+01
3.829395294189453125e+01
4.437305450439453125e+01
3.105999183654785156e+01
5.392212677001953125e+01
7.375090789794921875e+01
3.000000000000000000e+01
3.584855651855468750e+01
4.325910186767578125e+01
6.714689636230468750e+01
5.314093780517578125e+01
1.047688217163085938e+02
3.895957565307617188e+01
7.497271728515625000e+01
8.457614898681640625e+01
4.245248413085937500e+01
9.321738433837890625e+01
3.000000000000000000e+01
4.578594970703125000e+01
3.944624328613281250e+01
4.131116867065429688e+01
1.362726898193359375e+02
5.377855300903320312e+01
3.000000000000000000e+01
7.092236328125000000e+01
4.937057876586914062e+01
1.147126083374023438e+02
6.004693222045898438e+01
4.202390670776367188e+01
5.698329544067382812e+01
8.422566986083984375e+01
7.902031707763671875e+01
7.392480468750000000e+01
6.854173278808593750e+01
3.583304595947265625e+01
4.357070541381835938e+01
5.112153625488281250e+01
7.302066040039062500e+01
1.207351684570312500e+02
1.200043029785156250e+02
1.207655639648437500e+02
5.734661102294921875e+01
4.449021911621093750e+01
5.871534347534179688e+01
3.106019783020019531e+01
5.145803451538085938e+01
3.000000000000000000e+01
3.000000000000000000e+01
6.277395629882812500e+01
1.256631317138671875e+02
6.513779449462890625e+01
3.000000000000000000e+01
5.670014190673828125e+01
6.619132995605468750e+01
4.396010589599609375e+01
4.801436614990234375e+01
5.599974441528320312e+01
3.959076690673828125e+01
7.524146270751953125e+01
3.000000000000000000e+01
5.247196197509765625e+01
5.945055389404296875e+01
3.753356552124023438e+01
3.548936080932617188e+01
5.439819335937500000e+01
3.715351486206054688e+01
6.655545043945312500e+01
6.998959350585937500e+01
5.083622741699218750e+01
8.786531066894531250e+01
5.622653961181640625e+01
4.130275344848632812e+01
5.998738861083984375e+01
3.005105018615722656e+01
4.251030731201171875e+01
3.674396896362304688e+01
3.392138671875000000e+01
4.005491638183593750e+01
9.083967590332031250e+01
3.962200927734375000e+01
3.574373626708984375e+01
1.322414550781250000e+02
8.139200592041015625e+01
4.022539520263671875e+01
6.300569915771484375e+01
6.698208618164062500e+01
4.268147277832031250e+01
5.762520599365234375e+01
1.137462768554687500e+02
5.330847167968750000e+01
8.361686706542968750e+01
4.492349243164062500e+01
3.153691482543945312e+01
5.438324737548828125e+01
5.271115112304687500e+01
4.407523345947265625e+01
4.639609527587890625e+01
4.584525680541992188e+01
5.109471130371093750e+01
4.349054718017578125e+01
6.110060119628906250e+01
3.526285552978515625e+01
3.469570159912109375e+01
8.678324890136718750e+01
9.436816406250000000e+01
4.809936141967773438e+01
9.791184997558593750e+01
4.988796234130859375e+01
3.000000000000000000e+01
9.199864196777343750e+01
8.506728363037109375e+01
4.085708236694335938e+01
6.813996887207031250e+01
4.549580383300781250e+01
4.909072113037109375e+01
4.699089431762695312e+01
8.801051330566406250e+01
5.456408691406250000e+01
4.391925048828125000e+01
3.173042678833007812e+01
5.870548629760742188e+01
5.625097274780273438e+01
3.285928344726562500e+01
5.851940917968750000e+01
5.774688339233398438e+01
4.896954727172851562e+01
8.417723083496093750e+01
7.015557098388671875e+01
3.724479675292968750e+01
5.078010940551757812e+01
3.645398330688476562e+01
5.411619949340820312e+01
5.776924133300781250e+01
9.233838653564453125e+01
6.389490890502929688e+01
4.840002059936523438e+01
6.211614227294921875e+01
5.851940917968750000e+01
4.152014541625976562e+01
4.579155349731445312e+01
4.331657791137695312e+01
4.026506042480468750e+01
6.629748535156250000e+01
5.582739257812500000e+01
4.262537384033203125e+01
4.878356933593750000e+01
4.301040649414062500e+01
5.972126388549804688e+01
3.000000000000000000e+01
5.693520736694335938e+01
4.347969818115234375e+01
3.943634033203125000e+01
6.787413787841796875e+01
3.323902511596679688e+01
6.474452209472656250e+01
3.340759658813476562e+01
8.153600311279296875e+01
6.938543701171875000e+01
4.479313659667968750e+01
4.833049011230468750e+01
3.897995758056640625e+01
7.646240234375000000e+01
7.909135437011718750e+01
4.255206298828125000e+01
4.705161666870117188e+01
5.873364257812500000e+01
5.237366867065429688e+01
6.443876647949218750e+01
4.629299163818359375e+01
7.263223266601562500e+01
4.164801788330078125e+01
3.000000000000000000e+01
4.777033233642578125e+01
4.243761444091796875e+01
7.243244171142578125e+01
3.049685096740722656e+01
8.615737152099609375e+01
5.197119140625000000e+01
4.454796981811523438e+01
3.784838104248046875e+01
4.368126678466796875e+01
4.323583984375000000e+01
5.521177673339843750e+01
3.143346786499023438e+01
4.229306793212890625e+01
3.387798690795898438e+01
4.528554153442382812e+01
6.815603637695312500e+01
5.712411880493164062e+01
6.738530731201171875e+01
6.105775451660156250e+01
5.455768203735351562e+01
5.008558273315429688e+01
3.000000000000000000e+01
3.000000000000000000e+01
4.368126678466796875e+01
7.348464202880859375e+01
4.879540634155273438e+01
5.219721984863281250e+01
3.618001937866210938e+01
7.136323547363281250e+01
5.584481048583984375e+01
8.076530456542968750e+01
4.374555206298828125e+01
3.384675979614257812e+01
6.721496582031250000e+01
3.000000000000000000e+01
5.330663299560546875e+01
3.000000000000000000e+01
4.785131454467773438e+01
3.000000000000000000e+01
3.073675918579101562e+01
3.862165069580078125e+01
4.180646133422851562e+01
6.182978057861328125e+01
4.304718780517578125e+01
9.233838653564453125e+01
5.246463775634765625e+01
3.875614166259765625e+01
3.856636810302734375e+01
3.712021636962890625e+01
3.569690704345703125e+01
4.446414947509765625e+01
5.617387008666992188e+01
7.039431762695312500e+01
5.054066848754882812e+01
3.794933700561523438e+01
4.026810455322265625e+01
7.817681121826171875e+01
6.357866668701171875e+01
4.442879486083984375e+01
3.000000000000000000e+01
3.000000000000000000e+01
4.741489410400390625e+01
3.496561431884765625e+01
6.466868591308593750e+01
4.207355499267578125e+01
3.225720596313476562e+01
3.229630279541015625e+01
3.324001693725585938e+01
3.402690124511718750e+01
4.746134948730468750e+01
3.763090515136718750e+01
4.894449234008789062e+01
4.858678436279296875e+01
8.067234039306640625e+01
5.246464157104492188e+01
6.641688537597656250e+01
3.000000000000000000e+01
3.213749313354492188e+01
5.734538269042968750e+01
3.000000000000000000e+01
4.635157775878906250e+01
8.516407775878906250e+01
3.000000000000000000e+01
4.907684326171875000e+01
4.762860107421875000e+01
3.589692687988281250e+01
5.044936370849609375e+01
6.984507751464843750e+01
3.000000000000000000e+01
4.201291275024414062e+01
7.602523803710937500e+01
4.758591842651367188e+01
8.422566986083984375e+01
8.536000061035156250e+01
3.000000000000000000e+01
7.891225433349609375e+01
4.486445617675781250e+01
5.832605743408203125e+01
4.328771972656250000e+01
4.821011352539062500e+01
6.366796875000000000e+01
5.900960540771484375e+01
4.216663742065429688e+01
6.311230468750000000e+01
7.425576782226562500e+01
3.374864196777343750e+01
8.985369873046875000e+01
3.677457809448242188e+01
3.050357055664062500e+01
3.847895050048828125e+01
5.065601730346679688e+01
3.000000000000000000e+01
7.115962219238281250e+01
5.336280441284179688e+01
5.587313079833984375e+01
3.804892730712890625e+01
4.759387207031250000e+01
5.660560989379882812e+01
3.931131744384765625e+01
7.220873260498046875e+01
3.790650177001953125e+01
3.932250595092773438e+01
6.242742538452148438e+01
5.452579879760742188e+01
4.541898345947265625e+01
4.596820831298828125e+01
4.833049011230468750e+01
3.190682029724121094e+01
3.418919372558593750e+01
3.588974761962890625e+01
5.391617584228515625e+01
3.390771484375000000e+01
5.015528869628906250e+01
5.955886459350585938e+01
3.644883728027343750e+01
4.500402832031250000e+01
4.299508285522460938e+01
7.349612426757812500e+01
5.444383239746093750e+01
6.299539947509765625e+01
1.207861480712890625e+02
4.608024597167968750e+01
4.648978424072265625e+01
4.930623245239257812e+01
4.903761672973632812e+01
4.317203521728515625e+01
3.945853042602539062e+01
5.965617752075195312e+01
1.034656982421875000e+02
5.071432113647460938e+01
3.835934448242187500e+01
4.775678253173828125e+01
5.438521575927734375e+01
3.767106628417968750e+01
4.354156112670898438e+01
5.031795883178710938e+01
5.183930206298828125e+01
3.000000000000000000e+01
6.318220138549804688e+01
4.391724395751953125e+01
5.424246215820312500e+01
6.240562438964843750e+01
4.408386230468750000e+01
4.874438095092773438e+01
4.264450836181640625e+01
3.000000000000000000e+01
6.499445343017578125e+01
4.302936935424804688e+01
4.439420318603515625e+01
6.215255737304687500e+01
3.748644256591796875e+01
3.398390960693359375e+01
4.825353622436523438e+01
4.308841323852539062e+01
3.461441802978515625e+01
6.669584655761718750e+01
4.454862594604492188e+01
3.589773178100585938e+01
3.748202514648437500e+01
5.606481933593750000e+01
5.380071258544921875e+01
6.341501235961914062e+01
5.536226654052734375e+01
4.055852508544921875e+01
4.379658508300781250e+01
5.642083740234375000e+01
5.251679611206054688e+01
4.303779220581054688e+01
3.673252868652343750e+01
5.150306320190429688e+01
4.721256637573242188e+01
4.786017227172851562e+01
6.172487640380859375e+01
5.033689498901367188e+01
7.313733673095703125e+01
4.289347076416015625e+01
1.035929718017578125e+02
9.256121826171875000e+01
4.283644866943359375e+01
5.172605514526367188e+01
3.761847686767578125e+01
7.447344970703125000e+01
3.804062271118164062e+01
3.733747863769531250e+01
9.411615753173828125e+01
4.423424530029296875e+01
3.555764770507812500e+01
4.552225494384765625e+01
9.608821105957031250e+01
3.617979431152343750e+01
4.454985427856445312e+01
3.367922973632812500e+01
4.666643524169921875e+01
4.371984481811523438e+01
3.041964721679687500e+01
5.387021636962890625e+01
8.759185791015625000e+01
5.087841033935546875e+01
3.882444763183593750e+01
3.318871307373046875e+01
5.192354965209960938e+01
3.538877105712890625e+01
5.069355010986328125e+01
5.413102340698242188e+01
1.047688217163085938e+02
4.988188934326171875e+01
8.018794250488281250e+01
7.016084289550781250e+01
7.643051910400390625e+01
6.047608566284179688e+01
3.000000000000000000e+01
3.849690246582031250e+01
5.574109268188476562e+01
4.083952713012695312e+01
5.189425277709960938e+01
3.789947128295898438e+01
3.595073699951171875e+01
3.290006637573242188e+01
3.136350059509277344e+01
3.000000000000000000e+01
4.318189239501953125e+01
6.916440582275390625e+01
4.713005828857421875e+01
3.665703582763671875e+01
4.290859985351562500e+01
3.000000000000000000e+01
4.563051605224609375e+01
4.342865371704101562e+01
7.132789611816406250e+01
4.946266937255859375e+01
4.208308029174804688e+01
3.000000000000000000e+01
6.145964813232421875e+01
5.971185302734375000e+01
3.000000000000000000e+01
7.646241760253906250e+01
3.173966598510742188e+01
8.908626556396484375e+01
4.497692871093750000e+01
4.360813522338867188e+01
5.965839385986328125e+01
4.259634399414062500e+01
3.000000000000000000e+01
3.813368988037109375e+01
5.114732360839843750e+01
4.814962005615234375e+01
4.761123657226562500e+01
4.324542999267578125e+01
3.951251983642578125e+01
3.699146652221679688e+01
7.644494628906250000e+01
6.180009841918945312e+01
8.400077819824218750e+01
4.495256042480468750e+01
3.896756362915039062e+01
6.033525848388671875e+01
3.290007019042968750e+01
4.504728317260742188e+01
4.789904022216796875e+01
5.373159027099609375e+01
4.823173522949218750e+01
5.024502944946289062e+01
4.056052017211914062e+01
4.060088729858398438e+01
3.000000000000000000e+01
8.263031005859375000e+01
3.175726699829101562e+01
4.196754074096679688e+01
3.137735366821289062e+01
4.410686874389648438e+01
4.773641204833984375e+01
3.000000000000000000e+01
4.934469604492187500e+01
6.179115676879882812e+01
3.393838500976562500e+01
6.493661499023437500e+01
7.092236328125000000e+01
3.000000000000000000e+01
5.718804168701171875e+01
4.218443679809570312e+01
3.996106719970703125e+01
4.315843200683593750e+01
5.815722656250000000e+01
3.402173614501953125e+01
4.151489257812500000e+01
4.052825546264648438e+01
5.281711196899414062e+01
3.059525299072265625e+01
4.278632736206054688e+01
3.899987030029296875e+01
3.963321304321289062e+01
3.189281082153320312e+01
3.012727928161621094e+01
3.828648757934570312e+01
5.462649917602539062e+01
4.219053268432617188e+01
9.608820343017578125e+01
3.842128372192382812e+01
3.873493957519531250e+01
4.088776397705078125e+01
8.528050994873046875e+01
3.472959136962890625e+01
3.812069702148437500e+01
8.263031005859375000e+01
4.483011245727539062e+01
4.611439895629882812e+01
3.774331665039062500e+01
5.634506225585937500e+01
9.977117919921875000e+01
8.323057556152343750e+01
5.579527664184570312e+01
7.805287933349609375e+01
3.000000000000000000e+01
3.347833251953125000e+01
6.031697845458984375e+01
4.007912826538085938e+01
5.143759155273437500e+01
6.327025985717773438e+01
3.680698013305664062e+01
3.000000000000000000e+01
7.391429138183593750e+01
3.165230369567871094e+01
5.913739776611328125e+01
5.603393554687500000e+01
4.822454071044921875e+01
3.617370986938476562e+01
4.885284042358398438e+01
4.486445236206054688e+01
4.308663177490234375e+01
4.277676391601562500e+01
8.578269958496093750e+01
4.871561813354492188e+01
4.209812164306640625e+01
8.672713470458984375e+01
6.023278427124023438e+01
3.572091293334960938e+01
4.024831390380859375e+01
4.216212463378906250e+01
4.931794738769531250e+01
3.833821105957031250e+01
3.399297714233398438e+01
4.385212707519531250e+01
6.791258239746093750e+01
6.469619750976562500e+01
4.780597686767578125e+01
3.181222343444824219e+01
3.914848327636718750e+01
3.671849822998046875e+01
4.269769668579101562e+01
5.941563034057617188e+01
4.366890335083007812e+01
4.828936767578125000e+01
3.000000000000000000e+01
3.106371116638183594e+01
4.328831100463867188e+01
3.283888626098632812e+01
5.841498565673828125e+01
4.052167129516601562e+01
5.071432113647460938e+01
6.381389617919921875e+01
4.069295501708984375e+01
3.511905670166015625e+01
4.896346282958984375e+01
3.339108276367187500e+01
7.715461730957031250e+01
4.373469543457031250e+01
5.078927612304687500e+01
4.359854888916015625e+01
6.714689636230468750e+01
4.465420913696289062e+01
3.224978637695312500e+01
3.747808837890625000e+01
4.062328338623046875e+01
6.124817657470703125e+01
4.187156677246093750e+01
4.214941787719726562e+01
3.000000000000000000e+01
3.585355758666992188e+01
3.000000000000000000e+01
3.864062500000000000e+01
4.393856811523437500e+01
3.923796463012695312e+01
4.513788986206054688e+01
4.278568649291992188e+01
6.926389312744140625e+01
4.182021331787109375e+01
5.105559921264648438e+01
7.355621337890625000e+01
3.309860992431640625e+01
5.718480300903320312e+01
3.695267868041992188e+01
3.130534553527832031e+01
3.798714828491210938e+01
4.194239807128906250e+01
3.619572067260742188e+01
3.903655624389648438e+01
3.592596054077148438e+01
4.168838500976562500e+01
4.021112823486328125e+01
4.423285293579101562e+01
