4.958621215820312500e+01
6.877811431884765625e+01
3.778247451782226562e+01
3.958978271484375000e+01
6.326738739013671875e+01
5.830905532836914062e+01
3.079556655883789062e+01
6.615635681152343750e+01
6.344381332397460938e+01
1.256844940185546875e+02
4.889547729492187500e+01
1.248633422851562500e+02
5.024272918701171875e+01
4.425188064575195312e+01
3.837394714355468750e+01
7.161126708984375000e+01
6.719081878662109375e+01
4.296861267089843750e+01
4.303674316406250000e+01
1.427888641357421875e+02
4.351296997070312500e+01
8.444025421142578125e+01
3.000000000000000000e+01
3.298448944091796875e+01
3.640673065185546875e+01
8.139952087402343750e+01
3.000000000000000000e+01
5.333550262451171875e+01
1.773229827880859375e+02
5.564158630371093750e+01
5.713628387451171875e+01
4.572030639648437500e+01
3.474259185791015625e+01
9.759239196777343750e+01
6.107891845703125000e+01
6.855725097656250000e+01
7.120311737060546875e+01
5.476113128662109375e+01
4.220528030395507812e+01
3.357066726684570312e+01
5.308681106567382812e+01
3.909514617919921875e+01
6.104283905029296875e+01
5.029778289794921875e+01
4.223443603515625000e+01
4.818333053588867188e+01
3.000000000000000000e+01
6.729897308349609375e+01
1.190576934814453125e+02
5.338857269287109375e+01
4.687173843383789062e+01
3.806943130493164062e+01
7.130958557128906250e+01
4.861870193481445312e+01
1.208147430419921875e+02
4.658345794677734375e+01
6.753018188476562500e+01
4.519915771484375000e+01
7.369270324707031250e+01
6.792352294921875000e+01
5.570707702636718750e+01
8.505963897705078125e+01
4.282472229003906250e+01
9.914324188232421875e+01
1.002662506103515625e+02
5.984159851074218750e+01
4.402057647705078125e+01
3.000000000000000000e+01
4.681011199951171875e+01
4.982856750488281250e+01
6.777989196777343750e+01
3.370289230346679688e+01
7.813360595703125000e+01
3.414160919189453125e+01
5.426596832275390625e+01
3.548295593261718750e+01
5.221948242187500000e+01
4.252582931518554688e+01
4.205536651611328125e+01
6.138251876831054688e+01
3.478226470947265625e+01
6.719082641601562500e+01
5.194783401489257812e+01
1.306402740478515625e+02
1.096025772094726562e+02
3.770790863037109375e+01
4.083650207519531250e+01
4.973035430908203125e+01
5.024272918701171875e+01
5.863152694702148438e+01
4.328998565673828125e+01
5.670459747314453125e+01
6.109646606445312500e+01
5.089456558227539062e+01
8.870571899414062500e+01
9.547888183593750000e+01
6.290221786499023438e+01
4.178900909423828125e+01
6.633808898925781250e+01
4.815089416503906250e+01
1.063162078857421875e+02
5.809620285034179688e+01
1.455044097900390625e+02
3.546778869628906250e+01
4.561493682861328125e+01
8.364334106445312500e+01
3.354899978637695312e+01
5.869741058349609375e+01
4.945948410034179688e+01
3.420023345947265625e+01
3.669940567016601562e+01
3.000000000000000000e+01
7.289520263671875000e+01
1.342736816406250000e+02
4.127679443359375000e+01
3.922308349609375000e+01
8.674556732177734375e+01
4.830847930908203125e+01
7.604801940917968750e+01
5.526494598388671875e+01
4.657712554931640625e+01
6.166041183471679688e+01
4.842936325073242188e+01
4.321236419677734375e+01
4.230519104003906250e+01
5.379967117309570312e+01
6.167805480957031250e+01
5.334263610839843750e+01
4.832176208496093750e+01
4.876564788818359375e+01
4.122373199462890625e+01
1.172001113891601562e+02
4.961291503906250000e+01
3.048305892944335938e+01
5.933366394042968750e+01
3.909236526489257812e+01
1.295966339111328125e+02
4.922777557373046875e+01
3.965090942382812500e+01
7.610748291015625000e+01
4.517833328247070312e+01
9.219345092773437500e+01
5.590063095092773438e+01
4.826047515869140625e+01
6.256957244873046875e+01
5.066556549072265625e+01
9.326802825927734375e+01
9.405335998535156250e+01
5.391786193847656250e+01
1.045528717041015625e+02
4.984946441650390625e+01
7.464595794677734375e+01
5.204158020019531250e+01
5.647450256347656250e+01
4.910927963256835938e+01
1.281786651611328125e+02
3.000000000000000000e+01
1.354405517578125000e+02
4.128060150146484375e+01
5.564115905761718750e+01
3.983872222900390625e+01
5.325912475585937500e+01
5.062036132812500000e+01
4.164340972900390625e+01
6.788269042968750000e+01
4.122719573974609375e+01
5.604247665405273438e+01
5.087956619262695312e+01
3.796445846557617188e+01
1.143106079101562500e+02
4.955562591552734375e+01
4.153255462646484375e+01
3.000000000000000000e+01
3.000000000000000000e+01
5.775061035156250000e+01
6.401732635498046875e+01
4.148032379150390625e+01
5.013356781005859375e+01
7.020845794677734375e+01
4.697912597656250000e+01
7.030831909179687500e+01
6.265512466430664062e+01
6.552346801757812500e+01
6.175842285156250000e+01
4.380728149414062500e+01
3.195525169372558594e+01
3.828047943115234375e+01
6.629251098632812500e+01
5.132627105712890625e+01
4.895166015625000000e+01
4.262474060058593750e+01
5.950360870361328125e+01
4.890264892578125000e+01
4.016566085815429688e+01
4.465187072753906250e+01
3.000000000000000000e+01
4.170531463623046875e+01
7.906777954101562500e+01
1.516110076904296875e+02
6.456723785400390625e+01
7.378672790527343750e+01
1.279921569824218750e+02
8.293510437011718750e+01
3.432937240600585938e+01
4.881454086303710938e+01
4.281565093994140625e+01
6.539088439941406250e+01
5.325454711914062500e+01
1.099866714477539062e+02
3.799781036376953125e+01
4.424340057373046875e+01
9.652221679687500000e+01
3.928570938110351562e+01
3.835885620117187500e+01
4.026139068603515625e+01
4.334835815429687500e+01
4.998038101196289062e+01
5.687498855590820312e+01
4.817298507690429688e+01
4.692926788330078125e+01
3.851140594482421875e+01
6.176703643798828125e+01
9.435979461669921875e+01
4.020173645019531250e+01
4.120336914062500000e+01
4.296662521362304688e+01
6.173587799072265625e+01
1.153653335571289062e+02
6.623833465576171875e+01
1.271188201904296875e+02
4.101552963256835938e+01
4.354410934448242188e+01
5.908403396606445312e+01
4.476656723022460938e+01
4.066550064086914062e+01
6.549861145019531250e+01
3.783726882934570312e+01
4.507455444335937500e+01
8.158879852294921875e+01
5.450161743164062500e+01
4.569195556640625000e+01
1.177321777343750000e+02
1.163470306396484375e+02
5.557564544677734375e+01
9.127800750732421875e+01
3.105853271484375000e+01
5.420751190185546875e+01
1.294087982177734375e+02
1.918089904785156250e+02
4.876569747924804688e+01
6.165412139892578125e+01
3.950343322753906250e+01
4.894066238403320312e+01
9.622739410400390625e+01
4.876679992675781250e+01
4.977436828613281250e+01
4.194644165039062500e+01
4.245674133300781250e+01
4.576192474365234375e+01
1.554611816406250000e+02
5.954452514648437500e+01
5.291616058349609375e+01
7.095791625976562500e+01
5.079326629638671875e+01
1.159380493164062500e+02
3.868213653564453125e+01
1.509009094238281250e+02
5.508068084716796875e+01
7.494375610351562500e+01
4.786311340332031250e+01
5.107542037963867188e+01
4.960273742675781250e+01
5.557564544677734375e+01
7.671062469482421875e+01
1.955109252929687500e+02
3.869805526733398438e+01
6.782432556152343750e+01
9.001079559326171875e+01
9.575985717773437500e+01
9.022668457031250000e+01
6.754937744140625000e+01
6.629347991943359375e+01
4.976243591308593750e+01
4.260050964355468750e+01
7.000318145751953125e+01
4.040421676635742188e+01
3.000000000000000000e+01
5.927701568603515625e+01
3.953878402709960938e+01
4.310957336425781250e+01
4.201187133789062500e+01
3.268427276611328125e+01
3.000000000000000000e+01
1.170613555908203125e+02
3.000000000000000000e+01
3.150610351562500000e+01
4.388021850585937500e+01
6.452437591552734375e+01
5.147126388549804688e+01
5.319537353515625000e+01
5.299283981323242188e+01
3.021139907836914062e+01
3.825010299682617188e+01
7.708720397949218750e+01
6.427298736572265625e+01
3.817155456542968750e+01
7.616675567626953125e+01
8.310805511474609375e+01
6.554712677001953125e+01
1.347793273925781250e+02
1.655678100585937500e+02
3.000000000000000000e+01
1.008598327636718750e+02
1.157805862426757812e+02
8.422046661376953125e+01
4.293442535400390625e+01
4.157231903076171875e+01
1.413824462890625000e+02
6.179100799560546875e+01
6.633808898925781250e+01
5.375688552856445312e+01
5.015077590942382812e+01
6.038341522216796875e+01
5.436420440673828125e+01
3.392304992675781250e+01
3.981789016723632812e+01
3.631075286865234375e+01
3.554389190673828125e+01
7.813360595703125000e+01
3.655740356445312500e+01
8.232028198242187500e+01
5.062217330932617188e+01
5.119409942626953125e+01
4.300392150878906250e+01
4.325401306152343750e+01
5.073892211914062500e+01
7.722000122070312500e+01
5.171244049072265625e+01
4.108207702636718750e+01
3.569479370117187500e+01
6.190192794799804688e+01
8.475297546386718750e+01
3.998414230346679688e+01
6.554712677001953125e+01
4.971422958374023438e+01
4.520250320434570312e+01
1.698435363769531250e+02
3.779871368408203125e+01
4.210641479492187500e+01
1.075795745849609375e+02
1.560709991455078125e+02
1.991963195800781250e+02
4.632351303100585938e+01
8.505963897705078125e+01
3.000000000000000000e+01
1.098730163574218750e+02
5.848458480834960938e+01
3.672489929199218750e+01
1.597460937500000000e+02
5.863756561279296875e+01
5.646755981445312500e+01
1.298248901367187500e+02
5.210021591186523438e+01
6.845290374755859375e+01
8.547824096679687500e+01
3.255199432373046875e+01
6.115748596191406250e+01
1.061363296508789062e+02
3.251954269409179688e+01
6.175951004028320312e+01
6.279511260986328125e+01
4.485115051269531250e+01
1.003077468872070312e+02
1.499882202148437500e+02
7.173004150390625000e+01
1.324463958740234375e+02
8.516365051269531250e+01
5.564158630371093750e+01
7.823185729980468750e+01
8.099032592773437500e+01
3.000000000000000000e+01
3.742121887207031250e+01
3.000000000000000000e+01
4.017529296875000000e+01
6.194879150390625000e+01
1.163470306396484375e+02
4.885713195800781250e+01
4.567728042602539062e+01
4.918695831298828125e+01
2.774048461914062500e+02
4.399399566650390625e+01
4.090220642089843750e+01
3.151926422119140625e+01
3.000000000000000000e+01
4.874910354614257812e+01
6.544836425781250000e+01
6.276885223388671875e+01
1.020290298461914062e+02
6.386904907226562500e+01
4.585297393798828125e+01
5.381076049804687500e+01
4.550352859497070312e+01
1.261722717285156250e+02
4.286213684082031250e+01
3.980825424194335938e+01
7.025517272949218750e+01
4.890990447998046875e+01
5.780232620239257812e+01
6.204290771484375000e+01
1.447562255859375000e+02
7.261065673828125000e+01
1.002051391601562500e+02
5.639052581787109375e+01
4.335104751586914062e+01
7.115811157226562500e+01
3.949723815917968750e+01
5.509806060791015625e+01
6.750674438476562500e+01
3.198653793334960938e+01
3.762329864501953125e+01
1.013761901855468750e+02
3.000000000000000000e+01
4.215812683105468750e+01
1.457861480712890625e+02
5.769965744018554688e+01
4.652400588989257812e+01
7.549159240722656250e+01
4.830352020263671875e+01
6.099412918090820312e+01
9.633267974853515625e+01
6.135780715942382812e+01
8.232028198242187500e+01
2.292109375000000000e+02
5.436420440673828125e+01
1.178322448730468750e+02
3.894715118408203125e+01
4.870663833618164062e+01
8.195469665527343750e+01
5.333550262451171875e+01
5.726798629760742188e+01
6.868389892578125000e+01
3.000000000000000000e+01
6.975968170166015625e+01
5.279919433593750000e+01
7.694978332519531250e+01
4.443523406982421875e+01
4.909680175781250000e+01
7.279460906982421875e+01
8.487764739990234375e+01
8.917697906494140625e+01
6.000339126586914062e+01
5.204158020019531250e+01
4.310507965087890625e+01
6.270902633666992188e+01
6.162284851074218750e+01
3.331822967529296875e+01
1.078299179077148438e+02
1.077898941040039062e+02
3.000000000000000000e+01
1.073577346801757812e+02
7.645196533203125000e+01
5.144822692871093750e+01
4.553025817871093750e+01
4.307470321655273438e+01
4.721917724609375000e+01
1.847756652832031250e+02
4.732749557495117188e+01
5.413950347900390625e+01
5.394409942626953125e+01
4.541383361816406250e+01
1.148963623046875000e+02
4.409895324707031250e+01
3.905472946166992188e+01
1.384204711914062500e+02
6.427299499511718750e+01
9.393374633789062500e+01
3.375698471069335938e+01
4.876296997070312500e+01
5.917294311523437500e+01
9.396043395996093750e+01
8.813880157470703125e+01
6.737835693359375000e+01
7.637342834472656250e+01
3.000000000000000000e+01
5.377594757080078125e+01
8.772198486328125000e+01
4.817284011840820312e+01
3.835885620117187500e+01
7.482298278808593750e+01
9.353393554687500000e+01
5.844620513916015625e+01
5.467611312866210938e+01
5.003347396850585938e+01
3.000000000000000000e+01
4.177522659301757812e+01
3.000000000000000000e+01
3.574264907836914062e+01
3.000000000000000000e+01
3.440433883666992188e+01
5.059776687622070312e+01
5.388150787353515625e+01
4.466239929199218750e+01
8.303938293457031250e+01
6.447767639160156250e+01
4.870082855224609375e+01
4.025084686279296875e+01
5.620886230468750000e+01
6.002106475830078125e+01
3.000000000000000000e+01
3.680733489990234375e+01
6.090040206909179688e+01
3.319366455078125000e+01
5.492206954956054688e+01
3.000000000000000000e+01
5.500505065917968750e+01
3.000000000000000000e+01
3.837394714355468750e+01
1.013043975830078125e+02
4.422235107421875000e+01
3.601561355590820312e+01
5.749754333496093750e+01
3.980825805664062500e+01
7.827455139160156250e+01
3.000000000000000000e+01
5.136363983154296875e+01
1.265191802978515625e+02
4.309792327880859375e+01
1.075859375000000000e+02
1.190892105102539062e+02
3.722650527954101562e+01
3.366368484497070312e+01
8.966530609130859375e+01
5.122563934326171875e+01
6.518534088134765625e+01
7.095791625976562500e+01
1.438999938964843750e+02
4.778016662597656250e+01
4.182794570922851562e+01
5.707649993896484375e+01
3.830315399169921875e+01
4.174581146240234375e+01
1.030434341430664062e+02
3.964770889282226562e+01
6.889028167724609375e+01
5.644454956054687500e+01
4.060120773315429688e+01
3.000000000000000000e+01
5.972052001953125000e+01
4.761582946777343750e+01
4.285065841674804688e+01
4.039070892333984375e+01
3.471061325073242188e+01
4.121998977661132812e+01
5.342855834960937500e+01
5.313035583496093750e+01
4.642763900756835938e+01
5.245021820068359375e+01
5.869741058349609375e+01
6.528048706054687500e+01
1.099866714477539062e+02
6.264648437500000000e+01
1.062868957519531250e+02
9.953280639648437500e+01
1.166989746093750000e+02
4.253542327880859375e+01
6.203066635131835938e+01
3.000000000000000000e+01
4.213895034790039062e+01
8.650618743896484375e+01
7.003397369384765625e+01
8.799911499023437500e+01
8.520272827148437500e+01
4.127679443359375000e+01
4.139369583129882812e+01
7.249808502197265625e+01
8.829942321777343750e+01
4.075830841064453125e+01
4.260299682617187500e+01
4.223965835571289062e+01
3.926475524902343750e+01
8.747119140625000000e+01
4.328998565673828125e+01
4.869108581542968750e+01
4.404046249389648438e+01
4.770196914672851562e+01
5.049542999267578125e+01
9.498004150390625000e+01
4.298894500732421875e+01
3.000000000000000000e+01
3.833462142944335938e+01
1.020290374755859375e+02
6.010778045654296875e+01
3.801362228393554688e+01
5.965669250488281250e+01
6.039033508300781250e+01
4.433103942871093750e+01
5.045004272460937500e+01
4.655526733398437500e+01
7.290632629394531250e+01
4.295546722412109375e+01
6.262398529052734375e+01
7.825827026367187500e+01
7.575308227539062500e+01
8.030318450927734375e+01
5.260864257812500000e+01
3.712213897705078125e+01
6.968135833740234375e+01
7.002694702148437500e+01
4.970605468750000000e+01
5.991722488403320312e+01
5.351121520996093750e+01
3.819707489013671875e+01
6.053900527954101562e+01
3.484609222412109375e+01
3.000000000000000000e+01
5.287921905517578125e+01
6.156020736694335938e+01
7.279460906982421875e+01
4.923622894287109375e+01
5.406916427612304688e+01
4.067673492431640625e+01
8.423010253906250000e+01
1.090460815429687500e+02
7.820407104492187500e+01
4.383385467529296875e+01
1.166989746093750000e+02
4.632351303100585938e+01
5.949089050292968750e+01
9.353393554687500000e+01
3.829528427124023438e+01
3.844382476806640625e+01
6.174693679809570312e+01
3.000000000000000000e+01
4.312245941162109375e+01
2.460589904785156250e+02
5.664634704589843750e+01
3.000000000000000000e+01
3.462398529052734375e+01
1.281181640625000000e+02
5.432791137695312500e+01
5.614823150634765625e+01
8.534933471679687500e+01
4.631624221801757812e+01
1.351076049804687500e+02
7.088800811767578125e+01
8.457237243652343750e+01
3.331525421142578125e+01
3.915326309204101562e+01
6.059109497070312500e+01
7.205673217773437500e+01
6.523532104492187500e+01
5.171244049072265625e+01
4.683882141113281250e+01
3.204609680175781250e+01
4.740075683593750000e+01
5.838636016845703125e+01
5.775997924804687500e+01
4.029733657836914062e+01
6.828603363037109375e+01
8.150601196289062500e+01
4.221599578857421875e+01
3.438231658935546875e+01
5.558210754394531250e+01
3.000000000000000000e+01
5.171202087402343750e+01
1.303686676025390625e+02
5.220948791503906250e+01
7.562434387207031250e+01
4.786124420166015625e+01
4.366555023193359375e+01
3.320839691162109375e+01
9.219345092773437500e+01
6.171371459960937500e+01
7.222366333007812500e+01
1.018619079589843750e+02
5.681237792968750000e+01
4.950928115844726562e+01
4.914750289916992188e+01
3.907633972167968750e+01
5.256480407714843750e+01
6.970422363281250000e+01
1.847756652832031250e+02
4.949273300170898438e+01
5.391553497314453125e+01
4.808733367919921875e+01
4.966547775268554688e+01
4.877520751953125000e+01
6.119227218627929688e+01
5.212828063964843750e+01
5.828090286254882812e+01
8.432841491699218750e+01
3.000000000000000000e+01
3.687716293334960938e+01
6.156523132324218750e+01
1.057665710449218750e+02
6.750753784179687500e+01
1.075859375000000000e+02
4.046694564819335938e+01
4.435133361816406250e+01
4.662134170532226562e+01
8.282597351074218750e+01
1.568212280273437500e+02
6.763101196289062500e+01
5.311405181884765625e+01
6.354560852050781250e+01
4.293142700195312500e+01
4.701080322265625000e+01
8.188536071777343750e+01
3.043543815612792969e+01
3.724300003051757812e+01
6.028752517700195312e+01
7.970190429687500000e+01
5.222236633300781250e+01
1.001119995117187500e+02
4.020652389526367188e+01
5.411638641357421875e+01
6.179100418090820312e+01
8.532015991210937500e+01
5.682459640502929688e+01
4.954354858398437500e+01
4.940768814086914062e+01
3.999884033203125000e+01
3.892077636718750000e+01
4.286213684082031250e+01
3.734252166748046875e+01
4.999053955078125000e+01
5.769966125488281250e+01
3.529312896728515625e+01
3.000000000000000000e+01
4.677677917480468750e+01
4.090220642089843750e+01
3.033064842224121094e+01
1.412218933105468750e+02
3.000000000000000000e+01
6.718170166015625000e+01
1.088204650878906250e+02
5.201140213012695312e+01
3.000000000000000000e+01
3.383977890014648438e+01
5.564115905761718750e+01
6.699140167236328125e+01
6.140454864501953125e+01
4.387008666992187500e+01
5.343528747558593750e+01
5.140608978271484375e+01
6.355767059326171875e+01
4.264074707031250000e+01
7.959519958496093750e+01
3.000000000000000000e+01
5.917294311523437500e+01
5.501957321166992188e+01
3.377077484130859375e+01
3.544334030151367188e+01
5.266413116455078125e+01
6.140765380859375000e+01
5.070093917846679688e+01
5.147126770019531250e+01
4.900236892700195312e+01
4.925932312011718750e+01
6.820976257324218750e+01
9.078245544433593750e+01
6.066738891601562500e+01
9.218681335449218750e+01
4.156798171997070312e+01
5.450161743164062500e+01
3.925059509277343750e+01
6.039337921142578125e+01
6.779164123535156250e+01
6.052348709106445312e+01
6.742755889892578125e+01
4.282616424560546875e+01
8.986784362792968750e+01
4.001768493652343750e+01
5.208868026733398438e+01
9.872447967529296875e+01
1.427888641357421875e+02
1.364875183105468750e+02
5.315788269042968750e+01
3.819988250732421875e+01
4.841999053955078125e+01
6.071765899658203125e+01
8.917697906494140625e+01
8.099779510498046875e+01
6.550850677490234375e+01
1.000896301269531250e+02
5.558210754394531250e+01
4.403049087524414062e+01
3.634320068359375000e+01
5.887427520751953125e+01
4.677058410644531250e+01
3.554074478149414062e+01
3.382944869995117188e+01
9.743734741210937500e+01
6.965242767333984375e+01
5.117718505859375000e+01
8.636018371582031250e+01
3.312250900268554688e+01
4.280104827880859375e+01
4.982856750488281250e+01
5.663710021972656250e+01
7.529628753662109375e+01
4.954354858398437500e+01
2.174346618652343750e+02
5.406396102905273438e+01
4.636434936523437500e+01
3.715970611572265625e+01
5.324524688720703125e+01
1.190277709960937500e+02
4.289081192016601562e+01
4.146176147460937500e+01
5.569206619262695312e+01
4.029733657836914062e+01
8.688136291503906250e+01
4.596433639526367188e+01
6.377097320556640625e+01
5.183876800537109375e+01
4.507692337036132812e+01
4.270122528076171875e+01
3.000000000000000000e+01
7.245500946044921875e+01
6.179690933227539062e+01
2.251457214355468750e+02
4.499700927734375000e+01
5.403229522705078125e+01
6.814839172363281250e+01
6.172060394287109375e+01
4.731723022460937500e+01
3.802803802490234375e+01
3.743497085571289062e+01
5.179541397094726562e+01
3.962056350708007812e+01
5.309980773925781250e+01
5.660494995117187500e+01
4.201768875122070312e+01
4.864173889160156250e+01
3.484659194946289062e+01
3.722650527954101562e+01
4.110350418090820312e+01
3.066646575927734375e+01
6.723381042480468750e+01
7.874130249023437500e+01
3.000000000000000000e+01
4.311299896240234375e+01
4.388021850585937500e+01
7.794346618652343750e+01
4.295106124877929688e+01
9.245467376708984375e+01
3.000000000000000000e+01
6.737835693359375000e+01
8.472602844238281250e+01
4.356321716308593750e+01
9.872447967529296875e+01
3.000000000000000000e+01
4.250302124023437500e+01
4.015674591064453125e+01
4.549151611328125000e+01
1.346133422851562500e+02
4.805137252807617188e+01
3.000000000000000000e+01
7.018051910400390625e+01
5.491024780273437500e+01
9.825250244140625000e+01
6.802896118164062500e+01
4.217367935180664062e+01
6.076709747314453125e+01
8.280874633789062500e+01
7.935867309570312500e+01
7.148215484619140625e+01
7.704651641845703125e+01
3.077070617675781250e+01
3.699056625366210938e+01
6.608529663085937500e+01
6.955480194091796875e+01
1.092362899780273438e+02
9.342692565917968750e+01
1.123187255859375000e+02
5.491264724731445312e+01
4.184553909301757812e+01
4.816232299804687500e+01
3.681786727905273438e+01
5.497136688232421875e+01
3.000000000000000000e+01
3.000000000000000000e+01
7.085321044921875000e+01
9.568482971191406250e+01
5.412984466552734375e+01
3.102022933959960938e+01
5.253483581542968750e+01
6.767353057861328125e+01
4.338420867919921875e+01
5.031578445434570312e+01
6.970422363281250000e+01
4.114177703857421875e+01
7.261929321289062500e+01
4.701080322265625000e+01
5.016270446777343750e+01
6.410733032226562500e+01
4.201983642578125000e+01
3.831179809570312500e+01
5.825843429565429688e+01
3.390680694580078125e+01
7.254251098632812500e+01
7.065078735351562500e+01
4.570976257324218750e+01
9.127800750732421875e+01
5.281315612792968750e+01
3.917153167724609375e+01
3.169979095458984375e+01
3.000000000000000000e+01
4.580684661865234375e+01
3.719651794433593750e+01
3.263487625122070312e+01
3.876163101196289062e+01
9.463801574707031250e+01
4.585297393798828125e+01
3.821440124511718750e+01
8.487764739990234375e+01
7.897969055175781250e+01
4.153518676757812500e+01
6.206590652465820312e+01
7.419596862792968750e+01
4.466239929199218750e+01
4.284041595458984375e+01
1.039763717651367188e+02
6.267834854125976562e+01
8.356336975097656250e+01
4.205536651611328125e+01
3.370621871948242188e+01
5.863153076171875000e+01
4.584485626220703125e+01
5.476168441772460938e+01
5.004320526123046875e+01
3.529599380493164062e+01
4.509783554077148438e+01
4.220563507080078125e+01
5.863756179809570312e+01
3.156270027160644531e+01
3.712107849121093750e+01
7.441651916503906250e+01
9.211917114257812500e+01
4.126808547973632812e+01
1.040566864013671875e+02
4.996658325195312500e+01
3.000000000000000000e+01
9.327973175048828125e+01
8.451167297363281250e+01
4.072458267211914062e+01
6.414958190917968750e+01
5.250679016113281250e+01
4.894353485107421875e+01
4.382356643676757812e+01
9.338293457031250000e+01
5.364154052734375000e+01
5.026242065429687500e+01
3.375698852539062500e+01
5.657461166381835938e+01
5.467772674560546875e+01
3.436611557006835938e+01
4.781745147705078125e+01
6.530649566650390625e+01
5.526494216918945312e+01
7.453099060058593750e+01
7.219445037841796875e+01
3.053090858459472656e+01
4.894295883178710938e+01
4.126434326171875000e+01
5.189696884155273438e+01
6.167805480957031250e+01
8.968748474121093750e+01
6.377097320556640625e+01
4.769015121459960938e+01
6.351594924926757812e+01
4.781745147705078125e+01
3.900834274291992188e+01
4.576875686645507812e+01
4.235980606079101562e+01
4.501571655273437500e+01
6.518885040283203125e+01
5.383404541015625000e+01
4.361052703857421875e+01
5.954452514648437500e+01
4.341867065429687500e+01
5.358748626708984375e+01
3.458425903320312500e+01
6.464036560058593750e+01
4.505577468872070312e+01
3.030063629150390625e+01
7.787143707275390625e+01
3.232265472412109375e+01
6.888282775878906250e+01
3.729460144042968750e+01
7.819921875000000000e+01
6.257189941406250000e+01
4.470571899414062500e+01
3.680336761474609375e+01
3.866271591186523438e+01
6.019392776489257812e+01
7.945854949951171875e+01
4.153947448730468750e+01
4.531496047973632812e+01
6.074632644653320312e+01
4.335912322998046875e+01
7.378673553466796875e+01
4.148628616333007812e+01
6.505487060546875000e+01
4.529206085205078125e+01
3.000000000000000000e+01
4.934418106079101562e+01
4.761030960083007812e+01
7.727090454101562500e+01
3.000000000000000000e+01
8.195469665527343750e+01
4.641684722900390625e+01
4.424340057373046875e+01
3.770468902587890625e+01
4.106938171386718750e+01
4.622917938232421875e+01
4.901119995117187500e+01
3.819988632202148438e+01
4.074656677246093750e+01
3.000000000000000000e+01
3.333055496215820312e+01
4.633410263061523438e+01
5.476113128662109375e+01
6.673180389404296875e+01
5.264850997924804688e+01
4.670134735107421875e+01
4.846768569946289062e+01
3.000000000000000000e+01
3.000000000000000000e+01
4.106938171386718750e+01
6.742755889892578125e+01
4.104626464843750000e+01
4.463378906250000000e+01
3.693448257446289062e+01
7.040237426757812500e+01
5.909194946289062500e+01
8.120529174804687500e+01
4.293949127197265625e+01
3.480089187622070312e+01
5.762332153320312500e+01
3.000000000000000000e+01
5.782373046875000000e+01
3.026064872741699219e+01
4.951806640625000000e+01
3.221186828613281250e+01
3.000000000000000000e+01
4.300561141967773438e+01
3.749874496459960938e+01
7.244163513183593750e+01
4.293556594848632812e+01
8.968748474121093750e+01
5.187733459472656250e+01
4.311368179321289062e+01
3.948901748657226562e+01
4.316272735595703125e+01
3.392350006103515625e+01
4.942991638183593750e+01
6.272412872314453125e+01
6.276885223388671875e+01
5.136363983154296875e+01
4.598818206787109375e+01
4.086689758300781250e+01
7.410521697998046875e+01
5.797782897949218750e+01
3.205093765258789062e+01
3.000000000000000000e+01
3.000000000000000000e+01
3.992393875122070312e+01
3.377077484130859375e+01
6.491020202636718750e+01
3.285230636596679688e+01
3.572660064697265625e+01
4.096186065673828125e+01
3.929098129272460938e+01
3.348775863647460938e+01
4.907967376708984375e+01
3.711334228515625000e+01
5.648487854003906250e+01
3.999823760986328125e+01
7.610748291015625000e+01
5.187733459472656250e+01
6.001453399658203125e+01
3.203026580810546875e+01
3.000000000000000000e+01
4.684144592285156250e+01
3.000000000000000000e+01
5.227674865722656250e+01
8.017102050781250000e+01
3.000000000000000000e+01
3.546445083618164062e+01
5.060734939575195312e+01
3.366368484497070312e+01
5.990553283691406250e+01
6.386904907226562500e+01
3.000000000000000000e+01
4.281637191772460938e+01
7.857052612304687500e+01
4.705920410156250000e+01
8.280874633789062500e+01
8.108391571044921875e+01
3.000000000000000000e+01
6.596050262451171875e+01
4.681420898437500000e+01
5.726798629760742188e+01
4.677848815917968750e+01
5.433355712890625000e+01
6.549861145019531250e+01
6.204290771484375000e+01
4.126552581787109375e+01
6.521984100341796875e+01
6.564854431152343750e+01
3.520510101318359375e+01
6.828507232666015625e+01
3.501289367675781250e+01
3.000000000000000000e+01
3.930666351318359375e+01
4.802557754516601562e+01
4.478202056884765625e+01
6.295610809326171875e+01
5.302754211425781250e+01
5.403229522705078125e+01
3.816263580322265625e+01
4.433903121948242188e+01
5.114907836914062500e+01
3.905266571044921875e+01
7.471330261230468750e+01
3.817722702026367188e+01
3.701436614990234375e+01
5.749420928955078125e+01
4.694802474975585938e+01
4.808563995361328125e+01
4.569091415405273438e+01
3.680336761474609375e+01
3.000000000000000000e+01
3.402140045166015625e+01
3.572442626953125000e+01
6.325429534912109375e+01
3.000000000000000000e+01
4.407463836669921875e+01
6.156523132324218750e+01
3.487376785278320312e+01
4.285065841674804688e+01
4.853800201416015625e+01
7.288051605224609375e+01
4.814857482910156250e+01
6.708088684082031250e+01
1.129522247314453125e+02
4.976759338378906250e+01
4.153255462646484375e+01
4.828044891357421875e+01
4.858281326293945312e+01
3.963031387329101562e+01
4.114065933227539062e+01
4.832507324218750000e+01
1.018619079589843750e+02
5.668655395507812500e+01
3.803015899658203125e+01
4.757064819335937500e+01
5.064503097534179688e+01
3.255247497558593750e+01
4.174581146240234375e+01
5.663710021972656250e+01
5.358200836181640625e+01
3.000000000000000000e+01
6.184423065185546875e+01
4.102069854736328125e+01
5.135625457763671875e+01
6.053900146484375000e+01
3.187397766113281250e+01
4.414192199707031250e+01
4.996549224853515625e+01
3.128918075561523438e+01
5.177854156494140625e+01
4.925763702392578125e+01
4.605253219604492188e+01
6.750753784179687500e+01
3.735691833496093750e+01
3.000000000000000000e+01
4.877520751953125000e+01
5.258067321777343750e+01
3.432937240600585938e+01
5.568931579589843750e+01
3.909336853027343750e+01
3.515439224243164062e+01
3.779403686523437500e+01
4.847658157348632812e+01
4.923634338378906250e+01
5.205876159667968750e+01
5.386927795410156250e+01
3.185808181762695312e+01
4.298620605468750000e+01
4.779866790771484375e+01
5.595005035400390625e+01
4.253542327880859375e+01
3.710777282714843750e+01
5.782802581787109375e+01
5.189465332031250000e+01
4.672724151611328125e+01
6.564141845703125000e+01
4.542638015747070312e+01
6.222757339477539062e+01
4.077009582519531250e+01
1.008001632690429688e+02
9.082252502441406250e+01
4.206172180175781250e+01
6.615122985839843750e+01
3.734768676757812500e+01
7.563641357421875000e+01
3.000000000000000000e+01
3.879693222045898438e+01
8.207647705078125000e+01
4.856626129150390625e+01
4.237583541870117188e+01
4.657171249389648438e+01
8.727228546142578125e+01
3.972822189331054688e+01
5.605102157592773438e+01
3.559173965454101562e+01
5.161876678466796875e+01
4.410544586181640625e+01
3.074759292602539062e+01
5.518196868896484375e+01
7.109433746337890625e+01
4.494537353515625000e+01
3.504482269287109375e+01
3.000000000000000000e+01
4.357263946533203125e+01
4.229205322265625000e+01
4.463690185546875000e+01
5.375799560546875000e+01
9.245467376708984375e+01
5.666667938232421875e+01
7.412454986572265625e+01
6.781546020507812500e+01
7.559759521484375000e+01
5.771403884887695312e+01
3.295972061157226562e+01
3.679780197143554688e+01
5.405638122558593750e+01
4.128634643554687500e+01
4.694480133056640625e+01
4.411686706542968750e+01
3.067364883422851562e+01
3.000000000000000000e+01
3.216054534912109375e+01
3.000000000000000000e+01
4.653498458862304688e+01
6.112689208984375000e+01
4.718848037719726562e+01
3.834339904785156250e+01
4.130956268310546875e+01
3.815419387817382812e+01
4.074472808837890625e+01
4.945969390869140625e+01
5.590063095092773438e+01
5.287702941894531250e+01
4.425188064575195312e+01
3.000000000000000000e+01
5.377594375610351562e+01
5.487399673461914062e+01
3.000000000000000000e+01
6.019392776489257812e+01
3.000000000000000000e+01
7.868185424804687500e+01
3.853940963745117188e+01
5.430676269531250000e+01
6.052264022827148438e+01
3.411820983886718750e+01
3.000000000000000000e+01
3.875171661376953125e+01
5.388658523559570312e+01
4.335104751586914062e+01
4.282589721679687500e+01
4.381407928466796875e+01
3.000000000000000000e+01
3.889870452880859375e+01
8.688136291503906250e+01
5.800126266479492188e+01
8.310805511474609375e+01
3.320968627929687500e+01
3.657728195190429688e+01
5.340435791015625000e+01
3.000000000000000000e+01
5.573528671264648438e+01
5.630140686035156250e+01
6.218017196655273438e+01
4.068033599853515625e+01
4.848819351196289062e+01
3.998741149902343750e+01
3.986309814453125000e+01
3.144769859313964844e+01
8.176464080810546875e+01
3.142508888244628906e+01
4.106191635131835938e+01
3.811492919921875000e+01
4.358863067626953125e+01
4.213817596435546875e+01
3.000000000000000000e+01
4.520250320434570312e+01
5.414909744262695312e+01
3.240644073486328125e+01
6.175842285156250000e+01
7.018051147460937500e+01
3.000000000000000000e+01
6.176388931274414062e+01
4.452793502807617188e+01
4.171426391601562500e+01
4.250983428955078125e+01
5.159832000732421875e+01
3.980930709838867188e+01
4.277054595947265625e+01
3.825373840332031250e+01
4.718579101562500000e+01
3.000000000000000000e+01
3.954341888427734375e+01
3.094184494018554688e+01
3.317332077026367188e+01
3.476943969726562500e+01
3.832533264160156250e+01
3.628385162353515625e+01
5.613407516479492188e+01
4.248725891113281250e+01
8.727227783203125000e+01
3.000000000000000000e+01
3.674540710449218750e+01
3.804538726806640625e+01
6.977236938476562500e+01
3.830315399169921875e+01
4.403712844848632812e+01
8.176464080810546875e+01
4.213145446777343750e+01
4.215982055664062500e+01
3.506706237792968750e+01
5.059776306152343750e+01
9.642590332031250000e+01
7.599221038818359375e+01
5.931753540039062500e+01
7.107910156250000000e+01
3.546778869628906250e+01
3.306680297851562500e+01
5.470149993896484375e+01
4.416283798217773438e+01
5.345492553710937500e+01
5.332604980468750000e+01
4.344401550292968750e+01
3.460689544677734375e+01
6.984123229980468750e+01
3.530866622924804688e+01
5.269252777099609375e+01
5.175035476684570312e+01
4.278861999511718750e+01
3.511423873901367188e+01
4.383385467529296875e+01
4.681420898437500000e+01
3.042984771728515625e+01
4.901837158203125000e+01
7.799562072753906250e+01
4.520173645019531250e+01
4.336461639404296875e+01
6.426776123046875000e+01
5.623229598999023438e+01
4.330560302734375000e+01
3.895539474487304688e+01
3.885102462768554688e+01
4.715581512451171875e+01
4.165513992309570312e+01
4.254233551025390625e+01
3.644726562500000000e+01
6.452839660644531250e+01
6.587313842773437500e+01
5.483699417114257812e+01
4.069334793090820312e+01
4.463214874267578125e+01
3.962847137451171875e+01
4.207398223876953125e+01
6.507443237304687500e+01
4.684372711181640625e+01
4.307592010498046875e+01
3.000000000000000000e+01
4.149583435058593750e+01
3.530012512207031250e+01
3.832574844360351562e+01
5.786137390136718750e+01
4.413265991210937500e+01
5.668655395507812500e+01
7.529628753662109375e+01
4.531394195556640625e+01
3.124258422851562500e+01
4.821717071533203125e+01
3.000000000000000000e+01
8.149855804443359375e+01
4.457319641113281250e+01
4.059817123413085938e+01
4.583744430541992188e+01
7.794347381591796875e+01
4.113664245605468750e+01
3.000000000000000000e+01
3.644340133666992188e+01
3.612130737304687500e+01
5.503404998779296875e+01
4.238067245483398438e+01
4.333749389648437500e+01
3.000000000000000000e+01
3.000000000000000000e+01
3.000000000000000000e+01
3.974686431884765625e+01
4.268872070312500000e+01
4.020471572875976562e+01
4.857732391357421875e+01
4.645582580566406250e+01
7.478364562988281250e+01
4.515705871582031250e+01
4.921316909790039062e+01
5.249115753173828125e+01
3.231427383422851562e+01
5.177244567871093750e+01
3.701261901855468750e+01
3.486948776245117188e+01
3.846514892578125000e+01
4.416561126708984375e+01
3.871827316284179688e+01
3.732699584960937500e+01
3.615489196777343750e+01
4.504782104492187500e+01
4.360031509399414062e+01
4.547462844848632812e+01
