4.906016540527343750e+01
6.552899169921875000e+01
3.950635910034179688e+01
4.231045532226562500e+01
6.261382293701171875e+01
7.836665344238281250e+01
3.000000000000000000e+01
6.761923980712890625e+01
6.336938476562500000e+01
1.202624664306640625e+02
4.912237548828125000e+01
1.688736572265625000e+02
5.190386199951171875e+01
4.311560440063476562e+01
3.000000000000000000e+01
7.876919555664062500e+01
6.324258422851562500e+01
4.220403671264648438e+01
4.355123901367187500e+01
1.347792205810546875e+02
4.016633987426757812e+01
8.504695129394531250e+01
3.419993591308593750e+01
4.720091247558593750e+01
6.747872161865234375e+01
6.915700531005859375e+01
3.000000000000000000e+01
6.913528442382812500e+01
1.934260559082031250e+02
5.236000823974609375e+01
5.733892822265625000e+01
5.272340393066406250e+01
4.761189270019531250e+01
1.037902297973632812e+02
7.064169311523437500e+01
5.616274261474609375e+01
6.778205108642578125e+01
5.612704849243164062e+01
4.534522247314453125e+01
3.919356918334960938e+01
4.217499542236328125e+01
4.036390686035156250e+01
5.522857666015625000e+01
5.187977981567382812e+01
3.000000000000000000e+01
4.432670593261718750e+01
4.794955062866210938e+01
6.057181930541992188e+01
1.298650054931640625e+02
5.272950363159179688e+01
4.363490295410156250e+01
3.000000000000000000e+01
5.644768142700195312e+01
4.765092086791992188e+01
1.019638824462890625e+02
5.440198898315429688e+01
7.834712219238281250e+01
4.715455627441406250e+01
5.563356781005859375e+01
6.186708068847656250e+01
5.362635421752929688e+01
8.387170410156250000e+01
4.362389373779296875e+01
7.385710906982421875e+01
8.662760162353515625e+01
5.619320678710937500e+01
5.391899871826171875e+01
3.000000000000000000e+01
4.503166961669921875e+01
5.331155395507812500e+01
6.636138153076171875e+01
3.652468490600585938e+01
1.154174804687500000e+02
3.684983825683593750e+01
7.531642913818359375e+01
6.150024414062500000e+01
4.473054122924804688e+01
4.507087707519531250e+01
4.579654693603515625e+01
6.499228668212890625e+01
3.837289428710937500e+01
6.324258422851562500e+01
5.060984039306640625e+01
9.521529388427734375e+01
9.411226654052734375e+01
4.229203796386718750e+01
3.807035446166992188e+01
4.937133026123046875e+01
5.190386199951171875e+01
5.840341949462890625e+01
5.000220489501953125e+01
5.265158081054687500e+01
7.063891601562500000e+01
5.053790283203125000e+01
1.029130706787109375e+02
1.017489852905273438e+02
6.687296295166015625e+01
3.854264831542968750e+01
1.046456298828125000e+02
4.802886581420898438e+01
8.720165252685546875e+01
6.037194824218750000e+01
1.500901641845703125e+02
4.037382507324218750e+01
5.040655517578125000e+01
7.748413085937500000e+01
3.011424827575683594e+01
6.327313995361328125e+01
5.171535491943359375e+01
3.540582656860351562e+01
4.191679382324218750e+01
3.183806037902832031e+01
6.465573120117187500e+01
9.868740844726562500e+01
4.013963317871093750e+01
4.141992187500000000e+01
9.500379943847656250e+01
4.975534820556640625e+01
7.363134765625000000e+01
5.274570465087890625e+01
4.527119445800781250e+01
5.530595397949218750e+01
5.134951782226562500e+01
4.922480773925781250e+01
4.290598678588867188e+01
5.383853530883789062e+01
7.359151458740234375e+01
5.444301223754882812e+01
4.204798889160156250e+01
5.007715225219726562e+01
5.669949722290039062e+01
1.094403686523437500e+02
7.147299957275390625e+01
4.262359619140625000e+01
7.287191009521484375e+01
5.162734222412109375e+01
1.106349334716796875e+02
5.098252487182617188e+01
3.829995346069335938e+01
7.609976959228515625e+01
4.503112792968750000e+01
1.067559661865234375e+02
7.633264923095703125e+01
7.037551879882812500e+01
6.846537017822265625e+01
4.225231170654296875e+01
9.823100280761718750e+01
1.016686401367187500e+02
5.820461273193359375e+01
1.535198364257812500e+02
6.091251373291015625e+01
7.134312438964843750e+01
5.261042404174804688e+01
8.632104492187500000e+01
5.907567596435546875e+01
1.188277435302734375e+02
3.000000000000000000e+01
1.197188491821289062e+02
4.425817108154296875e+01
6.404489898681640625e+01
3.867349243164062500e+01
5.079431915283203125e+01
5.518521881103515625e+01
3.969989013671875000e+01
7.565686035156250000e+01
4.028736114501953125e+01
6.697030639648437500e+01
5.086708450317382812e+01
4.059418106079101562e+01
1.433753356933593750e+02
4.532423400878906250e+01
4.805413055419921875e+01
3.416567993164062500e+01
3.000000000000000000e+01
4.837833404541015625e+01
6.780886840820312500e+01
4.461765289306640625e+01
4.758542251586914062e+01
7.329541778564453125e+01
5.915607452392578125e+01
7.116638183593750000e+01
6.383142852783203125e+01
8.193546295166015625e+01
6.967784881591796875e+01
4.181861877441406250e+01
4.297240066528320312e+01
3.570833587646484375e+01
6.773535919189453125e+01
5.519176483154296875e+01
4.626469039916992188e+01
4.908340454101562500e+01
5.980461883544921875e+01
5.617728424072265625e+01
4.235964965820312500e+01
5.103659820556640625e+01
3.784114456176757812e+01
4.455287170410156250e+01
8.408585357666015625e+01
1.316561889648437500e+02
8.144421386718750000e+01
6.344962692260742188e+01
9.683111572265625000e+01
6.801741790771484375e+01
3.000000000000000000e+01
5.972362136840820312e+01
4.453289031982421875e+01
6.499557495117187500e+01
6.504663848876953125e+01
1.308583221435546875e+02
3.530661392211914062e+01
4.737254714965820312e+01
9.763699340820312500e+01
4.113346099853515625e+01
4.123540878295898438e+01
3.880953598022460938e+01
3.827276992797851562e+01
5.318075561523437500e+01
5.498066329956054688e+01
4.729985046386718750e+01
4.605279922485351562e+01
3.558520126342773438e+01
7.332656097412109375e+01
1.026095428466796875e+02
4.247714996337890625e+01
4.635897827148437500e+01
3.551601791381835938e+01
5.896584320068359375e+01
9.949752807617187500e+01
6.495886230468750000e+01
9.279786682128906250e+01
3.834055709838867188e+01
4.471027374267578125e+01
5.366799926757812500e+01
3.000000000000000000e+01
4.409861755371093750e+01
5.792890548706054688e+01
4.104081726074218750e+01
4.522464752197265625e+01
6.691058349609375000e+01
5.476246643066406250e+01
4.487655639648437500e+01
1.249328460693359375e+02
8.127162170410156250e+01
6.863274383544921875e+01
9.480265045166015625e+01
4.396244812011718750e+01
5.276621246337890625e+01
1.524336853027343750e+02
1.633855438232421875e+02
5.187681961059570312e+01
5.612791442871093750e+01
4.353397369384765625e+01
5.288030242919921875e+01
1.244757690429687500e+02
4.967546081542968750e+01
6.810951995849609375e+01
4.875626373291015625e+01
4.301472091674804688e+01
4.595876312255859375e+01
1.621077270507812500e+02
5.233662796020507812e+01
5.750000762939453125e+01
6.127516937255859375e+01
4.632156372070312500e+01
1.455574493408203125e+02
5.950414276123046875e+01
1.503237915039062500e+02
7.992787170410156250e+01
7.643228149414062500e+01
7.712542724609375000e+01
5.734501647949218750e+01
5.111743164062500000e+01
6.863274383544921875e+01
6.955135345458984375e+01
1.310653076171875000e+02
3.218726730346679688e+01
6.975692749023437500e+01
8.144532775878906250e+01
9.451011657714843750e+01
9.270816802978515625e+01
7.606381988525390625e+01
6.924414062500000000e+01
7.599481201171875000e+01
4.078760147094726562e+01
6.001517486572265625e+01
4.212104797363281250e+01
3.768240356445312500e+01
5.825074005126953125e+01
3.977513122558593750e+01
3.613135528564453125e+01
4.108328247070312500e+01
3.314490509033203125e+01
3.390222930908203125e+01
9.501325988769531250e+01
3.414392852783203125e+01
3.517575454711914062e+01
6.579673767089843750e+01
6.156458663940429688e+01
4.139280319213867188e+01
6.187922668457031250e+01
6.213766098022460938e+01
3.272425460815429688e+01
3.507440567016601562e+01
7.000535583496093750e+01
7.467356109619140625e+01
4.287348937988281250e+01
7.801992034912109375e+01
8.988160705566406250e+01
7.062049865722656250e+01
1.132932739257812500e+02
1.447905883789062500e+02
3.742897796630859375e+01
9.607731628417968750e+01
9.436872100830078125e+01
9.780770874023437500e+01
4.410866928100585938e+01
3.964245223999023438e+01
1.297682495117187500e+02
6.160650634765625000e+01
1.046456298828125000e+02
4.797090148925781250e+01
4.701250457763671875e+01
3.838975143432617188e+01
4.639869689941406250e+01
3.628262710571289062e+01
4.631917572021484375e+01
4.256854248046875000e+01
3.654290390014648438e+01
1.154174804687500000e+02
3.315469360351562500e+01
7.814968872070312500e+01
5.158894348144531250e+01
5.913508605957031250e+01
4.469931030273437500e+01
4.699008560180664062e+01
5.022045135498046875e+01
7.351280975341796875e+01
4.945632934570312500e+01
3.771977233886718750e+01
3.744804763793945312e+01
5.875686264038085938e+01
8.825433349609375000e+01
4.480277252197265625e+01
7.062049865722656250e+01
4.748890686035156250e+01
5.371978759765625000e+01
1.393946838378906250e+02
3.343314361572265625e+01
4.280190277099609375e+01
9.478726959228515625e+01
1.627384643554687500e+02
1.882521362304687500e+02
5.840250015258789062e+01
8.387170410156250000e+01
4.624417495727539062e+01
8.318037414550781250e+01
5.828868103027343750e+01
3.726742935180664062e+01
1.196171569824218750e+02
5.143904876708984375e+01
7.486502838134765625e+01
1.244679565429687500e+02
6.578224945068359375e+01
7.136014556884765625e+01
8.722779083251953125e+01
3.251887512207031250e+01
6.756843566894531250e+01
1.171496505737304688e+02
3.000000000000000000e+01
5.446780395507812500e+01
5.990037918090820312e+01
5.958927917480468750e+01
1.038987426757812500e+02
1.194686355590820312e+02
6.612207031250000000e+01
1.090597076416015625e+02
7.482917785644531250e+01
5.236000823974609375e+01
7.340791320800781250e+01
7.191561889648437500e+01
3.000000000000000000e+01
3.811013793945312500e+01
3.058015823364257812e+01
5.153609466552734375e+01
6.198312377929687500e+01
8.127162170410156250e+01
4.636159515380859375e+01
4.418349456787109375e+01
3.825315856933593750e+01
2.588435363769531250e+02
5.162265396118164062e+01
3.432467651367187500e+01
3.377004241943359375e+01
3.000000000000000000e+01
4.882481384277343750e+01
6.790019226074218750e+01
7.568311309814453125e+01
1.079044799804687500e+02
6.377619171142578125e+01
4.747200012207031250e+01
5.364835739135742188e+01
4.343199539184570312e+01
1.601621093750000000e+02
5.064100265502929688e+01
4.351836395263671875e+01
5.876593780517578125e+01
4.983945846557617188e+01
6.083195877075195312e+01
6.436642456054687500e+01
1.357958068847656250e+02
7.779867553710937500e+01
9.624523925781250000e+01
6.334638977050781250e+01
4.589645385742187500e+01
7.421891021728515625e+01
4.018801498413085938e+01
6.863224792480468750e+01
8.765886688232421875e+01
3.251031112670898438e+01
3.802327346801757812e+01
9.289562225341796875e+01
3.000000000000000000e+01
4.197893524169921875e+01
1.538202362060546875e+02
7.085206604003906250e+01
6.622554779052734375e+01
7.260127258300781250e+01
4.528617095947265625e+01
6.364302444458007812e+01
9.037626647949218750e+01
5.476483917236328125e+01
7.814968872070312500e+01
2.172250213623046875e+02
4.639869689941406250e+01
1.144226684570312500e+02
4.936169052124023438e+01
5.545822906494140625e+01
8.414169311523437500e+01
6.913528442382812500e+01
5.829131317138671875e+01
7.005976104736328125e+01
3.229228973388671875e+01
6.038179779052734375e+01
5.149340438842773438e+01
6.276291656494140625e+01
3.779367828369140625e+01
5.557582473754882812e+01
6.155934906005859375e+01
1.498031005859375000e+02
9.443849182128906250e+01
5.252512741088867188e+01
5.261042404174804688e+01
5.046704101562500000e+01
5.635632324218750000e+01
6.989922332763671875e+01
3.000000000000000000e+01
9.614547729492187500e+01
8.722375488281250000e+01
3.638323593139648438e+01
1.009672393798828125e+02
9.829740905761718750e+01
5.558815765380859375e+01
4.769113159179687500e+01
4.507075500488281250e+01
4.974099349975585938e+01
1.966731719970703125e+02
3.173563766479492188e+01
5.629227066040039062e+01
4.906240844726562500e+01
4.468577957153320312e+01
1.068510589599609375e+02
4.224560546875000000e+01
5.116444778442382812e+01
1.377046966552734375e+02
7.467356109619140625e+01
7.645246124267578125e+01
5.931100463867187500e+01
5.576420211791992188e+01
5.163606262207031250e+01
8.446928405761718750e+01
8.282810974121093750e+01
6.310221099853515625e+01
8.427966308593750000e+01
3.329693603515625000e+01
6.580021667480468750e+01
8.967436218261718750e+01
4.469401550292968750e+01
4.123540878295898438e+01
6.554362487792968750e+01
1.086782760620117188e+02
7.672147369384765625e+01
5.695748138427734375e+01
4.413868331909179688e+01
3.000000000000000000e+01
3.854295349121093750e+01
3.037342071533203125e+01
4.889541625976562500e+01
3.727869796752929688e+01
3.395513153076171875e+01
5.531574249267578125e+01
5.392679595947265625e+01
4.493880462646484375e+01
7.135264587402343750e+01
5.668500518798828125e+01
3.779449462890625000e+01
4.161944580078125000e+01
5.662934494018554688e+01
5.662190246582031250e+01
3.088537597656250000e+01
3.825441741943359375e+01
6.683304595947265625e+01
3.509466171264648438e+01
6.087198257446289062e+01
3.000000000000000000e+01
5.082854843139648438e+01
3.546256256103515625e+01
3.000000000000000000e+01
1.126700668334960938e+02
6.616048431396484375e+01
3.000000000000000000e+01
7.256604766845703125e+01
4.351836395263671875e+01
7.357099151611328125e+01
4.755170440673828125e+01
5.450683593750000000e+01
1.217190170288085938e+02
4.819047164916992188e+01
1.406910858154296875e+02
1.032061309814453125e+02
3.926701736450195312e+01
4.771212005615234375e+01
9.835354614257812500e+01
4.713903808593750000e+01
6.013935852050781250e+01
6.127516937255859375e+01
2.047702941894531250e+02
4.602829742431640625e+01
6.080469131469726562e+01
5.280948638916015625e+01
3.836977386474609375e+01
4.656965255737304688e+01
1.094594497680664062e+02
4.515951919555664062e+01
7.728453063964843750e+01
4.786723709106445312e+01
4.576307296752929688e+01
4.130850601196289062e+01
4.914775848388671875e+01
5.638559722900390625e+01
4.101791763305664062e+01
3.902442932128906250e+01
3.866831970214843750e+01
4.257968902587890625e+01
4.909579086303710938e+01
4.638505935668945312e+01
4.277878570556640625e+01
5.741514587402343750e+01
6.327313995361328125e+01
7.477969360351562500e+01
1.308583221435546875e+02
6.810517120361328125e+01
1.079642028808593750e+02
8.337659454345703125e+01
1.191726684570312500e+02
4.017738723754882812e+01
5.160112380981445312e+01
3.409915924072265625e+01
3.810398483276367188e+01
6.778598022460937500e+01
8.170916748046875000e+01
7.768728637695312500e+01
6.714821624755859375e+01
4.013963317871093750e+01
4.141790008544921875e+01
6.873634338378906250e+01
9.095997619628906250e+01
4.181089782714843750e+01
5.382519531250000000e+01
4.242226791381835938e+01
3.897303009033203125e+01
9.525254821777343750e+01
5.000220489501953125e+01
4.259159851074218750e+01
4.389564514160156250e+01
4.873691558837890625e+01
7.961607360839843750e+01
1.023355255126953125e+02
4.557270812988281250e+01
3.763955307006835938e+01
3.014720344543457031e+01
1.079044799804687500e+02
5.744561004638671875e+01
4.409061431884765625e+01
5.757391738891601562e+01
5.764873504638671875e+01
4.696772766113281250e+01
5.533528137207031250e+01
5.252233123779296875e+01
6.844511413574218750e+01
4.118071746826171875e+01
5.856802749633789062e+01
6.878534698486328125e+01
8.600736999511718750e+01
7.185474395751953125e+01
4.574784851074218750e+01
3.301064682006835938e+01
6.708406066894531250e+01
7.122963714599609375e+01
4.975459289550781250e+01
6.041286849975585938e+01
5.486721801757812500e+01
4.609622955322265625e+01
6.381610488891601562e+01
5.056484985351562500e+01
3.472647476196289062e+01
5.220996093750000000e+01
7.180739593505859375e+01
6.155934906005859375e+01
5.318199920654296875e+01
5.438226318359375000e+01
3.441989898681640625e+01
6.905389404296875000e+01
1.140075836181640625e+02
6.616050720214843750e+01
4.184698104858398438e+01
1.191726684570312500e+02
5.840250015258789062e+01
6.910043334960937500e+01
1.086782760620117188e+02
3.669790649414062500e+01
3.207282638549804688e+01
6.822669219970703125e+01
3.000000000000000000e+01
4.060453033447265625e+01
2.241904754638671875e+02
5.566154861450195312e+01
3.410739517211914062e+01
3.575186920166015625e+01
1.372880706787109375e+02
8.231687927246093750e+01
5.304076385498046875e+01
1.123270111083984375e+02
5.080181884765625000e+01
1.225692672729492188e+02
7.265706634521484375e+01
1.086330032348632812e+02
3.451470565795898438e+01
3.000000000000000000e+01
8.779888153076171875e+01
7.294296264648437500e+01
6.871588897705078125e+01
4.945632934570312500e+01
4.681056213378906250e+01
3.000000000000000000e+01
4.710179901123046875e+01
5.641775894165039062e+01
5.570689010620117188e+01
4.800148773193359375e+01
7.566056823730468750e+01
7.993351745605468750e+01
3.676120376586914062e+01
3.263058471679687500e+01
5.093223571777343750e+01
3.000000000000000000e+01
4.700441360473632812e+01
1.002684783935546875e+02
5.054758453369140625e+01
8.403780364990234375e+01
4.858641433715820312e+01
4.007913208007812500e+01
3.381610870361328125e+01
1.067559738159179688e+02
6.411786651611328125e+01
6.703363037109375000e+01
9.342369079589843750e+01
5.605990600585937500e+01
4.196244812011718750e+01
4.278881072998046875e+01
6.046910858154296875e+01
6.189601898193359375e+01
6.482771301269531250e+01
1.966731567382812500e+02
4.953458786010742188e+01
5.771660995483398438e+01
6.748083496093750000e+01
7.722969055175781250e+01
4.798385620117187500e+01
4.951859664916992188e+01
5.011965942382812500e+01
6.372767257690429688e+01
9.765158081054687500e+01
3.000000000000000000e+01
4.480252075195312500e+01
6.420566558837890625e+01
1.056944885253906250e+02
5.450244522094726562e+01
1.406910858154296875e+02
4.627500915527343750e+01
3.118917655944824219e+01
4.463486480712890625e+01
8.107365417480468750e+01
1.647432098388671875e+02
7.511260223388671875e+01
6.114132308959960938e+01
6.555038452148437500e+01
3.000000000000000000e+01
4.672804641723632812e+01
9.625719451904296875e+01
3.593629455566406250e+01
3.964472198486328125e+01
6.653438568115234375e+01
8.559203338623046875e+01
5.041841125488281250e+01
9.459733581542968750e+01
4.612556838989257812e+01
5.486075973510742188e+01
6.160650634765625000e+01
8.580193328857421875e+01
6.002474212646484375e+01
4.982831573486328125e+01
4.647055816650390625e+01
3.082671928405761719e+01
3.000000000000000000e+01
5.064100646972656250e+01
3.536841964721679688e+01
5.984487533569335938e+01
7.085206604003906250e+01
3.000000000000000000e+01
3.627896881103515625e+01
4.824044799804687500e+01
3.432467651367187500e+01
3.724972534179687500e+01
1.096981964111328125e+02
3.000000000000000000e+01
6.890998840332031250e+01
9.547919464111328125e+01
4.784317779541015625e+01
3.000000000000000000e+01
3.485729598999023438e+01
6.404490661621093750e+01
7.466683959960937500e+01
5.398718261718750000e+01
6.579815673828125000e+01
5.166556549072265625e+01
7.188385009765625000e+01
5.760100936889648438e+01
4.284954833984375000e+01
6.081572341918945312e+01
3.322884368896484375e+01
5.163606262207031250e+01
4.975061035156250000e+01
4.013062667846679688e+01
5.133519744873046875e+01
4.977045059204101562e+01
6.614865875244140625e+01
5.046173477172851562e+01
4.139280319213867188e+01
5.184403610229492188e+01
4.759996795654296875e+01
6.299607086181640625e+01
7.611894989013671875e+01
5.509803009033203125e+01
7.912594604492187500e+01
4.679879760742187500e+01
5.476246643066406250e+01
5.332572174072265625e+01
6.270739364624023438e+01
7.468906402587890625e+01
5.985680007934570312e+01
7.892173767089843750e+01
4.218544387817382812e+01
8.324774932861328125e+01
5.437202453613281250e+01
4.749807739257812500e+01
9.194618988037109375e+01
1.347792205810546875e+02
1.074762268066406250e+02
4.095082473754882812e+01
3.773590850830078125e+01
5.271613693237304688e+01
5.580659484863281250e+01
9.443849945068359375e+01
7.268412780761718750e+01
6.330910491943359375e+01
1.010681915283203125e+02
5.093223571777343750e+01
4.396960449218750000e+01
3.000000000000000000e+01
5.899066925048828125e+01
5.527599334716796875e+01
4.027590942382812500e+01
4.303673553466796875e+01
8.263105010986328125e+01
5.611981964111328125e+01
4.974363708496093750e+01
7.972863769531250000e+01
4.510257720947265625e+01
4.356904983520507812e+01
5.331155395507812500e+01
5.457325744628906250e+01
5.289764785766601562e+01
4.982831573486328125e+01
1.777918395996093750e+02
6.998522949218750000e+01
4.688696289062500000e+01
4.208716201782226562e+01
4.817209625244140625e+01
1.271860427856445312e+02
3.928815460205078125e+01
5.140248870849609375e+01
5.986615753173828125e+01
4.800148773193359375e+01
7.258068084716796875e+01
4.890699005126953125e+01
5.824018478393554688e+01
5.852537536621093750e+01
5.799779891967773438e+01
4.328001022338867188e+01
4.226708984375000000e+01
5.456837463378906250e+01
5.909426116943359375e+01
2.064900665283203125e+02
4.245855712890625000e+01
5.120576858520507812e+01
6.049646759033203125e+01
5.071672439575195312e+01
4.533256149291992188e+01
4.480076599121093750e+01
5.053909683227539062e+01
5.217119216918945312e+01
3.885210418701171875e+01
4.369394302368164062e+01
5.831818771362304688e+01
4.212033843994140625e+01
4.541166305541992188e+01
4.445288848876953125e+01
3.926701736450195312e+01
4.788481521606445312e+01
3.474581909179687500e+01
5.519315338134765625e+01
7.043246459960937500e+01
3.000000000000000000e+01
4.683809661865234375e+01
6.579674530029296875e+01
7.246720886230468750e+01
5.921371078491210938e+01
9.554621124267578125e+01
3.807943725585937500e+01
6.310221099853515625e+01
7.636984252929687500e+01
4.518008422851562500e+01
9.194618988037109375e+01
3.792548370361328125e+01
4.637872314453125000e+01
3.947075653076171875e+01
4.270320892333984375e+01
1.082575759887695312e+02
5.157917785644531250e+01
3.000000000000000000e+01
6.720082092285156250e+01
4.976744842529296875e+01
1.187658996582031250e+02
5.476408386230468750e+01
4.019306945800781250e+01
6.031578826904296875e+01
7.910206604003906250e+01
7.950371551513671875e+01
7.244009399414062500e+01
5.719617462158203125e+01
3.000000000000000000e+01
3.883103942871093750e+01
6.006758117675781250e+01
7.739622497558593750e+01
1.344920959472656250e+02
8.643428039550781250e+01
1.321912078857421875e+02
5.001697158813476562e+01
3.584445571899414062e+01
6.356607055664062500e+01
3.536745834350585938e+01
5.574073410034179688e+01
3.000000000000000000e+01
3.000000000000000000e+01
6.259037780761718750e+01
1.179191131591796875e+02
7.220810699462890625e+01
3.080208778381347656e+01
6.376732635498046875e+01
6.775695800781250000e+01
4.411522674560546875e+01
5.150851440429687500e+01
6.482771301269531250e+01
4.183641433715820312e+01
6.486074829101562500e+01
4.672804260253906250e+01
6.220324707031250000e+01
5.798966217041015625e+01
3.591858673095703125e+01
4.025344085693359375e+01
5.443095397949218750e+01
3.353107452392578125e+01
7.356326293945312500e+01
7.335234069824218750e+01
4.445556640625000000e+01
9.480264282226562500e+01
7.137117004394531250e+01
3.743988418579101562e+01
4.703240203857421875e+01
3.539705276489257812e+01
3.199261665344238281e+01
3.974951934814453125e+01
3.657081222534179688e+01
3.581112670898437500e+01
8.305147552490234375e+01
4.747200012207031250e+01
3.797626113891601562e+01
1.498031005859375000e+02
7.761025238037109375e+01
4.271823501586914062e+01
6.363677978515625000e+01
8.541125488281250000e+01
4.493880462646484375e+01
5.744960784912109375e+01
1.045718307495117188e+02
4.187897109985351562e+01
7.977475738525390625e+01
4.579654693603515625e+01
3.056659698486328125e+01
5.840341949462890625e+01
5.546466827392578125e+01
5.158260726928710938e+01
4.739969253540039062e+01
5.236019134521484375e+01
4.716069412231445312e+01
4.041061401367187500e+01
5.143904876708984375e+01
3.293968582153320312e+01
4.090840148925781250e+01
8.210356140136718750e+01
8.116568756103515625e+01
5.010419464111328125e+01
9.356225585937500000e+01
5.081057739257812500e+01
3.711704254150390625e+01
8.473695373535156250e+01
7.596887969970703125e+01
3.983396148681640625e+01
5.930170440673828125e+01
3.971125411987304688e+01
4.173425292968750000e+01
3.000000000000000000e+01
9.744923400878906250e+01
5.765979003906250000e+01
4.729054260253906250e+01
5.931100463867187500e+01
5.942150115966796875e+01
5.908409118652343750e+01
3.216986083984375000e+01
5.661933898925781250e+01
5.482753372192382812e+01
5.274570465087890625e+01
8.148603820800781250e+01
7.177001190185546875e+01
4.634260559082031250e+01
4.724915695190429688e+01
3.483620071411132812e+01
5.555111312866210938e+01
7.359151458740234375e+01
1.022383575439453125e+02
5.824018096923828125e+01
5.128885269165039062e+01
6.228724288940429688e+01
5.661933898925781250e+01
5.227073669433593750e+01
5.057752609252929688e+01
3.000000000000000000e+01
4.045113372802734375e+01
6.001773071289062500e+01
6.346809387207031250e+01
4.044922637939453125e+01
5.233662796020507812e+01
4.224728775024414062e+01
5.656646347045898438e+01
3.477776336669921875e+01
5.949234771728515625e+01
4.156677246093750000e+01
5.086711883544921875e+01
7.034857177734375000e+01
3.713624191284179688e+01
5.471643447875976562e+01
3.448163986206054688e+01
7.523182678222656250e+01
7.143397521972656250e+01
5.530452728271484375e+01
5.322235488891601562e+01
4.227909851074218750e+01
9.470791625976562500e+01
7.969759368896484375e+01
3.869784545898437500e+01
4.501857757568359375e+01
6.135046386718750000e+01
6.163661956787109375e+01
6.344963073730468750e+01
3.812087249755859375e+01
1.065998077392578125e+02
4.931068420410156250e+01
3.340393066406250000e+01
3.741884613037109375e+01
5.343295288085937500e+01
6.280847930908203125e+01
3.000000000000000000e+01
8.414169311523437500e+01
6.777445983886718750e+01
4.737255096435546875e+01
3.972181701660156250e+01
5.581339263916015625e+01
4.974312210083007812e+01
5.252624511718750000e+01
3.773591232299804688e+01
4.262493515014648438e+01
3.163119506835937500e+01
4.927607727050781250e+01
6.728819274902343750e+01
5.612704467773437500e+01
6.977880096435546875e+01
6.189510345458984375e+01
4.774961853027343750e+01
3.933370971679687500e+01
3.000000000000000000e+01
3.000000000000000000e+01
5.581339263916015625e+01
7.892173767089843750e+01
5.549126434326171875e+01
4.925135040283203125e+01
4.716817474365234375e+01
7.701262664794921875e+01
6.511540222167968750e+01
7.505020141601562500e+01
4.623113632202148438e+01
3.288898086547851562e+01
7.674700927734375000e+01
3.293856430053710938e+01
6.503315734863281250e+01
3.038392639160156250e+01
5.345477294921875000e+01
3.000000000000000000e+01
3.000000000000000000e+01
4.338552856445312500e+01
4.915798187255859375e+01
7.715644836425781250e+01
4.378630065917968750e+01
1.022383575439453125e+02
5.604087066650390625e+01
3.991961669921875000e+01
3.928940963745117188e+01
3.566290283203125000e+01
3.059690856933593750e+01
4.398094558715820312e+01
7.131109619140625000e+01
7.568311309814453125e+01
5.450683593750000000e+01
4.128079605102539062e+01
3.898219299316406250e+01
7.287781524658203125e+01
5.417311859130859375e+01
4.180549240112304688e+01
4.352925109863281250e+01
3.000000000000000000e+01
3.782609939575195312e+01
4.013062667846679688e+01
5.747785568237304688e+01
4.243917083740234375e+01
3.548810577392578125e+01
4.500539398193359375e+01
3.517333221435546875e+01
3.408933258056640625e+01
4.887266540527343750e+01
3.421471405029296875e+01
4.483243560791015625e+01
4.443167877197265625e+01
7.609976959228515625e+01
5.604087066650390625e+01
5.948588562011718750e+01
3.000000000000000000e+01
4.387696838378906250e+01
6.573475646972656250e+01
3.000000000000000000e+01
5.149839019775390625e+01
6.824848937988281250e+01
3.243504333496093750e+01
6.200916290283203125e+01
4.386871337890625000e+01
4.771212005615234375e+01
4.968633270263671875e+01
6.377619934082031250e+01
3.000000000000000000e+01
4.057794189453125000e+01
7.432986450195312500e+01
4.126330566406250000e+01
7.910206604003906250e+01
7.863862609863281250e+01
3.000000000000000000e+01
7.114852142333984375e+01
4.627661132812500000e+01
5.829131317138671875e+01
3.589787673950195312e+01
5.238243103027343750e+01
5.792890167236328125e+01
6.436642456054687500e+01
5.095614624023437500e+01
6.053256225585937500e+01
8.538869476318359375e+01
3.612400436401367188e+01
7.394167327880859375e+01
3.250477981567382812e+01
3.000000000000000000e+01
3.716740417480468750e+01
5.317529296875000000e+01
3.000000000000000000e+01
8.253742218017578125e+01
5.235245513916015625e+01
5.120576477050781250e+01
3.946456909179687500e+01
5.259375000000000000e+01
3.392719268798828125e+01
4.907052612304687500e+01
7.610128021240234375e+01
5.283417892456054688e+01
3.412503051757812500e+01
7.185685729980468750e+01
4.103869628906250000e+01
4.319609069824218750e+01
5.416968536376953125e+01
5.322235107421875000e+01
3.000000000000000000e+01
3.590058135986328125e+01
4.589202117919921875e+01
4.752395248413085938e+01
3.000000000000000000e+01
4.999645233154296875e+01
6.420566558837890625e+01
4.122705078125000000e+01
4.101791763305664062e+01
4.761658859252929688e+01
7.942467498779296875e+01
4.798077392578125000e+01
6.235105133056640625e+01
1.220904083251953125e+02
4.861661911010742188e+01
4.805413055419921875e+01
4.901031875610351562e+01
4.307698440551757812e+01
3.910164642333984375e+01
3.985694885253906250e+01
6.370970916748046875e+01
9.342369079589843750e+01
5.952730941772460938e+01
4.108580017089843750e+01
5.274327468872070312e+01
6.441470336914062500e+01
3.519598388671875000e+01
4.656965255737304688e+01
5.457325744628906250e+01
5.068746185302734375e+01
3.000000000000000000e+01
6.790044403076171875e+01
3.531574249267578125e+01
6.191949462890625000e+01
6.381610870361328125e+01
3.000000000000000000e+01
5.126995849609375000e+01
3.947732543945312500e+01
3.000000000000000000e+01
5.209260940551757812e+01
5.012066650390625000e+01
4.177336120605468750e+01
5.450244140625000000e+01
4.071941757202148438e+01
5.117669677734375000e+01
4.798385620117187500e+01
4.764270401000976562e+01
3.000000000000000000e+01
8.232982635498046875e+01
3.525071334838867188e+01
5.559958648681640625e+01
4.071599578857421875e+01
4.695733261108398438e+01
5.872301101684570312e+01
4.787936401367187500e+01
5.136810302734375000e+01
5.203131866455078125e+01
4.383844757080078125e+01
5.149934768676757812e+01
5.316158676147460938e+01
4.017738723754882812e+01
4.247043228149414062e+01
5.715320587158203125e+01
5.419173812866210938e+01
4.691979598999023438e+01
6.051104736328125000e+01
4.094657897949218750e+01
7.058261108398437500e+01
4.495684051513671875e+01
9.860317993164062500e+01
9.522578430175781250e+01
4.995021438598632812e+01
4.744756317138671875e+01
3.804283905029296875e+01
7.444477844238281250e+01
3.000000000000000000e+01
3.860672378540039062e+01
7.872653198242187500e+01
4.211350631713867188e+01
3.902656555175781250e+01
4.980410385131835938e+01
9.527239990234375000e+01
3.851708221435546875e+01
5.554788208007812500e+01
3.000000000000000000e+01
5.525781631469726562e+01
4.161988067626953125e+01
3.677271652221679688e+01
5.699372863769531250e+01
9.426630401611328125e+01
5.521731185913085938e+01
5.000142669677734375e+01
3.000000000000000000e+01
6.269367218017578125e+01
4.061890029907226562e+01
6.011799621582031250e+01
5.702301788330078125e+01
9.554621124267578125e+01
4.896517181396484375e+01
7.616385650634765625e+01
7.104933166503906250e+01
7.339858245849609375e+01
5.619313049316406250e+01
3.011523246765136719e+01
4.010958099365234375e+01
5.467227935791015625e+01
4.045199966430664062e+01
4.016790771484375000e+01
3.000000000000000000e+01
4.009515380859375000e+01
3.000000000000000000e+01
3.173662376403808594e+01
3.000000000000000000e+01
4.691445159912109375e+01
6.828318786621093750e+01
4.750220870971679688e+01
3.885228347778320312e+01
4.297000885009765625e+01
3.131768226623535156e+01
4.381701660156250000e+01
4.562882995605468750e+01
7.633264923095703125e+01
4.790007400512695312e+01
4.311560440063476562e+01
3.000000000000000000e+01
6.580021667480468750e+01
7.398666381835937500e+01
3.095184326171875000e+01
9.470791625976562500e+01
3.433850860595703125e+01
9.313244628906250000e+01
4.337940216064453125e+01
4.804520416259765625e+01
5.790987777709960938e+01
4.657015228271484375e+01
3.000000000000000000e+01
3.649523544311523438e+01
5.200060272216796875e+01
4.589645385742187500e+01
4.762216949462890625e+01
3.906152725219726562e+01
3.615937042236328125e+01
4.026774597167968750e+01
7.258068084716796875e+01
6.583879089355468750e+01
8.988160705566406250e+01
4.114075469970703125e+01
4.843340301513671875e+01
5.493459320068359375e+01
3.000000000000000000e+01
4.828709793090820312e+01
5.239426422119140625e+01
5.834095764160156250e+01
5.424408721923828125e+01
4.818801879882812500e+01
3.979656219482421875e+01
4.155278778076171875e+01
3.194626235961914062e+01
7.653693389892578125e+01
3.585021972656250000e+01
3.814076232910156250e+01
3.944819259643554688e+01
4.008492279052734375e+01
4.620322799682617188e+01
3.065474319458007812e+01
5.371978378295898438e+01
6.116128158569335938e+01
3.000000000000000000e+01
6.967784118652343750e+01
6.720082092285156250e+01
3.000000000000000000e+01
6.008842086791992188e+01
4.044656372070312500e+01
4.341193389892578125e+01
4.538168334960937500e+01
5.385460662841796875e+01
4.141095733642578125e+01
4.335311126708984375e+01
4.564627456665039062e+01
5.004486083984375000e+01
4.274430084228515625e+01
4.505460357666015625e+01
4.315155029296875000e+01
3.517215728759765625e+01
3.477863693237304688e+01
3.854350280761718750e+01
3.805456161499023438e+01
5.892034530639648438e+01
4.328353881835937500e+01
9.527239990234375000e+01
5.334727859497070312e+01
3.063417243957519531e+01
3.574039840698242188e+01
8.066262817382812500e+01
3.836977386474609375e+01
3.946950149536132812e+01
7.653693389892578125e+01
5.450428771972656250e+01
4.525722122192382812e+01
3.927455902099609375e+01
5.531574249267578125e+01
8.964769744873046875e+01
8.337141418457031250e+01
5.520288085937500000e+01
7.756004333496093750e+01
4.037382507324218750e+01
3.000000000000000000e+01
4.932405090332031250e+01
4.311212921142578125e+01
5.645733261108398438e+01
6.451831054687500000e+01
3.864448928833007812e+01
3.265875625610351562e+01
5.553610610961914062e+01
3.712696838378906250e+01
5.215369796752929688e+01
6.655253601074218750e+01
4.378316497802734375e+01
3.186761665344238281e+01
4.184697723388671875e+01
4.627661514282226562e+01
3.530902481079101562e+01
4.519918823242187500e+01
9.083134460449218750e+01
3.850112915039062500e+01
3.000000000000000000e+01
7.609420776367187500e+01
5.554141998291015625e+01
3.818088912963867188e+01
3.957598495483398438e+01
4.385990524291992188e+01
4.785982894897460938e+01
3.971309661865234375e+01
3.640982437133789062e+01
3.803899383544921875e+01
5.849299240112304688e+01
6.595967864990234375e+01
5.162112426757812500e+01
3.819991683959960938e+01
3.397808074951171875e+01
4.614676284790039062e+01
4.191110610961914062e+01
5.892662811279296875e+01
4.622030639648437500e+01
5.147712707519531250e+01
3.106948089599609375e+01
3.031617355346679688e+01
3.000000000000000000e+01
3.000000000000000000e+01
4.996868515014648438e+01
4.328928756713867188e+01
5.952730941772460938e+01
5.289765167236328125e+01
4.002647399902343750e+01
4.596965026855468750e+01
5.358779907226562500e+01
3.584377288818359375e+01
5.930327224731445312e+01
4.865454101562500000e+01
4.858869552612304688e+01
4.090460586547851562e+01
7.246720886230468750e+01
4.783245086669921875e+01
3.658041381835937500e+01
3.515577316284179688e+01
4.024018096923828125e+01
6.095788955688476562e+01
4.112759399414062500e+01
4.156631469726562500e+01
3.801546859741210938e+01
3.921335601806640625e+01
3.000000000000000000e+01
3.937155532836914062e+01
4.518864059448242188e+01
4.267480087280273438e+01
6.241092300415039062e+01
4.327310943603515625e+01
7.268478393554687500e+01
4.580211639404296875e+01
4.701793670654296875e+01
5.931410598754882812e+01
3.371302413940429688e+01
5.430133438110351562e+01
3.000000000000000000e+01
3.600574493408203125e+01
4.831729125976562500e+01
5.014501571655273438e+01
3.587679672241210938e+01
3.747211456298828125e+01
3.779352951049804688e+01
4.237213897705078125e+01
4.078683853149414062e+01
4.617667388916015625e+01
