5.291849899291992188e+01
5.829095458984375000e+01
3.692655944824218750e+01
3.991149139404296875e+01
6.405334472656250000e+01
7.367826080322265625e+01
3.000000000000000000e+01
7.794145202636718750e+01
5.763804244995117188e+01
1.127802124023437500e+02
4.913992691040039062e+01
1.502286987304687500e+02
5.289482116699218750e+01
4.521289062500000000e+01
3.000000000000000000e+01
6.370359420776367188e+01
5.982048034667968750e+01
4.164932250976562500e+01
4.436460876464843750e+01
1.232165679931640625e+02
4.189632797241210938e+01
7.065538024902343750e+01
3.000000000000000000e+01
4.601410675048828125e+01
6.547398376464843750e+01
6.809233856201171875e+01
3.000000000000000000e+01
7.098172760009765625e+01
2.125455932617187500e+02
5.240735626220703125e+01
6.275852584838867188e+01
5.002199172973632812e+01
4.775374984741210938e+01
1.075806884765625000e+02
7.306970214843750000e+01
6.695388793945312500e+01
6.816734313964843750e+01
4.847848892211914062e+01
4.470537948608398438e+01
4.494896316528320312e+01
4.020295333862304688e+01
4.014390563964843750e+01
5.157657241821289062e+01
5.389945983886718750e+01
3.135789108276367188e+01
4.046759796142578125e+01
4.751689910888671875e+01
6.111553955078125000e+01
1.334223480224609375e+02
4.782784271240234375e+01
4.407732009887695312e+01
3.113968658447265625e+01
5.868314361572265625e+01
4.515787506103515625e+01
8.538342285156250000e+01
4.993188858032226562e+01
7.910235595703125000e+01
5.049263000488281250e+01
5.979798889160156250e+01
6.018394088745117188e+01
5.401058959960937500e+01
7.997064208984375000e+01
4.096065902709960938e+01
6.874981689453125000e+01
8.055506134033203125e+01
5.528171157836914062e+01
5.049373626708984375e+01
3.179733848571777344e+01
4.889222717285156250e+01
5.098983764648437500e+01
7.041815185546875000e+01
3.792342758178710938e+01
9.008387756347656250e+01
4.118837738037109375e+01
7.882049560546875000e+01
5.924041748046875000e+01
4.692301940917968750e+01
4.356561279296875000e+01
4.597560882568359375e+01
6.871080017089843750e+01
3.623764801025390625e+01
5.982048034667968750e+01
4.581997680664062500e+01
8.949520874023437500e+01
9.088218688964843750e+01
4.005876922607421875e+01
3.870227050781250000e+01
5.089006042480468750e+01
5.289482116699218750e+01
5.987505722045898438e+01
5.045121765136718750e+01
5.089329528808593750e+01
6.805899047851562500e+01
5.039092254638671875e+01
9.382959747314453125e+01
8.998289489746093750e+01
6.244636917114257812e+01
3.834556579589843750e+01
9.991496276855468750e+01
4.503702163696289062e+01
9.254627227783203125e+01
7.610640716552734375e+01
1.331510162353515625e+02
3.146150970458984375e+01
5.165831375122070312e+01
6.926554870605468750e+01
3.406260299682617188e+01
6.790863800048828125e+01
5.394889831542968750e+01
3.464541625976562500e+01
4.149481964111328125e+01
3.542381668090820312e+01
6.926925659179687500e+01
9.272502136230468750e+01
3.932382583618164062e+01
4.216347885131835938e+01
9.319263458251953125e+01
4.874452972412109375e+01
7.275944519042968750e+01
5.418939971923828125e+01
4.220209503173828125e+01
4.874818038940429688e+01
4.231246948242187500e+01
5.164811706542968750e+01
3.951959991455078125e+01
4.682303237915039062e+01
7.298519897460937500e+01
5.880319976806640625e+01
4.335951232910156250e+01
5.660852050781250000e+01
5.679877853393554688e+01
9.355784606933593750e+01
6.301684570312500000e+01
4.479228210449218750e+01
6.746726226806640625e+01
5.171118545532226562e+01
1.022453155517578125e+02
4.621929931640625000e+01
3.915048980712890625e+01
7.194381713867187500e+01
4.508025360107421875e+01
9.893056488037109375e+01
7.257106781005859375e+01
5.966443634033203125e+01
7.620722961425781250e+01
4.401231384277343750e+01
9.874942016601562500e+01
9.130038452148437500e+01
6.327636718750000000e+01
1.533507537841796875e+02
6.929354858398437500e+01
7.083069610595703125e+01
5.044671249389648438e+01
8.335395812988281250e+01
5.319984436035156250e+01
1.132642288208007812e+02
3.387892913818359375e+01
1.179922561645507812e+02
4.604455947875976562e+01
6.406571197509765625e+01
3.966518402099609375e+01
4.685040283203125000e+01
5.790988540649414062e+01
4.331513977050781250e+01
6.840127563476562500e+01
4.048204803466796875e+01
6.490672302246093750e+01
5.100770568847656250e+01
4.005518722534179688e+01
1.201767578125000000e+02
5.117166900634765625e+01
4.857383728027343750e+01
3.141395378112792969e+01
3.000000000000000000e+01
4.553144836425781250e+01
5.089395141601562500e+01
4.535550689697265625e+01
4.639879226684570312e+01
7.104553222656250000e+01
5.609050750732421875e+01
6.953945159912109375e+01
6.043211746215820312e+01
7.872635650634765625e+01
6.770535278320312500e+01
4.181845092773437500e+01
4.288690567016601562e+01
3.000000000000000000e+01
7.300782012939453125e+01
5.193962478637695312e+01
4.500108337402343750e+01
4.856251907348632812e+01
5.792754364013671875e+01
5.900604248046875000e+01
4.183744430541992188e+01
4.854690551757812500e+01
3.000000000000000000e+01
3.770977783203125000e+01
8.074040222167968750e+01
1.244141159057617188e+02
6.763208007812500000e+01
5.236756515502929688e+01
9.903973388671875000e+01
4.815637207031250000e+01
3.000000000000000000e+01
5.810313415527343750e+01
4.460110473632812500e+01
6.355688095092773438e+01
6.615881347656250000e+01
1.185752944946289062e+02
3.261791229248046875e+01
4.664598464965820312e+01
9.591345977783203125e+01
4.464295959472656250e+01
4.289061737060546875e+01
3.944721603393554688e+01
3.924123764038085938e+01
6.449865722656250000e+01
5.803105163574218750e+01
4.924707794189453125e+01
4.642005920410156250e+01
3.672375488281250000e+01
7.221512603759765625e+01
8.766606140136718750e+01
3.968648529052734375e+01
4.345893859863281250e+01
3.757662582397460938e+01
5.578884887695312500e+01
9.945976257324218750e+01
6.347590637207031250e+01
9.843226623535156250e+01
3.904719543457031250e+01
4.665961837768554688e+01
5.599503326416015625e+01
3.000000000000000000e+01
4.817707061767578125e+01
5.888491058349609375e+01
4.185650634765625000e+01
4.496570205688476562e+01
6.951121520996093750e+01
5.430859756469726562e+01
4.638534927368164062e+01
1.217794265747070312e+02
7.566319274902343750e+01
6.373557281494140625e+01
9.657258605957031250e+01
4.137862014770507812e+01
5.147755432128906250e+01
1.387839355468750000e+02
1.412145233154296875e+02
4.902546691894531250e+01
6.108925628662109375e+01
4.280271148681640625e+01
5.893816375732421875e+01
1.133184509277343750e+02
4.035659027099609375e+01
6.172195434570312500e+01
5.009770965576171875e+01
4.152022552490234375e+01
4.233143615722656250e+01
1.474295043945312500e+02
4.974868011474609375e+01
5.864254760742187500e+01
6.276411437988281250e+01
3.879130172729492188e+01
1.214733352661132812e+02
5.781262969970703125e+01
1.423888244628906250e+02
7.408511352539062500e+01
5.196582794189453125e+01
7.891287231445312500e+01
5.706808471679687500e+01
4.485859680175781250e+01
6.373557281494140625e+01
6.277739334106445312e+01
1.229241485595703125e+02
3.000000000000000000e+01
6.084097290039062500e+01
8.707707214355468750e+01
8.682159423828125000e+01
8.775234985351562500e+01
7.948410797119140625e+01
6.202917480468750000e+01
6.924760437011718750e+01
4.139073562622070312e+01
5.964340591430664062e+01
3.967618179321289062e+01
3.815396118164062500e+01
5.400702667236328125e+01
4.318021774291992188e+01
3.640422058105468750e+01
4.296197891235351562e+01
3.318776321411132812e+01
4.177499008178710938e+01
8.410073089599609375e+01
3.856881713867187500e+01
3.070098495483398438e+01
5.714299011230468750e+01
6.498059844970703125e+01
4.101176452636718750e+01
5.959720230102539062e+01
3.862753677368164062e+01
3.000000000000000000e+01
3.510030746459960938e+01
7.518282318115234375e+01
7.620353698730468750e+01
4.502703475952148438e+01
7.720240783691406250e+01
7.556739044189453125e+01
7.344580078125000000e+01
1.123735427856445312e+02
1.412503662109375000e+02
3.441398620605468750e+01
9.661496734619140625e+01
8.281192779541015625e+01
9.422477722167968750e+01
4.481545639038085938e+01
4.062175750732421875e+01
1.225543518066406250e+02
6.461039733886718750e+01
9.991496276855468750e+01
4.454350280761718750e+01
4.742107391357421875e+01
4.435896301269531250e+01
4.732729721069335938e+01
3.464384460449218750e+01
4.804406356811523438e+01
4.192416763305664062e+01
3.878493499755859375e+01
9.008387756347656250e+01
3.150409126281738281e+01
7.985867309570312500e+01
5.245725631713867188e+01
5.042474746704101562e+01
4.334040832519531250e+01
4.902719116210937500e+01
5.212992095947265625e+01
7.056640625000000000e+01
4.712355804443359375e+01
3.240622711181640625e+01
3.696807861328125000e+01
5.811633300781250000e+01
7.594391632080078125e+01
4.588285064697265625e+01
7.344580078125000000e+01
4.748133850097656250e+01
5.214297103881835938e+01
1.362827148437500000e+02
3.441149520874023438e+01
3.142268562316894531e+01
8.909144592285156250e+01
1.518357086181640625e+02
1.742615661621093750e+02
5.531321716308593750e+01
7.997064208984375000e+01
3.898998260498046875e+01
8.560086059570312500e+01
5.926237106323242188e+01
3.515589141845703125e+01
1.115185546875000000e+02
4.940012741088867188e+01
7.287850189208984375e+01
1.085288391113281250e+02
7.278922271728515625e+01
6.241104888916015625e+01
8.354515075683593750e+01
3.353240966796875000e+01
7.028846740722656250e+01
1.004627990722656250e+02
3.641615676879882812e+01
4.852313995361328125e+01
6.604150390625000000e+01
4.902124786376953125e+01
9.146542358398437500e+01
1.271285552978515625e+02
6.422808837890625000e+01
1.061483535766601562e+02
7.832337188720703125e+01
5.240735626220703125e+01
7.280782318115234375e+01
6.523962402343750000e+01
3.199065399169921875e+01
3.326708221435546875e+01
3.720076751708984375e+01
5.145320510864257812e+01
5.951148605346679688e+01
7.566319274902343750e+01
4.743092346191406250e+01
4.642977905273437500e+01
4.077272415161132812e+01
2.795985717773437500e+02
4.674068450927734375e+01
3.704200363159179688e+01
3.408779907226562500e+01
3.000000000000000000e+01
5.096267700195312500e+01
6.461568450927734375e+01
6.726091003417968750e+01
1.011930847167968750e+02
5.592348861694335938e+01
4.409601211547851562e+01
5.321245193481445312e+01
4.575334930419921875e+01
1.569621582031250000e+02
4.549813079833984375e+01
4.044868469238281250e+01
4.554671478271484375e+01
4.223548126220703125e+01
6.376844787597656250e+01
6.476022338867187500e+01
1.456978149414062500e+02
7.594905853271484375e+01
7.868316650390625000e+01
6.151077270507812500e+01
5.401665496826171875e+01
6.393500900268554688e+01
3.829138946533203125e+01
5.577589416503906250e+01
9.788385772705078125e+01
3.875457382202148438e+01
3.687411880493164062e+01
8.042864990234375000e+01
3.000000000000000000e+01
3.918674468994140625e+01
1.390271606445312500e+02
7.239112854003906250e+01
5.983356475830078125e+01
7.167905426025390625e+01
4.295352935791015625e+01
5.581057739257812500e+01
9.271623229980468750e+01
5.724057006835937500e+01
7.985867309570312500e+01
1.809303588867187500e+02
4.732729721069335938e+01
1.087179260253906250e+02
5.347676086425781250e+01
6.050034332275390625e+01
8.672087097167968750e+01
7.098172760009765625e+01
5.692500305175781250e+01
6.985223388671875000e+01
3.336931228637695312e+01
6.112186050415039062e+01
5.105000686645507812e+01
6.396530532836914062e+01
3.957164001464843750e+01
5.536473464965820312e+01
5.881890106201171875e+01
1.310651397705078125e+02
9.180467987060546875e+01
5.473338317871093750e+01
5.044671249389648438e+01
4.887711334228515625e+01
5.767908477783203125e+01
6.747453308105468750e+01
3.071693992614746094e+01
8.248322296142578125e+01
9.139436340332031250e+01
4.274051666259765625e+01
1.019827346801757812e+02
9.105247497558593750e+01
5.477429962158203125e+01
4.773096084594726562e+01
4.614555358886718750e+01
4.864464569091796875e+01
2.178248443603515625e+02
3.286565017700195312e+01
5.973819351196289062e+01
4.869259262084960938e+01
4.616564941406250000e+01
9.322445678710937500e+01
4.189707183837890625e+01
4.569318771362304688e+01
1.240625762939453125e+02
7.620353698730468750e+01
7.824579620361328125e+01
5.879075622558593750e+01
5.761603164672851562e+01
5.142441940307617188e+01
8.817889404296875000e+01
7.894633483886718750e+01
7.353736114501953125e+01
7.490120697021484375e+01
3.296162796020507812e+01
7.942700195312500000e+01
9.719248962402343750e+01
4.733424377441406250e+01
4.289061737060546875e+01
6.415492248535156250e+01
1.097169570922851562e+02
7.223574829101562500e+01
6.025980377197265625e+01
4.560093307495117188e+01
3.000000000000000000e+01
4.020219802856445312e+01
3.000000000000000000e+01
5.806325149536132812e+01
4.036347579956054688e+01
4.031938552856445312e+01
5.848527145385742188e+01
5.602745437622070312e+01
4.595862197875976562e+01
6.805484008789062500e+01
5.802928924560546875e+01
4.022650909423828125e+01
4.241855621337890625e+01
5.667049407958984375e+01
5.367000579833984375e+01
3.041873550415039062e+01
3.817999267578125000e+01
6.929280090332031250e+01
3.547828292846679688e+01
5.393639755249023438e+01
3.000000000000000000e+01
4.984418487548828125e+01
3.978273010253906250e+01
3.000000000000000000e+01
1.168720397949218750e+02
6.346574020385742188e+01
3.000000000000000000e+01
8.081405639648437500e+01
4.044868469238281250e+01
7.370940399169921875e+01
5.322827529907226562e+01
5.005218505859375000e+01
1.115414962768554688e+02
4.891012954711914062e+01
1.378597412109375000e+02
9.493678283691406250e+01
3.952717590332031250e+01
4.354155349731445312e+01
8.687951660156250000e+01
5.084289550781250000e+01
6.426656341552734375e+01
6.276411056518554688e+01
1.773079528808593750e+02
4.426390838623046875e+01
5.134946441650390625e+01
5.584972763061523438e+01
4.472240066528320312e+01
4.566476058959960938e+01
1.023926086425781250e+02
4.322335052490234375e+01
7.934022521972656250e+01
4.003728103637695312e+01
4.864276123046875000e+01
4.077777099609375000e+01
4.977835083007812500e+01
5.046347045898437500e+01
4.147962951660156250e+01
3.927983856201171875e+01
3.738936996459960938e+01
4.451058959960937500e+01
5.165526580810546875e+01
4.882667922973632812e+01
4.528266143798828125e+01
4.838023376464843750e+01
6.790863800048828125e+01
7.071965789794921875e+01
1.185752944946289062e+02
7.190037536621093750e+01
1.139254455566406250e+02
7.937987518310546875e+01
1.152433547973632812e+02
4.040762329101562500e+01
5.348840713500976562e+01
3.371503067016601562e+01
4.183999633789062500e+01
6.465321350097656250e+01
7.941322326660156250e+01
7.518408203125000000e+01
6.351670837402343750e+01
3.932382583618164062e+01
4.248736572265625000e+01
6.631999206542968750e+01
9.150415039062500000e+01
3.833851242065429688e+01
5.398509216308593750e+01
4.331979370117187500e+01
4.030836105346679688e+01
9.552734375000000000e+01
5.045121765136718750e+01
4.526140594482421875e+01
4.603372573852539062e+01
4.965026092529296875e+01
7.884203338623046875e+01
9.797689819335937500e+01
4.210289382934570312e+01
3.717307662963867188e+01
3.000000000000000000e+01
1.011930847167968750e+02
5.924100494384765625e+01
3.472272491455078125e+01
5.626653289794921875e+01
5.726274871826171875e+01
4.818117141723632812e+01
5.898029708862304688e+01
4.510997772216796875e+01
7.086709594726562500e+01
4.187446975708007812e+01
6.905619049072265625e+01
6.499052429199218750e+01
7.511553955078125000e+01
6.883966064453125000e+01
4.504275894165039062e+01
3.744459915161132812e+01
6.469252777099609375e+01
6.188140106201171875e+01
4.905465316772460938e+01
6.102736282348632812e+01
5.735952758789062500e+01
4.247831344604492188e+01
5.364830017089843750e+01
6.305105209350585938e+01
3.016512298583984375e+01
5.180413436889648438e+01
6.203591537475585938e+01
5.881890106201171875e+01
5.339934921264648438e+01
5.556304168701171875e+01
3.639958953857421875e+01
6.981357574462890625e+01
1.098404998779296875e+02
6.612813568115234375e+01
4.702443695068359375e+01
1.152433547973632812e+02
5.531321716308593750e+01
6.804683685302734375e+01
1.097169647216796875e+02
3.860500335693359375e+01
3.302993774414062500e+01
6.617738342285156250e+01
3.000000000000000000e+01
4.259763717651367188e+01
2.033310546875000000e+02
5.851713562011718750e+01
3.000000000000000000e+01
3.827876663208007812e+01
1.276027603149414062e+02
7.499247741699218750e+01
5.176089096069335938e+01
1.216401214599609375e+02
4.830587005615234375e+01
1.147819671630859375e+02
6.542208862304687500e+01
1.128889770507812500e+02
4.598186111450195312e+01
3.215917968750000000e+01
8.329231262207031250e+01
7.512380981445312500e+01
6.918575286865234375e+01
4.712355804443359375e+01
4.753117752075195312e+01
3.000000000000000000e+01
4.401429748535156250e+01
5.555974578857421875e+01
4.838194656372070312e+01
4.149313354492187500e+01
7.149777984619140625e+01
7.255908203125000000e+01
4.150276184082031250e+01
3.171663475036621094e+01
4.948786163330078125e+01
3.000000000000000000e+01
4.744204330444335938e+01
8.677067565917968750e+01
4.881317520141601562e+01
8.860021972656250000e+01
4.836561203002929688e+01
3.937516784667968750e+01
3.162099456787109375e+01
9.893056488037109375e+01
6.061122512817382812e+01
6.132656097412109375e+01
9.651967620849609375e+01
5.972159576416015625e+01
4.253133392333984375e+01
4.784800720214843750e+01
4.907244110107421875e+01
5.749962615966796875e+01
5.923768615722656250e+01
2.178248443603515625e+02
4.867211914062500000e+01
6.145186996459960938e+01
6.927215576171875000e+01
7.208158874511718750e+01
4.525303268432617188e+01
5.037454986572265625e+01
5.434092330932617188e+01
6.680603027343750000e+01
9.688409423828125000e+01
3.000000000000000000e+01
3.826632690429687500e+01
5.908894729614257812e+01
1.072436981201171875e+02
5.621670913696289062e+01
1.378597412109375000e+02
5.333345031738281250e+01
3.000000000000000000e+01
4.668143844604492188e+01
6.897106933593750000e+01
1.610427398681640625e+02
7.896854400634765625e+01
5.836774063110351562e+01
7.235968017578125000e+01
3.000000000000000000e+01
5.774344635009765625e+01
9.558810424804687500e+01
3.097058677673339844e+01
3.878535461425781250e+01
7.633156585693359375e+01
8.158181762695312500e+01
4.721219635009765625e+01
9.623144531250000000e+01
4.389067077636718750e+01
5.208974075317382812e+01
6.461039733886718750e+01
8.957499694824218750e+01
6.870285034179687500e+01
4.783710479736328125e+01
4.675606155395507812e+01
3.535446929931640625e+01
3.000000000000000000e+01
4.549813079833984375e+01
3.629182052612304688e+01
6.478500366210937500e+01
7.239112091064453125e+01
3.000000000000000000e+01
3.786887359619140625e+01
4.220363616943359375e+01
3.704200363159179688e+01
3.654210662841796875e+01
1.067083663940429688e+02
3.000000000000000000e+01
7.071525573730468750e+01
8.082382965087890625e+01
4.446226501464843750e+01
3.000000000000000000e+01
4.229328918457031250e+01
6.406571197509765625e+01
7.505474090576171875e+01
5.736679840087890625e+01
6.630354309082031250e+01
5.373965072631835938e+01
6.989782714843750000e+01
5.317104721069335938e+01
4.366020202636718750e+01
6.558724975585937500e+01
3.796258163452148438e+01
5.142441940307617188e+01
5.679552841186523438e+01
4.357793045043945312e+01
5.384370422363281250e+01
5.579737472534179688e+01
6.854324340820312500e+01
5.067827224731445312e+01
4.101176452636718750e+01
5.375807952880859375e+01
4.522437286376953125e+01
6.858123779296875000e+01
7.363889312744140625e+01
5.425376129150390625e+01
8.279969787597656250e+01
4.447629547119140625e+01
5.430859756469726562e+01
5.186946868896484375e+01
5.850965881347656250e+01
7.442514038085937500e+01
6.781818389892578125e+01
7.394741058349609375e+01
4.356231689453125000e+01
8.231243896484375000e+01
5.566115570068359375e+01
4.841636657714843750e+01
8.785454559326171875e+01
1.232165679931640625e+02
7.883648681640625000e+01
3.906081390380859375e+01
3.676768112182617188e+01
4.796714019775390625e+01
5.586941528320312500e+01
9.180468750000000000e+01
7.649671936035156250e+01
6.891569519042968750e+01
9.975296020507812500e+01
4.948786163330078125e+01
4.385071563720703125e+01
3.598013305664062500e+01
5.488468551635742188e+01
5.635968399047851562e+01
4.291687011718750000e+01
4.136894607543945312e+01
7.042543029785156250e+01
5.426554107666015625e+01
4.945633316040039062e+01
6.951951599121093750e+01
3.854769515991210938e+01
4.670830535888671875e+01
5.098983764648437500e+01
5.378139495849609375e+01
4.793198776245117188e+01
4.783710479736328125e+01
1.553522033691406250e+02
7.315510559082031250e+01
4.321805191040039062e+01
4.191870880126953125e+01
4.762005233764648438e+01
1.291521911621093750e+02
4.000684356689453125e+01
5.410395050048828125e+01
6.845299530029296875e+01
4.149313354492187500e+01
7.200170898437500000e+01
4.599623870849609375e+01
5.868133163452148438e+01
5.846228027343750000e+01
5.832527542114257812e+01
3.659509658813476562e+01
3.575115585327148438e+01
5.943954467773437500e+01
5.243983078002929688e+01
1.983903503417968750e+02
4.526551818847656250e+01
5.321675872802734375e+01
6.291994476318359375e+01
5.795330810546875000e+01
4.547943115234375000e+01
5.241834259033203125e+01
5.281992340087890625e+01
5.148091888427734375e+01
3.967335510253906250e+01
4.181880187988281250e+01
5.750609588623046875e+01
3.977740478515625000e+01
4.401594543457031250e+01
4.808448791503906250e+01
3.952717590332031250e+01
4.256920623779296875e+01
3.153484344482421875e+01
5.957728195190429688e+01
6.713316345214843750e+01
3.000000000000000000e+01
4.762446594238281250e+01
5.714299011230468750e+01
7.756201171875000000e+01
5.682449340820312500e+01
9.692566680908203125e+01
3.000000000000000000e+01
7.353736114501953125e+01
8.512307739257812500e+01
4.577745819091796875e+01
8.785454559326171875e+01
3.941259002685546875e+01
4.865919494628906250e+01
3.869364547729492188e+01
4.260037612915039062e+01
7.460562133789062500e+01
5.708871459960937500e+01
3.000000000000000000e+01
6.656653594970703125e+01
4.767784881591796875e+01
1.064850158691406250e+02
5.573437881469726562e+01
4.305793380737304688e+01
5.756031799316406250e+01
8.249087524414062500e+01
7.888446807861328125e+01
7.746922302246093750e+01
6.081732177734375000e+01
3.166823768615722656e+01
3.777811431884765625e+01
6.147786331176757812e+01
6.856488037109375000e+01
1.322876892089843750e+02
8.413346862792968750e+01
1.436261749267578125e+02
5.585826873779296875e+01
3.422101211547851562e+01
6.307450866699218750e+01
3.769934082031250000e+01
5.678260040283203125e+01
3.000000000000000000e+01
3.000000000000000000e+01
5.623901367187500000e+01
1.156691513061523438e+02
6.431826782226562500e+01
3.000000000000000000e+01
6.180052185058593750e+01
6.499921417236328125e+01
4.272744750976562500e+01
4.962442398071289062e+01
5.923768234252929688e+01
4.220513153076171875e+01
5.414347457885742188e+01
5.774344635009765625e+01
6.482141113281250000e+01
5.522100448608398438e+01
3.000000000000000000e+01
5.057763671875000000e+01
5.523335647583007812e+01
3.290470886230468750e+01
7.535220336914062500e+01
6.896411895751953125e+01
5.010605621337890625e+01
9.657259368896484375e+01
5.611425781250000000e+01
3.173492622375488281e+01
5.259282684326171875e+01
3.469278335571289062e+01
3.791140365600585938e+01
4.324020004272460938e+01
3.636039733886718750e+01
3.693720626831054688e+01
7.955664825439453125e+01
4.409601211547851562e+01
3.944715499877929688e+01
1.310651397705078125e+02
8.146057891845703125e+01
4.195806503295898438e+01
6.214206695556640625e+01
8.104451751708984375e+01
4.595862197875976562e+01
5.693748474121093750e+01
1.068446807861328125e+02
4.292575073242187500e+01
7.065812683105468750e+01
4.597560882568359375e+01
3.093853759765625000e+01
5.987505722045898438e+01
6.128648376464843750e+01
4.476057815551757812e+01
4.947825241088867188e+01
4.903058242797851562e+01
4.461975860595703125e+01
4.127781295776367188e+01
4.940012741088867188e+01
3.687245178222656250e+01
4.176860809326171875e+01
7.941756439208984375e+01
8.411260223388671875e+01
4.121195983886718750e+01
8.886544036865234375e+01
4.704138183593750000e+01
3.911476516723632812e+01
7.518963623046875000e+01
7.250679016113281250e+01
4.060329818725585938e+01
5.580390548706054688e+01
3.000000000000000000e+01
4.067407989501953125e+01
3.000000000000000000e+01
8.729536437988281250e+01
5.077160644531250000e+01
3.717458724975585938e+01
5.879075622558593750e+01
5.973663711547851562e+01
6.077360534667968750e+01
3.112277603149414062e+01
5.329365158081054688e+01
5.488852310180664062e+01
5.418939971923828125e+01
8.008123779296875000e+01
6.525800323486328125e+01
4.109450531005859375e+01
5.247586822509765625e+01
3.377526092529296875e+01
5.265269851684570312e+01
7.298519897460937500e+01
8.918375396728515625e+01
5.868133163452148438e+01
5.200283050537109375e+01
6.164793395996093750e+01
5.329365158081054688e+01
3.771230697631835938e+01
5.118566894531250000e+01
3.000000000000000000e+01
4.206373596191406250e+01
5.391057586669921875e+01
5.864804458618164062e+01
4.165461730957031250e+01
4.974868011474609375e+01
4.461687850952148438e+01
5.844615936279296875e+01
3.422489547729492188e+01
5.610644149780273438e+01
4.184737396240234375e+01
5.390432357788085938e+01
6.450581359863281250e+01
4.068352508544921875e+01
5.684060668945312500e+01
3.377205276489257812e+01
7.629168701171875000e+01
6.522001647949218750e+01
4.871971130371093750e+01
4.828882598876953125e+01
4.363965606689453125e+01
9.358535766601562500e+01
7.445468139648437500e+01
4.130770874023437500e+01
4.567332458496093750e+01
6.009429168701171875e+01
6.190317153930664062e+01
5.236756515502929688e+01
3.316453170776367188e+01
9.755854797363281250e+01
4.794843673706054688e+01
3.524848175048828125e+01
4.196777725219726562e+01
4.864546966552734375e+01
6.945845031738281250e+01
3.000000000000000000e+01
8.672087097167968750e+01
6.091402435302734375e+01
4.664598083496093750e+01
4.114719390869140625e+01
6.008628845214843750e+01
5.315202331542968750e+01
6.055132293701171875e+01
3.676768112182617188e+01
4.248964309692382812e+01
3.000000000000000000e+01
4.486291885375976562e+01
5.895730209350585938e+01
4.847848892211914062e+01
7.099922180175781250e+01
4.990442657470703125e+01
5.118121337890625000e+01
3.943983459472656250e+01
3.313417053222656250e+01
3.000000000000000000e+01
6.008628845214843750e+01
7.394741058349609375e+01
5.058655548095703125e+01
5.101923751831054688e+01
3.819951629638671875e+01
7.627059173583984375e+01
6.338938140869140625e+01
6.576351165771484375e+01
4.797595214843750000e+01
3.147606468200683594e+01
7.485697937011718750e+01
3.574618148803710938e+01
6.066801452636718750e+01
3.064694595336914062e+01
5.020218658447265625e+01
3.108501243591308594e+01
3.000000000000000000e+01
4.087282562255859375e+01
4.483670806884765625e+01
6.915183258056640625e+01
4.237778854370117188e+01
8.918375396728515625e+01
5.729273223876953125e+01
4.079035568237304688e+01
3.945005798339843750e+01
4.143096923828125000e+01
3.703814697265625000e+01
4.514094161987304688e+01
6.419561767578125000e+01
6.726091003417968750e+01
5.005218505859375000e+01
4.213534164428710938e+01
3.869667816162109375e+01
6.949111175537109375e+01
5.143894195556640625e+01
4.515234375000000000e+01
4.501634979248046875e+01
3.000000000000000000e+01
3.772624588012695312e+01
4.357793045043945312e+01
4.984994506835937500e+01
3.894305419921875000e+01
3.899566650390625000e+01
4.690852355957031250e+01
3.514242935180664062e+01
3.496256256103515625e+01
4.772465896606445312e+01
3.458003997802734375e+01
5.462799072265625000e+01
5.894879531860351562e+01
7.194381713867187500e+01
5.729273223876953125e+01
6.816928100585937500e+01
3.167772674560546875e+01
4.089196777343750000e+01
6.067706298828125000e+01
3.000000000000000000e+01
4.931912231445312500e+01
6.256172180175781250e+01
3.751979827880859375e+01
6.647473144531250000e+01
4.561215972900390625e+01
4.354155349731445312e+01
4.988374328613281250e+01
5.592349243164062500e+01
3.000000000000000000e+01
3.838707733154296875e+01
6.733726501464843750e+01
4.523983001708984375e+01
8.249087524414062500e+01
7.191127777099609375e+01
3.000000000000000000e+01
6.622451019287109375e+01
3.000000000000000000e+01
5.692500305175781250e+01
4.217431640625000000e+01
5.543796157836914062e+01
5.888491058349609375e+01
6.476021575927734375e+01
4.925321197509765625e+01
6.522789001464843750e+01
8.110096740722656250e+01
3.756321716308593750e+01
7.024061584472656250e+01
3.941127014160156250e+01
3.185705757141113281e+01
3.820363998413085938e+01
5.713351821899414062e+01
3.591107940673828125e+01
7.617836761474609375e+01
5.025695800781250000e+01
5.321675872802734375e+01
4.068656921386718750e+01
5.828883361816406250e+01
3.031027793884277344e+01
4.542755508422851562e+01
7.519438934326171875e+01
4.267028045654296875e+01
4.067975234985351562e+01
7.063871002197265625e+01
4.360260009765625000e+01
4.382409286499023438e+01
5.023072052001953125e+01
4.828882598876953125e+01
3.269747543334960938e+01
3.589582824707031250e+01
4.882659912109375000e+01
5.066952896118164062e+01
3.000000000000000000e+01
4.665183258056640625e+01
5.908894729614257812e+01
4.151094818115234375e+01
4.147962951660156250e+01
4.938132095336914062e+01
7.142569732666015625e+01
5.558911895751953125e+01
6.910026550292968750e+01
1.169328613281250000e+02
4.751622390747070312e+01
4.857383728027343750e+01
4.922546386718750000e+01
4.837008666992187500e+01
3.441439437866210938e+01
4.250703430175781250e+01
6.904446411132812500e+01
9.651967620849609375e+01
5.369221878051757812e+01
4.244356155395507812e+01
5.348625183105468750e+01
6.858459472656250000e+01
3.456161499023437500e+01
4.566476058959960938e+01
5.378139495849609375e+01
5.296878051757812500e+01
3.000000000000000000e+01
6.055439758300781250e+01
3.694283294677734375e+01
6.463013458251953125e+01
5.364830017089843750e+01
3.000000000000000000e+01
5.275806427001953125e+01
3.859172058105468750e+01
3.471123504638671875e+01
4.404809188842773438e+01
4.828872299194335938e+01
4.378332519531250000e+01
5.621670913696289062e+01
4.011549758911132812e+01
4.622920227050781250e+01
4.525303268432617188e+01
4.757140731811523438e+01
3.000000000000000000e+01
8.769683837890625000e+01
4.086394119262695312e+01
5.035053253173828125e+01
4.295839309692382812e+01
4.281631851196289062e+01
5.916471481323242188e+01
4.603807067871093750e+01
5.317137908935546875e+01
4.193698120117187500e+01
4.500796890258789062e+01
4.871823120117187500e+01
4.716073226928710938e+01
4.040762329101562500e+01
4.469206237792968750e+01
5.480046844482421875e+01
5.754929351806640625e+01
5.192924499511718750e+01
6.053484725952148438e+01
4.266076278686523438e+01
6.784419250488281250e+01
4.329552459716796875e+01
9.707714080810546875e+01
7.834230804443359375e+01
4.807310485839843750e+01
4.599648666381835938e+01
4.157477569580078125e+01
7.654331207275390625e+01
3.041572189331054688e+01
3.754407501220703125e+01
6.628413391113281250e+01
4.410436248779296875e+01
4.073674774169921875e+01
5.018524169921875000e+01
9.574462890625000000e+01
4.375086593627929688e+01
5.016320800781250000e+01
3.000000000000000000e+01
5.618643951416015625e+01
4.152603530883789062e+01
3.667251586914062500e+01
5.225949096679687500e+01
1.024274139404296875e+02
5.490179443359375000e+01
5.701973724365234375e+01
3.000000000000000000e+01
6.027765655517578125e+01
4.183664703369140625e+01
5.404819107055664062e+01
5.247427368164062500e+01
9.692566680908203125e+01
5.061437225341796875e+01
6.412089538574218750e+01
7.597078704833984375e+01
6.693396759033203125e+01
5.956506729125976562e+01
3.000000000000000000e+01
4.182611846923828125e+01
5.600272369384765625e+01
4.058716964721679688e+01
4.236766433715820312e+01
3.205264282226562500e+01
4.046104049682617188e+01
3.000000000000000000e+01
3.111800193786621094e+01
3.273638534545898438e+01
4.445084381103515625e+01
6.398980331420898438e+01
5.002719879150390625e+01
3.731457138061523438e+01
4.244062042236328125e+01
3.168771171569824219e+01
4.608546829223632812e+01
5.093397521972656250e+01
7.257106781005859375e+01
4.985042953491210938e+01
4.521289062500000000e+01
3.000000000000000000e+01
7.942700195312500000e+01
6.672524261474609375e+01
3.000000000000000000e+01
9.358535766601562500e+01
3.312371063232421875e+01
1.004671936035156250e+02
4.046734619140625000e+01
4.787604522705078125e+01
5.488316726684570312e+01
4.914809417724609375e+01
3.000000000000000000e+01
4.190375137329101562e+01
4.764733886718750000e+01
5.401665496826171875e+01
3.927696990966796875e+01
4.415186309814453125e+01
3.043832778930664062e+01
4.042592620849609375e+01
7.200170898437500000e+01
6.104956054687500000e+01
7.556739044189453125e+01
4.425343322753906250e+01
4.450657272338867188e+01
5.972692108154296875e+01
3.000000000000000000e+01
4.690169143676757812e+01
4.569627380371093750e+01
5.216353607177734375e+01
5.108099365234375000e+01
4.827724075317382812e+01
4.354351043701171875e+01
4.272838211059570312e+01
3.865443801879882812e+01
7.639220428466796875e+01
3.491626739501953125e+01
3.865145874023437500e+01
3.804167556762695312e+01
3.943820953369140625e+01
4.498974609375000000e+01
3.000000000000000000e+01
5.214297103881835938e+01
3.901631164550781250e+01
3.000000000000000000e+01
6.770535278320312500e+01
6.656652832031250000e+01
3.407655715942382812e+01
5.458872604370117188e+01
4.362077713012695312e+01
4.148489379882812500e+01
4.202589035034179688e+01
5.804953765869140625e+01
4.351705551147460938e+01
4.370347976684570312e+01
4.705984497070312500e+01
5.272254943847656250e+01
3.705109405517578125e+01
5.129524230957031250e+01
4.491247558593750000e+01
3.435894012451171875e+01
3.382204055786132812e+01
3.667306518554687500e+01
3.926815414428710938e+01
5.805596542358398438e+01
4.581019210815429688e+01
9.574462890625000000e+01
3.969614410400390625e+01
3.000000000000000000e+01
3.564085769653320312e+01
8.571705627441406250e+01
4.472240447998046875e+01
4.091835403442382812e+01
7.639220428466796875e+01
5.740074157714843750e+01
4.304069519042968750e+01
3.869573211669921875e+01
5.848527526855468750e+01
1.099183807373046875e+02
8.100830078125000000e+01
5.352977752685546875e+01
8.047819519042968750e+01
3.146150970458984375e+01
3.000000000000000000e+01
3.895843505859375000e+01
4.231154632568359375e+01
5.594294738769531250e+01
6.387659835815429688e+01
3.683395385742187500e+01
3.000000000000000000e+01
5.022635269165039062e+01
3.922741317749023438e+01
4.771553039550781250e+01
5.255585098266601562e+01
4.335369110107421875e+01
3.164530181884765625e+01
4.702443695068359375e+01
3.000000000000000000e+01
3.283823776245117188e+01
4.257862091064453125e+01
7.762039184570312500e+01
3.925272369384765625e+01
3.347122955322265625e+01
7.146382141113281250e+01
5.505560302734375000e+01
3.242670059204101562e+01
3.953330993652343750e+01
4.380048370361328125e+01
4.786357879638671875e+01
3.832662963867187500e+01
3.961842727661132812e+01
3.631365966796875000e+01
5.635312271118164062e+01
5.962512207031250000e+01
4.072535324096679688e+01
3.705666351318359375e+01
3.879231643676757812e+01
4.850783538818359375e+01
4.281263351440429688e+01
5.644303512573242188e+01
5.279111099243164062e+01
4.871758651733398438e+01
3.000000000000000000e+01
3.434960174560546875e+01
3.000000000000000000e+01
3.000000000000000000e+01
5.658988952636718750e+01
4.400923538208007812e+01
5.369221878051757812e+01
4.793198776245117188e+01
3.981723785400390625e+01
4.409545135498046875e+01
5.348501205444335938e+01
4.493931579589843750e+01
4.691151046752929688e+01
4.769449615478515625e+01
4.816931915283203125e+01
4.204361724853515625e+01
7.756201171875000000e+01
4.974771499633789062e+01
3.632065582275390625e+01
3.000000000000000000e+01
4.479095458984375000e+01
6.336434555053710938e+01
4.277491760253906250e+01
4.142787933349609375e+01
3.000000000000000000e+01
3.428968048095703125e+01
3.217805480957031250e+01
3.969502258300781250e+01
4.498388671875000000e+01
4.037390518188476562e+01
5.970258331298828125e+01
4.276247406005859375e+01
6.759617614746093750e+01
4.389334106445312500e+01
4.413836669921875000e+01
5.296723937988281250e+01
3.321170425415039062e+01
4.870142364501953125e+01
4.097548675537109375e+01
3.435114288330078125e+01
4.748990631103515625e+01
4.974759674072265625e+01
3.459402465820312500e+01
4.164756011962890625e+01
3.141186523437500000e+01
3.572872924804687500e+01
4.194994735717773438e+01
4.380484390258789062e+01
