4.955585479736328125e+01
6.349916076660156250e+01
4.140936660766601562e+01
3.974650955200195312e+01
6.316271972656250000e+01
6.532288360595703125e+01
3.000000000000000000e+01
6.479402160644531250e+01
5.794841766357421875e+01
1.260268707275390625e+02
5.055208969116210938e+01
1.479102020263671875e+02
5.075724411010742188e+01
4.570429992675781250e+01
3.000000000000000000e+01
7.794927978515625000e+01
6.620408630371093750e+01
4.002996826171875000e+01
4.455198287963867188e+01
1.400530242919921875e+02
3.875416564941406250e+01
9.073300170898437500e+01
3.018153953552246094e+01
4.212083053588867188e+01
4.548664474487304688e+01
6.939988708496093750e+01
3.000000000000000000e+01
6.005433654785156250e+01
1.829956207275390625e+02
6.053474426269531250e+01
5.564559173583984375e+01
4.410560989379882812e+01
4.510975646972656250e+01
1.173360900878906250e+02
5.796864318847656250e+01
6.862089538574218750e+01
6.645115661621093750e+01
5.619992065429687500e+01
4.409611892700195312e+01
3.000000000000000000e+01
4.076284790039062500e+01
3.912907409667968750e+01
6.332365417480468750e+01
5.106813430786132812e+01
3.567790603637695312e+01
4.910429000854492188e+01
3.237714004516601562e+01
6.109764862060546875e+01
1.309714355468750000e+02
5.507977294921875000e+01
4.096547698974609375e+01
3.000000000000000000e+01
7.260935211181640625e+01
4.664557647705078125e+01
1.124180908203125000e+02
5.495788574218750000e+01
6.983615112304687500e+01
5.043074798583984375e+01
5.923608779907226562e+01
6.872683715820312500e+01
5.453137969970703125e+01
7.923700714111328125e+01
4.190326690673828125e+01
8.348394775390625000e+01
9.513125610351562500e+01
5.762949371337890625e+01
5.150072097778320312e+01
3.000000000000000000e+01
4.763558197021484375e+01
4.463852691650390625e+01
6.334286117553710938e+01
3.698587036132812500e+01
1.079107208251953125e+02
3.000000000000000000e+01
6.217556381225585938e+01
5.250350952148437500e+01
4.281183624267578125e+01
3.858972167968750000e+01
4.063827514648437500e+01
5.874858093261718750e+01
3.544845199584960938e+01
6.620408630371093750e+01
5.274687194824218750e+01
1.078431472778320312e+02
9.394985961914062500e+01
4.239958953857421875e+01
3.691932296752929688e+01
4.958497619628906250e+01
5.075724411010742188e+01
5.557111358642578125e+01
4.337830352783203125e+01
5.935262298583984375e+01
6.884180450439453125e+01
5.581365585327148438e+01
1.003525695800781250e+02
9.193537902832031250e+01
6.074634552001953125e+01
3.959847640991210938e+01
9.065424346923828125e+01
4.185818099975585938e+01
9.681020355224609375e+01
5.888082504272460938e+01
1.457710418701171875e+02
3.000000000000000000e+01
5.092426300048828125e+01
8.384774780273437500e+01
3.012067794799804688e+01
6.182511901855468750e+01
4.933048629760742188e+01
3.000000000000000000e+01
4.348614501953125000e+01
3.333180999755859375e+01
6.740419006347656250e+01
1.162342758178710938e+02
4.080898284912109375e+01
3.913636779785156250e+01
8.792404937744140625e+01
4.959648895263671875e+01
6.919708251953125000e+01
5.311841583251953125e+01
4.863233566284179688e+01
5.780015182495117188e+01
4.648377227783203125e+01
4.233374023437500000e+01
3.913995361328125000e+01
5.265090179443359375e+01
6.104011917114257812e+01
6.039831161499023438e+01
4.875960159301757812e+01
5.704863739013671875e+01
5.342761230468750000e+01
1.092732238769531250e+02
5.262226104736328125e+01
3.000000000000000000e+01
6.103083038330078125e+01
4.208684158325195312e+01
1.218687744140625000e+02
5.045025634765625000e+01
3.772534179687500000e+01
7.791754150390625000e+01
4.590819931030273438e+01
1.013041458129882812e+02
7.240545654296875000e+01
5.885935211181640625e+01
7.068022918701171875e+01
4.308940505981445312e+01
9.462890625000000000e+01
1.010280609130859375e+02
5.406383514404296875e+01
1.344909057617187500e+02
5.759508514404296875e+01
7.517273712158203125e+01
5.337300109863281250e+01
7.676191711425781250e+01
5.575312042236328125e+01
1.211154327392578125e+02
3.457426834106445312e+01
1.217058944702148438e+02
4.251527023315429688e+01
6.171384429931640625e+01
3.950835800170898438e+01
4.596450805664062500e+01
5.269163513183593750e+01
4.080706787109375000e+01
7.428396606445312500e+01
4.357909393310546875e+01
6.115567016601562500e+01
4.991990280151367188e+01
3.268909454345703125e+01
1.380229644775390625e+02
4.435165405273437500e+01
4.349444961547851562e+01
4.087859725952148438e+01
3.000000000000000000e+01
5.290276336669921875e+01
6.500586700439453125e+01
3.933314895629882812e+01
4.424308013916015625e+01
7.273997497558593750e+01
5.712841033935546875e+01
6.843983459472656250e+01
5.859210968017578125e+01
6.827922058105468750e+01
6.304948425292968750e+01
4.064744567871093750e+01
4.039329910278320312e+01
3.780726623535156250e+01
6.378778839111328125e+01
6.284664916992187500e+01
4.830742263793945312e+01
4.778477096557617188e+01
7.250565338134765625e+01
5.737120819091796875e+01
4.306462860107421875e+01
5.613924407958984375e+01
5.419308471679687500e+01
3.405318832397460938e+01
8.133522033691406250e+01
1.313350219726562500e+02
7.985967254638671875e+01
6.098437118530273438e+01
1.101282043457031250e+02
7.772815704345703125e+01
3.505378341674804688e+01
5.583159637451171875e+01
4.356808090209960938e+01
7.291242980957031250e+01
7.070108795166015625e+01
1.305925903320312500e+02
3.821025466918945312e+01
4.571123123168945312e+01
9.840322113037109375e+01
4.269336700439453125e+01
4.151228713989257812e+01
4.034696578979492188e+01
4.096506500244140625e+01
5.141513442993164062e+01
5.523955535888671875e+01
4.470067977905273438e+01
4.734831237792968750e+01
3.681802368164062500e+01
7.085326385498046875e+01
9.371630859375000000e+01
3.947780990600585938e+01
4.463351440429687500e+01
3.679837417602539062e+01
6.094865417480468750e+01
1.196221923828125000e+02
6.727246093750000000e+01
9.355952453613281250e+01
3.796998214721679688e+01
4.169670867919921875e+01
5.379529571533203125e+01
4.819626617431640625e+01
3.630826950073242188e+01
5.672087097167968750e+01
3.704298400878906250e+01
4.894681549072265625e+01
7.475335693359375000e+01
5.671993255615234375e+01
4.687506866455078125e+01
1.202565460205078125e+02
9.574005889892578125e+01
6.428357696533203125e+01
8.920426940917968750e+01
3.350715637207031250e+01
5.040784072875976562e+01
1.458442687988281250e+02
1.914580993652343750e+02
5.702086639404296875e+01
5.798975753784179688e+01
4.123853683471679688e+01
4.709399414062500000e+01
1.104350891113281250e+02
4.949764251708984375e+01
5.873870086669921875e+01
4.162907409667968750e+01
4.128602218627929688e+01
4.239530563354492188e+01
1.665165710449218750e+02
5.597751998901367188e+01
5.347540664672851562e+01
7.256822967529296875e+01
4.827848815917968750e+01
1.329777984619140625e+02
4.366086578369140625e+01
1.438715515136718750e+02
7.390908050537109375e+01
7.643826293945312500e+01
5.457894515991210938e+01
5.662076950073242188e+01
5.530039978027343750e+01
6.428357696533203125e+01
7.171368408203125000e+01
1.511518249511718750e+02
3.041405487060546875e+01
7.223304748535156250e+01
8.063405609130859375e+01
1.031902542114257812e+02
9.279101562500000000e+01
5.099924468994140625e+01
6.781773376464843750e+01
6.677496337890625000e+01
4.083866119384765625e+01
6.291691589355468750e+01
4.090698242187500000e+01
3.000000000000000000e+01
5.966405487060546875e+01
4.263491439819335938e+01
3.492911911010742188e+01
4.242827987670898438e+01
4.433577728271484375e+01
3.000000000000000000e+01
1.081628265380859375e+02
3.818738555908203125e+01
3.883850860595703125e+01
4.218704223632812500e+01
5.734774780273437500e+01
5.010165405273437500e+01
5.243709564208984375e+01
5.640412139892578125e+01
3.000000000000000000e+01
3.889625549316406250e+01
7.296130371093750000e+01
6.830065155029296875e+01
3.939468383789062500e+01
7.767196655273437500e+01
8.069858551025390625e+01
7.787129211425781250e+01
1.241317825317382812e+02
1.648505554199218750e+02
3.000000000000000000e+01
1.010922546386718750e+02
1.093535079956054688e+02
1.000832977294921875e+02
4.206040954589843750e+01
3.959383010864257812e+01
1.423002624511718750e+02
6.647885894775390625e+01
9.065424346923828125e+01
4.318734741210937500e+01
5.036735153198242188e+01
4.876481628417968750e+01
5.170121383666992188e+01
3.385097122192382812e+01
4.963411712646484375e+01
3.659198379516601562e+01
3.781507110595703125e+01
1.079107208251953125e+02
3.000000000000000000e+01
7.888837432861328125e+01
5.413098907470703125e+01
4.892203903198242188e+01
4.336808776855468750e+01
3.867449188232421875e+01
4.856809616088867188e+01
8.197180175781250000e+01
4.523931121826171875e+01
3.544165802001953125e+01
3.676498413085937500e+01
6.287440872192382812e+01
8.757453918457031250e+01
4.428307342529296875e+01
7.787129211425781250e+01
4.764361572265625000e+01
4.699713897705078125e+01
1.589489288330078125e+02
3.569974136352539062e+01
4.088449859619140625e+01
1.017600173950195312e+02
1.602518615722656250e+02
1.937413482666015625e+02
5.103074264526367188e+01
7.923700714111328125e+01
3.912165451049804688e+01
9.613340759277343750e+01
5.467284393310546875e+01
3.342695999145507812e+01
1.343581390380859375e+02
5.556034088134765625e+01
7.418013763427734375e+01
1.315401458740234375e+02
6.233988952636718750e+01
6.642260742187500000e+01
9.306958007812500000e+01
3.000000000000000000e+01
7.230587768554687500e+01
1.252028503417968750e+02
3.000000000000000000e+01
6.101692581176757812e+01
6.045386123657226562e+01
5.494334411621093750e+01
8.840705871582031250e+01
1.459825439453125000e+02
7.739030456542968750e+01
1.160330810546875000e+02
7.822208404541015625e+01
6.053474426269531250e+01
8.353497314453125000e+01
7.856112670898437500e+01
3.000000000000000000e+01
3.000000000000000000e+01
3.000000000000000000e+01
3.880254364013671875e+01
6.200720214843750000e+01
9.574005889892578125e+01
4.717636871337890625e+01
4.452500152587890625e+01
4.767633819580078125e+01
2.794184570312500000e+02
5.967433166503906250e+01
3.818522262573242188e+01
3.308843231201171875e+01
3.000000000000000000e+01
4.696683502197265625e+01
6.803607177734375000e+01
7.645824432373046875e+01
1.082035217285156250e+02
6.878260040283203125e+01
5.042639923095703125e+01
4.902989578247070312e+01
4.230392456054687500e+01
1.483358306884765625e+02
4.641745758056640625e+01
4.463411712646484375e+01
7.406853485107421875e+01
4.192989349365234375e+01
6.277281188964843750e+01
6.468215942382812500e+01
1.492048645019531250e+02
7.252476501464843750e+01
9.933218383789062500e+01
6.184754943847656250e+01
4.354356384277343750e+01
7.423791503906250000e+01
4.138722229003906250e+01
6.734642791748046875e+01
7.957619476318359375e+01
3.000000000000000000e+01
3.648609924316406250e+01
1.012983245849609375e+02
3.000000000000000000e+01
3.979367065429687500e+01
1.494899597167968750e+02
7.419215393066406250e+01
5.840336608886718750e+01
6.969381713867187500e+01
4.784134674072265625e+01
6.539860534667968750e+01
9.411929321289062500e+01
5.236194610595703125e+01
7.888837432861328125e+01
2.192062072753906250e+02
5.170121383666992188e+01
1.155630340576171875e+02
4.394750595092773438e+01
5.479772186279296875e+01
7.874578094482421875e+01
6.005433654785156250e+01
5.613422393798828125e+01
7.586373901367187500e+01
3.802104949951171875e+01
6.596295166015625000e+01
4.824506378173828125e+01
6.691996765136718750e+01
4.344953155517578125e+01
5.361510848999023438e+01
6.455591583251953125e+01
1.449631652832031250e+02
8.857669067382812500e+01
5.200956726074218750e+01
5.337300109863281250e+01
4.727252960205078125e+01
5.677048492431640625e+01
6.786448669433593750e+01
3.000000000000000000e+01
1.056027297973632812e+02
1.051827545166015625e+02
3.536747360229492188e+01
9.276953125000000000e+01
9.119309997558593750e+01
5.513406372070312500e+01
4.720806884765625000e+01
4.572500228881835938e+01
4.461789321899414062e+01
2.002385864257812500e+02
3.465932083129882812e+01
5.301474380493164062e+01
5.001303100585937500e+01
4.402425384521484375e+01
1.061776962280273438e+02
4.217793655395507812e+01
5.165564346313476562e+01
1.425518493652343750e+02
6.830065917968750000e+01
8.287805175781250000e+01
3.000000000000000000e+01
3.074782180786132812e+01
5.210163497924804688e+01
8.782310485839843750e+01
8.978330230712890625e+01
6.743193054199218750e+01
7.928594207763671875e+01
3.552479553222656250e+01
8.127343750000000000e+01
9.563600158691406250e+01
4.901355743408203125e+01
4.151228332519531250e+01
7.000417327880859375e+01
1.116557159423828125e+02
7.021353149414062500e+01
5.682208251953125000e+01
4.569802856445312500e+01
3.000000000000000000e+01
3.793994140625000000e+01
3.000000000000000000e+01
4.154577636718750000e+01
3.789597702026367188e+01
3.590945434570312500e+01
4.422496032714843750e+01
5.086567687988281250e+01
4.398488616943359375e+01
8.453057098388671875e+01
6.150197219848632812e+01
4.245349884033203125e+01
4.060388946533203125e+01
5.472156524658203125e+01
5.646715545654296875e+01
3.000000000000000000e+01
3.770098495483398438e+01
5.957032012939453125e+01
3.321952056884765625e+01
6.059934997558593750e+01
3.000000000000000000e+01
5.362155914306640625e+01
3.235808181762695312e+01
3.000000000000000000e+01
1.107234344482421875e+02
5.615984344482421875e+01
3.108831405639648438e+01
7.215213012695312500e+01
4.463411712646484375e+01
7.959245300292968750e+01
3.844070816040039062e+01
5.612216186523437500e+01
1.231959838867187500e+02
4.084574127197265625e+01
1.327574920654296875e+02
1.112432708740234375e+02
3.800390243530273438e+01
4.544770812988281250e+01
9.158876037597656250e+01
4.666544723510742188e+01
5.969437408447265625e+01
7.256822967529296875e+01
1.952729339599609375e+02
4.911382675170898438e+01
5.656725692749023438e+01
5.588289260864257812e+01
3.198317718505859375e+01
4.963327407836914062e+01
1.084589233398437500e+02
4.733377075195312500e+01
7.578050231933593750e+01
5.165666961669921875e+01
4.692832946777343750e+01
3.711496353149414062e+01
4.835412597656250000e+01
4.864701080322265625e+01
4.315803527832031250e+01
4.135785675048828125e+01
3.722531509399414062e+01
4.116775894165039062e+01
5.212193298339843750e+01
4.771405792236328125e+01
4.376712799072265625e+01
6.039990997314453125e+01
6.182511520385742188e+01
7.078166961669921875e+01
1.305925903320312500e+02
7.033843231201171875e+01
1.109307708740234375e+02
9.176390075683593750e+01
1.093864822387695312e+02
4.394957733154296875e+01
6.102226638793945312e+01
3.412842559814453125e+01
4.528804779052734375e+01
7.123287200927734375e+01
6.922266387939453125e+01
7.906821441650390625e+01
7.417494964599609375e+01
4.080898284912109375e+01
3.923606872558593750e+01
6.962547302246093750e+01
9.101086425781250000e+01
4.695679473876953125e+01
5.500049591064453125e+01
4.216095733642578125e+01
3.821614456176757812e+01
9.285630035400390625e+01
4.337830352783203125e+01
4.559642410278320312e+01
4.512790298461914062e+01
4.849966049194335938e+01
6.950102996826171875e+01
1.055000915527343750e+02
4.545250701904296875e+01
3.605102920532226562e+01
3.131779479980468750e+01
1.082035217285156250e+02
5.462330245971679688e+01
4.385212707519531250e+01
6.570776367187500000e+01
5.010449218750000000e+01
4.710330200195312500e+01
5.747868347167968750e+01
5.202416229248046875e+01
7.425106811523437500e+01
4.461251831054687500e+01
4.936962890625000000e+01
7.277529907226562500e+01
8.342536926269531250e+01
7.278449249267578125e+01
4.694607925415039062e+01
3.062563514709472656e+01
6.239554977416992188e+01
6.920138549804687500e+01
4.412754821777343750e+01
5.269537734985351562e+01
5.323266983032226562e+01
4.246916961669921875e+01
6.342047119140625000e+01
4.093767929077148438e+01
3.038283920288085938e+01
5.443683624267578125e+01
7.160301208496093750e+01
6.455591583251953125e+01
5.050247955322265625e+01
5.851575469970703125e+01
3.970603179931640625e+01
7.070803833007812500e+01
1.094178314208984375e+02
6.498862457275390625e+01
3.495721435546875000e+01
1.093864898681640625e+02
5.103074264526367188e+01
6.551461029052734375e+01
1.116557159423828125e+02
3.609819030761718750e+01
3.277632141113281250e+01
6.451893615722656250e+01
3.000000000000000000e+01
4.531523513793945312e+01
2.224918975830078125e+02
5.756449890136718750e+01
3.000000000000000000e+01
3.443267440795898438e+01
1.317420196533203125e+02
5.867335510253906250e+01
5.172655105590820312e+01
1.109942932128906250e+02
4.691602325439453125e+01
1.241495285034179688e+02
8.029868316650390625e+01
1.086748123168945312e+02
3.000000000000000000e+01
3.615634155273437500e+01
7.468766021728515625e+01
8.024879455566406250e+01
7.197695922851562500e+01
4.523931121826171875e+01
4.656492614746093750e+01
3.000000000000000000e+01
4.824343490600585938e+01
6.270993423461914062e+01
4.236994552612304688e+01
4.459968948364257812e+01
7.217137908935546875e+01
7.956309509277343750e+01
3.630236816406250000e+01
3.059530639648437500e+01
5.157118988037109375e+01
3.000000000000000000e+01
4.939838409423828125e+01
1.233150024414062500e+02
4.557258605957031250e+01
8.274517822265625000e+01
5.009027862548828125e+01
4.992993164062500000e+01
3.327740859985351562e+01
1.013041458129882812e+02
6.198474884033203125e+01
7.027307891845703125e+01
1.007241516113281250e+02
5.519833755493164062e+01
4.775687026977539062e+01
4.019349670410156250e+01
4.937308502197265625e+01
6.454297637939453125e+01
6.840479278564453125e+01
2.002386016845703125e+02
4.902565765380859375e+01
6.373883438110351562e+01
5.940253067016601562e+01
6.004505920410156250e+01
4.360704803466796875e+01
5.129849243164062500e+01
5.299131774902343750e+01
6.673963165283203125e+01
8.449092864990234375e+01
3.410168838500976562e+01
3.933955001831054688e+01
6.758888244628906250e+01
1.136640319824218750e+02
6.693808746337890625e+01
1.327574920654296875e+02
4.773727798461914062e+01
3.375716018676757812e+01
5.188660049438476562e+01
7.170999145507812500e+01
1.761180877685546875e+02
6.626493835449218750e+01
5.657987594604492188e+01
6.549188995361328125e+01
3.257956314086914062e+01
5.148172378540039062e+01
7.510098266601562500e+01
3.427349472045898438e+01
3.724581909179687500e+01
6.170211791992187500e+01
9.654425048828125000e+01
5.320271301269531250e+01
8.681233215332031250e+01
4.402932739257812500e+01
5.245826721191406250e+01
6.647885894775390625e+01
8.436467742919921875e+01
5.301649093627929688e+01
5.038297271728515625e+01
4.967900466918945312e+01
3.000000000000000000e+01
3.000000000000000000e+01
4.641746139526367188e+01
3.822771072387695312e+01
4.702070999145507812e+01
7.419215393066406250e+01
3.804560470581054688e+01
3.000000000000000000e+01
4.011405181884765625e+01
3.818522262573242188e+01
3.780309295654296875e+01
1.244113922119140625e+02
3.000000000000000000e+01
6.772661590576171875e+01
9.255244445800781250e+01
4.891795730590820312e+01
3.000000000000000000e+01
3.801857757568359375e+01
6.171384429931640625e+01
7.208116149902343750e+01
5.523030853271484375e+01
5.042018890380859375e+01
5.583338928222656250e+01
5.975306701660156250e+01
5.525488662719726562e+01
4.279103469848632812e+01
6.735942840576171875e+01
3.809658813476562500e+01
5.210163497924804688e+01
5.249802398681640625e+01
3.526358795166015625e+01
4.083209228515625000e+01
5.281003570556640625e+01
6.586383056640625000e+01
5.097592163085937500e+01
5.010165405273437500e+01
5.220282745361328125e+01
4.863560867309570312e+01
6.612464141845703125e+01
8.243232727050781250e+01
5.752613449096679688e+01
8.846800231933593750e+01
4.460169982910156250e+01
5.671993255615234375e+01
5.076782226562500000e+01
6.184911346435546875e+01
7.059171295166015625e+01
5.643010711669921875e+01
8.199759674072265625e+01
4.372802734375000000e+01
8.636328887939453125e+01
4.895315551757812500e+01
4.893113708496093750e+01
9.857239532470703125e+01
1.400530242919921875e+02
1.275884552001953125e+02
4.643572235107421875e+01
3.000000000000000000e+01
4.624180603027343750e+01
4.419452285766601562e+01
8.857669067382812500e+01
7.420820617675781250e+01
6.582975769042968750e+01
1.025736389160156250e+02
5.157118988037109375e+01
4.342743301391601562e+01
3.397709655761718750e+01
5.620312500000000000e+01
5.704967117309570312e+01
3.608774566650390625e+01
3.637516784667968750e+01
8.740873718261718750e+01
6.043165969848632812e+01
4.224719619750976562e+01
9.048875427246093750e+01
4.362929916381835938e+01
4.344006729125976562e+01
4.463852310180664062e+01
4.449533081054687500e+01
5.258263397216796875e+01
5.038297271728515625e+01
2.177870178222656250e+02
7.168109893798828125e+01
4.733262634277343750e+01
4.185887145996093750e+01
5.229990768432617188e+01
1.264975204467773438e+02
4.311283111572265625e+01
4.941792297363281250e+01
6.356455993652343750e+01
4.459968948364257812e+01
7.716783142089843750e+01
4.629943847656250000e+01
5.713238906860351562e+01
5.670135879516601562e+01
5.069168853759765625e+01
3.543784332275390625e+01
5.140659332275390625e+01
6.614245605468750000e+01
6.019361495971679688e+01
2.238594512939453125e+02
3.885135269165039062e+01
4.682753753662109375e+01
6.452369689941406250e+01
5.423403167724609375e+01
4.186424255371093750e+01
3.297576522827148438e+01
5.108031463623046875e+01
5.087026977539062500e+01
3.078636741638183594e+01
6.057807922363281250e+01
5.902307128906250000e+01
3.975403976440429688e+01
4.709957885742187500e+01
3.224073791503906250e+01
3.800390243530273438e+01
4.809894180297851562e+01
3.568893432617187500e+01
5.919032287597656250e+01
7.406211853027343750e+01
3.000000000000000000e+01
4.300392150878906250e+01
4.218704223632812500e+01
7.630772399902343750e+01
5.311979675292968750e+01
1.061876068115234375e+02
3.000000000000000000e+01
6.743193054199218750e+01
8.089732360839843750e+01
4.548771667480468750e+01
9.857239532470703125e+01
3.000000000000000000e+01
3.000000000000000000e+01
4.007809448242187500e+01
4.147569274902343750e+01
1.252638626098632812e+02
5.213605117797851562e+01
3.000000000000000000e+01
7.090446472167968750e+01
5.693338012695312500e+01
1.136887054443359375e+02
6.429365539550781250e+01
3.529430389404296875e+01
6.048855590820312500e+01
7.719895172119140625e+01
8.109841918945312500e+01
7.165413665771484375e+01
6.329354476928710938e+01
4.074917602539062500e+01
4.620186996459960938e+01
6.837054443359375000e+01
7.629000854492187500e+01
1.111399154663085938e+02
9.542095184326171875e+01
1.280270233154296875e+02
5.044571304321289062e+01
3.724913024902343750e+01
5.502997207641601562e+01
3.000000000000000000e+01
5.936660766601562500e+01
3.000000000000000000e+01
3.000000000000000000e+01
6.744451141357421875e+01
1.253773345947265625e+02
6.632651519775390625e+01
3.000000000000000000e+01
5.638909530639648438e+01
6.962188720703125000e+01
4.101390075683593750e+01
5.099159622192382812e+01
6.840479278564453125e+01
4.196459960937500000e+01
5.558586502075195312e+01
5.148172760009765625e+01
5.559320831298828125e+01
6.323136138916015625e+01
3.812017440795898438e+01
3.884123229980468750e+01
5.732555389404296875e+01
4.094531631469726562e+01
7.358250427246093750e+01
6.791293334960937500e+01
4.929947662353515625e+01
8.920426940917968750e+01
5.739140319824218750e+01
4.169886779785156250e+01
4.498779296875000000e+01
3.120512390136718750e+01
3.625196075439453125e+01
3.470547103881835938e+01
3.124174690246582031e+01
3.857555007934570312e+01
7.759184265136718750e+01
5.042639923095703125e+01
3.912092971801757812e+01
1.449631652832031250e+02
8.068379211425781250e+01
3.753767013549804688e+01
6.213516998291015625e+01
7.418743896484375000e+01
4.398488616943359375e+01
6.489210510253906250e+01
1.118768615722656250e+02
5.151126861572265625e+01
8.742277526855468750e+01
4.063827514648437500e+01
3.386819839477539062e+01
5.557111358642578125e+01
4.940186691284179688e+01
4.937375640869140625e+01
4.260642242431640625e+01
4.874059295654296875e+01
5.408028411865234375e+01
4.313086318969726562e+01
5.556034088134765625e+01
3.565300369262695312e+01
4.059041595458984375e+01
7.973942565917968750e+01
8.925254821777343750e+01
4.892190933227539062e+01
9.698220825195312500e+01
5.155696487426757812e+01
3.211000823974609375e+01
8.263639831542968750e+01
8.192680358886718750e+01
4.012121582031250000e+01
5.974774169921875000e+01
4.374951171875000000e+01
4.945558166503906250e+01
3.000000000000000000e+01
9.050351715087890625e+01
5.261515808105468750e+01
4.482973098754882812e+01
3.000000000000000000e+01
5.989868927001953125e+01
5.744122314453125000e+01
3.358410263061523438e+01
6.191423797607421875e+01
6.123275756835937500e+01
5.311841583251953125e+01
8.146118927001953125e+01
6.178118515014648438e+01
3.890364456176757812e+01
4.842381668090820312e+01
3.994712829589843750e+01
5.729823303222656250e+01
6.104011535644531250e+01
9.472412109375000000e+01
5.713238906860351562e+01
4.872875213623046875e+01
6.523457336425781250e+01
6.191423797607421875e+01
4.963338088989257812e+01
4.629307174682617188e+01
4.052091979980468750e+01
4.335553741455078125e+01
6.101054382324218750e+01
5.781724929809570312e+01
4.062390136718750000e+01
5.597751998901367188e+01
4.410598373413085938e+01
4.036830139160156250e+01
3.672493362426757812e+01
5.370906066894531250e+01
4.942159271240234375e+01
4.989131164550781250e+01
7.525334930419921875e+01
3.612795257568359375e+01
6.245943832397460938e+01
3.672289276123046875e+01
8.378131866455078125e+01
7.051643371582031250e+01
4.624459075927734375e+01
4.583946228027343750e+01
4.143682098388671875e+01
6.885368347167968750e+01
8.114115142822265625e+01
3.771795654296875000e+01
4.107211303710937500e+01
6.587528991699218750e+01
5.286026763916015625e+01
6.098436737060546875e+01
4.179734039306640625e+01
8.647462463378906250e+01
4.155361557006835938e+01
3.229011917114257812e+01
3.922206878662109375e+01
4.593889617919921875e+01
6.713538360595703125e+01
3.641464233398437500e+01
7.874578857421875000e+01
6.486437988281250000e+01
4.571123123168945312e+01
3.750003051757812500e+01
4.999643707275390625e+01
4.113052368164062500e+01
5.689092636108398438e+01
3.000000000000000000e+01
4.003650665283203125e+01
3.426707839965820312e+01
4.108937835693359375e+01
5.728111267089843750e+01
5.619992065429687500e+01
6.579507446289062500e+01
4.499895095825195312e+01
4.970083999633789062e+01
4.168398284912109375e+01
3.000000000000000000e+01
3.000000000000000000e+01
4.999643707275390625e+01
8.199759674072265625e+01
5.032952880859375000e+01
4.678795242309570312e+01
3.888718032836914062e+01
7.441383361816406250e+01
5.865908050537109375e+01
7.828768157958984375e+01
4.383473968505859375e+01
3.421011734008789062e+01
6.503219604492187500e+01
3.071768760681152344e+01
6.323022842407226562e+01
3.000000000000000000e+01
5.348882293701171875e+01
3.000000000000000000e+01
3.000000000000000000e+01
4.533942413330078125e+01
5.160618591308593750e+01
7.779280090332031250e+01
4.519514465332031250e+01
9.472412109375000000e+01
5.246445465087890625e+01
4.040443420410156250e+01
3.795653533935546875e+01
3.733890151977539062e+01
3.177273368835449219e+01
5.013029098510742188e+01
6.006526565551757812e+01
7.645823669433593750e+01
5.612216186523437500e+01
4.297462463378906250e+01
4.180425262451171875e+01
7.192922973632812500e+01
6.552802276611328125e+01
4.874162292480468750e+01
3.000000000000000000e+01
3.000000000000000000e+01
3.801869583129882812e+01
3.526358795166015625e+01
6.245912933349609375e+01
5.234204483032226562e+01
3.918326568603515625e+01
4.483601760864257812e+01
3.814600753784179688e+01
3.245598602294921875e+01
4.534034729003906250e+01
3.521061706542968750e+01
6.082941436767578125e+01
4.298063659667968750e+01
7.791754150390625000e+01
5.246445465087890625e+01
6.637530517578125000e+01
3.000000000000000000e+01
3.598381042480468750e+01
5.978269195556640625e+01
3.000000000000000000e+01
4.490630340576171875e+01
7.334329223632812500e+01
3.506169128417968750e+01
5.592129898071289062e+01
4.203220367431640625e+01
4.544771194458007812e+01
5.028364562988281250e+01
6.878260040283203125e+01
3.000000000000000000e+01
4.052220916748046875e+01
7.864240264892578125e+01
3.918493652343750000e+01
7.719895172119140625e+01
7.884351348876953125e+01
3.000000000000000000e+01
7.812169647216796875e+01
5.053379821777343750e+01
5.613422393798828125e+01
4.079783248901367188e+01
5.515446472167968750e+01
5.672087097167968750e+01
6.468215942382812500e+01
4.778221893310546875e+01
5.966951751708984375e+01
7.834299468994140625e+01
3.281958389282226562e+01
9.296890258789062500e+01
5.078229522705078125e+01
3.270036315917968750e+01
3.472456359863281250e+01
5.155767822265625000e+01
3.000000000000000000e+01
6.988990783691406250e+01
5.083563232421875000e+01
4.682753753662109375e+01
3.815048980712890625e+01
5.052007293701171875e+01
4.957532882690429688e+01
3.000000000000000000e+01
7.428046417236328125e+01
3.934402465820312500e+01
3.782086944580078125e+01
6.405090332031250000e+01
4.085828399658203125e+01
4.628725051879882812e+01
5.315502166748046875e+01
4.583946228027343750e+01
3.000000000000000000e+01
3.510509490966796875e+01
3.952767944335937500e+01
5.525563049316406250e+01
3.000000000000000000e+01
4.599773788452148438e+01
6.758888244628906250e+01
4.208026123046875000e+01
4.315803527832031250e+01
4.771347808837890625e+01
7.193756103515625000e+01
4.376682662963867188e+01
7.069744110107421875e+01
1.197495117187500000e+02
4.445864868164062500e+01
4.349444961547851562e+01
4.795683288574218750e+01
4.504618835449218750e+01
4.366048049926757812e+01
4.128302001953125000e+01
5.867985916137695312e+01
1.007241592407226562e+02
5.739063644409179688e+01
3.878169250488281250e+01
5.257042694091796875e+01
5.646148681640625000e+01
4.373199462890625000e+01
4.963327407836914062e+01
4.449533081054687500e+01
5.280385971069335938e+01
3.000000000000000000e+01
5.881192779541015625e+01
3.696025085449218750e+01
5.685216140747070312e+01
6.342047119140625000e+01
3.000000000000000000e+01
5.370408630371093750e+01
4.697443389892578125e+01
3.000000000000000000e+01
5.453757858276367188e+01
4.603590774536132812e+01
4.008952713012695312e+01
6.693808746337890625e+01
3.982728958129882812e+01
3.786508178710937500e+01
4.360705184936523438e+01
4.730367279052734375e+01
3.505378341674804688e+01
6.945281982421875000e+01
3.546487426757812500e+01
3.985988235473632812e+01
4.189251327514648438e+01
4.401333618164062500e+01
4.927270126342773438e+01
5.135921096801757812e+01
5.341141891479492188e+01
3.391124343872070312e+01
3.014149856567382812e+01
5.343894958496093750e+01
5.996103286743164062e+01
4.394958114624023438e+01
4.234160995483398438e+01
5.803688049316406250e+01
5.334286499023437500e+01
4.481587600708007812e+01
5.947305679321289062e+01
4.088973999023437500e+01
7.342124938964843750e+01
4.360272979736328125e+01
1.117902069091796875e+02
9.075953674316406250e+01
4.797356414794921875e+01
5.647476959228515625e+01
3.795976257324218750e+01
7.402215576171875000e+01
3.000000000000000000e+01
4.020498657226562500e+01
8.643811035156250000e+01
4.267176055908203125e+01
4.041039276123046875e+01
4.929727172851562500e+01
9.264288330078125000e+01
3.242906951904296875e+01
4.346319198608398438e+01
3.000000000000000000e+01
5.548032760620117188e+01
4.206121063232421875e+01
3.003076553344726562e+01
5.477777099609375000e+01
8.624099731445312500e+01
5.081922912597656250e+01
4.441385269165039062e+01
3.848546981811523438e+01
4.439368438720703125e+01
4.255529022216796875e+01
4.936279678344726562e+01
5.018189239501953125e+01
1.061876068115234375e+02
5.364696884155273438e+01
8.089653778076171875e+01
6.410462951660156250e+01
7.807984161376953125e+01
5.879980850219726562e+01
3.000000000000000000e+01
3.903940582275390625e+01
5.582467651367187500e+01
3.977445983886718750e+01
4.613988494873046875e+01
3.631931686401367188e+01
3.428111267089843750e+01
3.000000000000000000e+01
3.391320037841796875e+01
3.000000000000000000e+01
4.665222167968750000e+01
6.671466064453125000e+01
5.044873046875000000e+01
3.757099914550781250e+01
3.967521667480468750e+01
3.497357177734375000e+01
5.651474761962890625e+01
5.360304260253906250e+01
7.240545654296875000e+01
5.031127548217773438e+01
4.570429992675781250e+01
3.000000000000000000e+01
8.127343750000000000e+01
6.423815917968750000e+01
3.000000000000000000e+01
6.885368347167968750e+01
3.254041671752929688e+01
9.594108581542968750e+01
4.493786239624023438e+01
4.602954483032226562e+01
5.285992050170898438e+01
4.203669357299804688e+01
3.000000000000000000e+01
3.646745300292968750e+01
5.224381637573242188e+01
4.354356384277343750e+01
4.492679595947265625e+01
3.922637939453125000e+01
3.381144714355468750e+01
4.073520660400390625e+01
7.716783142089843750e+01
6.707019805908203125e+01
8.069858551025390625e+01
4.313820266723632812e+01
3.757006454467773438e+01
5.398351669311523438e+01
3.000000000000000000e+01
5.703100585937500000e+01
5.272468566894531250e+01
6.239249038696289062e+01
4.729682159423828125e+01
4.739590072631835938e+01
3.851399993896484375e+01
3.781968688964843750e+01
3.000000000000000000e+01
8.397666931152343750e+01
3.783761215209960938e+01
3.936945343017578125e+01
3.515224075317382812e+01
4.052111816406250000e+01
4.219504547119140625e+01
3.000000000000000000e+01
4.699713897705078125e+01
5.940259170532226562e+01
3.423037719726562500e+01
6.304948425292968750e+01
7.090446472167968750e+01
3.394057083129882812e+01
5.691117858886718750e+01
4.216927719116210938e+01
4.251600646972656250e+01
4.426292800903320312e+01
5.445111846923828125e+01
3.611207580566406250e+01
4.237180328369140625e+01
4.246958923339843750e+01
5.026655578613281250e+01
3.000000000000000000e+01
3.805301666259765625e+01
3.749805068969726562e+01
3.606305694580078125e+01
3.536816024780273438e+01
3.973625564575195312e+01
3.542422866821289062e+01
5.740793609619140625e+01
4.480815124511718750e+01
9.264288330078125000e+01
4.165863418579101562e+01
3.131116104125976562e+01
3.680271530151367188e+01
8.967802429199218750e+01
3.198317718505859375e+01
4.278680419921875000e+01
8.397667694091796875e+01
5.059674835205078125e+01
4.558368682861328125e+01
3.825918960571289062e+01
4.422496032714843750e+01
9.101220703125000000e+01
7.545442199707031250e+01
5.815058135986328125e+01
7.803277587890625000e+01
3.000000000000000000e+01
3.000000000000000000e+01
3.841010284423828125e+01
4.044612121582031250e+01
5.500794982910156250e+01
7.202342224121093750e+01
3.505529403686523438e+01
3.529922866821289062e+01
6.247113037109375000e+01
3.623564147949218750e+01
5.304493713378906250e+01
5.598007202148437500e+01
4.539010620117187500e+01
3.139278221130371094e+01
3.495721435546875000e+01
5.053379821777343750e+01
4.166410064697265625e+01
4.492103958129882812e+01
8.271351623535156250e+01
4.447165679931640625e+01
4.060297012329101562e+01
7.947978210449218750e+01
5.580715942382812500e+01
3.772788619995117188e+01
3.778414154052734375e+01
3.900238037109375000e+01
5.144373321533203125e+01
4.090663909912109375e+01
4.010440826416015625e+01
3.175232696533203125e+01
6.011442184448242188e+01
6.360053253173828125e+01
5.352015304565429688e+01
3.818667984008789062e+01
4.552646636962890625e+01
3.938487625122070312e+01
4.225640106201171875e+01
6.459510803222656250e+01
3.929166030883789062e+01
5.286143875122070312e+01
3.910169982910156250e+01
3.437541961669921875e+01
3.000000000000000000e+01
3.101377677917480469e+01
5.543460845947265625e+01
4.512657165527343750e+01
5.739063644409179688e+01
5.258263397216796875e+01
4.048731994628906250e+01
3.934790802001953125e+01
5.070283508300781250e+01
3.308216094970703125e+01
7.628038024902343750e+01
4.221810913085937500e+01
4.702046203613281250e+01
4.102505493164062500e+01
7.630772399902343750e+01
4.545754623413085938e+01
3.504810333251953125e+01
3.000000000000000000e+01
3.811611175537109375e+01
6.350712585449218750e+01
4.383785247802734375e+01
4.197114944458007812e+01
3.000000000000000000e+01
3.140449714660644531e+01
3.000000000000000000e+01
3.631416320800781250e+01
4.267617416381835938e+01
3.879707336425781250e+01
5.269402694702148438e+01
4.178257751464843750e+01
7.387196350097656250e+01
4.651583099365234375e+01
4.786862182617187500e+01
3.943600463867187500e+01
3.119423294067382812e+01
5.147847366333007812e+01
3.000000000000000000e+01
3.695511245727539062e+01
4.549036407470703125e+01
4.749901580810546875e+01
3.335548019409179688e+01
3.509861755371093750e+01
3.275078964233398438e+01
4.424074554443359375e+01
4.118094635009765625e+01
4.483481979370117188e+01
