5.024992370605468750e+01
6.651155090332031250e+01
3.853649520874023438e+01
3.995622253417968750e+01
6.636767578125000000e+01
7.493484497070312500e+01
3.000000000000000000e+01
6.200099563598632812e+01
6.282011413574218750e+01
1.265400848388671875e+02
4.795780181884765625e+01
1.611808166503906250e+02
4.804172897338867188e+01
4.420997619628906250e+01
3.000000000000000000e+01
8.047174835205078125e+01
6.702581787109375000e+01
3.936464691162109375e+01
4.414870834350585938e+01
1.434678649902343750e+02
4.043240356445312500e+01
8.889241027832031250e+01
4.097000885009765625e+01
3.903327178955078125e+01
5.753098297119140625e+01
7.475422668457031250e+01
3.000000000000000000e+01
6.482170867919921875e+01
1.889685974121093750e+02
5.880617904663085938e+01
6.210933685302734375e+01
4.970809936523437500e+01
4.144230651855468750e+01
1.130912704467773438e+02
6.673656463623046875e+01
6.332456970214843750e+01
6.881900024414062500e+01
5.756954193115234375e+01
4.451322555541992188e+01
3.353123474121093750e+01
4.499673080444335938e+01
3.524083709716796875e+01
4.698255920410156250e+01
5.113426971435546875e+01
3.282985305786132812e+01
5.421648406982421875e+01
3.000000000000000000e+01
6.299642181396484375e+01
1.303208007812500000e+02
4.865707397460937500e+01
3.980651855468750000e+01
3.207649993896484375e+01
5.943232727050781250e+01
5.188106536865234375e+01
1.032045898437500000e+02
4.289976501464843750e+01
7.801145935058593750e+01
4.871644592285156250e+01
6.236487960815429688e+01
6.812030029296875000e+01
5.293976974487304688e+01
7.686054992675781250e+01
4.211415100097656250e+01
8.305307006835937500e+01
8.679275512695312500e+01
5.795014953613281250e+01
4.219582748413085938e+01
3.000000000000000000e+01
4.811173248291015625e+01
4.745871734619140625e+01
6.887339019775390625e+01
3.731810760498046875e+01
9.773379516601562500e+01
3.498013305664062500e+01
6.569107818603515625e+01
5.352086639404296875e+01
4.686341857910156250e+01
4.371739196777343750e+01
4.233361434936523438e+01
6.232370376586914062e+01
3.661136627197265625e+01
6.702581787109375000e+01
5.207666015625000000e+01
1.046226348876953125e+02
1.032143402099609375e+02
4.193852233886718750e+01
4.078284072875976562e+01
5.035212326049804688e+01
4.804172897338867188e+01
5.865912246704101562e+01
4.828937530517578125e+01
5.574332809448242188e+01
5.971683502197265625e+01
5.247052383422851562e+01
9.550334167480468750e+01
9.260475921630859375e+01
6.586770629882812500e+01
3.802387237548828125e+01
9.484921264648437500e+01
4.979494094848632812e+01
9.444084930419921875e+01
5.898524475097656250e+01
1.464536285400390625e+02
3.000000000000000000e+01
4.781819152832031250e+01
8.065456390380859375e+01
3.000000000000000000e+01
6.184487915039062500e+01
4.780834960937500000e+01
3.000000000000000000e+01
4.319982910156250000e+01
3.000000000000000000e+01
7.040549468994140625e+01
1.113712615966796875e+02
4.069169235229492188e+01
3.974851226806640625e+01
9.571984100341796875e+01
4.677789306640625000e+01
7.455657958984375000e+01
5.006237030029296875e+01
4.758466720581054688e+01
5.673122406005859375e+01
6.555888366699218750e+01
4.729065704345703125e+01
4.068666839599609375e+01
5.203495407104492188e+01
6.521903228759765625e+01
6.349223327636718750e+01
4.645968627929687500e+01
4.912229919433593750e+01
5.255514907836914062e+01
1.178444213867187500e+02
5.746900558471679688e+01
3.000000000000000000e+01
6.601123809814453125e+01
5.136254119873046875e+01
1.208552551269531250e+02
4.957975387573242188e+01
3.609030151367187500e+01
8.020353698730468750e+01
4.475976562500000000e+01
1.020102691650390625e+02
7.361593627929687500e+01
5.043183898925781250e+01
6.208794784545898438e+01
4.512662887573242188e+01
9.242913818359375000e+01
1.058758697509765625e+02
5.554467773437500000e+01
1.207587585449218750e+02
4.882412338256835938e+01
7.404725646972656250e+01
5.280876541137695312e+01
6.539818572998046875e+01
6.290423202514648438e+01
1.245422363281250000e+02
3.000000000000000000e+01
1.293663635253906250e+02
4.007306671142578125e+01
6.051669311523437500e+01
4.179283142089843750e+01
5.493697738647460938e+01
5.455001068115234375e+01
4.060522842407226562e+01
7.507176208496093750e+01
4.130899810791015625e+01
6.255112075805664062e+01
4.799833297729492188e+01
3.939051437377929688e+01
1.563339538574218750e+02
3.872438049316406250e+01
4.672366333007812500e+01
3.000000000000000000e+01
3.000000000000000000e+01
5.069939422607421875e+01
5.575302886962890625e+01
4.277008819580078125e+01
4.566408538818359375e+01
7.307408905029296875e+01
5.464090347290039062e+01
7.718688964843750000e+01
6.682219696044921875e+01
6.044217681884765625e+01
6.967496490478515625e+01
4.194841766357421875e+01
3.498553848266601562e+01
4.470444488525390625e+01
7.731768798828125000e+01
5.416634368896484375e+01
4.861132049560546875e+01
4.701566696166992188e+01
6.155279541015625000e+01
5.805461883544921875e+01
4.378945541381835938e+01
4.461996841430664062e+01
3.169388961791992188e+01
4.189561080932617188e+01
8.119303894042968750e+01
1.476426239013671875e+02
7.884785461425781250e+01
6.951298522949218750e+01
1.115721817016601562e+02
7.926414489746093750e+01
3.000000000000000000e+01
4.926740264892578125e+01
4.249147033691406250e+01
6.764764404296875000e+01
6.646673583984375000e+01
1.343957824707031250e+02
3.545200729370117188e+01
4.392235565185546875e+01
9.963465118408203125e+01
4.139696502685546875e+01
4.108652877807617188e+01
3.938166427612304688e+01
3.763975524902343750e+01
5.486292266845703125e+01
5.534881973266601562e+01
4.339749908447265625e+01
4.582840347290039062e+01
3.686895751953125000e+01
6.962294006347656250e+01
1.035873947143554688e+02
4.425881958007812500e+01
4.509605026245117188e+01
3.284295654296875000e+01
6.350254058837890625e+01
1.059534912109375000e+02
6.772692871093750000e+01
1.176222839355468750e+02
3.908462524414062500e+01
4.111827468872070312e+01
5.905549621582031250e+01
3.247985458374023438e+01
4.333563613891601562e+01
5.503555297851562500e+01
3.611565017700195312e+01
4.242119216918945312e+01
7.313774108886718750e+01
5.558559799194335938e+01
4.372319412231445312e+01
1.235609130859375000e+02
9.328028869628906250e+01
5.107126617431640625e+01
7.699803161621093750e+01
3.903902816772460938e+01
4.623608398437500000e+01
1.334078216552734375e+02
1.897777862548828125e+02
5.093820953369140625e+01
5.617515182495117188e+01
4.217851257324218750e+01
5.031068801879882812e+01
9.911878967285156250e+01
4.642169570922851562e+01
6.891404724121093750e+01
4.708731079101562500e+01
4.135715484619140625e+01
4.751805114746093750e+01
1.809610137939453125e+02
6.204468536376953125e+01
5.172070693969726562e+01
5.938682937622070312e+01
4.420818328857421875e+01
1.325582733154296875e+02
5.581699752807617188e+01
1.557912597656250000e+02
7.941017913818359375e+01
7.819969177246093750e+01
6.677774810791015625e+01
6.002418899536132812e+01
4.777457046508789062e+01
5.107126998901367188e+01
6.722039794921875000e+01
1.490046997070312500e+02
3.816062164306640625e+01
6.951191711425781250e+01
8.448034667968750000e+01
9.196730041503906250e+01
9.909639739990234375e+01
8.811369323730468750e+01
6.992169189453125000e+01
6.461175537109375000e+01
4.292189025878906250e+01
5.406857299804687500e+01
4.183477020263671875e+01
3.000000000000000000e+01
5.876567459106445312e+01
4.216551589965820312e+01
3.272937393188476562e+01
4.065856170654296875e+01
3.000000000000000000e+01
3.323130416870117188e+01
1.019455795288085938e+02
4.022266387939453125e+01
3.000033378601074219e+01
5.425541305541992188e+01
7.166974639892578125e+01
4.720688629150390625e+01
6.152266311645507812e+01
5.225251007080078125e+01
3.215350341796875000e+01
4.018776321411132812e+01
7.703821563720703125e+01
7.396879577636718750e+01
3.992910766601562500e+01
8.008113098144531250e+01
9.195188903808593750e+01
6.757431793212890625e+01
1.252645721435546875e+02
1.631094512939453125e+02
3.000000000000000000e+01
9.669945526123046875e+01
1.068252792358398438e+02
8.797309875488281250e+01
4.311578750610351562e+01
3.798399353027343750e+01
1.405874023437500000e+02
6.330796813964843750e+01
9.484920501708984375e+01
5.190646362304687500e+01
4.700448608398437500e+01
3.891739273071289062e+01
4.936747741699218750e+01
3.390874099731445312e+01
4.692498397827148438e+01
4.158269500732421875e+01
3.666962814331054688e+01
9.773379516601562500e+01
3.571259307861328125e+01
7.793437194824218750e+01
5.138121032714843750e+01
6.256380844116210938e+01
4.435821533203125000e+01
4.608925247192382812e+01
4.880443954467773438e+01
8.860127258300781250e+01
4.671723175048828125e+01
3.235694122314453125e+01
3.528031158447265625e+01
5.183477783203125000e+01
8.525766754150390625e+01
4.155345153808593750e+01
6.757432556152343750e+01
4.718328857421875000e+01
5.650360870361328125e+01
1.552386932373046875e+02
3.096502304077148438e+01
3.663486862182617188e+01
1.019480590820312500e+02
1.750968017578125000e+02
1.781281433105468750e+02
4.928800964355468750e+01
7.686054992675781250e+01
3.291981124877929688e+01
9.543867492675781250e+01
5.863114166259765625e+01
3.679431915283203125e+01
1.369325256347656250e+02
5.249174499511718750e+01
6.179650115966796875e+01
1.565708618164062500e+02
6.250163269042968750e+01
7.284754943847656250e+01
8.913789367675781250e+01
3.000000000000000000e+01
7.925799560546875000e+01
1.372019042968750000e+02
3.386452484130859375e+01
5.848610687255859375e+01
6.058625030517578125e+01
4.614168167114257812e+01
9.894509124755859375e+01
1.439555969238281250e+02
7.255932617187500000e+01
1.214850006103515625e+02
8.000569152832031250e+01
5.880617523193359375e+01
8.781508636474609375e+01
7.364921569824218750e+01
3.000000000000000000e+01
3.000000000000000000e+01
3.000000000000000000e+01
4.548272323608398438e+01
6.153901672363281250e+01
9.328028869628906250e+01
4.532588195800781250e+01
4.112393951416015625e+01
4.952429199218750000e+01
2.751286621093750000e+02
5.449140167236328125e+01
4.085810852050781250e+01
3.160466766357421875e+01
3.000000000000000000e+01
4.805379104614257812e+01
6.686842346191406250e+01
7.942549133300781250e+01
1.025453262329101562e+02
6.646414947509765625e+01
4.521424484252929688e+01
5.612941360473632812e+01
4.300129699707031250e+01
1.426757354736328125e+02
4.572736358642578125e+01
3.849267578125000000e+01
6.342931365966796875e+01
4.351126861572265625e+01
6.282988739013671875e+01
5.966915893554687500e+01
1.473548278808593750e+02
8.351854705810546875e+01
1.001512985229492188e+02
5.978768920898437500e+01
4.325510406494140625e+01
7.465902709960937500e+01
3.000000000000000000e+01
7.662184143066406250e+01
7.988124847412109375e+01
3.000000000000000000e+01
3.549014663696289062e+01
9.570991516113281250e+01
4.157183456420898438e+01
4.047174453735351562e+01
1.374574279785156250e+02
7.337394714355468750e+01
5.903285217285156250e+01
7.510011291503906250e+01
4.613768005371093750e+01
6.180362319946289062e+01
8.271994018554687500e+01
5.905176925659179688e+01
7.793436431884765625e+01
2.088903961181640625e+02
4.936747741699218750e+01
1.223266906738281250e+02
4.567049789428710938e+01
5.434798812866210938e+01
8.445524597167968750e+01
6.482170867919921875e+01
6.161251831054687500e+01
7.154522705078125000e+01
3.000000000000000000e+01
6.302207565307617188e+01
4.919826507568359375e+01
6.589581298828125000e+01
4.151492691040039062e+01
5.117128753662109375e+01
6.369403457641601562e+01
1.609879150390625000e+02
8.610456085205078125e+01
5.684269332885742188e+01
5.280876541137695312e+01
4.626045227050781250e+01
5.439070510864257812e+01
6.467540740966796875e+01
3.084284973144531250e+01
1.053943176269531250e+02
1.053599624633789062e+02
3.715501403808593750e+01
9.830998229980468750e+01
9.012194824218750000e+01
5.492058181762695312e+01
4.686938476562500000e+01
4.303934478759765625e+01
4.740488815307617188e+01
1.998619079589843750e+02
4.115534210205078125e+01
5.475711822509765625e+01
5.130067443847656250e+01
4.325894165039062500e+01
1.116987915039062500e+02
4.527185058593750000e+01
5.020732879638671875e+01
1.520038757324218750e+02
7.396879577636718750e+01
8.898954772949218750e+01
6.437657928466796875e+01
6.216164398193359375e+01
4.313127899169921875e+01
9.709811401367187500e+01
8.963588714599609375e+01
6.306633758544921875e+01
6.574568176269531250e+01
3.157173919677734375e+01
7.966517639160156250e+01
9.447987365722656250e+01
4.792136764526367188e+01
4.108652877807617188e+01
6.991422271728515625e+01
1.094893417358398438e+02
7.329104614257812500e+01
5.690058517456054688e+01
4.906732940673828125e+01
3.000000000000000000e+01
3.950424957275390625e+01
3.000000000000000000e+01
4.188480758666992188e+01
4.011798477172851562e+01
3.000000000000000000e+01
5.337604141235351562e+01
5.509378051757812500e+01
4.646973419189453125e+01
7.660534667968750000e+01
6.139451217651367188e+01
4.041132354736328125e+01
4.071261978149414062e+01
5.531396484375000000e+01
5.583063125610351562e+01
3.000000000000000000e+01
3.592397308349609375e+01
5.886944580078125000e+01
3.535113525390625000e+01
6.055650329589843750e+01
3.000000000000000000e+01
5.561516952514648438e+01
3.088978958129882812e+01
3.000000000000000000e+01
1.113771667480468750e+02
5.104926681518554688e+01
3.758811569213867188e+01
6.786367797851562500e+01
3.849267578125000000e+01
7.321182250976562500e+01
3.759384536743164062e+01
4.873851013183593750e+01
1.222205200195312500e+02
4.484624481201171875e+01
1.182720260620117188e+02
1.117070388793945312e+02
3.792396163940429688e+01
3.674202346801757812e+01
9.991548156738281250e+01
3.738790893554687500e+01
5.974335098266601562e+01
5.938682556152343750e+01
1.965401000976562500e+02
4.496957397460937500e+01
5.182705307006835938e+01
5.852794265747070312e+01
3.525372695922851562e+01
4.749472808837890625e+01
1.087518157958984375e+02
4.429005050659179688e+01
7.576542663574218750e+01
5.398480987548828125e+01
4.243190765380859375e+01
3.000220489501953125e+01
5.360739135742187500e+01
4.949821090698242188e+01
4.226648712158203125e+01
4.048682403564453125e+01
3.936389541625976562e+01
4.128201293945312500e+01
5.330762481689453125e+01
5.216112136840820312e+01
4.074069976806640625e+01
5.689292526245117188e+01
6.184487915039062500e+01
7.937595367431640625e+01
1.343957824707031250e+02
6.628814697265625000e+01
1.070793380737304688e+02
8.326373291015625000e+01
1.246677856445312500e+02
4.200469207763671875e+01
6.145906448364257812e+01
3.000000000000000000e+01
3.350535202026367188e+01
7.324713134765625000e+01
7.849240112304687500e+01
8.482774353027343750e+01
6.863082885742187500e+01
4.069169235229492188e+01
3.841874694824218750e+01
6.858654022216796875e+01
8.914374542236328125e+01
4.708927536010742188e+01
5.329565048217773438e+01
4.100798797607421875e+01
3.730526733398437500e+01
9.920906066894531250e+01
4.828937530517578125e+01
4.357180786132812500e+01
4.479345703125000000e+01
4.744617080688476562e+01
7.316678619384765625e+01
9.210948944091796875e+01
4.724536895751953125e+01
3.550518798828125000e+01
3.880332946777343750e+01
1.025453186035156250e+02
6.002751159667968750e+01
3.930066680908203125e+01
6.405661010742187500e+01
5.714435958862304688e+01
4.657064056396484375e+01
5.629809951782226562e+01
5.022853088378906250e+01
6.883058166503906250e+01
4.322018432617187500e+01
6.067957305908203125e+01
7.572747802734375000e+01
8.656059265136718750e+01
7.227265930175781250e+01
4.767122650146484375e+01
3.742235946655273438e+01
6.635449981689453125e+01
7.248358154296875000e+01
5.113361740112304688e+01
6.177484512329101562e+01
5.229109191894531250e+01
4.290061187744140625e+01
6.768458557128906250e+01
5.351743316650390625e+01
3.000000000000000000e+01
5.081719589233398438e+01
7.098079681396484375e+01
6.369403457641601562e+01
5.260492324829101562e+01
6.309378051757812500e+01
3.809158706665039062e+01
7.442266845703125000e+01
1.169447479248046875e+02
7.296484375000000000e+01
4.316698455810546875e+01
1.246677856445312500e+02
4.928800964355468750e+01
7.175433349609375000e+01
1.094893417358398438e+02
3.465799713134765625e+01
3.406607818603515625e+01
6.400125122070312500e+01
3.000000000000000000e+01
4.454954528808593750e+01
2.359683837890625000e+02
5.137321853637695312e+01
3.000000000000000000e+01
3.483319473266601562e+01
1.298460083007812500e+02
6.586470031738281250e+01
5.220233535766601562e+01
1.146390838623046875e+02
4.940614318847656250e+01
1.358406372070312500e+02
7.792617034912109375e+01
9.328340148925781250e+01
3.154274368286132812e+01
3.413043212890625000e+01
7.787258911132812500e+01
8.421553039550781250e+01
6.773024749755859375e+01
4.671723175048828125e+01
4.479936218261718750e+01
3.000000000000000000e+01
4.678769683837890625e+01
6.072186660766601562e+01
5.904197692871093750e+01
3.979290008544921875e+01
7.455783081054687500e+01
8.164599609375000000e+01
4.309250640869140625e+01
3.588307571411132812e+01
5.047042846679687500e+01
3.000000000000000000e+01
4.789855575561523438e+01
1.197693252563476562e+02
5.384884262084960938e+01
8.425138092041015625e+01
4.823056793212890625e+01
3.891097259521484375e+01
3.370618820190429688e+01
1.020102691650390625e+02
6.438919830322265625e+01
7.182601928710937500e+01
1.002845001220703125e+02
5.205023193359375000e+01
4.507677459716796875e+01
4.518681716918945312e+01
4.515599060058593750e+01
5.790148544311523438e+01
6.180426406860351562e+01
1.998619079589843750e+02
4.755294418334960938e+01
6.023105239868164062e+01
5.749826049804687500e+01
6.539456176757812500e+01
4.773298645019531250e+01
5.055116653442382812e+01
5.175783157348632812e+01
6.769574737548828125e+01
9.685735321044921875e+01
3.015378570556640625e+01
4.094068145751953125e+01
5.675341796875000000e+01
1.117988586425781250e+02
5.287089538574218750e+01
1.182720260620117188e+02
3.474338150024414062e+01
3.663645553588867188e+01
3.906808471679687500e+01
8.269998931884765625e+01
1.755891723632812500e+02
6.493661499023437500e+01
6.406260681152343750e+01
6.613121032714843750e+01
3.360972976684570312e+01
5.376597976684570312e+01
9.439942169189453125e+01
3.082600212097167969e+01
3.878618240356445312e+01
6.427836608886718750e+01
7.321695709228515625e+01
5.269212341308593750e+01
9.457093811035156250e+01
4.413296508789062500e+01
4.972251129150390625e+01
6.330796813964843750e+01
8.636230468750000000e+01
5.536879730224609375e+01
4.946382904052734375e+01
4.739233016967773438e+01
3.214231491088867188e+01
3.000000000000000000e+01
4.572736358642578125e+01
3.588757705688476562e+01
5.753563690185546875e+01
7.337394714355468750e+01
4.666022109985351562e+01
3.000000000000000000e+01
4.489727401733398438e+01
4.085810852050781250e+01
3.663879394531250000e+01
1.233091125488281250e+02
3.000000000000000000e+01
7.042404174804687500e+01
1.031060409545898438e+02
4.808459472656250000e+01
3.000000000000000000e+01
3.000000000000000000e+01
6.051669311523437500e+01
6.255476379394531250e+01
5.675709915161132812e+01
6.416889953613281250e+01
4.299542999267578125e+01
6.754090881347656250e+01
5.850283813476562500e+01
4.206102371215820312e+01
6.552468109130859375e+01
3.943043518066406250e+01
4.313127899169921875e+01
5.286997222900390625e+01
3.386835479736328125e+01
4.083194732666015625e+01
5.129266357421875000e+01
6.670655059814453125e+01
5.047268295288085938e+01
4.720688629150390625e+01
5.089216613769531250e+01
4.859266662597656250e+01
6.283721923828125000e+01
7.880940246582031250e+01
5.473928070068359375e+01
8.605851745605468750e+01
4.447620773315429688e+01
5.558559799194335938e+01
4.440826797485351562e+01
6.112805938720703125e+01
7.765980529785156250e+01
5.871346282958984375e+01
8.235890197753906250e+01
4.196978759765625000e+01
8.594260406494140625e+01
4.895885086059570312e+01
5.146058654785156250e+01
9.068116760253906250e+01
1.434678649902343750e+02
1.156155395507812500e+02
4.210049438476562500e+01
3.655723953247070312e+01
5.000418472290039062e+01
5.442938995361328125e+01
8.610456085205078125e+01
7.638392639160156250e+01
6.684281921386718750e+01
1.031360778808593750e+02
5.047043228149414062e+01
4.191448211669921875e+01
4.352879714965820312e+01
6.090125274658203125e+01
5.455249023437500000e+01
3.824121856689453125e+01
4.465776824951171875e+01
8.903984069824218750e+01
6.419191741943359375e+01
5.030855560302734375e+01
8.653353118896484375e+01
3.937104415893554688e+01
4.916100311279296875e+01
4.745871734619140625e+01
5.371539306640625000e+01
6.508005523681640625e+01
4.946382904052734375e+01
2.074905395507812500e+02
5.865331268310546875e+01
4.585865402221679688e+01
3.944396972656250000e+01
4.899927902221679688e+01
1.268623657226562500e+02
4.257051086425781250e+01
4.581555175781250000e+01
6.279398727416992188e+01
3.979290008544921875e+01
7.324063110351562500e+01
5.455791091918945312e+01
5.913484573364257812e+01
5.276076126098632812e+01
5.265507125854492188e+01
4.151098251342773438e+01
4.305817413330078125e+01
5.331467437744140625e+01
5.618642425537109375e+01
1.979482727050781250e+02
4.282698059082031250e+01
5.172669982910156250e+01
6.498034667968750000e+01
4.577047729492187500e+01
4.082003402709960938e+01
3.474145889282226562e+01
4.720139312744140625e+01
5.109015655517578125e+01
3.874404144287109375e+01
5.573060607910156250e+01
6.322735214233398438e+01
3.813056564331054688e+01
4.605764389038085938e+01
4.861708068847656250e+01
3.792396545410156250e+01
4.042174911499023438e+01
3.485140991210937500e+01
5.665791702270507812e+01
7.272769165039062500e+01
3.000000000000000000e+01
4.200680541992187500e+01
5.425541305541992188e+01
7.265258789062500000e+01
6.088642120361328125e+01
9.761117553710937500e+01
3.000000000000000000e+01
6.306633758544921875e+01
8.172430419921875000e+01
4.336973571777343750e+01
9.068116760253906250e+01
3.570915603637695312e+01
4.477667236328125000e+01
4.006578826904296875e+01
4.381822204589843750e+01
1.435924072265625000e+02
4.584668731689453125e+01
3.000000000000000000e+01
6.986855316162109375e+01
5.088220596313476562e+01
1.252224426269531250e+02
6.988169097900390625e+01
3.767868804931640625e+01
6.207419586181640625e+01
8.201564025878906250e+01
8.146933746337890625e+01
7.921614074707031250e+01
6.136555099487304688e+01
3.000000000000000000e+01
3.460659027099609375e+01
5.389899444580078125e+01
6.442953491210937500e+01
1.287093811035156250e+02
1.044559402465820312e+02
1.277887878417968750e+02
5.474213409423828125e+01
3.849247741699218750e+01
6.148772430419921875e+01
3.801888275146484375e+01
5.268343353271484375e+01
3.000000000000000000e+01
3.000000000000000000e+01
6.173415374755859375e+01
1.189944534301757812e+02
5.426972198486328125e+01
3.027783584594726562e+01
5.906272125244140625e+01
7.111711120605468750e+01
4.434701538085937500e+01
5.196333694458007812e+01
6.180426406860351562e+01
4.208380508422851562e+01
6.792034912109375000e+01
5.376598358154296875e+01
5.785388946533203125e+01
6.194789886474609375e+01
3.518843460083007812e+01
4.153409576416015625e+01
5.715187835693359375e+01
3.966787338256835938e+01
7.168339538574218750e+01
7.490769195556640625e+01
4.591106033325195312e+01
7.699803161621093750e+01
5.036822891235351562e+01
3.985195159912109375e+01
5.660618591308593750e+01
3.614968872070312500e+01
3.769860076904296875e+01
3.328236007690429688e+01
3.379896926879882812e+01
3.569693756103515625e+01
7.762062072753906250e+01
4.521424484252929688e+01
3.772726821899414062e+01
1.609879150390625000e+02
7.101864624023437500e+01
4.118993377685546875e+01
6.504020690917968750e+01
7.041899108886718750e+01
4.646973419189453125e+01
6.558024597167968750e+01
1.125570220947265625e+02
5.217076110839843750e+01
8.620077514648437500e+01
4.233361434936523438e+01
3.223978805541992188e+01
5.865912246704101562e+01
4.046883392333984375e+01
5.260430908203125000e+01
4.484438705444335938e+01
4.859229278564453125e+01
4.249641036987304688e+01
4.267781066894531250e+01
5.249174499511718750e+01
3.659453201293945312e+01
3.917350387573242188e+01
7.897181701660156250e+01
9.160561370849609375e+01
6.406686401367187500e+01
1.007419891357421875e+02
4.966756439208984375e+01
3.212860870361328125e+01
9.130416870117187500e+01
8.530780029296875000e+01
3.843909454345703125e+01
6.121865844726562500e+01
3.629718017578125000e+01
4.816687774658203125e+01
3.000000000000000000e+01
9.656090545654296875e+01
4.045034790039062500e+01
4.769406509399414062e+01
6.437657165527343750e+01
5.744217681884765625e+01
5.702350997924804688e+01
3.271156692504882812e+01
6.124061584472656250e+01
5.824995040893554688e+01
5.006237030029296875e+01
8.402362823486328125e+01
6.601808166503906250e+01
4.613924026489257812e+01
5.304946899414062500e+01
3.827479553222656250e+01
5.599951171875000000e+01
6.521903228759765625e+01
8.284068298339843750e+01
5.913484573364257812e+01
4.688519668579101562e+01
6.949610137939453125e+01
6.124061203002929688e+01
4.243558502197265625e+01
4.587571716308593750e+01
4.651250839233398438e+01
4.145597839355468750e+01
6.051150512695312500e+01
6.381034088134765625e+01
3.935671615600585938e+01
6.204468536376953125e+01
4.314236450195312500e+01
4.966399383544921875e+01
3.217275619506835938e+01
5.916309356689453125e+01
4.661145019531250000e+01
5.133479690551757812e+01
6.933090209960937500e+01
3.409272003173828125e+01
5.683226013183593750e+01
3.625035095214843750e+01
7.536209869384765625e+01
5.852373123168945312e+01
5.559972000122070312e+01
4.606239700317382812e+01
3.952029418945312500e+01
7.994638061523437500e+01
8.725234985351562500e+01
3.751064300537109375e+01
4.298307418823242188e+01
5.874367523193359375e+01
5.967812728881835938e+01
6.951298522949218750e+01
3.188342094421386719e+01
7.634243774414062500e+01
4.619557189941406250e+01
3.118118667602539062e+01
4.296855163574218750e+01
4.700637817382812500e+01
6.516790771484375000e+01
3.000000000000000000e+01
8.445524597167968750e+01
5.563137817382812500e+01
4.392235565185546875e+01
3.680098724365234375e+01
5.033800888061523438e+01
3.443477630615234375e+01
4.875214385986328125e+01
3.655723953247070312e+01
3.959931564331054688e+01
3.156435585021972656e+01
4.567602920532226562e+01
6.387512969970703125e+01
5.756953811645507812e+01
6.891973114013671875e+01
5.498847579956054688e+01
4.962799835205078125e+01
4.406162261962890625e+01
3.000000000000000000e+01
3.000000000000000000e+01
5.033800888061523438e+01
8.235890197753906250e+01
5.526049804687500000e+01
5.024253082275390625e+01
3.964187622070312500e+01
6.106774139404296875e+01
6.418743896484375000e+01
8.191027069091796875e+01
4.381065368652343750e+01
3.361260604858398438e+01
7.427641296386718750e+01
3.267651748657226562e+01
6.361148834228515625e+01
3.000000000000000000e+01
4.914171600341796875e+01
3.000000000000000000e+01
3.091119003295898438e+01
3.976871490478515625e+01
4.851348114013671875e+01
7.374031066894531250e+01
4.364712142944335938e+01
8.284068298339843750e+01
5.324529266357421875e+01
3.827479553222656250e+01
3.960031890869140625e+01
3.494604492187500000e+01
3.426702499389648438e+01
4.519818115234375000e+01
6.553148651123046875e+01
7.942549133300781250e+01
4.873851013183593750e+01
4.263741302490234375e+01
4.100778198242187500e+01
7.878604125976562500e+01
5.735588836669921875e+01
4.606074523925781250e+01
3.934664535522460938e+01
3.000000000000000000e+01
3.681001281738281250e+01
3.386835479736328125e+01
5.117787933349609375e+01
5.207643508911132812e+01
4.239592361450195312e+01
3.768938064575195312e+01
3.870346069335937500e+01
3.230499267578125000e+01
4.703322982788085938e+01
3.487947845458984375e+01
7.001569366455078125e+01
4.249801635742187500e+01
8.020353698730468750e+01
5.324529647827148438e+01
6.521262359619140625e+01
3.000000000000000000e+01
3.097070693969726562e+01
6.213001251220703125e+01
3.000000000000000000e+01
5.326578521728515625e+01
7.783782958984375000e+01
3.875442886352539062e+01
5.334012985229492188e+01
4.350938796997070312e+01
3.674202346801757812e+01
5.504420089721679688e+01
6.646414947509765625e+01
3.000000000000000000e+01
3.992020416259765625e+01
7.606689453125000000e+01
4.362408447265625000e+01
8.201564025878906250e+01
8.370234680175781250e+01
3.273676300048828125e+01
6.786296081542968750e+01
3.981540298461914062e+01
6.161251831054687500e+01
3.817877960205078125e+01
4.790057373046875000e+01
5.503554916381835938e+01
5.966915893554687500e+01
4.655046463012695312e+01
6.069543075561523438e+01
7.763192749023437500e+01
3.491535568237304688e+01
7.664483642578125000e+01
4.174731826782226562e+01
3.000000000000000000e+01
3.835284423828125000e+01
5.113402557373046875e+01
3.019814109802246094e+01
6.381380462646484375e+01
5.166458129882812500e+01
5.172669982910156250e+01
3.757811737060546875e+01
5.398598480224609375e+01
5.109059143066406250e+01
4.150096511840820312e+01
8.073186492919921875e+01
3.007198333740234375e+01
3.740058135986328125e+01
6.543634033203125000e+01
4.616615676879882812e+01
4.885732269287109375e+01
4.441799163818359375e+01
4.606239700317382812e+01
3.350582504272460938e+01
3.505260848999023438e+01
4.363118743896484375e+01
5.375182342529296875e+01
3.000000000000000000e+01
4.743999099731445312e+01
5.675341796875000000e+01
4.297899627685546875e+01
4.226648712158203125e+01
4.527680206298828125e+01
8.384158325195312500e+01
4.536609649658203125e+01
6.454280853271484375e+01
1.224411239624023438e+02
4.879355621337890625e+01
4.672366333007812500e+01
4.745576477050781250e+01
4.352177429199218750e+01
4.706665039062500000e+01
3.966469573974609375e+01
6.063307571411132812e+01
1.002845001220703125e+02
6.123292541503906250e+01
4.007480621337890625e+01
4.914873123168945312e+01
6.457595825195312500e+01
3.455739974975585938e+01
4.749472808837890625e+01
5.371539306640625000e+01
4.972388458251953125e+01
3.000000000000000000e+01
5.752248764038085938e+01
3.805683898925781250e+01
6.039713287353515625e+01
6.768458557128906250e+01
4.193864440917968750e+01
4.991028213500976562e+01
4.027086639404296875e+01
3.284001541137695312e+01
6.557896423339843750e+01
4.660326385498046875e+01
4.274190521240234375e+01
5.287089538574218750e+01
3.979018402099609375e+01
4.159144973754882812e+01
4.773298645019531250e+01
4.829315567016601562e+01
3.000000000000000000e+01
7.419596099853515625e+01
3.900976181030273438e+01
5.030169296264648438e+01
4.002094650268554688e+01
5.425092315673828125e+01
4.539172363281250000e+01
5.307616043090820312e+01
5.019954681396484375e+01
4.131493377685546875e+01
4.647285461425781250e+01
5.222159576416015625e+01
5.439767456054687500e+01
4.200469207763671875e+01
4.186630249023437500e+01
5.409999084472656250e+01
5.006163787841796875e+01
4.502513885498046875e+01
6.866130065917968750e+01
3.828078460693359375e+01
7.456647491455078125e+01
4.297738647460937500e+01
9.561073303222656250e+01
9.565577697753906250e+01
4.794847869873046875e+01
4.785556793212890625e+01
3.227296829223632812e+01
7.505781555175781250e+01
3.888968658447265625e+01
3.843604660034179688e+01
8.538713836669921875e+01
4.581966400146484375e+01
3.741323089599609375e+01
4.786495208740234375e+01
9.844905090332031250e+01
3.445020294189453125e+01
5.220243072509765625e+01
3.000000000000000000e+01
5.152198028564453125e+01
4.153231048583984375e+01
3.681175994873046875e+01
5.684393310546875000e+01
7.833483123779296875e+01
4.988544464111328125e+01
4.164803314208984375e+01
3.176685523986816406e+01
4.988815689086914062e+01
3.974073791503906250e+01
4.135500335693359375e+01
5.957743072509765625e+01
9.761117553710937500e+01
5.088808441162109375e+01
7.689913940429687500e+01
7.116999053955078125e+01
7.510525512695312500e+01
5.966364288330078125e+01
3.483647918701171875e+01
3.709153747558593750e+01
5.535481643676757812e+01
4.006767654418945312e+01
4.911988449096679688e+01
3.405551147460937500e+01
3.528752899169921875e+01
3.000000000000000000e+01
3.259090805053710938e+01
3.000000000000000000e+01
4.564245223999023438e+01
7.544122314453125000e+01
4.730831909179687500e+01
3.969785308837890625e+01
4.019779205322265625e+01
3.453530883789062500e+01
4.590370941162109375e+01
4.202239990234375000e+01
7.361593627929687500e+01
4.882529830932617188e+01
4.420997619628906250e+01
3.000000000000000000e+01
7.966516876220703125e+01
5.374961853027343750e+01
3.317155075073242188e+01
7.994638061523437500e+01
3.210902404785156250e+01
9.005014038085937500e+01
4.326936721801757812e+01
3.591212463378906250e+01
5.984691238403320312e+01
4.700713729858398438e+01
3.000000000000000000e+01
3.994904708862304688e+01
5.195654678344726562e+01
4.325510406494140625e+01
4.551329421997070312e+01
3.997098541259765625e+01
4.399533843994140625e+01
3.935524749755859375e+01
7.324063110351562500e+01
6.346731567382812500e+01
9.195188903808593750e+01
4.371514892578125000e+01
4.258480834960937500e+01
5.608251953125000000e+01
3.000000000000000000e+01
5.203112411499023438e+01
5.944659423828125000e+01
5.724660491943359375e+01
5.404534149169921875e+01
4.736440277099609375e+01
3.830056762695312500e+01
3.618545913696289062e+01
3.000000000000000000e+01
7.980576324462890625e+01
3.595901489257812500e+01
3.784392547607421875e+01
3.745757293701171875e+01
4.114905548095703125e+01
4.180638504028320312e+01
3.000000000000000000e+01
5.650360870361328125e+01
4.387546539306640625e+01
3.000000000000000000e+01
6.967495727539062500e+01
6.986855316162109375e+01
3.365833663940429688e+01
5.797462463378906250e+01
4.170459747314453125e+01
4.241068267822265625e+01
4.415151214599609375e+01
5.382312011718750000e+01
3.501566314697265625e+01
4.010428619384765625e+01
4.157257843017578125e+01
4.856353378295898438e+01
3.890381622314453125e+01
4.226682281494140625e+01
4.318616485595703125e+01
3.575053024291992188e+01
3.378005981445312500e+01
3.701250457763671875e+01
3.780096054077148438e+01
5.944240188598632812e+01
4.355643844604492188e+01
9.844905090332031250e+01
4.240287399291992188e+01
3.081840324401855469e+01
3.731414794921875000e+01
7.959786987304687500e+01
3.525372695922851562e+01
4.066850662231445312e+01
7.980576324462890625e+01
4.898681259155273438e+01
5.053529357910156250e+01
4.029264831542968750e+01
5.337603759765625000e+01
8.253227233886718750e+01
8.668722534179687500e+01
5.661484527587890625e+01
7.510161590576171875e+01
3.000000000000000000e+01
3.000000000000000000e+01
5.865848159790039062e+01
4.635245895385742188e+01
5.246936798095703125e+01
6.821054077148437500e+01
4.199723052978515625e+01
3.147418785095214844e+01
5.660339355468750000e+01
3.505527114868164062e+01
5.691971588134765625e+01
6.128007888793945312e+01
4.348641967773437500e+01
3.418575286865234375e+01
4.316698455810546875e+01
3.981540298461914062e+01
3.000000000000000000e+01
4.711788940429687500e+01
8.879224395751953125e+01
4.123259735107421875e+01
3.921028900146484375e+01
8.486323547363281250e+01
5.738595199584960938e+01
3.589390945434570312e+01
3.863732147216796875e+01
3.891445922851562500e+01
4.919938278198242188e+01
3.977174377441406250e+01
3.782191467285156250e+01
3.403948211669921875e+01
5.594102478027343750e+01
6.892035675048828125e+01
4.872392654418945312e+01
3.723234176635742188e+01
4.996070861816406250e+01
3.903302764892578125e+01
4.065227890014648438e+01
5.993622589111328125e+01
4.915397262573242188e+01
4.678747558593750000e+01
3.000000000000000000e+01
3.680849838256835938e+01
3.000000000000000000e+01
3.000000000000000000e+01
5.498116302490234375e+01
4.369302749633789062e+01
6.123292541503906250e+01
6.508005523681640625e+01
4.317082214355468750e+01
4.047118377685546875e+01
5.064771270751953125e+01
3.000000000000000000e+01
7.962318420410156250e+01
4.731584930419921875e+01
4.664739227294921875e+01
3.975764465332031250e+01
7.265258789062500000e+01
4.281374740600585938e+01
3.454143524169921875e+01
3.202962875366210938e+01
3.736386108398437500e+01
6.222568511962890625e+01
4.257466506958007812e+01
4.139716339111328125e+01
3.417218780517578125e+01
3.093777275085449219e+01
3.000000000000000000e+01
3.999136352539062500e+01
4.402136230468750000e+01
4.098761749267578125e+01
4.536418914794921875e+01
5.113513183593750000e+01
7.776689147949218750e+01
4.566239929199218750e+01
5.095289230346679688e+01
7.431365966796875000e+01
3.402722167968750000e+01
5.898226928710937500e+01
3.302605819702148438e+01
3.181380844116210938e+01
4.419080352783203125e+01
4.692992401123046875e+01
3.845316696166992188e+01
3.724276733398437500e+01
4.042373657226562500e+01
3.875702667236328125e+01
3.883327865600585938e+01
4.710388946533203125e+01
