5.246004486083984375e+01
5.714110183715820312e+01
3.461737823486328125e+01
3.995079803466796875e+01
6.424143981933593750e+01
7.048922729492187500e+01
3.000000000000000000e+01
7.404771423339843750e+01
5.308835983276367188e+01
1.238816986083984375e+02
5.226919555664062500e+01
1.390531616210937500e+02
4.927131652832031250e+01
4.321211624145507812e+01
3.000000000000000000e+01
6.952055358886718750e+01
6.279429244995117188e+01
4.021092224121093750e+01
4.161055755615234375e+01
1.428523864746093750e+02
4.116211318969726562e+01
8.584803771972656250e+01
3.073715209960937500e+01
4.790934371948242188e+01
4.726540374755859375e+01
6.612864685058593750e+01
3.000000000000000000e+01
6.632411956787109375e+01
1.955268554687500000e+02
4.857791137695312500e+01
6.164559555053710938e+01
4.157928848266601562e+01
4.835538482666015625e+01
9.732206726074218750e+01
5.698372650146484375e+01
6.542088317871093750e+01
6.822457122802734375e+01
5.421059417724609375e+01
4.400387573242187500e+01
3.000000000000000000e+01
3.999493408203125000e+01
3.728356170654296875e+01
5.800933074951171875e+01
5.130764770507812500e+01
3.747588348388671875e+01
4.552073669433593750e+01
3.000000000000000000e+01
6.335162353515625000e+01
1.336090087890625000e+02
5.170660018920898438e+01
4.320042800903320312e+01
3.168519783020019531e+01
6.976141357421875000e+01
4.206965637207031250e+01
1.068920898437500000e+02
4.699327468872070312e+01
8.081295776367187500e+01
4.467375946044921875e+01
6.752291107177734375e+01
6.540254211425781250e+01
5.473817825317382812e+01
7.743699645996093750e+01
4.342188262939453125e+01
8.353184509277343750e+01
8.941323852539062500e+01
6.073067092895507812e+01
4.539281463623046875e+01
3.000000000000000000e+01
4.952912139892578125e+01
5.742004013061523438e+01
5.703470230102539062e+01
3.502458953857421875e+01
7.916361999511718750e+01
3.395362091064453125e+01
5.959766387939453125e+01
4.973592758178710938e+01
4.789661407470703125e+01
4.334690856933593750e+01
4.262834548950195312e+01
6.025604248046875000e+01
3.575939178466796875e+01
6.279429244995117188e+01
5.347324371337890625e+01
1.071037597656250000e+02
9.488927459716796875e+01
3.915030670166015625e+01
4.016902160644531250e+01
5.260252380371093750e+01
4.927131652832031250e+01
5.543408584594726562e+01
4.258547210693359375e+01
5.204003143310546875e+01
6.894967651367187500e+01
5.376942062377929688e+01
9.516167449951171875e+01
9.483718872070312500e+01
6.415216827392578125e+01
4.088458251953125000e+01
8.290396118164062500e+01
4.484778594970703125e+01
1.014893798828125000e+02
6.726625061035156250e+01
1.475276641845703125e+02
3.595487213134765625e+01
4.925553131103515625e+01
8.187229156494140625e+01
3.000000000000000000e+01
6.033670806884765625e+01
4.834976959228515625e+01
5.432080078125000000e+01
4.394501495361328125e+01
3.182649421691894531e+01
7.417347717285156250e+01
1.191660156250000000e+02
4.184908294677734375e+01
4.064821243286132812e+01
9.401555633544921875e+01
4.976216125488281250e+01
6.956257629394531250e+01
5.245729064941406250e+01
4.734768676757812500e+01
5.731030273437500000e+01
4.558361053466796875e+01
4.814587783813476562e+01
3.951387023925781250e+01
5.197161102294921875e+01
6.013098144531250000e+01
6.810394287109375000e+01
4.614315032958984375e+01
4.427700042724609375e+01
5.192276000976562500e+01
1.053260116577148438e+02
5.433715820312500000e+01
3.058069229125976562e+01
5.216435623168945312e+01
4.212336730957031250e+01
1.254971618652343750e+02
5.138626861572265625e+01
3.960318374633789062e+01
8.172594451904296875e+01
4.697339248657226562e+01
1.000422058105468750e+02
6.262477111816406250e+01
4.819377899169921875e+01
6.708743286132812500e+01
4.799462127685546875e+01
8.308917236328125000e+01
9.741235351562500000e+01
5.092475128173828125e+01
1.058175811767578125e+02
5.829721069335937500e+01
7.628624725341796875e+01
5.399078369140625000e+01
7.132438659667968750e+01
5.422920989990234375e+01
1.192499084472656250e+02
3.637294006347656250e+01
1.241562347412109375e+02
4.203652572631835938e+01
6.166035461425781250e+01
3.581637573242187500e+01
5.554646301269531250e+01
5.146721649169921875e+01
4.277273178100585938e+01
7.023785400390625000e+01
3.961002349853515625e+01
6.160163879394531250e+01
4.985608673095703125e+01
3.848683547973632812e+01
1.341318664550781250e+02
4.888655853271484375e+01
4.787796783447265625e+01
4.356066894531250000e+01
3.000000000000000000e+01
5.326499176025390625e+01
5.416933059692382812e+01
4.325730514526367188e+01
4.750595092773437500e+01
7.057356262207031250e+01
5.506700134277343750e+01
6.707997131347656250e+01
5.806381225585937500e+01
6.103778839111328125e+01
6.291567230224609375e+01
4.287540054321289062e+01
3.587901306152343750e+01
3.447306442260742188e+01
6.005112075805664062e+01
6.007539367675781250e+01
4.859352874755859375e+01
4.672569274902343750e+01
6.289958953857421875e+01
6.100007629394531250e+01
4.410792541503906250e+01
5.727574157714843750e+01
4.980014801025390625e+01
3.780368804931640625e+01
8.372315979003906250e+01
1.492135925292968750e+02
6.514912414550781250e+01
5.567224121093750000e+01
1.189937973022460938e+02
6.408331298828125000e+01
3.015866088867187500e+01
5.074430465698242188e+01
4.412590789794921875e+01
6.232418441772460938e+01
6.356047821044921875e+01
1.136817169189453125e+02
3.561571121215820312e+01
4.415417861938476562e+01
9.986869812011718750e+01
4.336645126342773438e+01
3.817060852050781250e+01
4.037054443359375000e+01
4.151376342773437500e+01
5.645861053466796875e+01
5.641011047363281250e+01
4.426919937133789062e+01
4.522911834716796875e+01
3.412852096557617188e+01
7.094325256347656250e+01
8.748959350585937500e+01
4.273714447021484375e+01
4.449479675292968750e+01
3.660237884521484375e+01
6.010387420654296875e+01
1.205253143310546875e+02
6.500320434570312500e+01
1.187446060180664062e+02
3.949692916870117188e+01
4.343058776855468750e+01
5.476371383666992188e+01
4.196162033081054688e+01
3.862644958496093750e+01
5.816683197021484375e+01
3.899696350097656250e+01
4.532649993896484375e+01
7.294364929199218750e+01
5.118625259399414062e+01
4.555885696411132812e+01
1.258702087402343750e+02
9.553776550292968750e+01
6.590719604492187500e+01
8.168472290039062500e+01
3.000000000000000000e+01
5.047599792480468750e+01
1.301303710937500000e+02
1.581651916503906250e+02
5.467033767700195312e+01
6.195976257324218750e+01
4.080205535888671875e+01
5.125590133666992188e+01
9.059459686279296875e+01
5.040353393554687500e+01
5.641836166381835938e+01
4.694362640380859375e+01
4.233288955688476562e+01
3.658197402954101562e+01
1.648574523925781250e+02
6.213441467285156250e+01
5.182017135620117188e+01
5.669307708740234375e+01
4.679536819458007812e+01
1.264142227172851562e+02
5.586800384521484375e+01
1.416924438476562500e+02
6.582821655273437500e+01
7.016741943359375000e+01
5.812576293945312500e+01
5.978589630126953125e+01
5.015755462646484375e+01
6.590719604492187500e+01
7.093273925781250000e+01
1.572510681152343750e+02
3.433377075195312500e+01
6.684976196289062500e+01
8.026643371582031250e+01
1.002819900512695312e+02
9.225292968750000000e+01
6.992137145996093750e+01
7.005212402343750000e+01
6.202225494384765625e+01
4.229571533203125000e+01
6.348412704467773438e+01
3.987364959716796875e+01
3.000000000000000000e+01
6.111577606201171875e+01
4.416486358642578125e+01
3.490221023559570312e+01
3.901116180419921875e+01
3.998854446411132812e+01
3.504482269287109375e+01
1.065615539550781250e+02
4.600820922851562500e+01
3.510998153686523438e+01
3.752518463134765625e+01
6.223274230957031250e+01
5.485599899291992188e+01
6.103100585937500000e+01
5.325481796264648438e+01
3.153167724609375000e+01
4.108903503417968750e+01
7.601529693603515625e+01
6.135010910034179688e+01
4.018282318115234375e+01
7.909123229980468750e+01
7.568442535400390625e+01
7.576103973388671875e+01
1.320874938964843750e+02
1.654977569580078125e+02
3.000000000000000000e+01
9.865396118164062500e+01
1.098078765869140625e+02
9.907655334472656250e+01
4.094779586791992188e+01
3.885007476806640625e+01
1.414637451171875000e+02
6.249408721923828125e+01
8.290396118164062500e+01
4.230273056030273438e+01
4.888088989257812500e+01
3.754563140869140625e+01
4.819018173217773438e+01
3.381813049316406250e+01
4.247514343261718750e+01
3.703402328491210938e+01
3.712374114990234375e+01
7.916361999511718750e+01
3.416038894653320312e+01
7.576154327392578125e+01
5.301308441162109375e+01
5.373695373535156250e+01
4.365021514892578125e+01
4.392403793334960938e+01
4.901805877685546875e+01
8.263960266113281250e+01
4.666536331176757812e+01
3.000000000000000000e+01
3.681130218505859375e+01
5.635081863403320312e+01
8.866389465332031250e+01
4.488025283813476562e+01
7.576103973388671875e+01
4.879238891601562500e+01
4.744636535644531250e+01
1.533249511718750000e+02
3.478098297119140625e+01
4.123015594482421875e+01
9.891492462158203125e+01
1.619392242431640625e+02
1.791332702636718750e+02
5.137723541259765625e+01
7.743699645996093750e+01
3.373130416870117188e+01
9.739231872558593750e+01
5.531946945190429688e+01
3.387226867675781250e+01
1.398695678710937500e+02
5.548116302490234375e+01
6.697103118896484375e+01
1.370663452148437500e+02
5.159252548217773438e+01
6.468901062011718750e+01
8.480722808837890625e+01
3.324842071533203125e+01
7.873610687255859375e+01
1.228896026611328125e+02
3.297381591796875000e+01
6.313823699951171875e+01
6.493682861328125000e+01
5.065037536621093750e+01
9.924452209472656250e+01
1.440908203125000000e+02
7.943487548828125000e+01
1.157470855712890625e+02
8.297547912597656250e+01
4.857791137695312500e+01
8.961090087890625000e+01
7.536163330078125000e+01
3.000000000000000000e+01
3.000000000000000000e+01
3.000000000000000000e+01
3.846571731567382812e+01
6.300345611572265625e+01
9.553776550292968750e+01
4.379338836669921875e+01
4.317982482910156250e+01
5.045351409912109375e+01
2.751837463378906250e+02
4.645866012573242188e+01
4.109305572509765625e+01
3.333839797973632812e+01
3.000000000000000000e+01
4.794519042968750000e+01
7.083576965332031250e+01
7.282260131835937500e+01
1.051372680664062500e+02
6.007202529907226562e+01
4.574614715576171875e+01
5.356929016113281250e+01
4.545582580566406250e+01
1.382600097656250000e+02
4.180158233642578125e+01
4.101271057128906250e+01
5.031645965576171875e+01
4.025150299072265625e+01
6.106820678710937500e+01
6.609377288818359375e+01
1.414781799316406250e+02
7.990229034423828125e+01
9.495759582519531250e+01
6.641787719726562500e+01
4.668057632446289062e+01
6.597268676757812500e+01
3.549552154541015625e+01
7.412805938720703125e+01
8.442166137695312500e+01
3.354538726806640625e+01
3.733483886718750000e+01
9.649855804443359375e+01
3.000000000000000000e+01
4.149463653564453125e+01
1.364318542480468750e+02
6.779103088378906250e+01
4.605357742309570312e+01
6.948656463623046875e+01
4.890805053710937500e+01
6.117008209228515625e+01
8.576696777343750000e+01
5.158658599853515625e+01
7.576154327392578125e+01
1.998157958984375000e+02
4.819018173217773438e+01
1.148020858764648438e+02
4.629014587402343750e+01
5.137654876708984375e+01
8.739405822753906250e+01
6.632411956787109375e+01
5.613497161865234375e+01
6.988297271728515625e+01
3.000000000000000000e+01
6.429888916015625000e+01
5.108149719238281250e+01
7.107856750488281250e+01
4.109069442749023438e+01
5.100121307373046875e+01
6.957289886474609375e+01
1.356659851074218750e+02
8.509658813476562500e+01
5.254246902465820312e+01
5.399078369140625000e+01
4.754604339599609375e+01
5.550165557861328125e+01
6.556567382812500000e+01
3.000000000000000000e+01
1.053218765258789062e+02
1.038606033325195312e+02
3.946323013305664062e+01
1.019515762329101562e+02
9.211954498291015625e+01
5.444322204589843750e+01
4.835984039306640625e+01
4.522500610351562500e+01
4.440270996093750000e+01
1.902388305664062500e+02
4.116405487060546875e+01
5.210941696166992188e+01
5.079747009277343750e+01
4.382769012451171875e+01
1.033561859130859375e+02
4.543655776977539062e+01
4.808456039428710938e+01
1.375929870605468750e+02
6.135010910034179688e+01
8.771405029296875000e+01
4.813914489746093750e+01
4.523765945434570312e+01
5.173346328735351562e+01
9.367313385009765625e+01
8.941349029541015625e+01
7.639108276367187500e+01
7.138201904296875000e+01
3.407524490356445312e+01
8.230352020263671875e+01
9.730514526367187500e+01
5.166501235961914062e+01
3.817060852050781250e+01
6.970373535156250000e+01
1.004384002685546875e+02
7.137137603759765625e+01
6.037987899780273438e+01
5.100248718261718750e+01
3.000000000000000000e+01
4.044551849365234375e+01
3.000000000000000000e+01
4.272974777221679688e+01
4.088037872314453125e+01
3.000000000000000000e+01
4.993389892578125000e+01
5.533904266357421875e+01
4.655307006835937500e+01
7.448884582519531250e+01
6.245032119750976562e+01
4.260533905029296875e+01
3.899823760986328125e+01
5.649199676513671875e+01
5.831777572631835938e+01
3.000000000000000000e+01
3.526229476928710938e+01
6.280014038085937500e+01
3.446784591674804688e+01
5.963629150390625000e+01
3.000000000000000000e+01
5.520439529418945312e+01
3.000000000000000000e+01
3.000000000000000000e+01
1.141375274658203125e+02
5.004146194458007812e+01
3.818848419189453125e+01
6.986082458496093750e+01
4.101271057128906250e+01
7.473625183105468750e+01
4.056715011596679688e+01
5.375209426879882812e+01
1.245456390380859375e+02
4.088682556152343750e+01
1.116475982666015625e+02
1.096920928955078125e+02
3.886225891113281250e+01
3.742948150634765625e+01
9.702133941650390625e+01
4.461565017700195312e+01
6.634280395507812500e+01
5.669307708740234375e+01
1.862997589111328125e+02
4.356330108642578125e+01
4.975776672363281250e+01
5.977282714843750000e+01
3.863856506347656250e+01
4.693538665771484375e+01
1.070805206298828125e+02
4.860757446289062500e+01
6.812884521484375000e+01
5.636124420166015625e+01
4.509382629394531250e+01
3.179827880859375000e+01
4.800171279907226562e+01
4.821590805053710938e+01
4.239600372314453125e+01
4.258319473266601562e+01
3.793973922729492188e+01
4.109382629394531250e+01
4.660944366455078125e+01
4.994810104370117188e+01
4.109814834594726562e+01
5.602062988281250000e+01
6.033670806884765625e+01
7.279753112792968750e+01
1.136817169189453125e+02
6.828295135498046875e+01
1.092760009765625000e+02
9.044895172119140625e+01
1.152433242797851562e+02
4.329552459716796875e+01
5.926841735839843750e+01
3.000000000000000000e+01
4.549479293823242188e+01
7.372883605957031250e+01
7.168962097167968750e+01
7.978868865966796875e+01
6.980619812011718750e+01
4.184908294677734375e+01
4.195272064208984375e+01
6.843803405761718750e+01
9.154820251464843750e+01
4.137609863281250000e+01
5.083142089843750000e+01
4.201024627685546875e+01
3.902202224731445312e+01
9.125683593750000000e+01
4.258547210693359375e+01
4.416081619262695312e+01
4.443693161010742188e+01
4.666476440429687500e+01
6.541056060791015625e+01
9.191452026367187500e+01
4.073004150390625000e+01
3.322414779663085938e+01
3.788575744628906250e+01
1.051372680664062500e+02
5.726847839355468750e+01
3.573543930053710938e+01
5.777116394042968750e+01
5.192154693603515625e+01
4.298458099365234375e+01
5.020615768432617188e+01
5.038935470581054688e+01
7.315109252929687500e+01
4.213650894165039062e+01
6.195165252685546875e+01
7.840702819824218750e+01
8.392415618896484375e+01
7.422318267822265625e+01
4.400317382812500000e+01
3.526981353759765625e+01
6.887045288085937500e+01
6.683008575439453125e+01
4.888213348388671875e+01
5.245543670654296875e+01
5.482966232299804688e+01
3.979514312744140625e+01
5.746142959594726562e+01
4.254343032836914062e+01
3.000000000000000000e+01
5.397531890869140625e+01
6.746061706542968750e+01
6.957289886474609375e+01
5.261593627929687500e+01
6.044413757324218750e+01
3.836983489990234375e+01
7.538275909423828125e+01
1.051045227050781250e+02
6.349147033691406250e+01
4.070523071289062500e+01
1.152433319091796875e+02
5.137723541259765625e+01
6.876790618896484375e+01
1.004383926391601562e+02
3.717478942871093750e+01
3.411781311035156250e+01
5.956381988525390625e+01
3.000000000000000000e+01
4.441363525390625000e+01
2.307559356689453125e+02
5.225973510742187500e+01
3.000000000000000000e+01
3.343898391723632812e+01
1.336242828369140625e+02
6.667056274414062500e+01
5.487858200073242188e+01
1.158628540039062500e+02
4.501969146728515625e+01
1.286498413085937500e+02
7.317024993896484375e+01
1.013677902221679688e+02
3.000000000000000000e+01
4.157897186279296875e+01
7.383462524414062500e+01
7.902307128906250000e+01
6.901750946044921875e+01
4.666536331176757812e+01
4.566401672363281250e+01
3.000000000000000000e+01
4.823167037963867188e+01
6.244932174682617188e+01
4.663054275512695312e+01
3.848866271972656250e+01
7.450793457031250000e+01
7.629120635986328125e+01
3.796738815307617188e+01
3.000000000000000000e+01
5.176480484008789062e+01
3.000000000000000000e+01
4.830697250366210938e+01
1.095540847778320312e+02
5.298838043212890625e+01
7.647105407714843750e+01
4.990638732910156250e+01
5.224584960937500000e+01
3.381572723388671875e+01
1.000422058105468750e+02
6.205894470214843750e+01
6.883204650878906250e+01
1.022895507812500000e+02
5.699149322509765625e+01
4.704292297363281250e+01
4.439369201660156250e+01
3.808963775634765625e+01
5.652200698852539062e+01
6.729643249511718750e+01
1.902388305664062500e+02
4.931916046142578125e+01
6.425421905517578125e+01
5.790451049804687500e+01
6.049467468261718750e+01
4.884601593017578125e+01
5.307601165771484375e+01
5.473368072509765625e+01
6.931671142578125000e+01
8.154867553710937500e+01
3.000000000000000000e+01
3.879007720947265625e+01
6.204968643188476562e+01
1.149585571289062500e+02
6.279144287109375000e+01
1.116475982666015625e+02
4.042244338989257812e+01
3.343538665771484375e+01
4.596037292480468750e+01
6.622175598144531250e+01
1.809260864257812500e+02
7.381723022460937500e+01
5.547155761718750000e+01
6.413854980468750000e+01
3.423027420043945312e+01
3.552058410644531250e+01
8.640196228027343750e+01
3.000000000000000000e+01
3.920502471923828125e+01
6.271476364135742188e+01
9.236211395263671875e+01
5.855686569213867188e+01
9.237698364257812500e+01
4.533135986328125000e+01
5.320271301269531250e+01
6.249409103393554688e+01
8.515803527832031250e+01
5.104666519165039062e+01
5.074962615966796875e+01
4.663671112060546875e+01
3.403935241699218750e+01
3.207768630981445312e+01
4.180158233642578125e+01
3.363136291503906250e+01
5.040226364135742188e+01
6.779103088378906250e+01
3.154439735412597656e+01
3.000000000000000000e+01
3.294452667236328125e+01
4.109305572509765625e+01
3.717969512939453125e+01
1.241470336914062500e+02
3.000000000000000000e+01
7.281650543212890625e+01
9.300128173828125000e+01
4.082062530517578125e+01
3.040263557434082031e+01
3.000000000000000000e+01
6.166035461425781250e+01
6.931327819824218750e+01
5.811196136474609375e+01
5.533832550048828125e+01
5.190267181396484375e+01
5.894909286499023438e+01
6.089530944824218750e+01
4.237522888183593750e+01
7.106064605712890625e+01
3.418427658081054688e+01
5.173346710205078125e+01
5.877649688720703125e+01
3.525074768066406250e+01
3.933369445800781250e+01
5.557829666137695312e+01
6.522840118408203125e+01
5.189540481567382812e+01
5.485599899291992188e+01
5.156466293334960938e+01
4.952371215820312500e+01
6.768067169189453125e+01
8.165173339843750000e+01
5.797399520874023438e+01
9.395804595947265625e+01
4.560108947753906250e+01
5.118625259399414062e+01
4.027945327758789062e+01
6.364850997924804688e+01
6.817765045166015625e+01
6.055358886718750000e+01
7.234001922607421875e+01
4.476380157470703125e+01
8.928746795654296875e+01
4.859392929077148438e+01
5.048828887939453125e+01
9.617684936523437500e+01
1.428523864746093750e+02
1.081664733886718750e+02
5.398425292968750000e+01
3.449709701538085938e+01
4.309484100341796875e+01
5.858063507080078125e+01
8.509658813476562500e+01
7.758743286132812500e+01
6.937153625488281250e+01
1.003889160156250000e+02
5.176480484008789062e+01
4.375527954101562500e+01
3.489994049072265625e+01
5.880701828002929688e+01
5.452259063720703125e+01
3.356314849853515625e+01
3.974133300781250000e+01
7.828582763671875000e+01
6.273610687255859375e+01
4.627075958251953125e+01
8.941566467285156250e+01
3.750968170166015625e+01
4.613043594360351562e+01
5.742004013061523438e+01
4.545404052734375000e+01
5.372806930541992188e+01
5.074962234497070312e+01
2.000184326171875000e+02
6.898797607421875000e+01
4.807793045043945312e+01
4.098635101318359375e+01
5.119562530517578125e+01
1.233487396240234375e+02
4.101565933227539062e+01
4.641566848754882812e+01
6.421335601806640625e+01
3.848866271972656250e+01
7.746293640136718750e+01
4.575964355468750000e+01
6.032496643066406250e+01
5.142446899414062500e+01
4.891930389404296875e+01
4.125207901000976562e+01
4.903575897216796875e+01
5.453161621093750000e+01
6.250879669189453125e+01
2.080635681152343750e+02
3.984221649169921875e+01
5.135925674438476562e+01
6.954849243164062500e+01
5.199027252197265625e+01
4.340690612792968750e+01
3.211568832397460938e+01
4.644993209838867188e+01
5.263639068603515625e+01
4.005708694458007812e+01
4.966510772705078125e+01
5.669297790527343750e+01
4.084230041503906250e+01
4.891381072998046875e+01
3.931904602050781250e+01
3.886225891113281250e+01
4.462631225585937500e+01
3.257658386230468750e+01
5.998410034179687500e+01
7.682783508300781250e+01
3.000000000000000000e+01
3.865137481689453125e+01
3.752518463134765625e+01
7.360334014892578125e+01
5.534003067016601562e+01
1.072513809204101562e+02
3.000000000000000000e+01
7.639108276367187500e+01
8.510475921630859375e+01
4.369454193115234375e+01
9.617684936523437500e+01
3.041713333129882812e+01
4.641182708740234375e+01
4.083057403564453125e+01
4.451945495605468750e+01
1.343963317871093750e+02
4.991717147827148438e+01
3.000000000000000000e+01
7.019784545898437500e+01
4.858129501342773438e+01
1.113748474121093750e+02
6.296133422851562500e+01
4.010507202148437500e+01
6.064781570434570312e+01
8.258357238769531250e+01
8.237207794189453125e+01
7.944027709960937500e+01
6.745880889892578125e+01
4.248185729980468750e+01
4.598635101318359375e+01
5.775813293457031250e+01
6.310884857177734375e+01
1.132694931030273438e+02
1.011569824218750000e+02
1.321479492187500000e+02
5.551376342773437500e+01
4.138688278198242188e+01
5.671228027343750000e+01
3.413857269287109375e+01
5.502986907958984375e+01
3.000000000000000000e+01
3.000000000000000000e+01
6.352859497070312500e+01
1.296243286132812500e+02
5.233959197998046875e+01
3.000000000000000000e+01
6.090818023681640625e+01
6.772064208984375000e+01
4.200538253784179688e+01
5.319226074218750000e+01
6.729644012451171875e+01
4.526208877563476562e+01
6.961444091796875000e+01
3.552058410644531250e+01
5.488709640502929688e+01
6.518523406982421875e+01
3.445752716064453125e+01
4.235383605957031250e+01
5.591467285156250000e+01
3.964794158935546875e+01
6.845066833496093750e+01
6.261403656005859375e+01
5.063233184814453125e+01
8.168472290039062500e+01
4.589005279541015625e+01
3.959717559814453125e+01
4.610377502441406250e+01
3.541690063476562500e+01
4.097183227539062500e+01
3.551706314086914062e+01
3.447536468505859375e+01
3.766542053222656250e+01
7.857272338867187500e+01
4.574614715576171875e+01
3.701696777343750000e+01
1.356659851074218750e+02
7.892927551269531250e+01
4.057506561279296875e+01
6.235498428344726562e+01
7.338764190673828125e+01
4.655307006835937500e+01
5.877305221557617188e+01
1.083979415893554688e+02
5.165074539184570312e+01
8.223654937744140625e+01
4.262834548950195312e+01
3.393375396728515625e+01
5.543408584594726562e+01
5.310106658935546875e+01
4.277577209472656250e+01
4.710182189941406250e+01
4.930358123779296875e+01
5.303779220581054688e+01
4.480760955810546875e+01
5.548116302490234375e+01
3.450925827026367188e+01
3.876416778564453125e+01
7.934631347656250000e+01
9.609967803955078125e+01
4.506965637207031250e+01
9.277015686035156250e+01
5.229168319702148438e+01
3.043291091918945312e+01
8.768360900878906250e+01
8.642808532714843750e+01
4.139803314208984375e+01
6.410372924804687500e+01
3.630990219116210938e+01
5.071200561523437500e+01
3.229101562500000000e+01
9.308994293212890625e+01
4.049269104003906250e+01
3.939152526855468750e+01
4.813914489746093750e+01
5.906681823730468750e+01
5.722311782836914062e+01
3.411890029907226562e+01
5.356632995605468750e+01
5.838844299316406250e+01
5.245729064941406250e+01
7.484432983398437500e+01
7.033798980712890625e+01
3.000000000000000000e+01
5.121623611450195312e+01
3.908174896240234375e+01
5.812659835815429688e+01
6.013098144531250000e+01
7.960098266601562500e+01
6.032496643066406250e+01
4.701079559326171875e+01
6.857514953613281250e+01
5.356632995605468750e+01
4.793015289306640625e+01
4.568936157226562500e+01
3.015073585510253906e+01
4.112963867187500000e+01
6.036280059814453125e+01
5.164379119873046875e+01
4.159710693359375000e+01
6.213441467285156250e+01
4.021562957763671875e+01
6.168453979492187500e+01
3.009850311279296875e+01
5.513904190063476562e+01
4.213663482666015625e+01
5.196121978759765625e+01
7.450799560546875000e+01
3.650635147094726562e+01
6.208257675170898438e+01
3.486377716064453125e+01
8.284308624267578125e+01
6.262979125976562500e+01
4.464227294921875000e+01
4.298086547851562500e+01
4.083143615722656250e+01
6.551268768310546875e+01
7.847707366943359375e+01
3.945601654052734375e+01
4.396870422363281250e+01
6.065800094604492188e+01
5.495736312866210938e+01
5.567223739624023438e+01
4.693401336669921875e+01
6.350224304199218750e+01
3.806380462646484375e+01
3.000000000000000000e+01
4.322493743896484375e+01
3.983953475952148438e+01
7.132483673095703125e+01
3.000000000000000000e+01
8.739405822753906250e+01
5.580148315429687500e+01
4.415417861938476562e+01
3.956241607666015625e+01
4.737731933593750000e+01
3.056818008422851562e+01
5.641959381103515625e+01
3.449709701538085938e+01
4.158951187133789062e+01
3.000000000000000000e+01
4.739094543457031250e+01
5.770986175537109375e+01
5.421059417724609375e+01
6.810594177246093750e+01
5.108645629882812500e+01
5.254612731933593750e+01
4.648285293579101562e+01
3.000000000000000000e+01
3.000000000000000000e+01
4.737731933593750000e+01
7.234001922607421875e+01
4.608184814453125000e+01
4.667327117919921875e+01
3.643729400634765625e+01
7.036892700195312500e+01
5.705362319946289062e+01
7.290229797363281250e+01
4.313674545288085938e+01
3.468077850341796875e+01
6.805049133300781250e+01
3.000000000000000000e+01
5.437209701538085938e+01
3.000000000000000000e+01
4.697710418701171875e+01
3.000000000000000000e+01
3.000000000000000000e+01
4.306710815429687500e+01
5.035787963867187500e+01
7.486065673828125000e+01
4.567885971069335938e+01
7.960099029541015625e+01
5.219039916992187500e+01
3.953306961059570312e+01
3.851341247558593750e+01
4.132424163818359375e+01
3.348547744750976562e+01
4.558704376220703125e+01
4.935560607910156250e+01
7.282260131835937500e+01
5.375209045410156250e+01
4.253719711303710938e+01
4.237178039550781250e+01
7.600665283203125000e+01
6.969006347656250000e+01
5.554632949829101562e+01
3.000000000000000000e+01
3.000000000000000000e+01
4.128120040893554688e+01
3.525075149536132812e+01
5.706336975097656250e+01
5.319057846069335938e+01
3.918785858154296875e+01
3.559011077880859375e+01
3.705834960937500000e+01
3.273671340942382812e+01
4.386161422729492188e+01
3.686452865600585938e+01
5.428430938720703125e+01
4.991306304931640625e+01
8.172595214843750000e+01
5.219040298461914062e+01
6.853784942626953125e+01
3.000000000000000000e+01
3.013377380371093750e+01
5.600823593139648438e+01
3.000000000000000000e+01
4.146962738037109375e+01
7.521821594238281250e+01
3.277568054199218750e+01
5.282207870483398438e+01
4.642433166503906250e+01
3.742948150634765625e+01
4.954569244384765625e+01
6.007202529907226562e+01
3.313744354248046875e+01
3.931727981567382812e+01
7.630905914306640625e+01
4.525447845458984375e+01
8.258356475830078125e+01
8.163729858398437500e+01
3.000000000000000000e+01
8.135849761962890625e+01
3.454869842529296875e+01
5.613497161865234375e+01
4.227966308593750000e+01
4.640719985961914062e+01
5.816682815551757812e+01
6.609377288818359375e+01
4.582309722900390625e+01
5.903378677368164062e+01
7.724455261230468750e+01
3.631439208984375000e+01
7.944087219238281250e+01
4.562231445312500000e+01
3.176811408996582031e+01
3.821107101440429688e+01
5.231276702880859375e+01
3.000000000000000000e+01
6.528395080566406250e+01
5.718758392333984375e+01
5.135925674438476562e+01
3.830994796752929688e+01
5.501788711547851562e+01
3.741884994506835938e+01
3.460423660278320312e+01
7.505577087402343750e+01
3.000000000000000000e+01
4.414427947998046875e+01
6.546910858154296875e+01
4.078597259521484375e+01
4.596713256835937500e+01
4.513522338867187500e+01
4.298086547851562500e+01
3.000000000000000000e+01
3.505627059936523438e+01
3.844847106933593750e+01
5.345392227172851562e+01
3.000000000000000000e+01
4.813085174560546875e+01
6.204968643188476562e+01
4.331212615966796875e+01
4.239600372314453125e+01
4.519948959350585938e+01
7.870722198486328125e+01
4.336362457275390625e+01
6.832366943359375000e+01
1.143666229248046875e+02
4.630686950683593750e+01
4.787796783447265625e+01
5.068959808349609375e+01
4.855947494506835938e+01
4.137854003906250000e+01
4.374594879150390625e+01
5.993827438354492188e+01
1.022895507812500000e+02
5.477037811279296875e+01
3.908677291870117188e+01
5.070611953735351562e+01
5.527868652343750000e+01
3.598759078979492188e+01
4.693538665771484375e+01
4.545404052734375000e+01
5.313781738281250000e+01
3.000000000000000000e+01
4.656263732910156250e+01
3.958287048339843750e+01
6.237598419189453125e+01
5.746142959594726562e+01
4.026725006103515625e+01
5.094212722778320312e+01
4.583073043823242188e+01
3.000000000000000000e+01
6.061954498291015625e+01
4.316094970703125000e+01
4.359270858764648438e+01
6.279144287109375000e+01
3.902400588989257812e+01
3.552978897094726562e+01
4.884601593017578125e+01
4.726691818237304688e+01
3.015866279602050781e+01
6.937253570556640625e+01
3.831160736083984375e+01
4.274205780029296875e+01
3.991988372802734375e+01
4.915565490722656250e+01
4.953293609619140625e+01
4.708496856689453125e+01
5.190908050537109375e+01
3.866780853271484375e+01
4.499015426635742188e+01
5.431741714477539062e+01
5.734332275390625000e+01
4.329552459716796875e+01
3.974190521240234375e+01
5.700150680541992188e+01
5.246577453613281250e+01
4.709181213378906250e+01
5.878265762329101562e+01
4.387170028686523438e+01
6.358823013305664062e+01
4.444193267822265625e+01
1.081766815185546875e+02
8.989599609375000000e+01
4.722981262207031250e+01
4.650513076782226562e+01
3.873384094238281250e+01
7.500682067871093750e+01
3.441028594970703125e+01
4.003001403808593750e+01
8.528552246093750000e+01
4.361290359497070312e+01
3.769943237304687500e+01
4.959175109863281250e+01
9.981469726562500000e+01
3.000000000000000000e+01
4.861046981811523438e+01
3.465671539306640625e+01
4.928778839111328125e+01
4.255898284912109375e+01
3.238673782348632812e+01
5.716320800781250000e+01
9.495110321044921875e+01
5.179005813598632812e+01
4.297075653076171875e+01
3.000000000000000000e+01
4.562568283081054688e+01
3.947945404052734375e+01
4.170765686035156250e+01
5.628830337524414062e+01
1.072513732910156250e+02
4.966535949707031250e+01
7.816395568847656250e+01
7.498315429687500000e+01
7.403649139404296875e+01
6.452815246582031250e+01
3.134060668945312500e+01
3.810691452026367188e+01
5.599674987792968750e+01
3.971791839599609375e+01
3.961394882202148438e+01
3.275313186645507812e+01
3.798434448242187500e+01
3.000000000000000000e+01
3.405238342285156250e+01
3.000000000000000000e+01
4.522661590576171875e+01
7.178562164306640625e+01
5.075476074218750000e+01
3.977767944335937500e+01
4.178689956665039062e+01
3.160353469848632812e+01
5.503817749023437500e+01
4.741434478759765625e+01
6.262477111816406250e+01
4.869380950927734375e+01
4.321211624145507812e+01
3.000000000000000000e+01
8.230352783203125000e+01
5.196469116210937500e+01
3.255221939086914062e+01
6.551268768310546875e+01
3.212583541870117188e+01
1.010982055664062500e+02
4.097488021850585938e+01
4.608828735351562500e+01
6.078500747680664062e+01
4.278886413574218750e+01
3.000000000000000000e+01
4.198357391357421875e+01
5.031884002685546875e+01
4.668057632446289062e+01
5.172546386718750000e+01
4.110145568847656250e+01
3.000000000000000000e+01
4.001614761352539062e+01
7.746293640136718750e+01
6.720649719238281250e+01
7.568441772460937500e+01
4.204565429687500000e+01
4.075681304931640625e+01
5.438455200195312500e+01
3.000000000000000000e+01
5.081081390380859375e+01
5.078577423095703125e+01
5.831114959716796875e+01
4.967150878906250000e+01
4.992136001586914062e+01
4.083960342407226562e+01
3.778561401367187500e+01
3.070265579223632812e+01
8.216606140136718750e+01
3.507568359375000000e+01
4.034268951416015625e+01
3.275259399414062500e+01
4.120296096801757812e+01
4.401265716552734375e+01
3.000000000000000000e+01
4.744636535644531250e+01
4.311404037475585938e+01
3.420498657226562500e+01
6.291567230224609375e+01
7.019784545898437500e+01
3.695787811279296875e+01
5.185762405395507812e+01
4.438789367675781250e+01
4.131688308715820312e+01
4.493184280395507812e+01
5.064936065673828125e+01
3.978871536254882812e+01
4.129983139038085938e+01
4.569913101196289062e+01
4.402033615112304688e+01
3.077767944335937500e+01
4.181136322021484375e+01
3.421198654174804688e+01
3.776281356811523438e+01
3.280374526977539062e+01
3.571723937988281250e+01
3.682646179199218750e+01
5.734139251708984375e+01
4.685644149780273438e+01
9.981469726562500000e+01
3.543597412109375000e+01
3.402297210693359375e+01
3.937234497070312500e+01
8.316088104248046875e+01
3.863856506347656250e+01
3.998774337768554688e+01
8.216606140136718750e+01
5.134397506713867188e+01
4.886666107177734375e+01
3.916171646118164062e+01
4.993389892578125000e+01
9.234109497070312500e+01
7.769752502441406250e+01
6.075355529785156250e+01
7.941905975341796875e+01
3.595487213134765625e+01
3.000000000000000000e+01
6.082903671264648438e+01
4.166751098632812500e+01
5.455147933959960938e+01
6.451036834716796875e+01
3.374268722534179688e+01
3.075549888610839844e+01
5.334247207641601562e+01
3.651261901855468750e+01
5.675449371337890625e+01
4.513800811767578125e+01
4.595735931396484375e+01
3.447106552124023438e+01
4.070523071289062500e+01
3.454869842529296875e+01
4.287875747680664062e+01
4.155438995361328125e+01
7.882389831542968750e+01
4.010756301879882812e+01
4.648442459106445312e+01
7.490826416015625000e+01
5.680369186401367188e+01
3.283944320678710938e+01
3.931259536743164062e+01
4.042398071289062500e+01
4.990657043457031250e+01
4.031394195556640625e+01
3.877798461914062500e+01
3.515266036987304688e+01
6.306483078002929688e+01
6.000137710571289062e+01
5.205042266845703125e+01
3.420119476318359375e+01
4.298187255859375000e+01
4.173374176025390625e+01
3.935087966918945312e+01
6.598741149902343750e+01
4.270005798339843750e+01
4.893893432617187500e+01
3.000000000000000000e+01
3.311887359619140625e+01
3.000000000000000000e+01
3.159627151489257812e+01
5.690572357177734375e+01
4.128459167480468750e+01
5.477037811279296875e+01
5.372806549072265625e+01
4.066333389282226562e+01
3.834093475341796875e+01
5.221466064453125000e+01
3.078747177124023438e+01
6.812879180908203125e+01
4.127721405029296875e+01
4.749629974365234375e+01
4.145977401733398438e+01
7.360334014892578125e+01
4.426016235351562500e+01
3.298008346557617188e+01
3.000000000000000000e+01
4.203182220458984375e+01
5.827279663085937500e+01
4.305364227294921875e+01
4.284363555908203125e+01
3.000000000000000000e+01
3.059516906738281250e+01
3.000000000000000000e+01
3.987191009521484375e+01
4.406750488281250000e+01
3.819849014282226562e+01
4.956564712524414062e+01
4.043071746826171875e+01
7.578614807128906250e+01
4.442078399658203125e+01
5.113684082031250000e+01
5.760540008544921875e+01
3.091969299316406250e+01
4.990172958374023438e+01
4.311799621582031250e+01
3.468508529663085938e+01
4.242646408081054688e+01
4.551692962646484375e+01
3.413429641723632812e+01
3.111146545410156250e+01
3.600903701782226562e+01
3.871984863281250000e+01
4.243725967407226562e+01
4.739035034179687500e+01
