4.898685836791992188e+01
6.452323913574218750e+01
3.058471679687500000e+01
3.976304244995117188e+01
6.540749359130859375e+01
6.720714569091796875e+01
3.000000000000000000e+01
5.939553070068359375e+01
5.698216247558593750e+01
1.187917175292968750e+02
5.311824417114257812e+01
1.404998626708984375e+02
4.810977935791015625e+01
4.544419479370117188e+01
3.395578384399414062e+01
6.374321746826171875e+01
6.847629547119140625e+01
3.897593688964843750e+01
4.245779418945312500e+01
1.464308166503906250e+02
4.155461883544921875e+01
8.745432281494140625e+01
3.511696624755859375e+01
3.736300277709960938e+01
4.439507293701171875e+01
6.965788269042968750e+01
3.000000000000000000e+01
6.117445373535156250e+01
1.830493011474609375e+02
4.810413360595703125e+01
5.744448089599609375e+01
4.684419250488281250e+01
3.418150329589843750e+01
9.244370269775390625e+01
5.970079803466796875e+01
6.205973815917968750e+01
6.903187561035156250e+01
5.378055572509765625e+01
4.337019348144531250e+01
3.000000000000000000e+01
3.948911666870117188e+01
3.896274185180664062e+01
6.279005432128906250e+01
5.300900268554687500e+01
3.582537460327148438e+01
3.033346176147460938e+01
3.000000000000000000e+01
6.426615905761718750e+01
1.406655273437500000e+02
6.638281250000000000e+01
4.409449386596679688e+01
3.194032287597656250e+01
7.996816253662109375e+01
4.330577468872070312e+01
1.071092834472656250e+02
4.912168121337890625e+01
7.786872100830078125e+01
5.179307937622070312e+01
7.528512573242187500e+01
6.736454772949218750e+01
5.158005905151367188e+01
8.282569885253906250e+01
4.125999832153320312e+01
8.569824981689453125e+01
1.048251876831054688e+02
5.876009368896484375e+01
3.800802612304687500e+01
3.000000000000000000e+01
4.635229492187500000e+01
4.461521911621093750e+01
5.721924591064453125e+01
3.453038787841796875e+01
8.311848449707031250e+01
3.000000000000000000e+01
5.757739257812500000e+01
4.411800384521484375e+01
5.125897216796875000e+01
4.756955337524414062e+01
4.147785568237304688e+01
6.153375244140625000e+01
3.370829010009765625e+01
6.847630310058593750e+01
5.122085571289062500e+01
1.114327926635742188e+02
9.182579040527343750e+01
3.451936340332031250e+01
4.186577606201171875e+01
4.979633331298828125e+01
4.810977935791015625e+01
5.137928009033203125e+01
3.822905349731445312e+01
5.919398498535156250e+01
6.769707489013671875e+01
5.532069015502929688e+01
1.096297760009765625e+02
9.808045959472656250e+01
6.580497741699218750e+01
4.119540405273437500e+01
8.357512664794921875e+01
4.287414169311523438e+01
1.019486389160156250e+02
6.288231277465820312e+01
1.624823760986328125e+02
3.504624176025390625e+01
4.820856475830078125e+01
8.692417907714843750e+01
3.000000000000000000e+01
6.388836288452148438e+01
4.977088546752929688e+01
4.375178527832031250e+01
4.316528320312500000e+01
3.164825630187988281e+01
7.328524780273437500e+01
1.239259719848632812e+02
4.148304367065429688e+01
4.237231445312500000e+01
9.578060150146484375e+01
4.765196228027343750e+01
6.842948913574218750e+01
5.148746490478515625e+01
4.845967102050781250e+01
6.093402099609375000e+01
3.771042251586914062e+01
4.054613876342773438e+01
4.110140609741210938e+01
5.250550460815429688e+01
6.344268417358398438e+01
6.430334472656250000e+01
4.775578308105468750e+01
5.246686172485351562e+01
5.125792694091796875e+01
1.086075897216796875e+02
6.334293365478515625e+01
3.000000000000000000e+01
4.769847869873046875e+01
4.287610244750976562e+01
1.340615081787109375e+02
4.921519470214843750e+01
3.842849349975585938e+01
7.435044860839843750e+01
4.386285018920898438e+01
1.099401397705078125e+02
5.909132385253906250e+01
5.070795440673828125e+01
6.476194000244140625e+01
4.838176345825195312e+01
7.318103027343750000e+01
9.377649688720703125e+01
4.548326110839843750e+01
1.200802307128906250e+02
4.964095306396484375e+01
7.586347198486328125e+01
5.306071472167968750e+01
6.958723449707031250e+01
4.316667938232421875e+01
1.278983764648437500e+02
3.249811553955078125e+01
1.338497009277343750e+02
4.186707305908203125e+01
6.504896545410156250e+01
3.776930236816406250e+01
4.927461242675781250e+01
4.719839477539062500e+01
4.305540847778320312e+01
7.354321289062500000e+01
3.965169143676757812e+01
6.136650466918945312e+01
4.698134994506835938e+01
3.195669937133789062e+01
1.212004699707031250e+02
4.609998321533203125e+01
4.117249679565429688e+01
3.917705535888671875e+01
3.000000000000000000e+01
5.099792480468750000e+01
3.506239318847656250e+01
4.388829803466796875e+01
4.624019622802734375e+01
6.872003173828125000e+01
5.272407531738281250e+01
6.300267028808593750e+01
6.063175582885742188e+01
6.573652648925781250e+01
5.913402175903320312e+01
4.352215194702148438e+01
3.944282150268554688e+01
3.989594268798828125e+01
6.514994812011718750e+01
5.333726119995117188e+01
4.589295959472656250e+01
4.449827194213867188e+01
5.554339981079101562e+01
5.506971740722656250e+01
4.228545761108398438e+01
4.906707382202148438e+01
4.621212387084960938e+01
4.024061965942382812e+01
7.886872863769531250e+01
1.440268402099609375e+02
6.797556304931640625e+01
5.951568603515625000e+01
1.259174499511718750e+02
6.191794967651367188e+01
3.545987319946289062e+01
4.279584121704101562e+01
4.328981781005859375e+01
6.732011413574218750e+01
6.217559051513671875e+01
1.134144134521484375e+02
3.899323272705078125e+01
4.492813873291015625e+01
9.456586456298828125e+01
4.351201629638671875e+01
3.811456298828125000e+01
4.081931304931640625e+01
4.038272857666015625e+01
5.585740661621093750e+01
5.706232833862304688e+01
4.571322250366210938e+01
4.548809432983398438e+01
3.398377609252929688e+01
6.004895019531250000e+01
8.322785949707031250e+01
4.060147094726562500e+01
4.241658782958984375e+01
4.333545684814453125e+01
5.847354125976562500e+01
1.163840637207031250e+02
6.318648147583007812e+01
1.186590499877929688e+02
4.075561141967773438e+01
4.283576202392578125e+01
5.189832305908203125e+01
5.220060729980468750e+01
4.021073913574218750e+01
5.745577621459960938e+01
3.767213821411132812e+01
3.901413345336914062e+01
8.084315490722656250e+01
5.284652709960937500e+01
4.559370040893554688e+01
1.257594604492187500e+02
1.025412139892578125e+02
5.899474334716796875e+01
8.737889862060546875e+01
3.000000000000000000e+01
5.148442459106445312e+01
1.349844665527343750e+02
2.005317993164062500e+02
4.026907348632812500e+01
6.050836181640625000e+01
3.707629776000976562e+01
4.997605895996093750e+01
9.936819458007812500e+01
5.160170745849609375e+01
6.840602111816406250e+01
4.267626953125000000e+01
4.220314025878906250e+01
4.123794937133789062e+01
1.693871765136718750e+02
3.849238204956054688e+01
4.920423126220703125e+01
7.360588073730468750e+01
5.066449737548828125e+01
1.374799804687500000e+02
4.929800415039062500e+01
1.424898681640625000e+02
6.830429840087890625e+01
5.832795715332031250e+01
5.621135330200195312e+01
5.921969223022460938e+01
4.704918289184570312e+01
5.899474334716796875e+01
7.792733764648437500e+01
1.502812805175781250e+02
3.516643524169921875e+01
6.919364929199218750e+01
7.928292846679687500e+01
1.009346389770507812e+02
9.805981445312500000e+01
6.238558959960937500e+01
6.947106170654296875e+01
6.031395721435546875e+01
4.081082534790039062e+01
7.282350158691406250e+01
3.746309661865234375e+01
3.000000000000000000e+01
6.175463867187500000e+01
4.452818679809570312e+01
3.696563720703125000e+01
4.120905303955078125e+01
4.701241302490234375e+01
3.573656082153320312e+01
1.132416381835937500e+02
3.000000000000000000e+01
4.138857269287109375e+01
4.136017608642578125e+01
6.119689941406250000e+01
4.969524002075195312e+01
5.421136474609375000e+01
3.978164672851562500e+01
3.751714324951171875e+01
3.979324340820312500e+01
7.774099731445312500e+01
6.675982666015625000e+01
3.940444183349609375e+01
7.740924072265625000e+01
6.602787780761718750e+01
7.533757019042968750e+01
1.345374908447265625e+02
1.542292480468750000e+02
3.000000000000000000e+01
8.973849487304687500e+01
1.060275573730468750e+02
9.782312774658203125e+01
4.143811798095703125e+01
4.003910446166992188e+01
1.237483825683593750e+02
6.214688110351562500e+01
8.357512664794921875e+01
4.891767883300781250e+01
4.853699493408203125e+01
5.348052978515625000e+01
5.177882003784179688e+01
3.380193710327148438e+01
4.907694244384765625e+01
3.650195693969726562e+01
3.774737548828125000e+01
8.311848449707031250e+01
3.337092208862304688e+01
7.750612640380859375e+01
5.506751632690429688e+01
5.930709457397460938e+01
4.314332199096679688e+01
4.597608184814453125e+01
5.109706497192382812e+01
6.892115783691406250e+01
4.501829910278320312e+01
3.579763412475585938e+01
3.546277618408203125e+01
6.151466751098632812e+01
9.276557922363281250e+01
4.435860443115234375e+01
7.533757781982421875e+01
4.819682312011718750e+01
4.632932281494140625e+01
1.546309509277343750e+02
3.620088958740234375e+01
4.630471801757812500e+01
1.155718536376953125e+02
1.675287475585937500e+02
1.972942504882812500e+02
4.821994018554687500e+01
8.282569885253906250e+01
3.397275543212890625e+01
1.035115661621093750e+02
5.197951126098632812e+01
3.340311431884765625e+01
1.463060607910156250e+02
5.367247009277343750e+01
6.841497802734375000e+01
1.404999389648437500e+02
6.014804458618164062e+01
5.757832717895507812e+01
8.694726562500000000e+01
3.376620864868164062e+01
7.919941711425781250e+01
1.252035522460937500e+02
3.888644409179687500e+01
6.452423858642578125e+01
6.365370559692382812e+01
4.784168624877929688e+01
9.471774291992187500e+01
1.329829254150390625e+02
8.104410552978515625e+01
1.207635955810546875e+02
8.831402587890625000e+01
4.810413360595703125e+01
8.362505340576171875e+01
8.742015075683593750e+01
3.000000000000000000e+01
3.277350234985351562e+01
3.000000000000000000e+01
4.087153625488281250e+01
6.395476913452148438e+01
1.025412139892578125e+02
4.312166595458984375e+01
4.345995712280273438e+01
3.626667022705078125e+01
2.621311645507812500e+02
4.543492889404296875e+01
3.704342269897460938e+01
3.438320922851562500e+01
3.000000000000000000e+01
4.729712677001953125e+01
7.019940948486328125e+01
6.625744628906250000e+01
1.103200454711914062e+02
6.011462402343750000e+01
4.966880798339843750e+01
5.155808639526367188e+01
4.421343231201171875e+01
1.495233612060546875e+02
4.104341888427734375e+01
3.725278472900390625e+01
5.654203796386718750e+01
4.307668685913085938e+01
6.202412414550781250e+01
5.946426773071289062e+01
1.325876617431640625e+02
7.702198028564453125e+01
8.519535064697265625e+01
6.579692840576171875e+01
4.104848480224609375e+01
6.645436096191406250e+01
3.553601837158203125e+01
5.597310638427734375e+01
7.151107025146484375e+01
3.282004547119140625e+01
3.789537811279296875e+01
9.159485626220703125e+01
4.229762268066406250e+01
3.970988464355468750e+01
1.466315765380859375e+02
5.941340637207031250e+01
4.344340133666992188e+01
6.650122833251953125e+01
4.369762420654296875e+01
5.768853759765625000e+01
9.344636535644531250e+01
4.935565567016601562e+01
7.750612640380859375e+01
2.298497924804687500e+02
5.177882003784179688e+01
1.236415939331054688e+02
4.124059295654296875e+01
5.629678726196289062e+01
8.827943420410156250e+01
6.117445373535156250e+01
5.457713317871093750e+01
7.341651153564453125e+01
3.434254455566406250e+01
6.774951934814453125e+01
4.853170776367187500e+01
7.211611175537109375e+01
4.323826217651367188e+01
4.823868560791015625e+01
7.182723236083984375e+01
1.153452606201171875e+02
8.484879302978515625e+01
5.065545654296875000e+01
5.306071472167968750e+01
4.703147888183593750e+01
5.445246505737304688e+01
7.194380187988281250e+01
3.767061614990234375e+01
1.100810394287109375e+02
9.327961730957031250e+01
3.058016777038574219e+01
1.101986236572265625e+02
9.880545043945312500e+01
5.098701477050781250e+01
4.718147277832031250e+01
4.355305862426757812e+01
4.111318969726562500e+01
1.804669036865234375e+02
3.264057540893554688e+01
4.738442993164062500e+01
5.048331069946289062e+01
4.001979827880859375e+01
9.803883361816406250e+01
4.521911239624023438e+01
5.057571792602539062e+01
1.393851623535156250e+02
6.675982666015625000e+01
9.515393066406250000e+01
3.823819732666015625e+01
3.313475036621093750e+01
5.959531784057617188e+01
9.340836334228515625e+01
8.817040252685546875e+01
7.922911071777343750e+01
8.035894775390625000e+01
3.719625854492187500e+01
7.888177490234375000e+01
8.274778747558593750e+01
5.009942245483398438e+01
3.811456298828125000e+01
7.733087158203125000e+01
9.561201477050781250e+01
7.031980133056640625e+01
5.693881988525390625e+01
5.147675704956054688e+01
3.000000000000000000e+01
4.371886444091796875e+01
3.000000000000000000e+01
3.352302551269531250e+01
3.000000000000000000e+01
3.286502456665039062e+01
5.197801971435546875e+01
5.327804183959960938e+01
4.348258209228515625e+01
8.007875061035156250e+01
6.702627563476562500e+01
4.861753082275390625e+01
4.144632339477539062e+01
5.960004425048828125e+01
5.850399780273437500e+01
3.281253433227539062e+01
3.366808319091796875e+01
6.552566528320312500e+01
3.320578384399414062e+01
5.924738693237304688e+01
3.000000000000000000e+01
5.791964721679687500e+01
3.000000000000000000e+01
3.395578384399414062e+01
9.820361328125000000e+01
4.384748458862304688e+01
3.133178520202636719e+01
6.658322143554687500e+01
3.725278472900390625e+01
6.663658142089843750e+01
3.000000000000000000e+01
4.473221969604492188e+01
1.367891845703125000e+02
4.295042419433593750e+01
1.323856658935546875e+02
1.149987411499023438e+02
3.940480041503906250e+01
3.000000000000000000e+01
9.364865112304687500e+01
4.346120452880859375e+01
6.235504150390625000e+01
7.360588073730468750e+01
1.662505187988281250e+02
5.175915145874023438e+01
4.993561553955078125e+01
5.903296661376953125e+01
3.526025009155273438e+01
4.610916900634765625e+01
1.094901428222656250e+02
4.469288635253906250e+01
6.912699127197265625e+01
3.294328308105468750e+01
4.580812835693359375e+01
3.103595161437988281e+01
4.726014328002929688e+01
4.011207580566406250e+01
4.700539398193359375e+01
4.047726821899414062e+01
3.412090301513671875e+01
3.727816009521484375e+01
4.953563690185546875e+01
4.409324645996093750e+01
4.301706314086914062e+01
6.384674072265625000e+01
6.388836288452148438e+01
7.078348541259765625e+01
1.134144058227539062e+02
5.926287841796875000e+01
9.770866394042968750e+01
8.280661773681640625e+01
1.201118316650390625e+02
4.290172958374023438e+01
4.882545852661132812e+01
3.000000000000000000e+01
4.530167388916015625e+01
7.231185913085937500e+01
7.368780517578125000e+01
7.529833984375000000e+01
8.511922454833984375e+01
4.148304367065429688e+01
4.127800750732421875e+01
6.737499237060546875e+01
9.348236083984375000e+01
4.278277587890625000e+01
4.829554367065429688e+01
3.998364257812500000e+01
3.705701446533203125e+01
9.013446044921875000e+01
3.822904968261718750e+01
4.509400558471679688e+01
4.606026458740234375e+01
4.468262863159179688e+01
6.751384735107421875e+01
8.650346374511718750e+01
3.812488555908203125e+01
3.532831192016601562e+01
3.262087249755859375e+01
1.103200454711914062e+02
5.285953903198242188e+01
4.144401550292968750e+01
6.919406890869140625e+01
5.448347473144531250e+01
4.286379241943359375e+01
5.750621032714843750e+01
5.214282989501953125e+01
7.574027252197265625e+01
4.275405120849609375e+01
5.493805694580078125e+01
7.601229858398437500e+01
7.699471282958984375e+01
6.957186889648437500e+01
4.619047546386718750e+01
3.663953781127929688e+01
6.887229156494140625e+01
6.887951660156250000e+01
4.612117004394531250e+01
5.336792755126953125e+01
5.668632507324218750e+01
4.009217453002929688e+01
5.636047744750976562e+01
3.653977966308593750e+01
3.000000000000000000e+01
5.485216903686523438e+01
6.665911865234375000e+01
7.182723236083984375e+01
5.181080245971679688e+01
5.525139999389648438e+01
3.990721130371093750e+01
7.089144897460937500e+01
1.124847869873046875e+02
6.310543060302734375e+01
3.597513198852539062e+01
1.201118316650390625e+02
4.821994400024414062e+01
6.439877319335937500e+01
9.561201477050781250e+01
3.585374832153320312e+01
3.947785949707031250e+01
6.272641372680664062e+01
3.000000000000000000e+01
4.791026306152343750e+01
2.416381835937500000e+02
5.763924407958984375e+01
3.741526031494140625e+01
3.149197769165039062e+01
1.482286529541015625e+02
6.425769042968750000e+01
5.627293395996093750e+01
9.152706146240234375e+01
4.081865692138671875e+01
1.367894897460937500e+02
7.242154693603515625e+01
1.002803192138671875e+02
3.000000000000000000e+01
4.655673980712890625e+01
7.106528472900390625e+01
8.935685729980468750e+01
6.735317230224609375e+01
4.501829910278320312e+01
4.403012084960937500e+01
3.000000000000000000e+01
4.854615402221679688e+01
6.262725067138671875e+01
4.945651245117187500e+01
3.715695571899414062e+01
7.477540588378906250e+01
7.838776397705078125e+01
4.197481536865234375e+01
3.000000000000000000e+01
4.900011444091796875e+01
3.000000000000000000e+01
5.375090789794921875e+01
1.146286315917968750e+02
4.867623519897460938e+01
7.092678070068359375e+01
4.722513961791992188e+01
5.044575500488281250e+01
3.370044708251953125e+01
1.099401397705078125e+02
6.250988006591796875e+01
7.126358032226562500e+01
9.741968536376953125e+01
5.820165252685546875e+01
4.810830307006835938e+01
4.897215270996093750e+01
5.321737289428710938e+01
5.788736343383789062e+01
7.186745452880859375e+01
1.804669036865234375e+02
4.583296966552734375e+01
5.173582458496093750e+01
5.133855819702148438e+01
6.025944519042968750e+01
4.598773956298828125e+01
5.479932403564453125e+01
5.210782241821289062e+01
6.875450134277343750e+01
8.465249633789062500e+01
3.000000000000000000e+01
3.881723022460937500e+01
5.822002792358398438e+01
1.094344711303710938e+02
7.410897064208984375e+01
1.323856811523437500e+02
4.289593505859375000e+01
3.497511672973632812e+01
5.134700393676757812e+01
7.053562927246093750e+01
1.842143249511718750e+02
7.057992553710937500e+01
5.645014953613281250e+01
5.132461547851562500e+01
3.543524551391601562e+01
3.756901931762695312e+01
8.691868591308593750e+01
3.617180252075195312e+01
3.662187576293945312e+01
5.922526550292968750e+01
9.063681793212890625e+01
6.301257705688476562e+01
9.853805541992187500e+01
4.273973083496093750e+01
5.592852783203125000e+01
6.214688110351562500e+01
8.833090209960937500e+01
5.189388275146484375e+01
4.771774291992187500e+01
4.870967102050781250e+01
3.823830413818359375e+01
3.179476737976074219e+01
4.104341888427734375e+01
3.865975952148437500e+01
5.168964767456054688e+01
5.941340637207031250e+01
4.682944488525390625e+01
3.000000000000000000e+01
3.502639007568359375e+01
3.704342651367187500e+01
3.056803321838378906e+01
1.223049468994140625e+02
3.000000000000000000e+01
6.882301330566406250e+01
9.182038879394531250e+01
3.775387191772460938e+01
3.780020141601562500e+01
3.683887100219726562e+01
6.504896545410156250e+01
7.174272155761718750e+01
5.932110977172851562e+01
5.444614410400390625e+01
5.555440521240234375e+01
4.799218750000000000e+01
5.993945312500000000e+01
4.401207351684570312e+01
7.202306365966796875e+01
3.000000000000000000e+01
5.959531784057617188e+01
5.470846176147460938e+01
3.442115783691406250e+01
3.835437774658203125e+01
5.451585769653320312e+01
6.279090881347656250e+01
5.470696640014648438e+01
4.969523620605468750e+01
5.410403442382812500e+01
4.957172393798828125e+01
6.831291961669921875e+01
8.956291961669921875e+01
5.792557144165039062e+01
9.170606231689453125e+01
4.169389343261718750e+01
5.284652709960937500e+01
4.603190612792968750e+01
6.421703338623046875e+01
6.433058929443359375e+01
5.908837127685546875e+01
8.388815307617187500e+01
4.549913787841796875e+01
8.645867919921875000e+01
4.638374710083007812e+01
4.992022323608398438e+01
8.511081695556640625e+01
1.464308166503906250e+02
1.089697113037109375e+02
4.868712615966796875e+01
3.000000000000000000e+01
4.707240295410156250e+01
5.090351104736328125e+01
8.484879302978515625e+01
7.507283782958984375e+01
6.884677886962890625e+01
1.088378753662109375e+02
4.900011444091796875e+01
4.138198089599609375e+01
3.473406219482421875e+01
5.990155792236328125e+01
5.442262268066406250e+01
3.551692581176757812e+01
3.949795532226562500e+01
8.185147094726562500e+01
6.048992919921875000e+01
4.428757858276367188e+01
9.931688690185546875e+01
3.462726211547851562e+01
4.382839965820312500e+01
4.461521911621093750e+01
4.720420837402343750e+01
4.810948944091796875e+01
4.771774291992187500e+01
2.175006866455078125e+02
7.192226409912109375e+01
4.537235260009765625e+01
3.935811614990234375e+01
5.158890151977539062e+01
1.156516571044921875e+02
4.245735931396484375e+01
4.877904510498046875e+01
6.342378234863281250e+01
3.715695571899414062e+01
8.461463928222656250e+01
4.997154998779296875e+01
5.621432113647460938e+01
4.705897140502929688e+01
4.376240539550781250e+01
4.251578521728515625e+01
4.319829940795898438e+01
7.394732666015625000e+01
6.213344192504882812e+01
2.002975769042968750e+02
3.662250900268554688e+01
5.241360473632812500e+01
6.848487854003906250e+01
5.540609359741210938e+01
4.282067871093750000e+01
3.000000000000000000e+01
4.491567230224609375e+01
5.065943527221679688e+01
3.365561676025390625e+01
5.377757263183593750e+01
5.555373764038085938e+01
4.609356307983398438e+01
4.653524780273437500e+01
3.636779403686523438e+01
3.940480041503906250e+01
3.990582275390625000e+01
3.515668487548828125e+01
5.466432189941406250e+01
7.644681549072265625e+01
3.000000000000000000e+01
3.818643569946289062e+01
4.136017608642578125e+01
7.062020874023437500e+01
5.294325637817382812e+01
1.102551422119140625e+02
3.257687377929687500e+01
7.922911071777343750e+01
8.741691589355468750e+01
4.638463592529296875e+01
8.511081695556640625e+01
3.244824981689453125e+01
3.854965591430664062e+01
4.035569763183593750e+01
4.211278533935546875e+01
1.281661376953125000e+02
5.092533111572265625e+01
3.000000000000000000e+01
7.058319854736328125e+01
5.421529388427734375e+01
1.129363021850585938e+02
6.806185913085937500e+01
3.942099761962890625e+01
5.784162902832031250e+01
7.328774261474609375e+01
7.943215942382812500e+01
7.809884643554687500e+01
6.812178039550781250e+01
3.398078918457031250e+01
4.447662353515625000e+01
7.308878326416015625e+01
7.008405303955078125e+01
1.254752502441406250e+02
1.009878845214843750e+02
1.147679290771484375e+02
5.519245147705078125e+01
4.357699584960937500e+01
5.026423645019531250e+01
3.000000000000000000e+01
4.620651245117187500e+01
3.000000000000000000e+01
3.000000000000000000e+01
7.320349884033203125e+01
1.292151794433593750e+02
6.566801452636718750e+01
3.000000000000000000e+01
6.216659545898437500e+01
6.560073089599609375e+01
4.398197937011718750e+01
4.879948425292968750e+01
7.186745452880859375e+01
4.073959350585937500e+01
6.369359588623046875e+01
3.756901931762695312e+01
5.615507125854492188e+01
6.471723175048828125e+01
3.719082260131835938e+01
4.209662628173828125e+01
6.020045089721679688e+01
3.738728713989257812e+01
7.147200775146484375e+01
6.440107727050781250e+01
4.844342803955078125e+01
8.737890625000000000e+01
5.922343444824218750e+01
4.027208328247070312e+01
5.171636199951171875e+01
3.268527221679687500e+01
3.835909271240234375e+01
3.447942733764648438e+01
3.000000000000000000e+01
3.492192077636718750e+01
9.096390533447265625e+01
4.966880798339843750e+01
4.008943939208984375e+01
1.153452682495117188e+02
8.196229553222656250e+01
4.030054473876953125e+01
6.525257873535156250e+01
7.121309661865234375e+01
4.348258209228515625e+01
5.764098358154296875e+01
1.118962249755859375e+02
5.830341720581054688e+01
7.845954895019531250e+01
4.147785568237304688e+01
3.416360092163085938e+01
5.137928390502929688e+01
4.545684051513671875e+01
4.106511688232421875e+01
4.333834075927734375e+01
3.858271026611328125e+01
4.910724639892578125e+01
4.557099151611328125e+01
5.367247009277343750e+01
3.514105987548828125e+01
3.738621902465820312e+01
8.393731689453125000e+01
9.610163879394531250e+01
3.966274261474609375e+01
9.328592681884765625e+01
4.957245635986328125e+01
3.000000000000000000e+01
9.248437500000000000e+01
8.542672729492187500e+01
4.167889785766601562e+01
6.219554138183593750e+01
4.385138702392578125e+01
5.010301208496093750e+01
3.000000000000000000e+01
7.797795104980468750e+01
4.908724212646484375e+01
3.947200012207031250e+01
3.823819732666015625e+01
5.922661590576171875e+01
6.044815444946289062e+01
3.407348632812500000e+01
6.522910308837890625e+01
6.251731109619140625e+01
5.148746490478515625e+01
7.576806640625000000e+01
7.331652832031250000e+01
3.536104202270507812e+01
5.408386230468750000e+01
4.073656082153320312e+01
5.159520721435546875e+01
6.344268417358398438e+01
8.814077758789062500e+01
5.621432113647460938e+01
4.592329025268554688e+01
6.687496948242187500e+01
6.522910308837890625e+01
5.068099975585937500e+01
4.671910858154296875e+01
4.105577087402343750e+01
4.382948684692382812e+01
6.200652313232421875e+01
5.190321350097656250e+01
4.562718200683593750e+01
3.849238204956054688e+01
4.308639526367187500e+01
4.579616546630859375e+01
3.805522155761718750e+01
5.862922668457031250e+01
5.019798278808593750e+01
3.073390960693359375e+01
7.962600708007812500e+01
3.636667251586914062e+01
6.708812713623046875e+01
3.511826324462890625e+01
8.670748901367187500e+01
6.521597290039062500e+01
4.599786376953125000e+01
4.973999023437500000e+01
4.029477310180664062e+01
6.987437438964843750e+01
7.333933258056640625e+01
4.296836853027343750e+01
4.300373077392578125e+01
5.713562393188476562e+01
4.887042236328125000e+01
5.951568603515625000e+01
3.663903045654296875e+01
7.204627990722656250e+01
4.187319564819335938e+01
3.000000000000000000e+01
4.448669815063476562e+01
4.183173370361328125e+01
7.151998901367187500e+01
3.000000000000000000e+01
8.827944183349609375e+01
5.042411804199218750e+01
4.492813873291015625e+01
3.760231781005859375e+01
4.656842803955078125e+01
4.004881286621093750e+01
5.254604339599609375e+01
3.000000000000000000e+01
4.131747817993164062e+01
3.000000000000000000e+01
4.185151290893554688e+01
5.872651672363281250e+01
5.378055572509765625e+01
6.765504455566406250e+01
5.038846206665039062e+01
5.014859390258789062e+01
4.940497970581054688e+01
3.000000000000000000e+01
3.000000000000000000e+01
4.656842803955078125e+01
8.388815307617187500e+01
3.863806915283203125e+01
4.393017196655273438e+01
3.000000000000000000e+01
7.254541015625000000e+01
4.902368545532226562e+01
7.664881134033203125e+01
3.682751846313476562e+01
3.404811096191406250e+01
6.114149856567382812e+01
3.000000000000000000e+01
5.280681610107421875e+01
3.000000000000000000e+01
4.630674743652343750e+01
3.000000000000000000e+01
3.000000000000000000e+01
4.894881439208984375e+01
3.913921356201171875e+01
7.791829681396484375e+01
4.098434829711914062e+01
8.814078521728515625e+01
5.384281158447265625e+01
4.058621978759765625e+01
3.947100448608398438e+01
4.462242126464843750e+01
3.380219268798828125e+01
4.657902526855468750e+01
5.133352661132812500e+01
6.625744628906250000e+01
4.473221969604492188e+01
4.350692749023437500e+01
4.201678085327148438e+01
8.070761108398437500e+01
6.216057205200195312e+01
3.297673797607421875e+01
3.000000000000000000e+01
3.000000000000000000e+01
4.237995529174804688e+01
3.442115783691406250e+01
6.078395843505859375e+01
4.791459655761718750e+01
3.578305053710937500e+01
4.398841094970703125e+01
3.485971832275390625e+01
3.414398956298828125e+01
5.396294403076171875e+01
3.629708099365234375e+01
6.487512207031250000e+01
4.260357666015625000e+01
7.435044860839843750e+01
5.384281158447265625e+01
7.097908020019531250e+01
3.000000000000000000e+01
3.145307731628417969e+01
5.183009338378906250e+01
3.000000000000000000e+01
4.769360351562500000e+01
7.435541534423828125e+01
3.273880386352539062e+01
4.613532638549804688e+01
4.235547637939453125e+01
3.000000000000000000e+01
5.000976181030273438e+01
6.011462402343750000e+01
3.316132736206054688e+01
4.626409149169921875e+01
8.474623107910156250e+01
4.242547607421875000e+01
7.328774261474609375e+01
8.239079284667968750e+01
3.124320602416992188e+01
6.869296264648437500e+01
3.698836135864257812e+01
5.457713317871093750e+01
4.750950622558593750e+01
5.932202911376953125e+01
5.745577621459960938e+01
5.946427154541015625e+01
4.648919677734375000e+01
6.310936355590820312e+01
6.761209106445312500e+01
3.352476119995117188e+01
8.247404479980468750e+01
3.632632446289062500e+01
3.583660888671875000e+01
3.631221008300781250e+01
4.757913589477539062e+01
3.000000000000000000e+01
6.810375976562500000e+01
5.523577880859375000e+01
5.241360473632812500e+01
3.872687149047851562e+01
4.822107696533203125e+01
4.503525924682617188e+01
3.148017120361328125e+01
7.468007659912109375e+01
3.893265533447265625e+01
4.915351486206054688e+01
6.554291534423828125e+01
3.528877258300781250e+01
4.563467025756835938e+01
4.649785614013671875e+01
4.973999023437500000e+01
3.000000000000000000e+01
3.513739013671875000e+01
3.166648864746093750e+01
6.166208648681640625e+01
3.886304092407226562e+01
4.421600341796875000e+01
5.822002792358398438e+01
4.103210449218750000e+01
4.700539398193359375e+01
4.595695877075195312e+01
7.534556579589843750e+01
4.414270782470703125e+01
6.589347076416015625e+01
1.199464797973632812e+02
4.811069869995117188e+01
4.117249679565429688e+01
5.022666168212890625e+01
4.743811035156250000e+01
4.106367492675781250e+01
4.350738525390625000e+01
5.203641510009765625e+01
9.741968536376953125e+01
5.694744110107421875e+01
3.836910629272460938e+01
5.047535705566406250e+01
4.738639831542968750e+01
4.058698654174804688e+01
4.610916900634765625e+01
4.720420837402343750e+01
5.815975189208984375e+01
3.000000000000000000e+01
5.157160949707031250e+01
3.996160507202148438e+01
5.460197448730468750e+01
5.636047744750976562e+01
3.761742782592773438e+01
5.163491821289062500e+01
5.143637847900390625e+01
3.000000000000000000e+01
6.504446411132812500e+01
4.292768859863281250e+01
4.361981201171875000e+01
7.410897064208984375e+01
3.895763778686523438e+01
3.000000000000000000e+01
4.598774337768554688e+01
4.663702774047851562e+01
3.545987319946289062e+01
6.437185668945312500e+01
4.050377655029296875e+01
4.001463317871093750e+01
4.147367858886718750e+01
5.556251525878906250e+01
5.377395629882812500e+01
3.878765869140625000e+01
5.164487838745117188e+01
4.627864074707031250e+01
3.000000000000000000e+01
5.076418685913085938e+01
5.980125808715820312e+01
4.290172958374023438e+01
3.933513641357421875e+01
5.813046264648437500e+01
5.093342971801757812e+01
4.636361694335937500e+01
5.686144256591796875e+01
4.650510025024414062e+01
5.766484832763671875e+01
4.086177825927734375e+01
1.145594177246093750e+02
7.970915985107421875e+01
4.330672836303710938e+01
6.313195419311523438e+01
3.294308853149414062e+01
7.199435424804687500e+01
3.000000000000000000e+01
3.956259918212890625e+01
8.723126983642578125e+01
4.237644958496093750e+01
4.079669570922851562e+01
4.651680755615234375e+01
9.573458862304687500e+01
3.634833526611328125e+01
3.410858154296875000e+01
3.095553588867187500e+01
5.126042175292968750e+01
4.516526031494140625e+01
3.000000000000000000e+01
5.467935180664062500e+01
8.467876434326171875e+01
4.904080963134765625e+01
4.080966949462890625e+01
3.000000000000000000e+01
5.366034698486328125e+01
4.132698440551757812e+01
4.670607757568359375e+01
5.639213562011718750e+01
1.102551422119140625e+02
5.495042419433593750e+01
7.880625152587890625e+01
7.432372283935546875e+01
7.643630218505859375e+01
6.304431152343750000e+01
3.000000000000000000e+01
3.689420700073242188e+01
5.908368301391601562e+01
4.231548690795898438e+01
4.560276794433593750e+01
3.000000000000000000e+01
3.649449539184570312e+01
3.992410659790039062e+01
3.502359771728515625e+01
3.000000000000000000e+01
4.638407516479492188e+01
7.076045227050781250e+01
5.252565383911132812e+01
3.506867218017578125e+01
3.915107727050781250e+01
3.329041290283203125e+01
5.501198959350585938e+01
5.351434326171875000e+01
5.909132766723632812e+01
5.385087966918945312e+01
4.544419097900390625e+01
3.000000000000000000e+01
7.888177490234375000e+01
5.619116210937500000e+01
3.266109085083007812e+01
6.987437438964843750e+01
3.409075164794921875e+01
9.897117614746093750e+01
4.106395721435546875e+01
5.504809570312500000e+01
5.690852737426757812e+01
4.197812652587890625e+01
3.000000000000000000e+01
3.889860916137695312e+01
5.315230178833007812e+01
4.104848480224609375e+01
4.263398742675781250e+01
4.324164962768554688e+01
4.613525009155273438e+01
3.948789978027343750e+01
8.461463928222656250e+01
5.649265670776367188e+01
6.602787780761718750e+01
3.575828170776367188e+01
3.324461746215820312e+01
5.075452804565429688e+01
3.992411041259765625e+01
5.751736831665039062e+01
5.460313415527343750e+01
6.579356384277343750e+01
4.197294616699218750e+01
5.083439636230468750e+01
3.902782440185546875e+01
3.867485809326171875e+01
3.000000000000000000e+01
8.334542846679687500e+01
3.576044082641601562e+01
3.843027496337890625e+01
3.132065010070800781e+01
4.470971679687500000e+01
4.306753540039062500e+01
3.000000000000000000e+01
4.632931900024414062e+01
4.492594909667968750e+01
3.000000000000000000e+01
5.913402175903320312e+01
7.058319854736328125e+01
3.918682098388671875e+01
5.486222457885742188e+01
5.000193786621093750e+01
4.147928237915039062e+01
4.358841323852539062e+01
5.067725372314453125e+01
4.174230194091796875e+01
4.159529113769531250e+01
4.326148605346679688e+01
4.422564315795898438e+01
3.588558959960937500e+01
4.100510787963867188e+01
3.852671432495117188e+01
3.550354385375976562e+01
3.408206558227539062e+01
3.779368591308593750e+01
3.549017333984375000e+01
5.232351684570312500e+01
4.723121261596679688e+01
9.573458862304687500e+01
4.189606475830078125e+01
3.732556533813476562e+01
3.827375030517578125e+01
8.196469116210937500e+01
3.526025009155273438e+01
4.245449829101562500e+01
8.334542846679687500e+01
4.239148330688476562e+01
4.955844879150390625e+01
3.516072463989257812e+01
5.197801971435546875e+01
9.745770263671875000e+01
9.029151916503906250e+01
5.915883255004882812e+01
6.952943420410156250e+01
3.504624176025390625e+01
3.000000000000000000e+01
4.268125152587890625e+01
3.667038726806640625e+01
5.474699401855468750e+01
5.749511718750000000e+01
3.630328750610351562e+01
3.912746047973632812e+01
6.562660217285156250e+01
3.373741531372070312e+01
5.885893630981445312e+01
4.303890991210937500e+01
4.272779464721679688e+01
3.528174209594726562e+01
3.597513580322265625e+01
3.698836135864257812e+01
3.711174774169921875e+01
4.302843093872070312e+01
7.247706604003906250e+01
4.250441360473632812e+01
4.378453063964843750e+01
8.316300964355468750e+01
5.260574722290039062e+01
3.155389022827148438e+01
4.064743041992187500e+01
3.741234207153320312e+01
5.023707580566406250e+01
4.102842330932617188e+01
3.825381851196289062e+01
3.731187438964843750e+01
6.450692749023437500e+01
6.471106719970703125e+01
5.832295989990234375e+01
3.272330474853515625e+01
4.570842361450195312e+01
4.284548568725585938e+01
3.870550918579101562e+01
7.217240905761718750e+01
4.193958282470703125e+01
4.189193725585937500e+01
3.000000000000000000e+01
3.774045181274414062e+01
3.455481719970703125e+01
3.161491584777832031e+01
5.647763824462890625e+01
4.248855209350585938e+01
5.694744110107421875e+01
4.810948944091796875e+01
4.687532806396484375e+01
3.457390213012695312e+01
5.118292236328125000e+01
3.000000000000000000e+01
6.715138244628906250e+01
4.174317169189453125e+01
5.118258666992187500e+01
4.506289672851562500e+01
7.062020874023437500e+01
4.193113327026367188e+01
3.577620315551757812e+01
3.169336128234863281e+01
3.653200531005859375e+01
5.176500320434570312e+01
4.600995254516601562e+01
4.313983154296875000e+01
3.000000000000000000e+01
3.640940856933593750e+01
3.000000000000000000e+01
3.812393188476562500e+01
4.581601715087890625e+01
4.145360565185546875e+01
4.403241729736328125e+01
4.742922210693359375e+01
6.682337188720703125e+01
4.530759429931640625e+01
5.174522018432617188e+01
6.556877136230468750e+01
3.000000000000000000e+01
5.679641723632812500e+01
3.877816009521484375e+01
3.844665527343750000e+01
4.154362487792968750e+01
4.349987411499023438e+01
3.577978134155273438e+01
3.740804672241210938e+01
3.000000000000000000e+01
3.915016555786132812e+01
4.374363327026367188e+01
4.363760375976562500e+01
