4.991294479370117188e+01
4.959458923339843750e+01
3.476915740966796875e+01
4.048668670654296875e+01
6.209793090820312500e+01
7.327671813964843750e+01
3.000000000000000000e+01
9.166671752929687500e+01
4.959957885742187500e+01
1.321645965576171875e+02
4.328549957275390625e+01
1.566777801513671875e+02
5.245713806152343750e+01
4.376193618774414062e+01
3.000000000000000000e+01
6.820075225830078125e+01
5.680102539062500000e+01
4.425668334960937500e+01
4.339305496215820312e+01
1.319909362792968750e+02
3.997981643676757812e+01
7.554197692871093750e+01
3.000000000000000000e+01
5.105831146240234375e+01
5.163920211791992188e+01
6.179043579101562500e+01
3.119741439819335938e+01
6.982007598876953125e+01
2.007991485595703125e+02
6.480252838134765625e+01
6.643219757080078125e+01
5.004528808593750000e+01
4.431742858886718750e+01
1.264299240112304688e+02
8.102226257324218750e+01
6.784145355224609375e+01
6.528067016601562500e+01
5.437771987915039062e+01
4.487248229980468750e+01
5.437997817993164062e+01
3.706184768676757812e+01
4.596466827392578125e+01
5.248629760742187500e+01
4.997500610351562500e+01
3.171171569824218750e+01
4.182858276367187500e+01
5.231121444702148438e+01
5.953551483154296875e+01
1.299541320800781250e+02
3.247840499877929688e+01
4.157796096801757812e+01
3.000000000000000000e+01
5.536291885375976562e+01
4.227509689331054688e+01
8.831980895996093750e+01
4.783089065551757812e+01
8.039242553710937500e+01
4.635944366455078125e+01
5.372619628906250000e+01
6.117353820800781250e+01
5.842621612548828125e+01
7.567706298828125000e+01
4.021506500244140625e+01
6.927267456054687500e+01
8.895137786865234375e+01
5.212891387939453125e+01
4.592044448852539062e+01
3.161590194702148438e+01
4.312271499633789062e+01
5.755625152587890625e+01
6.520439147949218750e+01
3.773291015625000000e+01
1.218747940063476562e+02
4.119486999511718750e+01
8.194390869140625000e+01
6.734396362304687500e+01
4.073202133178710938e+01
4.905458068847656250e+01
4.764107513427734375e+01
7.316760253906250000e+01
3.887319183349609375e+01
5.680102539062500000e+01
4.991808700561523438e+01
9.047978210449218750e+01
8.152596282958984375e+01
4.326322937011718750e+01
3.980600738525390625e+01
4.917042541503906250e+01
5.245713806152343750e+01
6.037862396240234375e+01
4.931130599975585938e+01
4.938130950927734375e+01
7.178478240966796875e+01
5.191308212280273438e+01
1.060984954833984375e+02
9.851553344726562500e+01
6.126898574829101562e+01
4.264151763916015625e+01
1.035541610717773438e+02
4.482334899902343750e+01
8.895544433593750000e+01
6.904338073730468750e+01
1.404035339355468750e+02
3.414666748046875000e+01
4.792481613159179688e+01
7.152394866943359375e+01
3.000000000000000000e+01
6.426322937011718750e+01
4.933354949951171875e+01
3.000000000000000000e+01
4.517134857177734375e+01
3.318107223510742188e+01
7.177999877929687500e+01
9.390190124511718750e+01
3.924338531494140625e+01
4.003398895263671875e+01
9.669260406494140625e+01
4.708490371704101562e+01
7.492144775390625000e+01
5.504525375366210938e+01
4.711621856689453125e+01
5.464313125610351562e+01
3.184473609924316406e+01
4.874703216552734375e+01
4.038512039184570312e+01
4.703299713134765625e+01
7.385484313964843750e+01
5.823984527587890625e+01
4.302331542968750000e+01
5.606890106201171875e+01
5.292321777343750000e+01
8.793770599365234375e+01
6.644477081298828125e+01
4.935322189331054688e+01
5.721359252929687500e+01
5.160010528564453125e+01
1.014500579833984375e+02
4.459254074096679688e+01
3.971276092529296875e+01
6.604325866699218750e+01
4.326306915283203125e+01
1.019931945800781250e+02
8.305082702636718750e+01
5.731356048583984375e+01
7.533740234375000000e+01
4.519815444946289062e+01
1.089828567504882812e+02
9.556016540527343750e+01
6.266687774658203125e+01
1.642330322265625000e+02
6.616944885253906250e+01
7.640038299560546875e+01
4.973536682128906250e+01
8.059574890136718750e+01
4.703134155273437500e+01
1.046138610839843750e+02
3.621661758422851562e+01
1.195603179931640625e+02
4.388418579101562500e+01
6.947352600097656250e+01
3.751435470581054688e+01
5.203601074218750000e+01
5.556113433837890625e+01
4.206483459472656250e+01
6.692044830322265625e+01
4.143804931640625000e+01
6.226753234863281250e+01
5.024980926513671875e+01
3.918647766113281250e+01
1.454450225830078125e+02
5.100062942504882812e+01
4.667070388793945312e+01
3.744452285766601562e+01
3.000000000000000000e+01
4.605116271972656250e+01
6.588034057617187500e+01
4.914143371582031250e+01
4.483109283447265625e+01
6.982499694824218750e+01
6.079817962646484375e+01
6.452815246582031250e+01
5.815778350830078125e+01
8.302790069580078125e+01
6.582953643798828125e+01
4.333839416503906250e+01
4.802190017700195312e+01
3.000000000000000000e+01
7.320179748535156250e+01
5.293974685668945312e+01
4.403802871704101562e+01
5.160932922363281250e+01
7.351648712158203125e+01
5.538817214965820312e+01
3.956985473632812500e+01
5.302474975585937500e+01
3.326483917236328125e+01
3.859450912475585938e+01
7.731176757812500000e+01
1.197938842773437500e+02
7.247072601318359375e+01
5.693105697631835938e+01
9.341053771972656250e+01
5.109349060058593750e+01
3.000000000000000000e+01
5.106745529174804688e+01
4.525894546508789062e+01
6.030368423461914062e+01
6.635060119628906250e+01
1.404550476074218750e+02
3.541173553466796875e+01
4.916933441162109375e+01
8.936450195312500000e+01
4.641176986694335938e+01
4.181381225585937500e+01
4.159233856201171875e+01
3.907487487792968750e+01
6.518058776855468750e+01
5.759436035156250000e+01
4.479533004760742188e+01
4.542913818359375000e+01
3.741121673583984375e+01
6.835998535156250000e+01
8.085144042968750000e+01
4.003358840942382812e+01
4.137867736816406250e+01
3.812217712402343750e+01
5.154647827148437500e+01
9.791148376464843750e+01
6.131368255615234375e+01
8.162492370605468750e+01
3.874592971801757812e+01
4.779556655883789062e+01
5.324521636962890625e+01
3.732169342041015625e+01
5.039656066894531250e+01
6.411814880371093750e+01
4.492305755615234375e+01
4.753234100341796875e+01
6.611131286621093750e+01
5.717031860351562500e+01
4.323277282714843750e+01
1.261805191040039062e+02
7.554010009765625000e+01
6.173814392089843750e+01
9.626104736328125000e+01
4.258422851562500000e+01
5.354309463500976562e+01
1.422364959716796875e+02
1.606570129394531250e+02
5.183294296264648438e+01
5.497537231445312500e+01
4.352392578125000000e+01
5.303131866455078125e+01
1.162636413574218750e+02
4.892684936523437500e+01
7.390961456298828125e+01
4.909164428710937500e+01
4.326711273193359375e+01
3.876279449462890625e+01
1.590453643798828125e+02
6.809921264648437500e+01
5.848012161254882812e+01
6.484641265869140625e+01
4.548102569580078125e+01
1.550875701904296875e+02
6.182839584350585938e+01
1.439681243896484375e+02
7.558149719238281250e+01
4.473518371582031250e+01
6.540281677246093750e+01
5.865240478515625000e+01
4.169546508789062500e+01
6.173814392089843750e+01
6.762299346923828125e+01
1.173472595214843750e+02
3.000000000000000000e+01
6.198316574096679688e+01
8.074464416503906250e+01
8.512356567382812500e+01
9.046283721923828125e+01
7.689373016357421875e+01
6.177223205566406250e+01
7.592247772216796875e+01
4.243627548217773438e+01
5.980539321899414062e+01
4.208540344238281250e+01
4.257445526123046875e+01
5.410580062866210938e+01
4.178122329711914062e+01
4.151339721679687500e+01
4.225042724609375000e+01
3.733702468872070312e+01
3.581373596191406250e+01
7.990629577636718750e+01
3.577671051025390625e+01
3.738553619384765625e+01
4.699488067626953125e+01
5.772495651245117188e+01
4.497103118896484375e+01
6.120387268066406250e+01
5.435269927978515625e+01
3.328323364257812500e+01
3.701878356933593750e+01
6.997042846679687500e+01
6.482389831542968750e+01
4.156116104125976562e+01
7.498426818847656250e+01
6.728404998779296875e+01
7.140063476562500000e+01
1.026377487182617188e+02
1.552208862304687500e+02
3.438538360595703125e+01
8.870064544677734375e+01
8.561317443847656250e+01
9.368683624267578125e+01
4.154211044311523438e+01
4.198635482788085938e+01
1.450760192871093750e+02
6.520940399169921875e+01
1.035541610717773438e+02
3.889977264404296875e+01
4.730190277099609375e+01
5.171361541748046875e+01
4.585502624511718750e+01
3.539301300048828125e+01
4.717388534545898438e+01
4.094347763061523438e+01
3.852754974365234375e+01
1.218747940063476562e+02
3.397844314575195312e+01
8.228771972656250000e+01
5.160552597045898438e+01
5.103988647460937500e+01
4.399083709716796875e+01
5.122705078125000000e+01
5.243039321899414062e+01
9.030001831054687500e+01
5.467556381225585938e+01
3.000000000000000000e+01
3.866463470458984375e+01
5.579320144653320312e+01
8.817412567138671875e+01
4.086255645751953125e+01
7.140063476562500000e+01
4.897471618652343750e+01
5.009152221679687500e+01
1.357864685058593750e+02
3.796543884277343750e+01
4.039282226562500000e+01
9.358303833007812500e+01
1.527922210693359375e+02
1.824101257324218750e+02
6.002144622802734375e+01
7.567706298828125000e+01
4.297037506103515625e+01
8.600286865234375000e+01
6.161663055419921875e+01
3.464802551269531250e+01
1.029105148315429688e+02
4.931397247314453125e+01
7.766761779785156250e+01
1.201958770751953125e+02
6.902270507812500000e+01
5.978642272949218750e+01
8.069839477539062500e+01
3.000000000000000000e+01
6.936097717285156250e+01
1.155030746459960938e+02
3.543170166015625000e+01
5.132775878906250000e+01
6.296912384033203125e+01
4.906878280639648438e+01
9.381547546386718750e+01
1.287561645507812500e+02
6.642485809326171875e+01
1.070353088378906250e+02
7.626403808593750000e+01
6.480252075195312500e+01
7.441426086425781250e+01
7.151171875000000000e+01
3.309648513793945312e+01
3.079679298400878906e+01
3.198912429809570312e+01
4.968534851074218750e+01
5.789952850341796875e+01
7.554010009765625000e+01
4.570027923583984375e+01
4.839040374755859375e+01
3.785454559326171875e+01
2.715131835937500000e+02
5.044622039794921875e+01
3.996154022216796875e+01
3.079592704772949219e+01
3.000000000000000000e+01
4.912532424926757812e+01
6.506478881835937500e+01
7.538642883300781250e+01
1.037611770629882812e+02
6.263650512695312500e+01
5.191069793701171875e+01
5.188146209716796875e+01
4.304256820678710938e+01
1.681994628906250000e+02
3.983407592773437500e+01
4.214463043212890625e+01
8.583822631835937500e+01
4.263125610351562500e+01
6.358142089843750000e+01
6.903920745849609375e+01
1.417375030517578125e+02
7.800868225097656250e+01
7.695117187500000000e+01
5.897319030761718750e+01
5.089075088500976562e+01
6.629528808593750000e+01
3.851914978027343750e+01
5.425384140014648438e+01
9.607274627685546875e+01
4.174935150146484375e+01
3.513044357299804688e+01
7.868693542480468750e+01
3.000000000000000000e+01
3.944623947143554688e+01
1.425627593994140625e+02
7.034542846679687500e+01
5.285588836669921875e+01
7.264147949218750000e+01
4.600187683105468750e+01
5.946559906005859375e+01
9.287435913085937500e+01
4.778909301757812500e+01
8.228771972656250000e+01
2.002217712402343750e+02
4.585502624511718750e+01
1.125334320068359375e+02
4.776326751708984375e+01
5.484513473510742188e+01
8.389591979980468750e+01
6.982007598876953125e+01
5.710647583007812500e+01
6.812910461425781250e+01
4.099910736083984375e+01
6.045282745361328125e+01
4.714999771118164062e+01
5.891146469116210938e+01
3.703027725219726562e+01
5.435993957519531250e+01
5.271677017211914062e+01
1.622222900390625000e+02
9.203186798095703125e+01
5.118941497802734375e+01
4.973536682128906250e+01
4.877964401245117188e+01
5.691045761108398438e+01
7.090721893310546875e+01
3.000000000000000000e+01
8.409942626953125000e+01
9.126496124267578125e+01
4.407091903686523438e+01
1.124949645996093750e+02
9.239067077636718750e+01
5.898916625976562500e+01
4.848243713378906250e+01
5.093769073486328125e+01
4.861594009399414062e+01
2.065361328125000000e+02
3.439091491699218750e+01
5.883996963500976562e+01
4.908789825439453125e+01
4.462521743774414062e+01
1.039818420410156250e+02
4.160951614379882812e+01
5.155262374877929688e+01
1.382005920410156250e+02
6.482389831542968750e+01
7.432606506347656250e+01
4.735905456542968750e+01
5.278705215454101562e+01
5.303025054931640625e+01
8.455766296386718750e+01
8.195156860351562500e+01
7.251422119140625000e+01
7.509671783447265625e+01
3.792715454101562500e+01
7.431110382080078125e+01
9.308290100097656250e+01
4.672019958496093750e+01
4.181381225585937500e+01
6.478673553466796875e+01
1.138303070068359375e+02
6.792415618896484375e+01
5.465150833129882812e+01
4.447806930541992188e+01
3.000000000000000000e+01
3.908793640136718750e+01
3.000000000000000000e+01
5.182708358764648438e+01
3.922562026977539062e+01
4.653052902221679688e+01
5.884264755249023438e+01
5.409197998046875000e+01
4.631884765625000000e+01
8.108053588867187500e+01
5.706536483764648438e+01
3.846336746215820312e+01
4.085474777221679688e+01
5.447828292846679688e+01
5.455648803710937500e+01
3.084561920166015625e+01
3.602064132690429688e+01
6.830461883544921875e+01
3.424356079101562500e+01
5.890454483032226562e+01
3.108449554443359375e+01
5.319010162353515625e+01
3.728578567504882812e+01
3.000000000000000000e+01
1.123211517333984375e+02
5.390055084228515625e+01
3.453686523437500000e+01
8.101319885253906250e+01
4.214463043212890625e+01
7.190213775634765625e+01
5.272380828857421875e+01
5.089151382446289062e+01
1.151659393310546875e+02
4.587477874755859375e+01
1.623235473632812500e+02
8.945024108886718750e+01
3.671318435668945312e+01
4.313360595703125000e+01
8.985356140136718750e+01
5.094286727905273438e+01
5.927638626098632812e+01
6.484642028808593750e+01
2.069833679199218750e+02
5.053986358642578125e+01
6.514262390136718750e+01
5.548038482666015625e+01
4.312921905517578125e+01
4.996821975708007812e+01
1.067251739501953125e+02
4.846100997924804688e+01
8.558900451660156250e+01
6.026898956298828125e+01
3.869778442382812500e+01
4.315242385864257812e+01
4.159712219238281250e+01
4.546682739257812500e+01
3.719476699829101562e+01
3.744650268554687500e+01
3.990471649169921875e+01
4.474705505371093750e+01
4.617874908447265625e+01
4.281273651123046875e+01
4.672551727294921875e+01
5.475505447387695312e+01
6.426322937011718750e+01
7.123887634277343750e+01
1.404550476074218750e+02
6.845291137695312500e+01
1.058267974853515625e+02
8.218322753906250000e+01
1.104775009155273438e+02
3.938662719726562500e+01
5.272232818603515625e+01
6.264650344848632812e+01
4.457754135131835938e+01
5.845365142822265625e+01
8.216748046875000000e+01
7.176206970214843750e+01
6.903542327880859375e+01
3.924338531494140625e+01
4.349676513671875000e+01
6.464947509765625000e+01
9.179951477050781250e+01
3.992982482910156250e+01
5.496195220947265625e+01
4.523711395263671875e+01
4.244849395751953125e+01
9.872720336914062500e+01
4.931130599975585938e+01
4.862220001220703125e+01
4.473441696166992188e+01
4.952461242675781250e+01
7.422888946533203125e+01
1.024493179321289062e+02
3.530542373657226562e+01
4.164318466186523438e+01
3.414639663696289062e+01
1.037611694335937500e+02
5.988255310058593750e+01
3.740388488769531250e+01
5.424769592285156250e+01
5.915485763549804688e+01
4.674840545654296875e+01
5.415078735351562500e+01
5.246322631835937500e+01
6.725379943847656250e+01
3.946799468994140625e+01
6.553725433349609375e+01
6.083047485351562500e+01
8.478970336914062500e+01
6.478723144531250000e+01
4.156796264648437500e+01
3.855207824707031250e+01
5.963436126708984375e+01
6.425958251953125000e+01
4.889807510375976562e+01
5.214986419677734375e+01
5.684959411621093750e+01
3.954240417480468750e+01
5.281579971313476562e+01
6.209209442138671875e+01
3.281955718994140625e+01
4.886289215087890625e+01
6.456954956054687500e+01
5.271677017211914062e+01
5.664620208740234375e+01
5.094985580444335938e+01
3.494598770141601562e+01
6.674073028564453125e+01
1.184625244140625000e+02
6.447238922119140625e+01
4.734479522705078125e+01
1.104775009155273438e+02
6.002144622802734375e+01
6.458843994140625000e+01
1.138303070068359375e+02
3.909426879882812500e+01
3.514543151855468750e+01
7.597177124023437500e+01
3.000000000000000000e+01
4.225070571899414062e+01
1.841635894775390625e+02
5.734035491943359375e+01
3.000000000000000000e+01
4.112874603271484375e+01
1.275712356567382812e+02
7.730123138427734375e+01
4.651823425292968750e+01
1.202455902099609375e+02
4.791720581054687500e+01
1.149801330566406250e+02
7.372056579589843750e+01
1.180663909912109375e+02
4.060552597045898438e+01
3.251158523559570312e+01
9.577899169921875000e+01
7.484666442871093750e+01
7.401059722900390625e+01
5.467556381225585938e+01
4.782071685791015625e+01
3.000000000000000000e+01
4.844359588623046875e+01
5.823600006103515625e+01
3.704040145874023438e+01
3.808422851562500000e+01
7.277808380126953125e+01
7.687132263183593750e+01
3.993562316894531250e+01
3.000000000000000000e+01
4.939033889770507812e+01
3.000000000000000000e+01
4.283846282958984375e+01
1.142339096069335938e+02
5.082216262817382812e+01
9.372851562500000000e+01
5.179034805297851562e+01
4.158913421630859375e+01
3.261573791503906250e+01
1.019931945800781250e+02
6.143180465698242188e+01
7.041863250732421875e+01
8.765210723876953125e+01
5.810714340209960938e+01
4.361273193359375000e+01
4.747510147094726562e+01
4.061429595947265625e+01
6.400650787353515625e+01
6.439543151855468750e+01
2.065361328125000000e+02
4.831095886230468750e+01
6.512214660644531250e+01
7.194345092773437500e+01
7.345230102539062500e+01
4.354389953613281250e+01
5.028121185302734375e+01
5.268119812011718750e+01
6.673017120361328125e+01
8.729642486572265625e+01
3.000000000000000000e+01
3.796175384521484375e+01
6.326036834716796875e+01
9.969683074951171875e+01
5.296524429321289062e+01
1.623235473632812500e+02
5.566918182373046875e+01
3.018830108642578125e+01
4.521286392211914062e+01
5.726791000366210938e+01
1.585885467529296875e+02
8.431219482421875000e+01
5.569130325317382812e+01
8.253495788574218750e+01
3.000000000000000000e+01
3.646329879760742188e+01
9.606576538085937500e+01
4.009661865234375000e+01
3.876397705078125000e+01
7.043264770507812500e+01
8.419903564453125000e+01
4.412046051025390625e+01
1.078147811889648438e+02
4.529157257080078125e+01
5.423406982421875000e+01
6.520940399169921875e+01
8.577341461181640625e+01
7.163050842285156250e+01
4.989015579223632812e+01
4.555416870117187500e+01
3.768722534179687500e+01
3.000000000000000000e+01
3.983407592773437500e+01
3.678441238403320312e+01
6.420289611816406250e+01
7.034542846679687500e+01
3.000000000000000000e+01
3.045336532592773438e+01
3.553079986572265625e+01
3.996154022216796875e+01
4.193649291992187500e+01
1.018601531982421875e+02
3.000000000000000000e+01
7.288166809082031250e+01
6.958731079101562500e+01
3.994469070434570312e+01
3.000000000000000000e+01
3.544472885131835938e+01
6.947352600097656250e+01
7.904512023925781250e+01
5.614854812622070312e+01
6.830560302734375000e+01
5.282752227783203125e+01
8.699165344238281250e+01
5.377734756469726562e+01
4.045578002929687500e+01
6.182812500000000000e+01
4.253324127197265625e+01
5.303025054931640625e+01
5.389989089965820312e+01
4.101515960693359375e+01
5.812671279907226562e+01
5.235121917724609375e+01
6.442370605468750000e+01
5.027599716186523438e+01
4.497103118896484375e+01
4.830679321289062500e+01
4.498529815673828125e+01
6.398694610595703125e+01
7.125027465820312500e+01
5.226039886474609375e+01
7.973449707031250000e+01
4.499308013916015625e+01
5.717031860351562500e+01
7.036590576171875000e+01
5.345730209350585938e+01
7.336084747314453125e+01
6.636329650878906250e+01
7.431817626953125000e+01
4.535140228271484375e+01
8.477868652343750000e+01
5.904469299316406250e+01
4.703448486328125000e+01
8.593395996093750000e+01
1.319909362792968750e+02
1.333563537597656250e+02
3.747397232055664062e+01
3.285478591918945312e+01
4.381072998046875000e+01
6.655463409423828125e+01
9.203186035156250000e+01
7.767048645019531250e+01
6.841650390625000000e+01
1.089813842773437500e+02
4.939033889770507812e+01
4.863206481933593750e+01
3.378293609619140625e+01
5.603227996826171875e+01
5.816228485107421875e+01
4.401165008544921875e+01
4.547744369506835938e+01
6.942555236816406250e+01
5.110204696655273438e+01
4.549244689941406250e+01
8.442984771728515625e+01
4.086243438720703125e+01
4.550125885009765625e+01
5.755625152587890625e+01
4.596726226806640625e+01
4.084492492675781250e+01
4.989015579223632812e+01
2.029340515136718750e+02
7.496355438232421875e+01
4.236050415039062500e+01
4.594999694824218750e+01
4.868518447875976562e+01
1.456196289062500000e+02
3.984557342529296875e+01
5.404127883911132812e+01
6.758260345458984375e+01
3.808422851562500000e+01
6.990473937988281250e+01
4.679224395751953125e+01
5.243614196777343750e+01
5.322692871093750000e+01
6.320213699340820312e+01
3.428769302368164062e+01
4.533402633666992188e+01
5.861269378662109375e+01
5.715798187255859375e+01
2.139621276855468750e+02
4.792509460449218750e+01
5.543492507934570312e+01
5.962334442138671875e+01
5.588003158569335938e+01
4.538314056396484375e+01
6.157098388671875000e+01
5.548339843750000000e+01
5.278453826904296875e+01
4.016043090820312500e+01
5.944637298583984375e+01
6.152492141723632812e+01
4.238803863525390625e+01
4.575904846191406250e+01
4.576660156250000000e+01
3.671318435668945312e+01
4.310806655883789062e+01
3.221198272705078125e+01
5.970720672607421875e+01
6.738510894775390625e+01
3.119057846069335938e+01
4.843132781982421875e+01
4.699488067626953125e+01
7.815718078613281250e+01
7.118375396728515625e+01
9.431777191162109375e+01
4.004577636718750000e+01
7.251422119140625000e+01
8.599046325683593750e+01
4.296311187744140625e+01
8.593395996093750000e+01
3.745460510253906250e+01
4.632619857788085938e+01
3.938101196289062500e+01
4.344882965087890625e+01
1.109979095458984375e+02
5.496657562255859375e+01
3.000000000000000000e+01
6.799272155761718750e+01
4.477003097534179688e+01
1.106415939331054688e+02
5.500981903076171875e+01
4.245928192138671875e+01
5.261738586425781250e+01
8.265731811523437500e+01
8.393952178955078125e+01
7.954523468017578125e+01
5.805123901367187500e+01
3.000000000000000000e+01
4.083951187133789062e+01
6.004090499877929688e+01
6.596585845947265625e+01
1.291295471191406250e+02
9.512817382812500000e+01
1.398933258056640625e+02
5.211600494384765625e+01
3.527633666992187500e+01
6.252042770385742188e+01
3.593072509765625000e+01
5.570198059082031250e+01
3.232117080688476562e+01
3.000000000000000000e+01
6.424729156494140625e+01
1.197625274658203125e+02
6.735976409912109375e+01
3.000000000000000000e+01
5.955909729003906250e+01
6.374142456054687500e+01
4.085339355468750000e+01
4.658876800537109375e+01
6.439543151855468750e+01
4.137648773193359375e+01
6.040158081054687500e+01
3.646329879760742188e+01
6.120071029663085938e+01
5.542783355712890625e+01
3.140080833435058594e+01
5.174510955810546875e+01
5.477324295043945312e+01
3.275943374633789062e+01
7.450596618652343750e+01
7.775502777099609375e+01
4.805983352661132812e+01
9.626104736328125000e+01
5.180755615234375000e+01
3.221942901611328125e+01
5.456524658203125000e+01
3.917723083496093750e+01
3.378759384155273438e+01
4.417627716064453125e+01
4.006272125244140625e+01
3.681109237670898438e+01
7.612359619140625000e+01
5.191069793701171875e+01
3.887618637084960938e+01
1.622222900390625000e+02
8.375568389892578125e+01
4.079150009155273438e+01
6.237892150878906250e+01
7.703224182128906250e+01
4.631884765625000000e+01
4.887498474121093750e+01
1.053765869140625000e+02
4.141040039062500000e+01
6.819753265380859375e+01
4.764107513427734375e+01
3.000000000000000000e+01
6.037862396240234375e+01
5.881021118164062500e+01
3.926556777954101562e+01
4.419523239135742188e+01
4.872647094726562500e+01
4.600043869018554688e+01
4.655788421630859375e+01
4.931397247314453125e+01
3.318357467651367188e+01
4.173184967041015625e+01
7.988444519042968750e+01
7.948949432373046875e+01
3.403852844238281250e+01
8.381529998779296875e+01
4.500752639770507812e+01
3.484008789062500000e+01
7.776155090332031250e+01
7.219456481933593750e+01
3.833302307128906250e+01
5.448872375488281250e+01
3.000000000000000000e+01
4.099134826660156250e+01
3.000000000000000000e+01
1.113055877685546875e+02
5.019172668457031250e+01
3.261589050292968750e+01
4.735905456542968750e+01
5.653766632080078125e+01
5.745717620849609375e+01
3.323243331909179688e+01
4.976564025878906250e+01
5.538101196289062500e+01
5.504525375366210938e+01
8.151184082031250000e+01
6.632669067382812500e+01
4.187186431884765625e+01
5.173008728027343750e+01
3.364408111572265625e+01
5.538781738281250000e+01
7.385484313964843750e+01
8.919660949707031250e+01
5.243614196777343750e+01
5.751068115234375000e+01
6.512046051025390625e+01
4.976564025878906250e+01
5.435304260253906250e+01
5.128852844238281250e+01
3.000000000000000000e+01
4.486977386474609375e+01
5.912703704833984375e+01
5.700660705566406250e+01
4.188218688964843750e+01
6.809921264648437500e+01
4.763903808593750000e+01
7.650696563720703125e+01
3.945380401611328125e+01
5.844610595703125000e+01
3.884988403320312500e+01
5.219782257080078125e+01
6.787634277343750000e+01
4.211563110351562500e+01
6.322657775878906250e+01
3.414679718017578125e+01
7.311755371093750000e+01
6.193310546875000000e+01
4.725532150268554688e+01
4.899693679809570312e+01
4.100436782836914062e+01
7.898403930664062500e+01
7.036381530761718750e+01
4.267417907714843750e+01
4.514404296875000000e+01
5.764279937744140625e+01
6.056640243530273438e+01
5.693105697631835938e+01
3.400910186767578125e+01
1.028920440673828125e+02
4.284045791625976562e+01
3.910472869873046875e+01
4.669207000732421875e+01
4.039140701293945312e+01
6.612617492675781250e+01
3.016488456726074219e+01
8.389591979980468750e+01
5.852795028686523438e+01
4.916933441162109375e+01
3.786487579345703125e+01
5.888052749633789062e+01
4.932170104980468750e+01
5.926174926757812500e+01
3.285478591918945312e+01
4.075329971313476562e+01
3.501563262939453125e+01
4.918580627441406250e+01
7.174243927001953125e+01
5.437771987915039062e+01
6.858543395996093750e+01
5.904669570922851562e+01
4.861104583740234375e+01
4.114617156982421875e+01
3.340984725952148438e+01
3.000000000000000000e+01
5.888052749633789062e+01
7.431817626953125000e+01
4.552776336669921875e+01
5.137466430664062500e+01
3.512454223632812500e+01
8.273004913330078125e+01
6.011103057861328125e+01
6.539627075195312500e+01
5.256246566772460938e+01
3.358181762695312500e+01
6.155492782592773438e+01
3.347203063964843750e+01
6.100477981567382812e+01
3.179487037658691406e+01
4.730224990844726562e+01
3.209823226928710938e+01
3.000000000000000000e+01
4.598361968994140625e+01
5.027370071411132812e+01
7.657586669921875000e+01
4.655709457397460938e+01
8.919660949707031250e+01
5.368629074096679688e+01
4.258817291259765625e+01
4.017926788330078125e+01
4.339937210083007812e+01
3.100024604797363281e+01
4.510060119628906250e+01
5.898999786376953125e+01
7.538642883300781250e+01
5.089151382446289062e+01
4.405968475341796875e+01
3.999034881591796875e+01
7.223764038085937500e+01
5.269476318359375000e+01
4.487358093261718750e+01
5.073224639892578125e+01
3.000000000000000000e+01
3.947684478759765625e+01
4.101515960693359375e+01
4.666408538818359375e+01
3.791058349609375000e+01
3.541282272338867188e+01
5.277263641357421875e+01
3.669793701171875000e+01
3.206468200683593750e+01
5.122714996337890625e+01
3.825613403320312500e+01
5.973936080932617188e+01
5.220899200439453125e+01
6.604325866699218750e+01
5.368629074096679688e+01
6.682305145263671875e+01
3.309088897705078125e+01
4.513262176513671875e+01
5.388278579711914062e+01
3.000000000000000000e+01
4.231792449951171875e+01
6.684719848632812500e+01
3.000000000000000000e+01
6.638050842285156250e+01
4.695599365234375000e+01
4.313360595703125000e+01
4.398220062255859375e+01
6.263650512695312500e+01
3.000000000000000000e+01
4.033143234252929688e+01
7.146050262451171875e+01
4.056822967529296875e+01
8.265731811523437500e+01
7.769036865234375000e+01
3.000000000000000000e+01
7.145022583007812500e+01
3.896469879150390625e+01
5.710647964477539062e+01
4.073009490966796875e+01
5.895581817626953125e+01
6.411814880371093750e+01
6.903920745849609375e+01
5.215188980102539062e+01
5.942382049560546875e+01
7.973932647705078125e+01
4.276889038085937500e+01
8.225233459472656250e+01
4.186270141601562500e+01
3.826196289062500000e+01
3.915866088867187500e+01
5.213965225219726562e+01
3.431824874877929688e+01
7.864187622070312500e+01
4.470936584472656250e+01
5.543492126464843750e+01
3.960058975219726562e+01
5.256511306762695312e+01
3.659984588623046875e+01
4.367405319213867188e+01
7.565435028076171875e+01
4.838845062255859375e+01
3.843577957153320312e+01
6.401766967773437500e+01
3.917208099365234375e+01
3.919782257080078125e+01
4.644180679321289062e+01
4.899693679809570312e+01
3.288032150268554688e+01
3.752950286865234375e+01
4.657857894897460938e+01
4.699039459228515625e+01
3.000000000000000000e+01
5.028475952148437500e+01
6.326036834716796875e+01
4.117618560791015625e+01
3.719476699829101562e+01
4.988743591308593750e+01
7.033654022216796875e+01
5.139673995971679688e+01
7.763980102539062500e+01
1.134485321044921875e+02
4.984231185913085938e+01
4.667070388793945312e+01
5.010733795166015625e+01
4.631208801269531250e+01
3.191668128967285156e+01
4.138442993164062500e+01
6.727310180664062500e+01
8.765210723876953125e+01
5.300340652465820312e+01
3.988227844238281250e+01
4.818231201171875000e+01
6.413705444335937500e+01
3.000000000000000000e+01
4.996821975708007812e+01
4.596726226806640625e+01
5.337884140014648438e+01
3.000000000000000000e+01
5.929968643188476562e+01
3.540316009521484375e+01
5.874019241333007812e+01
5.281579971313476562e+01
3.220145416259765625e+01
5.529638671875000000e+01
4.161450958251953125e+01
3.000000000000000000e+01
5.778836441040039062e+01
4.335868072509765625e+01
4.440417480468750000e+01
5.296524429321289062e+01
4.106686019897460938e+01
4.548258590698242188e+01
4.354389953613281250e+01
4.701753234863281250e+01
3.000000000000000000e+01
8.547846984863281250e+01
4.057835769653320312e+01
5.189923095703125000e+01
4.212084197998046875e+01
4.229978179931640625e+01
6.415956115722656250e+01
5.182100296020507812e+01
5.130047988891601562e+01
4.408101654052734375e+01
3.841392135620117188e+01
5.178804779052734375e+01
5.274840927124023438e+01
3.938662719726562500e+01
4.476533508300781250e+01
5.284592819213867188e+01
6.331568908691406250e+01
4.941212463378906250e+01
5.517227935791015625e+01
4.718616485595703125e+01
7.043249511718750000e+01
4.514480590820312500e+01
9.186384582519531250e+01
7.833962249755859375e+01
5.374164581298828125e+01
4.854628753662109375e+01
4.029099273681640625e+01
7.623505401611328125e+01
4.554180908203125000e+01
4.105130767822265625e+01
7.279801940917968750e+01
4.172077941894531250e+01
4.436552810668945312e+01
5.542028808593750000e+01
8.233561706542968750e+01
4.842587280273437500e+01
4.863484191894531250e+01
3.000000000000000000e+01
5.899603652954101562e+01
3.929061126708984375e+01
3.812467956542968750e+01
5.301727676391601562e+01
1.038686447143554688e+02
5.179793548583984375e+01
5.033223724365234375e+01
3.031527519226074219e+01
6.243386840820312500e+01
4.865467453002929688e+01
5.379592514038085938e+01
5.569705581665039062e+01
9.431777191162109375e+01
4.988238525390625000e+01
6.659751892089843750e+01
7.342041778564453125e+01
7.544054412841796875e+01
6.328918838500976562e+01
3.000000000000000000e+01
3.723971557617187500e+01
5.122572326660156250e+01
3.606701660156250000e+01
4.449074172973632812e+01
3.031225395202636719e+01
3.692216110229492188e+01
4.599800109863281250e+01
3.354308319091796875e+01
3.204308700561523438e+01
4.489231491088867188e+01
6.966674041748046875e+01
4.996071243286132812e+01
3.332948684692382812e+01
4.361687850952148438e+01
3.000000000000000000e+01
4.261570358276367188e+01
4.663123321533203125e+01
8.305082702636718750e+01
4.810779953002929688e+01
4.376193618774414062e+01
3.000000000000000000e+01
7.431111145019531250e+01
6.962409973144531250e+01
3.000000000000000000e+01
7.898403930664062500e+01
3.713733291625976562e+01
9.032331848144531250e+01
4.365807723999023438e+01
4.935325622558593750e+01
5.593459701538085938e+01
4.923176574707031250e+01
3.133568763732910156e+01
4.680329132080078125e+01
4.803190612792968750e+01
5.089075088500976562e+01
4.374597930908203125e+01
4.230654907226562500e+01
3.000000000000000000e+01
4.288446807861328125e+01
6.990473937988281250e+01
5.941023635864257812e+01
6.728404998779296875e+01
4.107257080078125000e+01
4.326724243164062500e+01
5.497689819335937500e+01
4.599800491333007812e+01
4.874670410156250000e+01
4.733731842041015625e+01
5.710741043090820312e+01
5.359359741210937500e+01
4.886611175537109375e+01
4.083726882934570312e+01
4.167098999023437500e+01
3.600952529907226562e+01
7.960922241210937500e+01
3.715976333618164062e+01
4.082324981689453125e+01
3.495661163330078125e+01
3.718019104003906250e+01
4.977935028076171875e+01
3.000000000000000000e+01
5.009152221679687500e+01
4.648841094970703125e+01
3.000000000000000000e+01
6.582953643798828125e+01
6.799272155761718750e+01
3.000000000000000000e+01
4.756896209716796875e+01
4.466944503784179688e+01
4.192200469970703125e+01
4.120417785644531250e+01
5.569701004028320312e+01
4.342678070068359375e+01
4.140074157714843750e+01
4.334397125244140625e+01
5.274367523193359375e+01
4.223483276367187500e+01
5.020366668701171875e+01
5.026581573486328125e+01
3.384913253784179688e+01
3.540373229980468750e+01
4.316891098022460938e+01
3.799380111694335938e+01
5.677935028076171875e+01
4.991267395019531250e+01
8.233561706542968750e+01
4.743466186523437500e+01
3.000000000000000000e+01
3.527729797363281250e+01
8.996685791015625000e+01
4.312921905517578125e+01
3.911611557006835938e+01
7.960922241210937500e+01
5.642333221435546875e+01
4.137229919433593750e+01
3.999772644042968750e+01
5.884264755249023438e+01
1.090347747802734375e+02
7.459088134765625000e+01
5.420100784301757812e+01
7.950692749023437500e+01
3.414666748046875000e+01
3.000000000000000000e+01
4.763301467895507812e+01
3.818755340576171875e+01
5.092939758300781250e+01
6.596548461914062500e+01
3.537337112426757812e+01
3.418876266479492188e+01
6.094411087036132812e+01
4.006867599487304688e+01
4.640277862548828125e+01
4.724921417236328125e+01
4.539652252197265625e+01
3.266421508789062500e+01
4.734479522705078125e+01
3.896469879150390625e+01
4.060040283203125000e+01
3.928621673583984375e+01
8.302770996093750000e+01
3.995835113525390625e+01
3.374163055419921875e+01
7.406038665771484375e+01
4.988919067382812500e+01
3.171373176574707031e+01
3.773455810546875000e+01
4.630368423461914062e+01
4.788106155395507812e+01
3.819968032836914062e+01
4.144774627685546875e+01
3.770022583007812500e+01
5.974170684814453125e+01
5.904848480224609375e+01
5.104734802246093750e+01
3.222211074829101562e+01
3.797695541381835938e+01
4.485563659667968750e+01
4.148552703857421875e+01
6.144284820556640625e+01
4.272716903686523438e+01
4.643573760986328125e+01
3.000000000000000000e+01
3.000000000000000000e+01
3.934950256347656250e+01
3.000000000000000000e+01
5.054878997802734375e+01
4.258934020996093750e+01
5.300340270996093750e+01
4.084492492675781250e+01
4.076217651367187500e+01
5.189217376708984375e+01
4.787331390380859375e+01
4.405962371826171875e+01
5.347730255126953125e+01
5.027901840209960938e+01
5.227344131469726562e+01
3.967834854125976562e+01
7.815718078613281250e+01
5.210754013061523438e+01
3.495429229736328125e+01
3.128510284423828125e+01
4.398925781250000000e+01
6.307830429077148438e+01
4.231649017333984375e+01
4.048403930664062500e+01
3.191066169738769531e+01
3.489142990112304688e+01
3.599198150634765625e+01
4.017532348632812500e+01
5.001654052734375000e+01
4.101870346069335938e+01
5.822108840942382812e+01
3.648227310180664062e+01
6.158181762695312500e+01
4.417632293701171875e+01
4.142302703857421875e+01
6.203295135498046875e+01
3.042335891723632812e+01
4.858308410644531250e+01
3.000000000000000000e+01
3.540668487548828125e+01
4.805678558349609375e+01
5.074800872802734375e+01
3.571662139892578125e+01
4.576034545898437500e+01
3.413756942749023438e+01
3.763119888305664062e+01
4.097377395629882812e+01
3.895384979248046875e+01
