4.838781738281250000e+01
6.120973587036132812e+01
4.081315612792968750e+01
3.978574752807617188e+01
6.295806121826171875e+01
6.740513610839843750e+01
3.496538925170898438e+01
7.761613464355468750e+01
5.426828002929687500e+01
1.215021972656250000e+02
4.852610015869140625e+01
1.546260986328125000e+02
4.970004272460937500e+01
4.604129028320312500e+01
3.000000000000000000e+01
7.996002960205078125e+01
6.688346862792968750e+01
4.059120178222656250e+01
4.602413940429687500e+01
1.469603576660156250e+02
4.177649688720703125e+01
8.389927673339843750e+01
3.041751670837402344e+01
3.923968505859375000e+01
5.020405578613281250e+01
7.076170349121093750e+01
3.000000000000000000e+01
6.438914489746093750e+01
1.837194519042968750e+02
5.887905502319335938e+01
6.018936538696289062e+01
3.868502807617187500e+01
4.456170654296875000e+01
9.915660095214843750e+01
6.647470092773437500e+01
6.764099121093750000e+01
6.632659149169921875e+01
5.425431823730468750e+01
4.243279266357421875e+01
3.000000000000000000e+01
4.622463226318359375e+01
4.013216400146484375e+01
6.025140380859375000e+01
5.268011474609375000e+01
3.107838821411132812e+01
4.464013671875000000e+01
3.099706268310546875e+01
6.214656066894531250e+01
1.177667236328125000e+02
5.410845565795898438e+01
4.073131561279296875e+01
3.456634521484375000e+01
5.966859436035156250e+01
4.743376159667968750e+01
1.153880538940429688e+02
5.300930786132812500e+01
7.125860595703125000e+01
4.523163604736328125e+01
6.382676315307617188e+01
6.868518066406250000e+01
5.540379333496093750e+01
7.924488830566406250e+01
4.362426757812500000e+01
8.536473846435546875e+01
9.375094604492187500e+01
5.898431396484375000e+01
3.476186370849609375e+01
3.000000000000000000e+01
4.998097991943359375e+01
5.872600555419921875e+01
6.627309417724609375e+01
3.589230346679687500e+01
1.162616729736328125e+02
3.000000000000000000e+01
6.724862670898437500e+01
5.487096786499023438e+01
4.958114242553710938e+01
5.086795806884765625e+01
4.170524597167968750e+01
6.019073486328125000e+01
3.713458633422851562e+01
6.688347625732421875e+01
5.732968139648437500e+01
1.090566177368164062e+02
9.882991027832031250e+01
5.469326782226562500e+01
4.056124114990234375e+01
5.021105957031250000e+01
4.970004272460937500e+01
5.947270965576171875e+01
4.782807540893554688e+01
5.588549804687500000e+01
6.881793212890625000e+01
5.385731506347656250e+01
1.015067520141601562e+02
9.524530029296875000e+01
6.841214752197265625e+01
4.169803619384765625e+01
8.967555236816406250e+01
4.736366653442382812e+01
9.620413208007812500e+01
6.263700485229492188e+01
1.505466918945312500e+02
3.012244033813476562e+01
4.751255035400390625e+01
7.867453765869140625e+01
3.000000000000000000e+01
6.414746856689453125e+01
4.595962142944335938e+01
3.000000000000000000e+01
4.362987518310546875e+01
3.000000000000000000e+01
6.942344665527343750e+01
1.171805267333984375e+02
4.035142898559570312e+01
4.259284591674804688e+01
8.717785644531250000e+01
5.014675521850585938e+01
7.168545532226562500e+01
5.171469879150390625e+01
5.177545547485351562e+01
6.280251312255859375e+01
4.770187759399414062e+01
4.290202331542968750e+01
3.960642623901367188e+01
5.445996856689453125e+01
6.461166381835937500e+01
5.598052978515625000e+01
4.852715301513671875e+01
5.578031158447265625e+01
5.342733001708984375e+01
1.197349243164062500e+02
5.609280776977539062e+01
3.000000000000000000e+01
6.212380981445312500e+01
4.551839065551757812e+01
1.226870193481445312e+02
5.185823059082031250e+01
3.732180786132812500e+01
8.115992736816406250e+01
4.658398437500000000e+01
1.002210540771484375e+02
6.910264587402343750e+01
5.110967636108398438e+01
6.578408050537109375e+01
4.581441497802734375e+01
9.470209503173828125e+01
9.804251098632812500e+01
5.595360946655273438e+01
1.303358764648437500e+02
5.557943725585937500e+01
7.850897216796875000e+01
5.092655181884765625e+01
7.799005889892578125e+01
5.672314834594726562e+01
1.211421813964843750e+02
3.016539764404296875e+01
1.257649383544921875e+02
3.899809646606445312e+01
6.146275329589843750e+01
3.623217773437500000e+01
4.531669235229492188e+01
5.578889846801757812e+01
4.280578231811523438e+01
7.652960968017578125e+01
4.264947891235351562e+01
6.020704650878906250e+01
5.005653381347656250e+01
3.447691726684570312e+01
1.348322143554687500e+02
4.279980468750000000e+01
4.851264572143554688e+01
3.978721618652343750e+01
3.000000000000000000e+01
5.343811035156250000e+01
7.140459442138671875e+01
4.279561614990234375e+01
4.533687973022460938e+01
7.434090423583984375e+01
6.139878463745117188e+01
7.394709014892578125e+01
6.145248413085937500e+01
6.346591949462890625e+01
6.472298431396484375e+01
4.139706039428710938e+01
4.265981292724609375e+01
4.418841552734375000e+01
6.640777587890625000e+01
5.850230026245117188e+01
4.983377838134765625e+01
4.720685195922851562e+01
6.876898193359375000e+01
6.600463867187500000e+01
3.859984588623046875e+01
5.777561569213867188e+01
5.102626037597656250e+01
4.727704238891601562e+01
8.466027069091796875e+01
1.359989929199218750e+02
7.834081268310546875e+01
7.318388366699218750e+01
1.142419357299804688e+02
8.381462860107421875e+01
3.003263664245605469e+01
4.081474304199218750e+01
4.298514556884765625e+01
6.320104598999023438e+01
6.650414276123046875e+01
1.275434417724609375e+02
3.589727020263671875e+01
4.522756576538085938e+01
1.018551712036132812e+02
4.158342361450195312e+01
4.048319244384765625e+01
4.074251556396484375e+01
3.976171875000000000e+01
5.137258529663085938e+01
5.371086120605468750e+01
4.245367431640625000e+01
4.676572418212890625e+01
3.649799346923828125e+01
7.633468627929687500e+01
9.724824523925781250e+01
4.228866577148437500e+01
4.009835815429687500e+01
3.630859375000000000e+01
6.005595397949218750e+01
1.116715850830078125e+02
6.811578369140625000e+01
1.040248184204101562e+02
4.172663879394531250e+01
4.163229370117187500e+01
5.937227630615234375e+01
4.830239486694335938e+01
4.066034698486328125e+01
6.081829071044921875e+01
4.020398712158203125e+01
3.579796600341796875e+01
7.465747833251953125e+01
5.637341690063476562e+01
4.476652908325195312e+01
1.158265380859375000e+02
9.781932830810546875e+01
6.568664550781250000e+01
8.540782928466796875e+01
3.151437568664550781e+01
4.928396606445312500e+01
1.436162109375000000e+02
1.842858276367187500e+02
4.534782409667968750e+01
5.984201431274414062e+01
4.476858520507812500e+01
5.553702545166015625e+01
9.723463439941406250e+01
5.126181793212890625e+01
5.812688064575195312e+01
4.764877319335937500e+01
4.018360137939453125e+01
4.757326126098632812e+01
1.679133911132812500e+02
4.860772705078125000e+01
5.306103515625000000e+01
5.479161071777343750e+01
4.959006500244140625e+01
1.454580993652343750e+02
5.778818511962890625e+01
1.424313354492187500e+02
7.227476501464843750e+01
8.758818054199218750e+01
6.043448638916015625e+01
5.777529525756835938e+01
4.369706726074218750e+01
6.568664550781250000e+01
6.890890502929687500e+01
1.565472259521484375e+02
3.388905715942382812e+01
6.735686492919921875e+01
7.723773956298828125e+01
9.766166687011718750e+01
9.448768615722656250e+01
6.347669982910156250e+01
7.096427917480468750e+01
7.124385070800781250e+01
4.302728652954101562e+01
6.376651763916015625e+01
4.101579666137695312e+01
3.000000000000000000e+01
5.856751251220703125e+01
3.808130645751953125e+01
3.537995147705078125e+01
4.182051849365234375e+01
3.477797317504882812e+01
3.153637313842773438e+01
1.070174102783203125e+02
4.060991668701171875e+01
3.000000000000000000e+01
5.075716400146484375e+01
5.578655242919921875e+01
5.430445098876953125e+01
5.757104492187500000e+01
7.205130767822265625e+01
3.000000000000000000e+01
3.882561111450195312e+01
7.588002777099609375e+01
6.919493103027343750e+01
3.757505798339843750e+01
7.774552917480468750e+01
8.754862976074218750e+01
7.087078857421875000e+01
1.192979431152343750e+02
1.597396545410156250e+02
3.000000000000000000e+01
8.783075714111328125e+01
1.140660858154296875e+02
9.448532104492187500e+01
4.200675201416015625e+01
3.946153259277343750e+01
1.297186889648437500e+02
6.367837524414062500e+01
8.967555236816406250e+01
4.618533325195312500e+01
4.666603469848632812e+01
3.917266845703125000e+01
5.122249603271484375e+01
3.466167068481445312e+01
4.746234130859375000e+01
3.995393753051757812e+01
3.859105682373046875e+01
1.162616653442382812e+02
3.359448242187500000e+01
7.852558135986328125e+01
5.539795684814453125e+01
5.655469512939453125e+01
4.228524017333984375e+01
4.517219924926757812e+01
4.907069396972656250e+01
7.905834960937500000e+01
5.056723022460937500e+01
4.546488189697265625e+01
3.806767272949218750e+01
5.853800964355468750e+01
9.427325439453125000e+01
4.139205932617187500e+01
7.087078857421875000e+01
4.694128417968750000e+01
5.046680831909179688e+01
1.519984741210937500e+02
3.341813278198242188e+01
4.928924560546875000e+01
1.003419265747070312e+02
1.626874542236328125e+02
1.877613525390625000e+02
4.874517059326171875e+01
7.924488830566406250e+01
3.945043563842773438e+01
9.532788085937500000e+01
5.786170196533203125e+01
3.588794708251953125e+01
1.348256072998046875e+02
5.498154449462890625e+01
6.994107818603515625e+01
1.287526550292968750e+02
5.660665893554687500e+01
7.173928833007812500e+01
8.426949310302734375e+01
3.000000000000000000e+01
7.349253082275390625e+01
1.174895782470703125e+02
3.154274749755859375e+01
6.305046081542968750e+01
6.141633605957031250e+01
4.785639953613281250e+01
9.128907775878906250e+01
1.307371368408203125e+02
7.388465881347656250e+01
1.180005111694335938e+02
7.647631835937500000e+01
5.887905502319335938e+01
8.454667663574218750e+01
7.880072021484375000e+01
3.000000000000000000e+01
3.110124206542968750e+01
3.000000000000000000e+01
4.139368438720703125e+01
6.051939773559570312e+01
9.781933593750000000e+01
4.825571441650390625e+01
4.331798553466796875e+01
4.209924316406250000e+01
2.717626953125000000e+02
5.320791625976562500e+01
3.670443725585937500e+01
3.000000000000000000e+01
3.000000000000000000e+01
4.923608779907226562e+01
6.641545104980468750e+01
7.238059997558593750e+01
1.013186492919921875e+02
6.184212875366210938e+01
4.882643127441406250e+01
5.295629119873046875e+01
4.440105438232421875e+01
1.494940032958984375e+02
4.368763732910156250e+01
3.668929290771484375e+01
8.691819000244140625e+01
4.134716796875000000e+01
6.186475372314453125e+01
6.869851684570312500e+01
1.377862548828125000e+02
7.402499389648437500e+01
1.044358367919921875e+02
6.029256820678710938e+01
4.401653289794921875e+01
7.368620300292968750e+01
3.283974456787109375e+01
8.156760406494140625e+01
7.708977508544921875e+01
3.350433731079101562e+01
3.554795455932617188e+01
1.049534606933593750e+02
3.000000000000000000e+01
4.209514999389648438e+01
1.412196960449218750e+02
7.526414489746093750e+01
5.791862869262695312e+01
7.480172729492187500e+01
4.937559509277343750e+01
5.937246704101562500e+01
8.826594543457031250e+01
5.487712478637695312e+01
7.852558135986328125e+01
2.282963409423828125e+02
5.122249603271484375e+01
1.179754638671875000e+02
4.301344680786132812e+01
5.555364227294921875e+01
8.487435913085937500e+01
6.438914489746093750e+01
6.009705352783203125e+01
7.052873229980468750e+01
3.340023422241210938e+01
6.276202011108398438e+01
5.277729034423828125e+01
6.959834289550781250e+01
4.131624603271484375e+01
5.213698577880859375e+01
6.427801513671875000e+01
1.486677551269531250e+02
8.653735351562500000e+01
5.595521163940429688e+01
5.092655181884765625e+01
4.541977691650390625e+01
5.576893615722656250e+01
6.504887390136718750e+01
3.000000000000000000e+01
1.097103118896484375e+02
9.454319763183593750e+01
4.338000106811523438e+01
1.044891967773437500e+02
9.066471862792968750e+01
5.689247131347656250e+01
5.015905761718750000e+01
4.469025802612304688e+01
4.790740203857421875e+01
1.895820312500000000e+02
3.337284851074218750e+01
5.551146316528320312e+01
5.097137451171875000e+01
4.482572174072265625e+01
1.183411178588867188e+02
4.564656829833984375e+01
5.117507934570312500e+01
1.418068695068359375e+02
6.919493103027343750e+01
8.674733734130859375e+01
3.360575103759765625e+01
4.071673965454101562e+01
5.324020767211914062e+01
8.889091491699218750e+01
9.397131347656250000e+01
7.181323242187500000e+01
7.229114532470703125e+01
3.389459991455078125e+01
7.755426025390625000e+01
8.158161926269531250e+01
4.810615539550781250e+01
4.048319244384765625e+01
6.782299804687500000e+01
1.066954193115234375e+02
6.667305755615234375e+01
5.803269195556640625e+01
4.709319305419921875e+01
3.120705604553222656e+01
4.164592742919921875e+01
3.000000000000000000e+01
4.020180892944335938e+01
3.601901626586914062e+01
3.302339935302734375e+01
4.972857666015625000e+01
5.192685317993164062e+01
4.413666152954101562e+01
8.361666870117187500e+01
6.745695495605468750e+01
4.374301147460937500e+01
3.861753082275390625e+01
5.610646057128906250e+01
5.502421569824218750e+01
3.273511505126953125e+01
3.514697647094726562e+01
6.772940063476562500e+01
3.551206970214843750e+01
6.551088714599609375e+01
3.000000000000000000e+01
5.490288543701171875e+01
3.000000000000000000e+01
3.000000000000000000e+01
1.087791900634765625e+02
4.256732559204101562e+01
3.000000000000000000e+01
6.098361587524414062e+01
3.668929290771484375e+01
6.734434509277343750e+01
4.400445175170898438e+01
4.550650405883789062e+01
1.228570098876953125e+02
4.605555343627929688e+01
1.344783325195312500e+02
1.072390899658203125e+02
3.885812759399414062e+01
3.238893127441406250e+01
1.035919265747070312e+02
3.951636505126953125e+01
6.086969375610351562e+01
5.479161071777343750e+01
1.970998840332031250e+02
4.843295669555664062e+01
5.367884445190429688e+01
5.742383956909179688e+01
3.200561141967773438e+01
4.931233978271484375e+01
1.127359771728515625e+02
4.315820312500000000e+01
7.358065795898437500e+01
4.066000366210937500e+01
3.850291824340820312e+01
3.396325683593750000e+01
5.032321929931640625e+01
5.798241043090820312e+01
4.150363540649414062e+01
4.142416381835937500e+01
3.760466766357421875e+01
4.316678619384765625e+01
4.757810974121093750e+01
4.504618072509765625e+01
4.238872909545898438e+01
5.958731842041015625e+01
6.414746093750000000e+01
7.448376464843750000e+01
1.275434417724609375e+02
5.730983352661132812e+01
9.904217529296875000e+01
8.011417388916015625e+01
1.153294830322265625e+02
4.275584793090820312e+01
5.214005661010742188e+01
5.491775512695312500e+01
3.900518035888671875e+01
6.995617675781250000e+01
7.592924499511718750e+01
8.031847381591796875e+01
7.594979858398437500e+01
4.035142898559570312e+01
3.924700927734375000e+01
6.868533325195312500e+01
9.905847167968750000e+01
4.567547225952148438e+01
5.522679138183593750e+01
4.159280395507812500e+01
3.759118652343750000e+01
9.654087829589843750e+01
4.782807540893554688e+01
4.402097702026367188e+01
4.620828628540039062e+01
4.869308853149414062e+01
7.157966613769531250e+01
9.723016357421875000e+01
3.608971786499023438e+01
3.712419891357421875e+01
3.370224380493164062e+01
1.013186492919921875e+02
5.796607971191406250e+01
4.426475143432617188e+01
5.942429351806640625e+01
5.883870697021484375e+01
4.569512176513671875e+01
5.457167434692382812e+01
5.471717834472656250e+01
6.660674285888671875e+01
4.247501754760742188e+01
5.676288223266601562e+01
7.318624877929687500e+01
8.047890472412109375e+01
7.403202056884765625e+01
4.627752685546875000e+01
3.638646316528320312e+01
6.231976318359375000e+01
6.517310333251953125e+01
4.671482086181640625e+01
5.897069931030273438e+01
5.201435852050781250e+01
3.380038452148437500e+01
6.598493957519531250e+01
4.650004577636718750e+01
3.000000000000000000e+01
5.043664932250976562e+01
7.078302001953125000e+01
6.427801513671875000e+01
5.405688476562500000e+01
5.541609954833984375e+01
3.818434906005859375e+01
7.307984924316406250e+01
1.143425521850585938e+02
7.111851501464843750e+01
4.319444274902343750e+01
1.153294830322265625e+02
4.874516677856445312e+01
6.546426391601562500e+01
1.066954193115234375e+02
3.684018707275390625e+01
3.090646553039550781e+01
6.106263732910156250e+01
3.000000000000000000e+01
4.602069473266601562e+01
2.327107849121093750e+02
6.142263793945312500e+01
3.231368255615234375e+01
3.243456649780273438e+01
1.345067901611328125e+02
6.275862884521484375e+01
4.915725326538085938e+01
1.052922668457031250e+02
5.232129669189453125e+01
1.314162445068359375e+02
7.342038726806640625e+01
9.027147674560546875e+01
3.000000000000000000e+01
3.683867263793945312e+01
9.040377044677734375e+01
7.876856231689453125e+01
6.968598937988281250e+01
5.056723022460937500e+01
4.487289810180664062e+01
3.000000000000000000e+01
5.257185745239257812e+01
6.208580780029296875e+01
5.268180847167968750e+01
3.462448501586914062e+01
7.447503662109375000e+01
7.493869781494140625e+01
3.806826782226562500e+01
3.414606094360351562e+01
5.154633331298828125e+01
3.000000000000000000e+01
4.798961257934570312e+01
1.289557342529296875e+02
4.599763488769531250e+01
7.829322814941406250e+01
4.938700866699218750e+01
4.356654357910156250e+01
3.378919982910156250e+01
1.002210540771484375e+02
6.453041076660156250e+01
6.716535186767578125e+01
1.065314178466796875e+02
5.728016662597656250e+01
4.597444915771484375e+01
4.229457855224609375e+01
3.870726013183593750e+01
6.053720092773437500e+01
6.939595794677734375e+01
1.895820312500000000e+02
4.953096008300781250e+01
5.074045944213867188e+01
5.604651260375976562e+01
6.202851486206054688e+01
4.338301467895507812e+01
4.956981658935546875e+01
5.314129257202148438e+01
6.579440307617187500e+01
8.940309906005859375e+01
3.042813491821289062e+01
3.872148895263671875e+01
6.623675537109375000e+01
1.058345108032226562e+02
5.300517272949218750e+01
1.344783325195312500e+02
4.004364013671875000e+01
3.611078262329101562e+01
4.217039871215820312e+01
7.869403076171875000e+01
1.642291107177734375e+02
6.566062164306640625e+01
6.066797637939453125e+01
6.106526947021484375e+01
3.272272491455078125e+01
3.342361450195312500e+01
7.448309326171875000e+01
3.161973571777343750e+01
3.694518280029296875e+01
6.072657775878906250e+01
8.596598052978515625e+01
5.486289596557617188e+01
9.293852233886718750e+01
4.417615509033203125e+01
5.238051223754882812e+01
6.367837524414062500e+01
8.852919006347656250e+01
5.103060531616210938e+01
5.066880035400390625e+01
4.918125915527343750e+01
3.354308700561523438e+01
3.000000000000000000e+01
4.368763732910156250e+01
3.730820846557617188e+01
5.057432556152343750e+01
7.526414489746093750e+01
3.199050712585449219e+01
3.000000000000000000e+01
4.217152023315429688e+01
3.670443725585937500e+01
3.000000000000000000e+01
1.265020370483398438e+02
3.012727355957031250e+01
6.897961425781250000e+01
1.023451995849609375e+02
4.895566177368164062e+01
3.098816299438476562e+01
3.000000000000000000e+01
6.146275329589843750e+01
7.165467071533203125e+01
5.812261199951171875e+01
6.189305114746093750e+01
5.335777282714843750e+01
5.932191085815429688e+01
5.363653564453125000e+01
4.313109970092773438e+01
6.792198944091796875e+01
3.867232894897460938e+01
5.324020767211914062e+01
5.053198242187500000e+01
3.548736572265625000e+01
4.230588912963867188e+01
5.385539627075195312e+01
6.577973937988281250e+01
5.180801010131835938e+01
5.430445098876953125e+01
5.123363494873046875e+01
4.708652877807617188e+01
6.247315979003906250e+01
7.861405181884765625e+01
5.425779342651367188e+01
8.757684326171875000e+01
4.557157897949218750e+01
5.637341690063476562e+01
4.184802246093750000e+01
6.035646820068359375e+01
7.603123474121093750e+01
5.890472412109375000e+01
7.425404357910156250e+01
4.505889129638671875e+01
8.919504547119140625e+01
4.878896331787109375e+01
5.458929061889648438e+01
8.419721984863281250e+01
1.469603576660156250e+02
1.438969116210937500e+02
4.275954437255859375e+01
3.510797500610351562e+01
4.244541931152343750e+01
5.473429107666015625e+01
8.653735351562500000e+01
7.551781463623046875e+01
6.635422515869140625e+01
9.585163879394531250e+01
5.154633331298828125e+01
4.314373779296875000e+01
3.658978271484375000e+01
6.082603454589843750e+01
5.289861679077148438e+01
3.807509994506835938e+01
4.374589157104492188e+01
8.944436645507812500e+01
5.857247543334960938e+01
4.586486816406250000e+01
9.499122619628906250e+01
4.142758941650390625e+01
4.067333221435546875e+01
5.872600555419921875e+01
5.410842514038085938e+01
6.413714599609375000e+01
5.066880035400390625e+01
2.130196228027343750e+02
6.406602478027343750e+01
4.908049774169921875e+01
4.060953903198242188e+01
5.060320663452148438e+01
1.239984512329101562e+02
4.456808471679687500e+01
5.049246978759765625e+01
6.236879348754882812e+01
3.462448883056640625e+01
7.396518707275390625e+01
4.740182495117187500e+01
6.222411346435546875e+01
4.656990814208984375e+01
4.776817321777343750e+01
4.150245666503906250e+01
5.240153503417968750e+01
5.205258560180664062e+01
6.251753234863281250e+01
2.185625915527343750e+02
4.037655258178710938e+01
4.972915649414062500e+01
6.707064819335937500e+01
4.806733703613281250e+01
4.403545379638671875e+01
3.376121139526367188e+01
4.831691360473632812e+01
5.435444641113281250e+01
3.470180130004882812e+01
6.063063049316406250e+01
5.774172210693359375e+01
4.125228500366210938e+01
4.809090423583984375e+01
3.936116027832031250e+01
3.885812759399414062e+01
4.468753433227539062e+01
3.474168014526367188e+01
5.394773483276367188e+01
7.379529571533203125e+01
3.000000000000000000e+01
4.067881774902343750e+01
5.075716400146484375e+01
7.036056518554687500e+01
5.292554092407226562e+01
9.783092498779296875e+01
5.081632614135742188e+01
7.181323242187500000e+01
8.047045898437500000e+01
3.930406188964843750e+01
8.419721984863281250e+01
3.261881637573242188e+01
4.433533096313476562e+01
3.946982192993164062e+01
4.151342773437500000e+01
1.256161041259765625e+02
4.898493957519531250e+01
3.000000000000000000e+01
6.884061431884765625e+01
5.447573852539062500e+01
1.128425750732421875e+02
5.957285690307617188e+01
3.837802124023437500e+01
5.879729461669921875e+01
8.094079589843750000e+01
8.421154022216796875e+01
7.390967559814453125e+01
6.206622314453125000e+01
3.544979858398437500e+01
4.053681182861328125e+01
6.004836654663085938e+01
6.725979614257812500e+01
1.155162200927734375e+02
1.003430175781250000e+02
1.255786209106445312e+02
5.211137771606445312e+01
4.175037384033203125e+01
5.998133468627929688e+01
3.000000000000000000e+01
4.821445846557617188e+01
3.000000000000000000e+01
3.000000000000000000e+01
6.818315124511718750e+01
1.165161132812500000e+02
5.330366897583007812e+01
3.000000000000000000e+01
5.704847717285156250e+01
7.132727050781250000e+01
4.370790100097656250e+01
5.220901489257812500e+01
6.939596557617187500e+01
4.184650421142578125e+01
5.930990982055664062e+01
3.342361450195312500e+01
5.364498138427734375e+01
6.254681396484375000e+01
3.516614151000976562e+01
3.581590270996093750e+01
5.939963912963867188e+01
3.732422637939453125e+01
7.267195892333984375e+01
6.726615905761718750e+01
4.766419982910156250e+01
8.540782928466796875e+01
4.774298858642578125e+01
3.924832153320312500e+01
4.616237640380859375e+01
3.205705642700195312e+01
3.316514205932617188e+01
3.609965515136718750e+01
3.439988708496093750e+01
3.820796203613281250e+01
8.856239318847656250e+01
4.882643127441406250e+01
3.707338333129882812e+01
1.486677551269531250e+02
8.166697692871093750e+01
4.282319259643554688e+01
6.598162078857421875e+01
7.447160339355468750e+01
4.413665771484375000e+01
5.957491302490234375e+01
1.078475646972656250e+02
5.193166351318359375e+01
9.400067138671875000e+01
4.170524597167968750e+01
3.164743041992187500e+01
5.947270965576171875e+01
4.461357879638671875e+01
5.207064437866210938e+01
4.358274841308593750e+01
4.747547531127929688e+01
5.129743194580078125e+01
4.149509429931640625e+01
5.498154449462890625e+01
3.756666183471679688e+01
4.008506774902343750e+01
7.800701141357421875e+01
9.157620239257812500e+01
5.037319564819335938e+01
1.021279907226562500e+02
5.303121185302734375e+01
3.393735885620117188e+01
9.220210266113281250e+01
8.695173645019531250e+01
3.809474182128906250e+01
6.173745346069335938e+01
5.564382171630859375e+01
4.868205642700195312e+01
4.311328125000000000e+01
8.954891204833984375e+01
4.277357101440429688e+01
4.894120025634765625e+01
3.360575103759765625e+01
5.646672058105468750e+01
5.556855773925781250e+01
3.264083099365234375e+01
5.582579040527343750e+01
6.085853576660156250e+01
5.171469879150390625e+01
7.774109649658203125e+01
6.787251281738281250e+01
3.614374160766601562e+01
5.208692550659179688e+01
3.690939331054687500e+01
5.891645431518554688e+01
6.461166381835937500e+01
8.600036621093750000e+01
6.222411346435546875e+01
5.135438537597656250e+01
6.741927337646484375e+01
5.582579040527343750e+01
4.390640258789062500e+01
4.613977432250976562e+01
3.246432113647460938e+01
4.071551895141601562e+01
6.376136016845703125e+01
5.666289901733398438e+01
4.038333892822265625e+01
4.860772705078125000e+01
4.352501296997070312e+01
5.238613891601562500e+01
3.315494155883789062e+01
6.042382049560546875e+01
4.343872833251953125e+01
4.759224700927734375e+01
7.173675537109375000e+01
3.465729141235351562e+01
6.389173507690429688e+01
3.560737991333007812e+01
7.397874450683593750e+01
6.183155822753906250e+01
4.804780578613281250e+01
4.244377899169921875e+01
3.741328048706054688e+01
7.763377380371093750e+01
8.096884918212890625e+01
3.907285690307617188e+01
4.257283782958984375e+01
5.542684173583984375e+01
5.859815979003906250e+01
7.318388366699218750e+01
4.707188034057617188e+01
7.177754974365234375e+01
3.920374298095703125e+01
3.024491882324218750e+01
4.318701171875000000e+01
3.847431945800781250e+01
6.903800964355468750e+01
3.391745376586914062e+01
8.487435913085937500e+01
6.157387924194335938e+01
4.522756576538085938e+01
3.794213867187500000e+01
4.794067764282226562e+01
3.191568374633789062e+01
5.310934066772460938e+01
3.510797500610351562e+01
4.051634216308593750e+01
3.268101119995117188e+01
5.395652008056640625e+01
7.942489624023437500e+01
5.425431823730468750e+01
6.458079528808593750e+01
4.721347045898437500e+01
5.158886718750000000e+01
4.611085510253906250e+01
3.000000000000000000e+01
3.000000000000000000e+01
4.794067764282226562e+01
7.425404357910156250e+01
5.218418121337890625e+01
4.408351516723632812e+01
4.717680740356445312e+01
7.375766754150390625e+01
6.055701446533203125e+01
7.910688781738281250e+01
4.815464782714843750e+01
3.346687316894531250e+01
6.621450805664062500e+01
3.000000000000000000e+01
5.895964813232421875e+01
3.000000000000000000e+01
4.327973175048828125e+01
3.000000000000000000e+01
3.000000000000000000e+01
4.304849624633789062e+01
4.325197219848632812e+01
7.577567291259765625e+01
4.595774841308593750e+01
8.600036621093750000e+01
5.040568161010742188e+01
3.987500381469726562e+01
3.997304534912109375e+01
3.601453399658203125e+01
3.270244979858398438e+01
4.894511795043945312e+01
6.244801330566406250e+01
7.238059997558593750e+01
4.550650405883789062e+01
4.133002471923828125e+01
4.072524261474609375e+01
7.881137084960937500e+01
6.032342529296875000e+01
5.110050201416015625e+01
3.637630081176757812e+01
3.000000000000000000e+01
4.004668426513671875e+01
3.548736572265625000e+01
4.930221176147460938e+01
4.843221282958984375e+01
3.486859893798828125e+01
3.715155792236328125e+01
3.624741363525390625e+01
3.264060592651367188e+01
4.909155273437500000e+01
3.612640380859375000e+01
6.729073333740234375e+01
4.313440704345703125e+01
8.115992736816406250e+01
5.040568161010742188e+01
6.548979187011718750e+01
3.000000000000000000e+01
3.201234436035156250e+01
6.526959991455078125e+01
3.000000000000000000e+01
4.562251663208007812e+01
7.119982910156250000e+01
3.000000000000000000e+01
5.999324417114257812e+01
4.317444610595703125e+01
3.238893127441406250e+01
5.237113571166992188e+01
6.184212875366210938e+01
3.216049575805664062e+01
4.055776977539062500e+01
7.212152862548828125e+01
4.699691772460937500e+01
8.094079589843750000e+01
8.568016052246093750e+01
3.000000000000000000e+01
7.947464752197265625e+01
6.428801727294921875e+01
6.009705352783203125e+01
4.113055801391601562e+01
4.913401031494140625e+01
6.081829071044921875e+01
6.869851684570312500e+01
4.504200744628906250e+01
5.973422622680664062e+01
8.437155914306640625e+01
3.617031860351562500e+01
8.084915924072265625e+01
3.996002197265625000e+01
3.005295944213867188e+01
3.895591735839843750e+01
5.122130584716796875e+01
3.000000000000000000e+01
5.981124114990234375e+01
5.406399536132812500e+01
4.972915649414062500e+01
3.660105895996093750e+01
5.701397323608398438e+01
5.324816894531250000e+01
3.700895690917968750e+01
7.667710876464843750e+01
3.000000000000000000e+01
3.926060485839843750e+01
6.220544815063476562e+01
4.372916793823242188e+01
4.506567382812500000e+01
5.111537933349609375e+01
4.244377899169921875e+01
3.111047744750976562e+01
3.398458862304687500e+01
4.513687896728515625e+01
5.474796676635742188e+01
3.166848564147949219e+01
5.059194946289062500e+01
6.623675537109375000e+01
4.504705047607421875e+01
4.150363540649414062e+01
4.704123687744140625e+01
7.768795776367187500e+01
4.961521148681640625e+01
6.831584167480468750e+01
1.157539215087890625e+02
4.778843307495117188e+01
4.851264190673828125e+01
4.844073486328125000e+01
4.484821319580078125e+01
4.278895950317382812e+01
4.521595001220703125e+01
6.078626251220703125e+01
1.065314178466796875e+02
5.631302261352539062e+01
4.065591812133789062e+01
4.783204269409179688e+01
6.134529113769531250e+01
3.816267395019531250e+01
4.931233978271484375e+01
5.410842132568359375e+01
5.644627380371093750e+01
3.012727355957031250e+01
6.315108489990234375e+01
3.953461837768554688e+01
6.404577636718750000e+01
6.598494720458984375e+01
3.719281768798828125e+01
4.510392761230468750e+01
4.247163391113281250e+01
3.000000000000000000e+01
5.769464874267578125e+01
4.682829666137695312e+01
4.377414321899414062e+01
5.300517272949218750e+01
3.790524291992187500e+01
4.189595031738281250e+01
4.338301467895507812e+01
4.757357025146484375e+01
3.003263664245605469e+01
7.528611755371093750e+01
3.538694000244140625e+01
4.515525817871093750e+01
4.191548538208007812e+01
4.832792663574218750e+01
5.216020202636718750e+01
4.713572692871093750e+01
5.091017150878906250e+01
5.400140762329101562e+01
3.654802322387695312e+01
5.783429718017578125e+01
5.214209747314453125e+01
4.275585174560546875e+01
4.242793655395507812e+01
5.258930587768554688e+01
5.436341094970703125e+01
4.545166397094726562e+01
6.554104614257812500e+01
4.042038726806640625e+01
6.642259216308593750e+01
4.333250808715820312e+01
9.747149658203125000e+01
1.025584182739257812e+02
5.032971954345703125e+01
4.800022888183593750e+01
3.303749847412109375e+01
7.668117523193359375e+01
3.000000000000000000e+01
3.696897888183593750e+01
9.104835510253906250e+01
4.770653915405273438e+01
3.692420959472656250e+01
5.022249603271484375e+01
9.587492370605468750e+01
3.260537719726562500e+01
6.069634628295898438e+01
3.000000000000000000e+01
5.231603240966796875e+01
4.525614929199218750e+01
3.178034973144531250e+01
5.470085906982421875e+01
9.123725891113281250e+01
4.899349975585937500e+01
3.862924194335937500e+01
3.549180221557617188e+01
5.641583251953125000e+01
4.089202499389648438e+01
4.010782623291015625e+01
6.084377288818359375e+01
9.783092498779296875e+01
5.362722778320312500e+01
8.146721649169921875e+01
6.910157775878906250e+01
7.443518066406250000e+01
6.023818206787109375e+01
3.074158096313476562e+01
3.630508422851562500e+01
5.430305480957031250e+01
3.944200897216796875e+01
4.740718460083007812e+01
3.254298782348632812e+01
3.450312805175781250e+01
5.393505096435546875e+01
3.254351425170898438e+01
3.000000000000000000e+01
4.575705718994140625e+01
7.425115966796875000e+01
5.227346038818359375e+01
3.764762115478515625e+01
4.135390472412109375e+01
3.081822013854980469e+01
4.850584793090820312e+01
4.085399627685546875e+01
6.910264587402343750e+01
5.127456283569335938e+01
4.604129028320312500e+01
3.000000000000000000e+01
7.755426025390625000e+01
5.305055236816406250e+01
3.000000000000000000e+01
7.763377380371093750e+01
3.258584976196289062e+01
1.066078414916992188e+02
4.689042663574218750e+01
4.917933654785156250e+01
5.399213027954101562e+01
4.222365188598632812e+01
3.000000000000000000e+01
3.803242874145507812e+01
5.360610961914062500e+01
4.401653289794921875e+01
4.176053237915039062e+01
4.111709976196289062e+01
4.129710006713867188e+01
3.971039581298828125e+01
7.396518707275390625e+01
6.672285461425781250e+01
8.754862976074218750e+01
4.181913757324218750e+01
3.763251495361328125e+01
5.318541717529296875e+01
5.393505477905273438e+01
5.263901138305664062e+01
4.800408172607421875e+01
5.932971191406250000e+01
5.368596267700195312e+01
5.199559402465820312e+01
3.784743499755859375e+01
3.521740722656250000e+01
3.398843383789062500e+01
8.511981201171875000e+01
3.408639144897460938e+01
3.991556549072265625e+01
3.870567321777343750e+01
4.375366973876953125e+01
4.729962158203125000e+01
3.000000000000000000e+01
5.046680831909179688e+01
7.595741271972656250e+01
3.036402320861816406e+01
6.472298431396484375e+01
6.884061431884765625e+01
3.000000000000000000e+01
5.038495635986328125e+01
4.063236618041992188e+01
4.176945877075195312e+01
4.610416412353515625e+01
5.103315734863281250e+01
3.538347625732421875e+01
3.926549911499023438e+01
4.399300384521484375e+01
4.862010192871093750e+01
3.132521629333496094e+01
4.017761611938476562e+01
4.199758148193359375e+01
3.603136062622070312e+01
3.374180984497070312e+01
3.764529800415039062e+01
3.807035064697265625e+01
6.015761184692382812e+01
4.242451858520507812e+01
9.587491607666015625e+01
4.490079498291015625e+01
3.485254669189453125e+01
3.627972030639648438e+01
8.404873657226562500e+01
3.200561141967773438e+01
4.161891174316406250e+01
8.511981201171875000e+01
5.304431533813476562e+01
4.928047943115234375e+01
3.908954620361328125e+01
4.972857666015625000e+01
9.845401000976562500e+01
8.202786254882812500e+01
5.765612792968750000e+01
7.898942565917968750e+01
3.012244033813476562e+01
3.109892463684082031e+01
4.927059555053710938e+01
3.894449615478515625e+01
5.070348358154296875e+01
7.338800048828125000e+01
3.798208618164062500e+01
3.373472976684570312e+01
7.026898193359375000e+01
3.320413589477539062e+01
5.275872039794921875e+01
6.382262420654296875e+01
4.645011138916015625e+01
3.205834197998046875e+01
4.319444274902343750e+01
6.428801727294921875e+01
3.978615570068359375e+01
4.533951950073242188e+01
9.237326049804687500e+01
3.981437683105468750e+01
3.030313491821289062e+01
7.647566986083984375e+01
5.954431533813476562e+01
3.713330459594726562e+01
4.087147521972656250e+01
4.186327362060546875e+01
4.743626022338867188e+01
3.840912246704101562e+01
3.828472137451171875e+01
3.701521301269531250e+01
6.497483062744140625e+01
6.743922424316406250e+01
5.365768432617187500e+01
3.475640106201171875e+01
4.274960708618164062e+01
3.639241790771484375e+01
4.954998016357421875e+01
6.964450073242187500e+01
4.310332489013671875e+01
4.753794860839843750e+01
3.539498519897460938e+01
3.000000000000000000e+01
3.643050384521484375e+01
3.014175415039062500e+01
5.616476821899414062e+01
4.483235168457031250e+01
5.631302261352539062e+01
6.413714599609375000e+01
3.757738113403320312e+01
4.429296875000000000e+01
4.870503997802734375e+01
3.000000000000000000e+01
7.115576934814453125e+01
4.681012725830078125e+01
4.181031799316406250e+01
4.377039337158203125e+01
7.036056518554687500e+01
4.627882003784179688e+01
3.316001892089843750e+01
3.820575714111328125e+01
3.726890182495117188e+01
6.360378265380859375e+01
4.581732940673828125e+01
4.098309326171875000e+01
3.508519744873046875e+01
3.000000000000000000e+01
3.000000000000000000e+01
3.883140563964843750e+01
4.582374191284179688e+01
3.668056106567382812e+01
5.472731399536132812e+01
4.135997772216796875e+01
7.383128356933593750e+01
4.547299194335937500e+01
4.882873535156250000e+01
5.365922164916992188e+01
3.238021469116210938e+01
5.019701766967773438e+01
3.000000000000000000e+01
3.763116836547851562e+01
4.639077377319335938e+01
4.646425247192382812e+01
3.750470352172851562e+01
3.401719284057617188e+01
3.653186035156250000e+01
3.865938949584960938e+01
3.974620819091796875e+01
4.640358734130859375e+01
