5.598700332641601562e+01
6.677151489257812500e+01
3.372389221191406250e+01
3.858919906616210938e+01
7.245877838134765625e+01
5.629621887207031250e+01
3.000000000000000000e+01
5.856015014648437500e+01
5.934755706787109375e+01
1.174940490722656250e+02
4.753562927246093750e+01
9.436885833740234375e+01
5.224216461181640625e+01
4.571203613281250000e+01
3.060766220092773438e+01
5.835914993286132812e+01
7.024699401855468750e+01
4.303884887695312500e+01
4.154880523681640625e+01
1.336844177246093750e+02
3.863198471069335938e+01
8.491790008544921875e+01
3.347501754760742188e+01
3.000000000000000000e+01
3.884857177734375000e+01
6.222813415527343750e+01
3.000000000000000000e+01
6.990443420410156250e+01
1.800702056884765625e+02
3.371276855468750000e+01
6.170841217041015625e+01
4.314938354492187500e+01
4.120756530761718750e+01
1.112690658569335938e+02
7.476255035400390625e+01
5.076602935791015625e+01
6.740052032470703125e+01
5.203688430786132812e+01
4.741283416748046875e+01
3.000000000000000000e+01
3.505008316040039062e+01
3.526588439941406250e+01
5.384475708007812500e+01
4.496949768066406250e+01
3.758261871337890625e+01
3.323349761962890625e+01
3.667495346069335938e+01
6.222294616699218750e+01
1.267375869750976562e+02
6.244169998168945312e+01
4.341243743896484375e+01
3.788769531250000000e+01
7.546144104003906250e+01
4.235914230346679688e+01
1.223596038818359375e+02
4.340444183349609375e+01
6.687308502197265625e+01
4.640030670166015625e+01
6.408126068115234375e+01
7.911190795898437500e+01
5.436301803588867188e+01
8.858065795898437500e+01
3.903578948974609375e+01
1.001069412231445312e+02
1.046757736206054688e+02
5.811644744873046875e+01
4.449425125122070312e+01
3.000000000000000000e+01
4.795537948608398438e+01
4.792715454101562500e+01
5.599141693115234375e+01
3.638647079467773438e+01
7.392230987548828125e+01
3.879791259765625000e+01
4.772733688354492188e+01
3.160565948486328125e+01
4.462729644775390625e+01
5.312619781494140625e+01
3.942729187011718750e+01
6.113256835937500000e+01
3.604279327392578125e+01
7.024699401855468750e+01
5.204640197753906250e+01
1.291603698730468750e+02
1.026847915649414062e+02
3.000000000000000000e+01
3.469775772094726562e+01
5.224486541748046875e+01
5.224216461181640625e+01
5.874630737304687500e+01
4.502406692504882812e+01
5.635313415527343750e+01
6.571815490722656250e+01
5.257668304443359375e+01
1.035378265380859375e+02
8.746185302734375000e+01
6.338351440429687500e+01
3.932244110107421875e+01
7.951616668701171875e+01
4.044536209106445312e+01
1.088966064453125000e+02
6.685873413085937500e+01
1.459689636230468750e+02
3.000000000000000000e+01
4.475713348388671875e+01
8.674145507812500000e+01
3.000000000000000000e+01
6.678466033935546875e+01
5.491591262817382812e+01
3.000000000000000000e+01
4.208986663818359375e+01
3.533950805664062500e+01
6.966308593750000000e+01
1.271296920776367188e+02
4.092727661132812500e+01
4.136965942382812500e+01
1.000518798828125000e+02
4.666418457031250000e+01
8.068458557128906250e+01
5.928156661987304688e+01
4.632571411132812500e+01
6.204196548461914062e+01
3.952381134033203125e+01
4.856623077392578125e+01
4.237480926513671875e+01
5.088907623291015625e+01
6.921163177490234375e+01
6.055068969726562500e+01
4.783500671386718750e+01
3.000000000000000000e+01
4.825883865356445312e+01
1.057786560058593750e+02
5.309915924072265625e+01
3.000000000000000000e+01
5.324623870849609375e+01
3.976104736328125000e+01
1.225658950805664062e+02
4.764726638793945312e+01
4.555966186523437500e+01
6.958189392089843750e+01
5.693433761596679688e+01
8.483066558837890625e+01
6.745396423339843750e+01
6.395022964477539062e+01
7.378752899169921875e+01
4.122426986694335938e+01
9.256060791015625000e+01
9.616485595703125000e+01
3.915120315551757812e+01
1.241390991210937500e+02
6.309790039062500000e+01
7.488677215576171875e+01
5.721431732177734375e+01
7.544641876220703125e+01
3.782859039306640625e+01
1.246409149169921875e+02
3.000000000000000000e+01
1.415007324218750000e+02
4.494934844970703125e+01
5.825017547607421875e+01
3.717587280273437500e+01
5.521881484985351562e+01
4.652577209472656250e+01
4.045405960083007812e+01
7.255645751953125000e+01
3.867403411865234375e+01
5.970263671875000000e+01
4.692647933959960938e+01
3.563742065429687500e+01
9.441830444335937500e+01
4.747309875488281250e+01
4.693437576293945312e+01
4.317910003662109375e+01
3.095336532592773438e+01
5.475870513916015625e+01
4.971154022216796875e+01
4.099030303955078125e+01
4.802611923217773438e+01
7.347248077392578125e+01
5.534679412841796875e+01
6.300789642333984375e+01
6.412052154541015625e+01
6.673362731933593750e+01
5.492456054687500000e+01
4.316912460327148438e+01
3.505356597900390625e+01
3.337673187255859375e+01
9.104067230224609375e+01
5.172822570800781250e+01
4.678160476684570312e+01
4.284189224243164062e+01
3.138253974914550781e+01
4.605663681030273438e+01
4.381978225708007812e+01
5.184773635864257812e+01
5.288003158569335938e+01
3.000000000000000000e+01
6.905921936035156250e+01
1.498395233154296875e+02
7.027239227294921875e+01
5.187044906616210938e+01
1.226377334594726562e+02
5.556526184082031250e+01
3.000000000000000000e+01
4.252674484252929688e+01
4.303839492797851562e+01
4.802946853637695312e+01
4.216661071777343750e+01
8.651287841796875000e+01
3.911713409423828125e+01
4.232504272460937500e+01
1.104727020263671875e+02
4.178508758544921875e+01
3.994021606445312500e+01
3.873183441162109375e+01
4.502149200439453125e+01
5.106340026855468750e+01
5.419174194335937500e+01
3.935003662109375000e+01
4.464669799804687500e+01
3.606443405151367188e+01
6.606307220458984375e+01
9.288057708740234375e+01
4.017739868164062500e+01
4.444234085083007812e+01
4.235114288330078125e+01
6.228324890136718750e+01
1.216134490966796875e+02
6.611296081542968750e+01
1.264614334106445312e+02
3.536558532714843750e+01
5.352735900878906250e+01
4.341473007202148438e+01
6.592288208007812500e+01
3.542296600341796875e+01
6.476904296875000000e+01
4.061037826538085938e+01
4.043410491943359375e+01
7.834431457519531250e+01
5.314318466186523438e+01
4.360955429077148438e+01
1.251323699951171875e+02
1.155255584716796875e+02
7.420567321777343750e+01
9.982562255859375000e+01
3.373047256469726562e+01
5.715082550048828125e+01
1.482166137695312500e+02
1.572592010498046875e+02
4.047193145751953125e+01
7.179492950439453125e+01
4.078490447998046875e+01
5.498223495483398438e+01
9.027981567382812500e+01
4.559261322021484375e+01
6.125104141235351562e+01
4.512725830078125000e+01
4.746991729736328125e+01
3.873392486572265625e+01
1.394843444824218750e+02
4.701022338867187500e+01
4.948784255981445312e+01
5.136975860595703125e+01
4.892053604125976562e+01
1.171454696655273438e+02
4.225815963745117188e+01
1.524161529541015625e+02
6.392750549316406250e+01
5.772550964355468750e+01
5.126486587524414062e+01
5.214315032958984375e+01
4.447203063964843750e+01
7.420567321777343750e+01
6.918739318847656250e+01
1.867084960937500000e+02
4.108095932006835938e+01
6.766056823730468750e+01
7.674752807617187500e+01
1.027066116333007812e+02
9.788591003417968750e+01
6.277768325805664062e+01
6.956491851806640625e+01
6.794514465332031250e+01
4.262786865234375000e+01
6.453086090087890625e+01
4.068362426757812500e+01
3.000000000000000000e+01
6.636641693115234375e+01
3.578390121459960938e+01
3.990194702148437500e+01
4.103206634521484375e+01
4.025199508666992188e+01
3.000000000000000000e+01
1.140669250488281250e+02
3.015621566772460938e+01
3.751213836669921875e+01
3.795039367675781250e+01
5.679377746582031250e+01
4.509212112426757812e+01
5.207391738891601562e+01
5.403108978271484375e+01
3.049458312988281250e+01
4.021295928955078125e+01
6.755902099609375000e+01
5.367740631103515625e+01
4.157549285888671875e+01
7.495931243896484375e+01
7.457995605468750000e+01
6.867291259765625000e+01
1.379102630615234375e+02
1.494186096191406250e+02
3.000000000000000000e+01
9.529428100585937500e+01
1.108693389892578125e+02
9.509550476074218750e+01
4.106430053710937500e+01
4.026860809326171875e+01
1.309884185791015625e+02
6.627690887451171875e+01
7.951616668701171875e+01
5.076297378540039062e+01
4.491321563720703125e+01
4.203768539428710938e+01
5.378560256958007812e+01
3.503902435302734375e+01
3.000000000000000000e+01
3.505578231811523438e+01
3.684595489501953125e+01
7.392230987548828125e+01
4.382588195800781250e+01
7.784497070312500000e+01
4.941463851928710938e+01
5.262792587280273438e+01
4.653599548339843750e+01
3.775155639648437500e+01
4.686737823486328125e+01
6.998934173583984375e+01
5.172871017456054688e+01
3.000000000000000000e+01
3.276947402954101562e+01
5.443072509765625000e+01
8.718061828613281250e+01
4.813982391357421875e+01
6.867291259765625000e+01
4.454059982299804688e+01
4.890352630615234375e+01
1.848138732910156250e+02
3.444284057617187500e+01
3.931312179565429688e+01
1.129919357299804688e+02
1.555811462402343750e+02
1.974620666503906250e+02
5.716003036499023438e+01
8.858065795898437500e+01
4.124581146240234375e+01
1.136704330444335938e+02
6.038131713867187500e+01
3.324650192260742188e+01
1.533434448242187500e+02
5.650392150878906250e+01
5.657334136962890625e+01
1.364958038330078125e+02
5.989464569091796875e+01
6.072401428222656250e+01
1.054970397949218750e+02
3.246401214599609375e+01
6.048001861572265625e+01
1.133322296142578125e+02
3.341104888916015625e+01
6.330274581909179688e+01
6.564346313476562500e+01
4.137142944335937500e+01
8.614022827148437500e+01
1.379501800537109375e+02
6.732397460937500000e+01
1.373919677734375000e+02
8.492727661132812500e+01
3.371276473999023438e+01
1.002581176757812500e+02
8.140328979492187500e+01
3.000000000000000000e+01
3.000000000000000000e+01
3.916030120849609375e+01
3.581769180297851562e+01
6.703632354736328125e+01
1.155255584716796875e+02
4.916663360595703125e+01
4.809123611450195312e+01
3.886606979370117188e+01
2.630787048339843750e+02
4.752400970458984375e+01
3.540996551513671875e+01
4.037186813354492188e+01
3.000000000000000000e+01
4.714912414550781250e+01
6.819920349121093750e+01
6.706276702880859375e+01
1.065032272338867188e+02
5.533429718017578125e+01
3.975224304199218750e+01
5.255865478515625000e+01
3.780660247802734375e+01
1.480426330566406250e+02
4.618339157104492188e+01
3.173618507385253906e+01
3.288346099853515625e+01
3.797107696533203125e+01
5.775472259521484375e+01
8.675782775878906250e+01
1.292586975097656250e+02
6.898935699462890625e+01
8.960078430175781250e+01
5.285188674926757812e+01
4.229188537597656250e+01
7.130731964111328125e+01
3.435397720336914062e+01
6.224188613891601562e+01
6.643359375000000000e+01
3.000000000000000000e+01
3.615929794311523438e+01
9.598108673095703125e+01
4.123062133789062500e+01
4.075805664062500000e+01
1.395902252197265625e+02
5.888483428955078125e+01
4.047133636474609375e+01
7.057504272460937500e+01
4.636753082275390625e+01
5.960084533691406250e+01
9.574313354492187500e+01
4.559644699096679688e+01
7.784497070312500000e+01
2.063376159667968750e+02
5.378560256958007812e+01
1.299370422363281250e+02
4.099542617797851562e+01
5.032224655151367188e+01
9.402400207519531250e+01
6.990443420410156250e+01
5.421405792236328125e+01
6.892820739746093750e+01
3.000000000000000000e+01
6.575878143310546875e+01
5.121591949462890625e+01
8.113914489746093750e+01
3.746122741699218750e+01
4.647166442871093750e+01
6.718171691894531250e+01
8.430442810058593750e+01
8.713863372802734375e+01
4.098167419433593750e+01
5.721431732177734375e+01
5.336286544799804688e+01
5.902821731567382812e+01
7.258693695068359375e+01
3.169505882263183594e+01
1.141168823242187500e+02
9.168494415283203125e+01
3.000000000000000000e+01
1.263820037841796875e+02
8.194258117675781250e+01
4.806605529785156250e+01
4.588108062744140625e+01
4.121553039550781250e+01
4.472444152832031250e+01
1.710090637207031250e+02
3.639719009399414062e+01
5.357057952880859375e+01
5.489228820800781250e+01
4.137358474731445312e+01
9.574810028076171875e+01
3.886919403076171875e+01
3.999488830566406250e+01
1.395051422119140625e+02
5.367740631103515625e+01
9.429742431640625000e+01
5.764988708496093750e+01
4.292155456542968750e+01
5.916234588623046875e+01
9.922467041015625000e+01
9.127276611328125000e+01
7.574981689453125000e+01
7.747419738769531250e+01
3.993758010864257812e+01
7.281331634521484375e+01
7.763027954101562500e+01
4.892610168457031250e+01
3.994021606445312500e+01
8.251602172851562500e+01
8.946943664550781250e+01
5.490792846679687500e+01
6.009041976928710938e+01
5.426997375488281250e+01
3.000000000000000000e+01
4.188335800170898438e+01
3.000000000000000000e+01
6.237354660034179688e+01
3.000000000000000000e+01
3.347203826904296875e+01
4.178046035766601562e+01
5.429448699951171875e+01
4.545109939575195312e+01
7.558911895751953125e+01
6.595059967041015625e+01
4.522669982910156250e+01
4.103963470458984375e+01
4.991255187988281250e+01
6.515839385986328125e+01
3.000000000000000000e+01
3.556710433959960938e+01
6.125339508056640625e+01
3.206161117553710938e+01
5.781201171875000000e+01
3.000000000000000000e+01
4.970335388183593750e+01
3.000000000000000000e+01
3.060766410827636719e+01
1.059239044189453125e+02
3.914775085449218750e+01
3.760041427612304688e+01
6.720698547363281250e+01
3.173618507385253906e+01
7.274415588378906250e+01
4.178614044189453125e+01
4.835161590576171875e+01
1.282201995849609375e+02
4.424395751953125000e+01
1.124018859863281250e+02
1.242836456298828125e+02
3.698964309692382812e+01
3.653571701049804688e+01
8.463538360595703125e+01
4.490269088745117188e+01
4.538682556152343750e+01
5.136975860595703125e+01
1.145003509521484375e+02
4.654341888427734375e+01
4.511249542236328125e+01
5.435599136352539062e+01
4.674755477905273438e+01
4.576778411865234375e+01
1.112492675781250000e+02
4.619430923461914062e+01
7.225733184814453125e+01
5.137426757812500000e+01
3.339217758178710938e+01
3.581824493408203125e+01
4.198677825927734375e+01
3.995114898681640625e+01
4.167704772949218750e+01
3.578342056274414062e+01
3.718980026245117188e+01
4.198808288574218750e+01
4.921216583251953125e+01
5.242742156982421875e+01
4.538609695434570312e+01
6.058589935302734375e+01
6.678466033935546875e+01
6.794735717773437500e+01
8.651287841796875000e+01
5.457754898071289062e+01
1.000116348266601562e+02
8.639927673339843750e+01
1.132703857421875000e+02
4.149328613281250000e+01
4.926116943359375000e+01
3.000000000000000000e+01
4.675672149658203125e+01
6.179116058349609375e+01
7.351014709472656250e+01
7.671236419677734375e+01
9.193013000488281250e+01
4.092727661132812500e+01
4.644309616088867188e+01
7.015402984619140625e+01
1.029889526367187500e+02
4.124417114257812500e+01
5.641182708740234375e+01
4.359753417968750000e+01
3.862317657470703125e+01
8.678544616699218750e+01
4.502406692504882812e+01
4.689265823364257812e+01
4.355684661865234375e+01
4.781780242919921875e+01
6.155225753784179688e+01
7.954615020751953125e+01
4.120000076293945312e+01
3.345723724365234375e+01
3.879736328125000000e+01
1.065032272338867188e+02
4.701321411132812500e+01
3.703101348876953125e+01
4.996152496337890625e+01
5.388899230957031250e+01
4.443811798095703125e+01
5.341682052612304688e+01
4.958277893066406250e+01
7.291079711914062500e+01
3.840570068359375000e+01
5.542905044555664062e+01
7.338171386718750000e+01
7.694691467285156250e+01
7.586466217041015625e+01
4.937565994262695312e+01
3.000000000000000000e+01
6.910293579101562500e+01
7.031303405761718750e+01
4.832381820678710938e+01
5.207486724853515625e+01
5.528337860107421875e+01
4.493312454223632812e+01
5.859372329711914062e+01
4.806129074096679688e+01
3.674978256225585938e+01
5.073011398315429688e+01
6.875859832763671875e+01
6.718171691894531250e+01
5.307671356201171875e+01
4.806834030151367188e+01
3.507205581665039062e+01
6.761022186279296875e+01
1.066473388671875000e+02
6.852168273925781250e+01
3.607567214965820312e+01
1.132703857421875000e+02
5.716003417968750000e+01
6.455036163330078125e+01
8.946943664550781250e+01
3.703666687011718750e+01
3.492792510986328125e+01
7.170861816406250000e+01
3.000000000000000000e+01
4.091374969482421875e+01
2.534761505126953125e+02
3.839350128173828125e+01
3.273956298828125000e+01
3.828414916992187500e+01
1.261865234375000000e+02
5.656681823730468750e+01
5.193159103393554688e+01
9.576451110839843750e+01
4.641312026977539062e+01
1.386704406738281250e+02
7.999140930175781250e+01
1.042397155761718750e+02
3.000000000000000000e+01
4.442038345336914062e+01
6.209550094604492188e+01
7.760351562500000000e+01
5.800638961791992188e+01
5.172871017456054688e+01
4.941267013549804688e+01
3.000000000000000000e+01
4.731476593017578125e+01
5.659771728515625000e+01
5.339666366577148438e+01
3.333317184448242188e+01
7.515543365478515625e+01
7.775759124755859375e+01
3.492509460449218750e+01
3.062844657897949219e+01
5.233145904541015625e+01
3.000000000000000000e+01
4.955688858032226562e+01
8.542915344238281250e+01
5.437881851196289062e+01
7.457452392578125000e+01
5.084383392333984375e+01
5.613378906250000000e+01
3.451348876953125000e+01
8.483066558837890625e+01
6.215298843383789062e+01
8.088560485839843750e+01
9.705999755859375000e+01
5.809611892700195312e+01
4.970624923706054688e+01
4.254393768310546875e+01
3.105075836181640625e+01
6.188953399658203125e+01
6.158787536621093750e+01
1.710090637207031250e+02
4.746933746337890625e+01
4.711238479614257812e+01
4.737354278564453125e+01
5.074883270263671875e+01
4.492099761962890625e+01
5.692297363281250000e+01
5.440643310546875000e+01
5.990687179565429688e+01
1.058764038085937500e+02
3.000000000000000000e+01
3.000000000000000000e+01
5.139316558837890625e+01
1.080322494506835938e+02
6.800567626953125000e+01
1.124018859863281250e+02
3.309415435791015625e+01
3.000000000000000000e+01
4.937757110595703125e+01
6.450070953369140625e+01
1.665508117675781250e+02
6.008843231201171875e+01
5.544826126098632812e+01
4.701146316528320312e+01
3.278919601440429688e+01
3.726933670043945312e+01
8.645867156982421875e+01
3.054216957092285156e+01
3.685330200195312500e+01
5.321317291259765625e+01
8.985577392578125000e+01
5.616429138183593750e+01
9.582403564453125000e+01
4.052811813354492188e+01
4.923832321166992188e+01
6.627690887451171875e+01
6.619266510009765625e+01
5.351314926147460938e+01
4.252658462524414062e+01
4.639386749267578125e+01
3.000000000000000000e+01
4.891051483154296875e+01
4.618339157104492188e+01
3.865587234497070312e+01
4.827425003051757812e+01
5.888483428955078125e+01
5.597067260742187500e+01
4.472131347656250000e+01
4.089987182617187500e+01
3.540996551513671875e+01
3.465103530883789062e+01
1.381262207031250000e+02
3.000000000000000000e+01
6.943586730957031250e+01
9.541802978515625000e+01
4.298069000244140625e+01
3.000000000000000000e+01
4.401734161376953125e+01
5.825017929077148438e+01
6.903874206542968750e+01
5.862431335449218750e+01
5.031597518920898438e+01
5.900151443481445312e+01
6.686712646484375000e+01
6.581567382812500000e+01
3.899709701538085938e+01
7.971627807617187500e+01
3.000000000000000000e+01
5.916234588623046875e+01
5.550977325439453125e+01
3.246628570556640625e+01
3.149038314819335938e+01
5.835680007934570312e+01
5.078888320922851562e+01
4.580705261230468750e+01
4.509212112426757812e+01
5.335633087158203125e+01
5.126142120361328125e+01
6.562965393066406250e+01
8.687794494628906250e+01
5.596617126464843750e+01
9.388589477539062500e+01
4.477742385864257812e+01
5.314318847656250000e+01
3.739010238647460938e+01
6.354444885253906250e+01
6.589292907714843750e+01
6.336616134643554688e+01
6.767987060546875000e+01
3.782175445556640625e+01
8.047266387939453125e+01
4.772991943359375000e+01
4.987511444091796875e+01
8.617475891113281250e+01
1.336844177246093750e+02
9.078981781005859375e+01
4.982486343383789062e+01
3.479274368286132812e+01
4.839580917358398438e+01
5.500687789916992188e+01
8.713862609863281250e+01
8.513159942626953125e+01
6.188043975830078125e+01
1.074424743652343750e+02
5.233145904541015625e+01
4.448351287841796875e+01
3.000000000000000000e+01
5.759059906005859375e+01
4.863584136962890625e+01
3.179792785644531250e+01
3.961305236816406250e+01
8.233596038818359375e+01
6.503399658203125000e+01
4.584018707275390625e+01
9.298985290527343750e+01
3.504515457153320312e+01
3.940906524658203125e+01
4.792715454101562500e+01
4.890263748168945312e+01
4.041568756103515625e+01
4.252658462524414062e+01
2.044274902343750000e+02
6.564572906494140625e+01
5.028483963012695312e+01
3.718827056884765625e+01
5.323274993896484375e+01
1.205871200561523438e+02
4.697130966186523438e+01
4.042417144775390625e+01
6.578268432617187500e+01
3.333317184448242188e+01
8.363283538818359375e+01
4.830190658569335938e+01
5.905242156982421875e+01
4.742739868164062500e+01
5.340068054199218750e+01
4.090248870849609375e+01
3.401700973510742188e+01
4.950084686279296875e+01
5.910261535644531250e+01
1.915877075195312500e+02
3.655079650878906250e+01
4.639625167846679688e+01
6.777212524414062500e+01
6.249775314331054688e+01
4.235546875000000000e+01
4.046858978271484375e+01
3.000000000000000000e+01
5.124722290039062500e+01
3.674406051635742188e+01
3.242182922363281250e+01
4.607892608642578125e+01
3.698602294921875000e+01
4.062606811523437500e+01
4.630743026733398438e+01
3.698964309692382812e+01
4.889891815185546875e+01
3.208344650268554688e+01
5.670251083374023438e+01
7.746626281738281250e+01
3.000000000000000000e+01
4.635479736328125000e+01
3.795039749145507812e+01
7.451760864257812500e+01
4.262265777587890625e+01
9.700183105468750000e+01
3.000000000000000000e+01
7.574981689453125000e+01
8.483543395996093750e+01
3.992254638671875000e+01
8.617475891113281250e+01
3.129605484008789062e+01
4.228927612304687500e+01
3.918830108642578125e+01
4.360720443725585938e+01
1.048558044433593750e+02
5.008237838745117188e+01
3.968583679199218750e+01
7.414788055419921875e+01
4.931651687622070312e+01
1.062998504638671875e+02
6.081576156616210938e+01
4.079597091674804688e+01
5.589933776855468750e+01
7.267498016357421875e+01
7.535250854492187500e+01
7.345771026611328125e+01
7.888173675537109375e+01
3.576447296142578125e+01
4.743268966674804688e+01
5.333538055419921875e+01
7.764511108398437500e+01
1.232463607788085938e+02
7.817782592773437500e+01
1.105351257324218750e+02
5.147178268432617188e+01
3.606658172607421875e+01
4.506025314331054688e+01
3.000000000000000000e+01
5.327172851562500000e+01
3.000000000000000000e+01
3.000000000000000000e+01
6.529415130615234375e+01
1.166767044067382812e+02
5.265563964843750000e+01
3.000000000000000000e+01
4.912523269653320312e+01
6.900791168212890625e+01
4.244777679443359375e+01
4.612669372558593750e+01
6.158787536621093750e+01
3.692475128173828125e+01
6.931471252441406250e+01
3.726934051513671875e+01
5.904391479492187500e+01
6.051160430908203125e+01
3.676882553100585938e+01
3.720296096801757812e+01
6.103073120117187500e+01
3.269038391113281250e+01
5.910435104370117188e+01
5.772705841064453125e+01
4.828764343261718750e+01
9.982562255859375000e+01
6.045123291015625000e+01
3.813881683349609375e+01
3.215315628051757812e+01
3.085545158386230469e+01
3.674268341064453125e+01
4.127643203735351562e+01
3.587770843505859375e+01
4.058325958251953125e+01
9.179037475585937500e+01
3.975224304199218750e+01
3.522473144531250000e+01
8.430442810058593750e+01
8.028370666503906250e+01
4.314614486694335938e+01
6.265345001220703125e+01
7.516125488281250000e+01
4.545109939575195312e+01
5.307713317871093750e+01
9.237721252441406250e+01
4.573865127563476562e+01
8.727925872802734375e+01
3.942729187011718750e+01
3.000000000000000000e+01
5.874630737304687500e+01
5.045899963378906250e+01
4.053925704956054688e+01
4.949571990966796875e+01
3.459335327148437500e+01
5.450449371337890625e+01
4.297621154785156250e+01
5.650392150878906250e+01
3.590655899047851562e+01
3.884024810791015625e+01
7.013246154785156250e+01
9.148113250732421875e+01
3.098387145996093750e+01
8.422347259521484375e+01
5.115900039672851562e+01
3.000000000000000000e+01
9.438055419921875000e+01
8.800084686279296875e+01
4.259728240966796875e+01
5.968248748779296875e+01
3.000000000000000000e+01
4.998132705688476562e+01
3.094585227966308594e+01
7.016050720214843750e+01
5.753079986572265625e+01
3.261743545532226562e+01
5.764988708496093750e+01
5.334012603759765625e+01
5.856623077392578125e+01
3.217048263549804688e+01
4.269886779785156250e+01
6.392441558837890625e+01
5.928156661987304688e+01
7.431373596191406250e+01
7.654039001464843750e+01
4.092655563354492188e+01
5.268841552734375000e+01
3.199618148803710938e+01
5.453322219848632812e+01
6.921163177490234375e+01
8.624427032470703125e+01
5.905242156982421875e+01
4.966249084472656250e+01
6.656015014648437500e+01
4.269886779785156250e+01
4.012123870849609375e+01
4.712026214599609375e+01
6.195666503906250000e+01
4.254534149169921875e+01
6.325661468505859375e+01
4.994377899169921875e+01
3.904306793212890625e+01
4.701022338867187500e+01
3.925055313110351562e+01
4.692754364013671875e+01
3.257370758056640625e+01
6.242729949951171875e+01
3.611898803710937500e+01
4.729289627075195312e+01
7.253942108154296875e+01
3.660472488403320312e+01
6.260330581665039062e+01
3.586698150634765625e+01
7.999176025390625000e+01
6.693460845947265625e+01
4.171018218994140625e+01
4.904118728637695312e+01
4.242881011962890625e+01
6.714035797119140625e+01
7.208737182617187500e+01
3.671385955810546875e+01
4.516285705566406250e+01
5.547626495361328125e+01
5.634545898437500000e+01
5.187044906616210938e+01
4.450292205810546875e+01
6.727680969238281250e+01
4.415549468994140625e+01
3.000000000000000000e+01
4.076712036132812500e+01
4.266051101684570312e+01
7.959215545654296875e+01
3.000000000000000000e+01
9.402400970458984375e+01
4.336071777343750000e+01
4.232504272460937500e+01
4.207140350341796875e+01
4.137853622436523438e+01
3.542967224121093750e+01
5.577373123168945312e+01
3.479273986816406250e+01
3.929534912109375000e+01
3.460250854492187500e+01
4.069492721557617188e+01
5.780324172973632812e+01
5.203688430786132812e+01
7.286758422851562500e+01
5.275301742553710938e+01
5.718465423583984375e+01
4.089586639404296875e+01
3.962580490112304688e+01
3.000000000000000000e+01
4.137853622436523438e+01
6.767987060546875000e+01
4.155117034912109375e+01
4.127932739257812500e+01
3.000000000000000000e+01
7.630759429931640625e+01
5.276115036010742188e+01
7.570292663574218750e+01
3.470660400390625000e+01
3.321968460083007812e+01
5.479817581176757812e+01
3.153358650207519531e+01
4.258886718750000000e+01
3.112539863586425781e+01
4.709453582763671875e+01
3.592619705200195312e+01
3.000000000000000000e+01
3.921588516235351562e+01
3.632260131835937500e+01
6.563342285156250000e+01
4.580427551269531250e+01
8.624426269531250000e+01
5.723373794555664062e+01
4.229347229003906250e+01
3.989517974853515625e+01
4.143853378295898438e+01
3.034346580505371094e+01
3.580389785766601562e+01
5.044259643554687500e+01
6.706276702880859375e+01
4.835161209106445312e+01
4.545442962646484375e+01
4.081470489501953125e+01
7.776953125000000000e+01
6.457351684570312500e+01
3.589566040039062500e+01
3.000000000000000000e+01
3.000000000000000000e+01
3.515187072753906250e+01
3.246628570556640625e+01
5.882399749755859375e+01
3.706442642211914062e+01
4.067226409912109375e+01
3.799981689453125000e+01
3.142268180847167969e+01
3.249634933471679688e+01
5.220484161376953125e+01
3.897030639648437500e+01
5.754019927978515625e+01
4.078509140014648438e+01
6.958190155029296875e+01
5.723373794555664062e+01
6.574082946777343750e+01
3.000000000000000000e+01
3.157093048095703125e+01
4.886822891235351562e+01
3.000000000000000000e+01
4.936856460571289062e+01
7.391992950439453125e+01
3.000000000000000000e+01
4.556402969360351562e+01
5.174269104003906250e+01
3.653571701049804688e+01
4.223785781860351562e+01
5.533429336547851562e+01
3.269456863403320312e+01
4.221564483642578125e+01
7.907697296142578125e+01
5.351990509033203125e+01
7.267498016357421875e+01
7.767753601074218750e+01
3.000000000000000000e+01
7.011502075195312500e+01
4.394963073730468750e+01
5.421405410766601562e+01
4.383243560791015625e+01
4.660881042480468750e+01
6.476904296875000000e+01
8.675782775878906250e+01
4.513123321533203125e+01
5.920716094970703125e+01
7.554641723632812500e+01
3.000000000000000000e+01
8.741153717041015625e+01
3.000000000000000000e+01
3.000000000000000000e+01
4.255528640747070312e+01
5.331155395507812500e+01
3.033168220520019531e+01
6.879534149169921875e+01
5.194995880126953125e+01
4.639624786376953125e+01
4.171966171264648438e+01
5.334199142456054688e+01
4.551235961914062500e+01
3.742974090576171875e+01
7.563609313964843750e+01
3.890346145629882812e+01
3.791348266601562500e+01
5.312746810913085938e+01
3.534247589111328125e+01
4.718061828613281250e+01
4.049738311767578125e+01
4.904118728637695312e+01
3.000000000000000000e+01
3.732026290893554688e+01
4.065366744995117188e+01
4.957236480712890625e+01
3.536038208007812500e+01
4.419872283935546875e+01
5.139316558837890625e+01
3.815238952636718750e+01
4.167704772949218750e+01
4.510736846923828125e+01
7.530508422851562500e+01
4.910282897949218750e+01
6.550946044921875000e+01
1.177144241333007812e+02
5.241609954833984375e+01
4.693437576293945312e+01
3.818722534179687500e+01
4.690630340576171875e+01
5.005256271362304688e+01
3.770466613769531250e+01
5.305916595458984375e+01
9.706000518798828125e+01
5.767269515991210938e+01
3.511981582641601562e+01
4.594692230224609375e+01
4.930641937255859375e+01
3.328839874267578125e+01
4.576778411865234375e+01
4.890263748168945312e+01
6.178100585937500000e+01
3.000000000000000000e+01
4.883205413818359375e+01
3.621336364746093750e+01
5.541646194458007812e+01
5.859372711181640625e+01
3.463712310791015625e+01
4.686637115478515625e+01
5.327474212646484375e+01
3.000000000000000000e+01
6.082183837890625000e+01
4.790792465209960938e+01
4.476394653320312500e+01
6.800566864013671875e+01
4.307411956787109375e+01
3.000000000000000000e+01
4.492099761962890625e+01
5.232291412353515625e+01
3.000000000000000000e+01
4.445875549316406250e+01
3.265997314453125000e+01
4.744501113891601562e+01
3.916703796386718750e+01
5.147555541992187500e+01
5.545396423339843750e+01
3.483173370361328125e+01
5.305663681030273438e+01
5.221413421630859375e+01
3.834550476074218750e+01
4.686060714721679688e+01
5.753702163696289062e+01
4.149328613281250000e+01
4.436587524414062500e+01
5.414193725585937500e+01
5.095552444458007812e+01
3.813540267944335938e+01
5.533374404907226562e+01
3.827700805664062500e+01
5.800214767456054688e+01
4.099340438842773438e+01
1.070672149658203125e+02
8.462779235839843750e+01
3.780693817138671875e+01
5.558641433715820312e+01
3.694482803344726562e+01
5.848867797851562500e+01
3.000000000000000000e+01
3.726072692871093750e+01
8.751692962646484375e+01
4.549738311767578125e+01
4.109604644775390625e+01
4.672346115112304688e+01
8.660845184326171875e+01
4.498767852783203125e+01
5.747926330566406250e+01
3.175550651550292969e+01
4.653375244140625000e+01
4.039423370361328125e+01
3.460771179199218750e+01
5.166100692749023438e+01
9.139209747314453125e+01
4.695217895507812500e+01
3.421453475952148438e+01
3.900384521484375000e+01
5.846780395507812500e+01
4.319044494628906250e+01
4.614005661010742188e+01
5.363208770751953125e+01
9.700183868408203125e+01
5.410491943359375000e+01
7.590531921386718750e+01
6.949296569824218750e+01
7.189587402343750000e+01
5.469956970214843750e+01
3.392027664184570312e+01
3.925112915039062500e+01
5.505891418457031250e+01
4.011185455322265625e+01
5.375904083251953125e+01
3.421495819091796875e+01
3.291914749145507812e+01
3.000000000000000000e+01
3.000000000000000000e+01
3.113387489318847656e+01
4.747978591918945312e+01
6.467178344726562500e+01
5.462650299072265625e+01
3.583143997192382812e+01
4.358956909179687500e+01
3.664421463012695312e+01
4.312010192871093750e+01
5.336808776855468750e+01
6.745396423339843750e+01
4.939324188232421875e+01
4.571203613281250000e+01
3.000000000000000000e+01
7.281331634521484375e+01
5.239464187622070312e+01
3.000000000000000000e+01
6.714035797119140625e+01
3.455458831787109375e+01
6.581740570068359375e+01
4.233449935913085938e+01
5.494613647460937500e+01
6.406381988525390625e+01
3.675400543212890625e+01
3.394710159301757812e+01
3.571192550659179688e+01
5.617476654052734375e+01
4.229188537597656250e+01
5.216197586059570312e+01
4.161498260498046875e+01
4.501169586181640625e+01
3.812126159667968750e+01
8.363283538818359375e+01
6.136757659912109375e+01
7.457995605468750000e+01
3.263695526123046875e+01
4.093406295776367188e+01
6.102929306030273438e+01
3.000000000000000000e+01
4.351082611083984375e+01
5.099100112915039062e+01
6.257586669921875000e+01
4.940617370605468750e+01
5.055064392089843750e+01
3.743464279174804688e+01
3.968856430053710938e+01
4.108283233642578125e+01
7.635657501220703125e+01
3.379714202880859375e+01
3.994554138183593750e+01
3.390871047973632812e+01
4.058605194091796875e+01
4.940375137329101562e+01
3.000000000000000000e+01
4.890352630615234375e+01
3.238880157470703125e+01
3.520272827148437500e+01
5.492456054687500000e+01
7.414788055419921875e+01
3.000000000000000000e+01
5.809014892578125000e+01
4.179122161865234375e+01
4.053296279907226562e+01
4.478462219238281250e+01
4.311841964721679688e+01
3.408424377441406250e+01
3.958489608764648438e+01
4.595968627929687500e+01
4.123765563964843750e+01
3.094321060180664062e+01
3.782390975952148438e+01
3.330303573608398438e+01
3.000000000000000000e+01
3.228668594360351562e+01
3.240386199951171875e+01
3.585685348510742188e+01
5.558452606201171875e+01
4.590292358398437500e+01
8.660845184326171875e+01
3.347261047363281250e+01
3.778051757812500000e+01
3.000000000000000000e+01
8.066521453857421875e+01
4.674755477905273438e+01
4.109803771972656250e+01
7.635657501220703125e+01
5.370703887939453125e+01
4.271201324462890625e+01
3.969889450073242188e+01
4.178045654296875000e+01
8.350288391113281250e+01
8.639405822753906250e+01
6.068688201904296875e+01
6.881636047363281250e+01
3.000000000000000000e+01
3.000000000000000000e+01
4.616017913818359375e+01
3.686862564086914062e+01
4.718333053588867188e+01
5.061164855957031250e+01
3.650337982177734375e+01
3.364891052246093750e+01
6.683249664306640625e+01
3.220803451538085938e+01
5.733863830566406250e+01
3.397829818725585938e+01
3.943655014038085938e+01
3.000000000000000000e+01
3.607567214965820312e+01
4.394963455200195312e+01
4.501639938354492188e+01
4.165584182739257812e+01
7.398614501953125000e+01
4.011524963378906250e+01
4.976176452636718750e+01
6.766726684570312500e+01
4.866778564453125000e+01
3.000000000000000000e+01
3.954365539550781250e+01
4.629934310913085938e+01
4.600461578369140625e+01
3.491818618774414062e+01
4.113854598999023438e+01
3.129309654235839844e+01
6.708049011230468750e+01
6.104481506347656250e+01
4.635384750366210938e+01
3.111040878295898438e+01
4.508273315429687500e+01
3.885984039306640625e+01
3.000000000000000000e+01
6.567327880859375000e+01
4.745539855957031250e+01
4.298691558837890625e+01
4.245124816894531250e+01
3.587826919555664062e+01
3.000000000000000000e+01
3.951189804077148438e+01
5.257772064208984375e+01
3.963753509521484375e+01
5.767269515991210938e+01
4.041568756103515625e+01
4.181851196289062500e+01
3.488233184814453125e+01
4.401905822753906250e+01
3.071363258361816406e+01
6.787174987792968750e+01
4.550173950195312500e+01
3.773253631591796875e+01
4.172982788085937500e+01
7.451760864257812500e+01
4.106060791015625000e+01
3.488594818115234375e+01
3.000000000000000000e+01
3.000000000000000000e+01
5.106250762939453125e+01
4.434110260009765625e+01
4.349467468261718750e+01
3.000000000000000000e+01
3.369554138183593750e+01
3.000000000000000000e+01
4.079193115234375000e+01
4.739621353149414062e+01
3.850967788696289062e+01
5.339279937744140625e+01
3.708930969238281250e+01
4.676594543457031250e+01
4.556233978271484375e+01
5.243054962158203125e+01
4.763209152221679688e+01
3.000000000000000000e+01
5.937773132324218750e+01
3.075639343261718750e+01
3.000000000000000000e+01
4.195603179931640625e+01
4.709120178222656250e+01
3.307139968872070312e+01
3.513816833496093750e+01
3.876756668090820312e+01
4.048955917358398438e+01
3.749917984008789062e+01
3.938171386718750000e+01
