5.350529098510742188e+01
6.277517318725585938e+01
3.000000000000000000e+01
3.963337707519531250e+01
6.907095336914062500e+01
6.494418334960937500e+01
3.000000000000000000e+01
6.819131469726562500e+01
5.601485824584960938e+01
1.139523315429687500e+02
5.087740325927734375e+01
1.384188690185546875e+02
4.642533874511718750e+01
4.368217468261718750e+01
3.000000000000000000e+01
6.851929473876953125e+01
7.579751586914062500e+01
4.240084075927734375e+01
4.223564910888671875e+01
1.446528625488281250e+02
4.048871994018554688e+01
8.838723754882812500e+01
3.325519561767578125e+01
3.000000000000000000e+01
4.156972122192382812e+01
6.507612609863281250e+01
3.000000000000000000e+01
6.528205871582031250e+01
1.904781494140625000e+02
5.496287536621093750e+01
5.949147796630859375e+01
5.221013641357421875e+01
4.752636718750000000e+01
1.089979858398437500e+02
5.544791030883789062e+01
7.222571563720703125e+01
6.929017639160156250e+01
5.295339965820312500e+01
4.495123291015625000e+01
3.177497863769531250e+01
3.839584350585937500e+01
3.129822921752929688e+01
5.318582153320312500e+01
4.295384216308593750e+01
3.598534393310546875e+01
3.392097473144531250e+01
5.112469863891601562e+01
6.333743667602539062e+01
1.300525817871093750e+02
5.683258056640625000e+01
4.417440795898437500e+01
3.516777420043945312e+01
7.036221313476562500e+01
4.738435363769531250e+01
1.148461685180664062e+02
4.485405349731445312e+01
6.489382934570312500e+01
5.093869781494140625e+01
6.342716598510742188e+01
6.856719207763671875e+01
5.519158554077148438e+01
8.233831024169921875e+01
3.803080749511718750e+01
8.320167541503906250e+01
1.065190124511718750e+02
5.559057998657226562e+01
4.955744552612304688e+01
3.000000000000000000e+01
4.491228103637695312e+01
4.834169387817382812e+01
6.317131805419921875e+01
3.733653259277343750e+01
7.205455780029296875e+01
3.720809936523437500e+01
5.452079772949218750e+01
4.369226837158203125e+01
5.359967041015625000e+01
4.396982955932617188e+01
4.062909698486328125e+01
5.762418365478515625e+01
3.453672790527343750e+01
7.579751586914062500e+01
5.172740936279296875e+01
1.091558532714843750e+02
1.034629516601562500e+02
4.092992401123046875e+01
4.306212997436523438e+01
5.262755203247070312e+01
4.642533874511718750e+01
5.656182861328125000e+01
4.500009918212890625e+01
5.734311294555664062e+01
7.061145782470703125e+01
5.339999389648437500e+01
1.097530517578125000e+02
8.845040130615234375e+01
6.247975540161132812e+01
4.096025085449218750e+01
8.495819854736328125e+01
4.029904937744140625e+01
9.847213745117187500e+01
6.714552307128906250e+01
1.481752166748046875e+02
3.000000000000000000e+01
4.677974319458007812e+01
8.388977050781250000e+01
3.000000000000000000e+01
6.335227203369140625e+01
5.586585998535156250e+01
3.531013870239257812e+01
4.055407714843750000e+01
3.226429748535156250e+01
6.944140625000000000e+01
1.168786468505859375e+02
3.932588195800781250e+01
4.177496337890625000e+01
9.526148986816406250e+01
4.827285385131835938e+01
7.824531555175781250e+01
5.274578094482421875e+01
4.806776809692382812e+01
5.987922668457031250e+01
4.086222076416015625e+01
4.498941802978515625e+01
4.237439727783203125e+01
4.791206741333007812e+01
7.596379852294921875e+01
6.157575225830078125e+01
4.635795593261718750e+01
3.310375976562500000e+01
4.500216674804687500e+01
1.087606811523437500e+02
5.582012939453125000e+01
3.000000000000000000e+01
5.324039840698242188e+01
4.302817535400390625e+01
1.093828887939453125e+02
4.668873214721679688e+01
4.640539550781250000e+01
6.167503356933593750e+01
5.302936553955078125e+01
8.945898437500000000e+01
7.734308624267578125e+01
6.339677047729492188e+01
7.063579559326171875e+01
4.481821060180664062e+01
8.604860687255859375e+01
1.019732437133789062e+02
4.025342941284179688e+01
1.408988342285156250e+02
5.833829879760742188e+01
7.411914062500000000e+01
5.511852645874023438e+01
8.003763580322265625e+01
4.099118041992187500e+01
1.183492736816406250e+02
3.000000000000000000e+01
1.275703125000000000e+02
4.654225921630859375e+01
5.981612777709960938e+01
3.813581466674804688e+01
5.533609008789062500e+01
4.753832244873046875e+01
3.619010543823242188e+01
7.346620178222656250e+01
3.546710968017578125e+01
6.391096496582031250e+01
4.738880920410156250e+01
3.444325637817382812e+01
1.209011230468750000e+02
4.189281463623046875e+01
4.478225326538085938e+01
4.293266296386718750e+01
3.000000000000000000e+01
5.220004272460937500e+01
5.417767333984375000e+01
5.064579010009765625e+01
4.736248397827148438e+01
6.851724243164062500e+01
5.671754455566406250e+01
6.699571228027343750e+01
6.029677581787109375e+01
8.218209838867187500e+01
5.748782348632812500e+01
4.244953155517578125e+01
3.821578979492187500e+01
3.335972595214843750e+01
7.909234619140625000e+01
4.980444335937500000e+01
4.543061828613281250e+01
4.611748504638671875e+01
5.278298950195312500e+01
6.129040527343750000e+01
4.556307983398437500e+01
5.253416442871093750e+01
4.862921905517578125e+01
3.857414245605468750e+01
7.332533264160156250e+01
1.339360809326171875e+02
7.095671844482421875e+01
5.454835510253906250e+01
1.125059661865234375e+02
6.127931976318359375e+01
3.495530319213867188e+01
4.631794738769531250e+01
4.448964691162109375e+01
5.646726989746093750e+01
4.334552001953125000e+01
1.108540115356445312e+02
3.628157424926757812e+01
4.440901184082031250e+01
1.005035705566406250e+02
4.476213836669921875e+01
4.115377807617187500e+01
4.063799285888671875e+01
4.003350067138671875e+01
4.854012298583984375e+01
5.338886260986328125e+01
4.279528045654296875e+01
4.335707092285156250e+01
3.160520362854003906e+01
6.332493972778320312e+01
8.737710571289062500e+01
4.473672866821289062e+01
4.456629943847656250e+01
4.244878387451171875e+01
6.074044418334960938e+01
1.145728149414062500e+02
6.374317169189453125e+01
1.136167068481445312e+02
3.540218353271484375e+01
5.290864944458007812e+01
4.836629104614257812e+01
7.080393218994140625e+01
4.355718994140625000e+01
6.552972412109375000e+01
4.518146514892578125e+01
4.786368942260742188e+01
8.247942352294921875e+01
5.396437072753906250e+01
4.555027770996093750e+01
1.197162704467773438e+02
1.001485671997070312e+02
7.098516082763671875e+01
9.327318572998046875e+01
3.665914535522460938e+01
5.887829589843750000e+01
1.527465057373046875e+02
1.843712463378906250e+02
4.411833190917968750e+01
6.412427520751953125e+01
3.895315551757812500e+01
4.731188964843750000e+01
9.862383270263671875e+01
4.732866287231445312e+01
5.700186920166015625e+01
4.145867919921875000e+01
4.213176727294921875e+01
4.220788574218750000e+01
1.685497894287109375e+02
4.654478454589843750e+01
4.914000320434570312e+01
5.989285278320312500e+01
4.559724426269531250e+01
1.291647644042968750e+02
5.053522491455078125e+01
1.407767639160156250e+02
6.657205200195312500e+01
6.300666046142578125e+01
4.858255004882812500e+01
5.916230773925781250e+01
4.877852630615234375e+01
7.098515319824218750e+01
6.965975189208984375e+01
1.607429046630859375e+02
3.892304992675781250e+01
6.044673538208007812e+01
7.838649749755859375e+01
1.009855499267578125e+02
9.129586791992187500e+01
5.548973464965820312e+01
7.027867126464843750e+01
6.810912322998046875e+01
4.164103698730468750e+01
5.679875564575195312e+01
3.979177856445312500e+01
3.000000000000000000e+01
6.173271942138671875e+01
4.027659606933593750e+01
3.570692443847656250e+01
4.271977233886718750e+01
3.852120971679687500e+01
3.000000000000000000e+01
1.054874420166015625e+02
3.629407119750976562e+01
3.583095550537109375e+01
3.863646316528320312e+01
6.850181579589843750e+01
5.277087402343750000e+01
4.770107650756835938e+01
5.020822906494140625e+01
3.057021141052246094e+01
3.896569061279296875e+01
7.590505218505859375e+01
6.409406280517578125e+01
4.264869689941406250e+01
8.004020690917968750e+01
6.890825653076171875e+01
6.927346801757812500e+01
1.282762756347656250e+02
1.486069030761718750e+02
3.000000000000000000e+01
9.776309967041015625e+01
1.094244079589843750e+02
9.490026855468750000e+01
4.022794723510742188e+01
4.012224960327148438e+01
1.355230102539062500e+02
5.869898223876953125e+01
8.495819854736328125e+01
4.414533996582031250e+01
4.213628005981445312e+01
4.947262573242187500e+01
5.120983505249023438e+01
3.407196807861328125e+01
3.164994239807128906e+01
3.776142501831054688e+01
3.624024200439453125e+01
7.205455780029296875e+01
4.215123748779296875e+01
7.644618225097656250e+01
4.616764068603515625e+01
4.783319473266601562e+01
4.447972488403320312e+01
4.729433059692382812e+01
4.498604583740234375e+01
7.593238830566406250e+01
5.295250320434570312e+01
3.245063400268554688e+01
3.468166732788085938e+01
5.461588287353515625e+01
9.297863769531250000e+01
4.692319869995117188e+01
6.927346801757812500e+01
4.076797485351562500e+01
4.633145141601562500e+01
1.680184478759765625e+02
3.516180801391601562e+01
4.336055755615234375e+01
1.106791076660156250e+02
1.577138366699218750e+02
2.021623077392578125e+02
5.965483093261718750e+01
8.233831024169921875e+01
4.168463134765625000e+01
1.048105468750000000e+02
5.945967102050781250e+01
3.482815551757812500e+01
1.425448913574218750e+02
5.426101303100585938e+01
6.507527160644531250e+01
1.349824218750000000e+02
6.197979354858398438e+01
7.245454406738281250e+01
1.060726013183593750e+02
3.000000000000000000e+01
7.054829406738281250e+01
1.195210418701171875e+02
3.629123306274414062e+01
7.234506225585937500e+01
6.088925170898437500e+01
4.741956710815429688e+01
9.243231964111328125e+01
1.416405639648437500e+02
6.711484527587890625e+01
1.441920776367187500e+02
8.387670898437500000e+01
5.496287536621093750e+01
9.889484405517578125e+01
8.170632934570312500e+01
3.000000000000000000e+01
3.000000000000000000e+01
3.180869674682617188e+01
4.573889160156250000e+01
6.091016769409179688e+01
1.001485671997070312e+02
4.644177627563476562e+01
4.479727172851562500e+01
3.983079910278320312e+01
2.732644042968750000e+02
4.359088516235351562e+01
4.143595123291015625e+01
3.704214477539062500e+01
3.000000000000000000e+01
4.476709747314453125e+01
6.427624511718750000e+01
7.884399414062500000e+01
1.216820068359375000e+02
6.043385696411132812e+01
4.012261962890625000e+01
4.909595108032226562e+01
4.038298034667968750e+01
1.719352416992187500e+02
4.667706298828125000e+01
3.641414642333984375e+01
4.633648681640625000e+01
3.589743423461914062e+01
6.121876525878906250e+01
8.198480224609375000e+01
1.305753631591796875e+02
7.082099914550781250e+01
8.806929779052734375e+01
4.711146926879882812e+01
3.668084335327148438e+01
6.997106933593750000e+01
3.095200729370117188e+01
6.465316772460937500e+01
7.951832580566406250e+01
3.000000000000000000e+01
3.504796981811523438e+01
9.110067749023437500e+01
3.151430511474609375e+01
3.937530899047851562e+01
1.491230468750000000e+02
6.126257705688476562e+01
4.267308807373046875e+01
6.828523254394531250e+01
4.349625778198242188e+01
5.911553955078125000e+01
8.913212585449218750e+01
5.289669418334960938e+01
7.644618225097656250e+01
2.171046752929687500e+02
5.120983505249023438e+01
1.189018859863281250e+02
4.079620742797851562e+01
4.909053802490234375e+01
8.936880493164062500e+01
6.528205871582031250e+01
5.653604888916015625e+01
7.651490020751953125e+01
3.333506011962890625e+01
5.998175048828125000e+01
4.630135345458984375e+01
7.109693908691406250e+01
3.718622970581054688e+01
4.860521316528320312e+01
6.721551513671875000e+01
1.115656127929687500e+02
7.920606994628906250e+01
4.774194335937500000e+01
5.511852645874023438e+01
5.052044677734375000e+01
5.333415603637695312e+01
6.950575256347656250e+01
3.000000000000000000e+01
1.091919403076171875e+02
9.571736145019531250e+01
3.580318069458007812e+01
9.868655395507812500e+01
8.151858520507812500e+01
5.215684509277343750e+01
4.920361709594726562e+01
4.322119522094726562e+01
4.364437103271484375e+01
1.924893951416015625e+02
4.094505310058593750e+01
5.377527618408203125e+01
5.132719802856445312e+01
3.957004928588867188e+01
9.592595672607421875e+01
3.926538085937500000e+01
3.933720016479492188e+01
1.351498413085937500e+02
6.409406280517578125e+01
9.263857269287109375e+01
4.917957305908203125e+01
3.188383293151855469e+01
5.125928878784179688e+01
9.122305297851562500e+01
9.422508239746093750e+01
8.176909637451171875e+01
8.403863525390625000e+01
3.148417472839355469e+01
8.037161254882812500e+01
8.241105651855468750e+01
4.331528854370117188e+01
4.115377807617187500e+01
7.382113647460937500e+01
9.727730560302734375e+01
6.097518157958984375e+01
5.708755874633789062e+01
4.876572036743164062e+01
3.000000000000000000e+01
3.826525115966796875e+01
3.000000000000000000e+01
4.739509201049804688e+01
3.308702468872070312e+01
3.436699676513671875e+01
5.341434097290039062e+01
5.305448150634765625e+01
4.805277252197265625e+01
8.603760528564453125e+01
6.260042190551757812e+01
4.738642883300781250e+01
4.093657302856445312e+01
5.026395416259765625e+01
5.792521667480468750e+01
3.000000000000000000e+01
3.856538391113281250e+01
7.004434204101562500e+01
3.588284301757812500e+01
6.126022338867187500e+01
3.000000000000000000e+01
5.399004745483398438e+01
3.000000000000000000e+01
3.000000000000000000e+01
1.102776947021484375e+02
4.584159088134765625e+01
3.000000000000000000e+01
6.836986541748046875e+01
3.641414642333984375e+01
7.440623474121093750e+01
3.106513214111328125e+01
5.412132263183593750e+01
1.260312194824218750e+02
4.274684906005859375e+01
1.308233947753906250e+02
1.174224853515625000e+02
3.972275161743164062e+01
3.742989349365234375e+01
9.136012268066406250e+01
3.959575653076171875e+01
4.904534912109375000e+01
5.989285278320312500e+01
1.485668334960937500e+02
4.352209854125976562e+01
5.008785629272460938e+01
5.815632629394531250e+01
3.906225585937500000e+01
4.259189605712890625e+01
1.121282196044921875e+02
4.342154312133789062e+01
7.558366394042968750e+01
4.840963363647460938e+01
3.604268646240234375e+01
3.389703750610351562e+01
4.956880187988281250e+01
3.738730621337890625e+01
4.102437591552734375e+01
3.809054565429687500e+01
3.769750595092773438e+01
3.802018356323242188e+01
5.054319000244140625e+01
4.702878570556640625e+01
4.068291473388671875e+01
5.651115417480468750e+01
6.335227203369140625e+01
6.485627746582031250e+01
1.108540115356445312e+02
6.508227539062500000e+01
1.043558349609375000e+02
8.644615173339843750e+01
1.148625640869140625e+02
3.844244766235351562e+01
4.885757827758789062e+01
3.000000000000000000e+01
4.467883682250976562e+01
6.862782287597656250e+01
7.019194030761718750e+01
8.779317474365234375e+01
8.319192504882812500e+01
3.932588195800781250e+01
4.728720474243164062e+01
6.326867294311523438e+01
1.126904449462890625e+02
4.105464172363281250e+01
5.386953735351562500e+01
4.206101989746093750e+01
3.627492523193359375e+01
1.001564178466796875e+02
4.500009918212890625e+01
4.133429718017578125e+01
4.453006744384765625e+01
4.684410858154296875e+01
6.355341339111328125e+01
8.529220581054687500e+01
4.492239761352539062e+01
3.707386016845703125e+01
3.000000000000000000e+01
1.216820220947265625e+02
3.970561981201171875e+01
4.013853454589843750e+01
5.181282806396484375e+01
5.546768951416015625e+01
4.444477081298828125e+01
5.612055969238281250e+01
5.262350463867187500e+01
7.267892456054687500e+01
3.696077728271484375e+01
6.116261291503906250e+01
7.196775817871093750e+01
8.423167419433593750e+01
6.636743164062500000e+01
4.913357543945312500e+01
3.279893112182617188e+01
7.339880371093750000e+01
7.672687530517578125e+01
4.539910125732421875e+01
5.441413497924804688e+01
5.503281021118164062e+01
4.198129272460937500e+01
6.044778823852539062e+01
4.406215667724609375e+01
3.235049438476562500e+01
4.622449874877929688e+01
7.692723083496093750e+01
6.721551513671875000e+01
5.465042114257812500e+01
5.532532501220703125e+01
3.341130065917968750e+01
7.402879333496093750e+01
1.062134704589843750e+02
7.165373229980468750e+01
3.523889160156250000e+01
1.148625640869140625e+02
5.965483093261718750e+01
7.167478179931640625e+01
9.727730560302734375e+01
3.674135589599609375e+01
4.081540298461914062e+01
7.806164550781250000e+01
3.000000000000000000e+01
4.205895996093750000e+01
2.352317504882812500e+02
4.308998489379882812e+01
4.669713211059570312e+01
3.360863494873046875e+01
1.301372070312500000e+02
5.797802734375000000e+01
5.517278289794921875e+01
1.014937286376953125e+02
4.492076873779296875e+01
1.282962036132812500e+02
8.190970611572265625e+01
1.022494049072265625e+02
3.302331924438476562e+01
4.414262771606445312e+01
6.479293823242187500e+01
8.083932495117187500e+01
6.351288604736328125e+01
5.295250320434570312e+01
4.724683761596679688e+01
3.449606323242187500e+01
4.974265670776367188e+01
5.681197738647460938e+01
5.037692260742187500e+01
3.978409576416015625e+01
7.094918823242187500e+01
7.939210510253906250e+01
4.097352600097656250e+01
3.278155517578125000e+01
5.096621704101562500e+01
3.000000000000000000e+01
4.777683258056640625e+01
1.132066650390625000e+02
5.617988586425781250e+01
7.939315032958984375e+01
5.016999816894531250e+01
5.076583862304687500e+01
3.342907714843750000e+01
8.945898437500000000e+01
6.112798690795898438e+01
8.400563049316406250e+01
1.040303268432617188e+02
5.353028488159179688e+01
4.423545837402343750e+01
4.728601074218750000e+01
3.066600418090820312e+01
7.059999084472656250e+01
5.693837356567382812e+01
1.924893951416015625e+02
4.835530090332031250e+01
5.221425247192382812e+01
4.529305267333984375e+01
6.362823867797851562e+01
4.834963226318359375e+01
5.531229019165039062e+01
5.409518432617187500e+01
6.571405029296875000e+01
8.556027221679687500e+01
3.000000000000000000e+01
3.145130348205566406e+01
5.330907440185546875e+01
1.075078582763671875e+02
6.206210327148437500e+01
1.308233947753906250e+02
3.310373687744140625e+01
3.735019302368164062e+01
4.920803833007812500e+01
5.909921646118164062e+01
1.660612487792968750e+02
5.432532882690429688e+01
5.379502105712890625e+01
5.132665252685546875e+01
3.000000000000000000e+01
4.160541534423828125e+01
7.992817687988281250e+01
3.443318176269531250e+01
3.479573059082031250e+01
6.189567565917968750e+01
8.528286743164062500e+01
5.261575317382812500e+01
9.519072723388671875e+01
4.113430786132812500e+01
4.601475906372070312e+01
5.869898223876953125e+01
6.731988525390625000e+01
5.281317138671875000e+01
4.326112747192382812e+01
4.255835723876953125e+01
3.353460693359375000e+01
4.090311431884765625e+01
4.667706298828125000e+01
3.692657089233398438e+01
6.819932556152343750e+01
6.126258087158203125e+01
4.161884689331054688e+01
3.000000000000000000e+01
3.374234008789062500e+01
4.143595123291015625e+01
3.850373840332031250e+01
1.273324432373046875e+02
3.000000000000000000e+01
6.771693420410156250e+01
9.236103820800781250e+01
4.007764816284179688e+01
3.000000000000000000e+01
3.385320281982421875e+01
5.981612777709960938e+01
6.776618194580078125e+01
6.147082138061523438e+01
5.530936431884765625e+01
6.208615493774414062e+01
5.696656036376953125e+01
5.748287582397460938e+01
3.858840179443359375e+01
7.245645904541015625e+01
3.601321411132812500e+01
5.125928878784179688e+01
5.019715118408203125e+01
3.321664810180664062e+01
3.501721572875976562e+01
5.369658660888671875e+01
5.463565826416015625e+01
4.422539901733398438e+01
5.277087402343750000e+01
5.410998535156250000e+01
4.774562454223632812e+01
6.195839691162109375e+01
7.501725006103515625e+01
5.139028549194335938e+01
8.457411956787109375e+01
4.566511917114257812e+01
5.396437072753906250e+01
4.564729309082031250e+01
6.352355957031250000e+01
7.066237640380859375e+01
5.960593414306640625e+01
7.255800628662109375e+01
3.736165618896484375e+01
7.836102294921875000e+01
4.644430923461914062e+01
5.061089324951171875e+01
8.845556640625000000e+01
1.446528625488281250e+02
1.185247192382812500e+02
4.248419952392578125e+01
3.581400680541992188e+01
4.591243743896484375e+01
4.287280654907226562e+01
7.920606994628906250e+01
8.156954956054687500e+01
6.327690124511718750e+01
9.435678863525390625e+01
5.096621704101562500e+01
4.341278076171875000e+01
4.376271438598632812e+01
5.845197677612304688e+01
5.155421829223632812e+01
3.436379241943359375e+01
4.006829071044921875e+01
7.902568817138671875e+01
6.534873962402343750e+01
4.436844635009765625e+01
9.744398498535156250e+01
3.583560180664062500e+01
3.486560058593750000e+01
4.834169387817382812e+01
4.683522415161132812e+01
5.217561721801757812e+01
4.326112747192382812e+01
2.183024749755859375e+02
6.687652587890625000e+01
4.856433868408203125e+01
3.909541320800781250e+01
5.154413604736328125e+01
1.213885955810546875e+02
4.575390625000000000e+01
3.601422882080078125e+01
6.371215057373046875e+01
3.978409576416015625e+01
7.039422607421875000e+01
4.931444549560546875e+01
5.450433349609375000e+01
5.244623565673828125e+01
5.435511016845703125e+01
3.816942214965820312e+01
4.148412704467773438e+01
6.141704559326171875e+01
6.329858779907226562e+01
2.015002899169921875e+02
3.140501403808593750e+01
5.479076004028320312e+01
6.129380035400390625e+01
5.534347534179687500e+01
4.519646453857421875e+01
3.840264511108398438e+01
3.789773178100585938e+01
5.402789306640625000e+01
3.889039230346679688e+01
5.250006866455078125e+01
5.107495498657226562e+01
4.243878173828125000e+01
4.082638549804687500e+01
3.708256149291992188e+01
3.972275161743164062e+01
4.745993423461914062e+01
3.355485534667968750e+01
5.863517761230468750e+01
6.841552734375000000e+01
3.000000000000000000e+01
4.228768920898437500e+01
3.863646316528320312e+01
7.525885009765625000e+01
3.654367828369140625e+01
1.040017166137695312e+02
3.000000000000000000e+01
8.176909637451171875e+01
8.478818511962890625e+01
4.366896820068359375e+01
8.845556640625000000e+01
3.250820541381835938e+01
4.009611511230468750e+01
3.760389709472656250e+01
4.453050994873046875e+01
1.246758956909179688e+02
5.176599884033203125e+01
4.115661239624023438e+01
7.362319946289062500e+01
4.970321273803710938e+01
1.089799728393554688e+02
7.069808959960937500e+01
4.451077270507812500e+01
5.860399246215820312e+01
7.047458648681640625e+01
7.564301300048828125e+01
6.974832916259765625e+01
6.860099029541015625e+01
3.473994445800781250e+01
3.876786422729492188e+01
5.744030380249023438e+01
7.192184448242187500e+01
1.133643264770507812e+02
8.241386413574218750e+01
1.222304611206054688e+02
5.567478561401367188e+01
4.544844818115234375e+01
4.962984466552734375e+01
3.383961105346679688e+01
5.384114074707031250e+01
3.000000000000000000e+01
3.000000000000000000e+01
6.831640625000000000e+01
1.236932830810546875e+02
5.693209457397460938e+01
3.759353637695312500e+01
5.515048980712890625e+01
6.660375976562500000e+01
4.025623321533203125e+01
4.657933807373046875e+01
5.693837356567382812e+01
3.920512008666992188e+01
7.384513854980468750e+01
4.160541534423828125e+01
6.159936523437500000e+01
5.849587249755859375e+01
3.817239379882812500e+01
3.954333877563476562e+01
5.861872482299804688e+01
3.650088500976562500e+01
6.729257202148437500e+01
6.942681884765625000e+01
4.556378936767578125e+01
9.327318572998046875e+01
5.912213897705078125e+01
3.834005737304687500e+01
4.508303070068359375e+01
3.563721466064453125e+01
3.170256423950195312e+01
4.044786071777343750e+01
3.567462921142578125e+01
4.038040161132812500e+01
1.002278137207031250e+02
4.012261962890625000e+01
3.813486099243164062e+01
1.115656127929687500e+02
7.541749572753906250e+01
4.226294708251953125e+01
6.051466369628906250e+01
7.569241333007812500e+01
4.805277252197265625e+01
5.324420166015625000e+01
1.029771881103515625e+02
4.893301010131835938e+01
8.181246948242187500e+01
4.062909698486328125e+01
3.036408233642578125e+01
5.656182861328125000e+01
4.177072143554687500e+01
3.751337051391601562e+01
4.838644790649414062e+01
4.116953277587890625e+01
5.441490173339843750e+01
4.305124282836914062e+01
5.426101303100585938e+01
3.963519287109375000e+01
3.780273437500000000e+01
8.591870880126953125e+01
8.537233734130859375e+01
3.092671585083007812e+01
9.879824829101562500e+01
4.924875640869140625e+01
3.000000000000000000e+01
8.973994445800781250e+01
9.052635955810546875e+01
4.325589370727539062e+01
5.839812088012695312e+01
4.052142333984375000e+01
4.936588287353515625e+01
4.132009887695312500e+01
8.180503082275390625e+01
5.478145980834960938e+01
3.941811370849609375e+01
4.917957305908203125e+01
5.600073242187500000e+01
5.749629974365234375e+01
3.176127815246582031e+01
4.999858856201171875e+01
5.756394195556640625e+01
5.274578094482421875e+01
7.977113342285156250e+01
7.000925445556640625e+01
3.773881912231445312e+01
5.434135055541992188e+01
3.232665252685546875e+01
5.704624938964843750e+01
7.596379852294921875e+01
9.054531097412109375e+01
5.450433349609375000e+01
4.985806655883789062e+01
6.323636627197265625e+01
4.999858474731445312e+01
4.688517379760742188e+01
4.411228179931640625e+01
4.171915435791015625e+01
3.743887710571289062e+01
6.400538635253906250e+01
4.751431274414062500e+01
3.205815505981445312e+01
4.654478454589843750e+01
4.033033752441406250e+01
3.773925399780273438e+01
3.520798492431640625e+01
5.885694122314453125e+01
4.152711868286132812e+01
5.180755615234375000e+01
6.606562805175781250e+01
3.650233840942382812e+01
5.709284210205078125e+01
3.677021789550781250e+01
7.863064575195312500e+01
7.018700408935546875e+01
4.508783340454101562e+01
5.408595275878906250e+01
4.372076797485351562e+01
5.044251251220703125e+01
7.826721191406250000e+01
3.000000000000000000e+01
4.536256790161132812e+01
6.249382781982421875e+01
5.834192657470703125e+01
5.454835510253906250e+01
4.090528869628906250e+01
8.033187103271484375e+01
4.110011291503906250e+01
3.000000000000000000e+01
4.198196411132812500e+01
4.152686691284179688e+01
6.520445251464843750e+01
4.353136444091796875e+01
8.936880493164062500e+01
4.436584472656250000e+01
4.440901184082031250e+01
3.989406585693359375e+01
4.176254272460937500e+01
3.674057006835937500e+01
5.150017166137695312e+01
3.581400680541992188e+01
4.109791946411132812e+01
4.034245300292968750e+01
4.787784576416015625e+01
6.110504531860351562e+01
5.295339965820312500e+01
7.055146026611328125e+01
5.461845397949218750e+01
5.350785064697265625e+01
4.947113800048828125e+01
3.000000000000000000e+01
3.684759521484375000e+01
4.176254272460937500e+01
7.255800628662109375e+01
3.889605712890625000e+01
4.714381027221679688e+01
3.063702201843261719e+01
7.132818603515625000e+01
6.077251052856445312e+01
7.160743713378906250e+01
3.743679809570312500e+01
3.229805374145507812e+01
5.668688583374023438e+01
3.033738899230957031e+01
4.538459014892578125e+01
3.100908279418945312e+01
5.149430847167968750e+01
3.000000000000000000e+01
3.000000000000000000e+01
4.555047225952148438e+01
4.264605712890625000e+01
6.897090911865234375e+01
4.629312133789062500e+01
9.054531097412109375e+01
6.092326354980468750e+01
4.070937347412109375e+01
3.930237579345703125e+01
4.038727188110351562e+01
3.176400947570800781e+01
3.911181640625000000e+01
5.407939147949218750e+01
7.884399414062500000e+01
5.412132263183593750e+01
4.084882354736328125e+01
4.018392944335937500e+01
7.803291320800781250e+01
6.019908905029296875e+01
5.222299575805664062e+01
3.100856781005859375e+01
3.000000000000000000e+01
3.848673248291015625e+01
3.321664810180664062e+01
5.380076980590820312e+01
3.729886627197265625e+01
4.701375579833984375e+01
4.515579986572265625e+01
3.331837463378906250e+01
3.532995605468750000e+01
5.155377197265625000e+01
3.644806671142578125e+01
6.428990173339843750e+01
3.626635360717773438e+01
6.167503356933593750e+01
6.092326354980468750e+01
6.800834655761718750e+01
3.000000000000000000e+01
3.681859588623046875e+01
4.489277648925781250e+01
3.000000000000000000e+01
4.475863647460937500e+01
7.290707397460937500e+01
3.000000000000000000e+01
4.317708969116210938e+01
4.693401336669921875e+01
3.742989349365234375e+01
4.947307205200195312e+01
6.043385314941406250e+01
3.309735870361328125e+01
4.432759475708007812e+01
7.817796325683593750e+01
4.520471954345703125e+01
7.047458648681640625e+01
8.573802185058593750e+01
3.000000000000000000e+01
6.818791198730468750e+01
6.648591613769531250e+01
5.653604888916015625e+01
4.989090728759765625e+01
5.558308792114257812e+01
6.552972412109375000e+01
8.198480224609375000e+01
4.654841613769531250e+01
6.081363296508789062e+01
6.759877777099609375e+01
3.000000000000000000e+01
7.095833587646484375e+01
3.549072265625000000e+01
3.123557853698730469e+01
4.135353088378906250e+01
5.123858261108398438e+01
3.567515945434570312e+01
7.770289611816406250e+01
5.056926727294921875e+01
5.479075622558593750e+01
4.272582626342773438e+01
4.229924011230468750e+01
4.422586822509765625e+01
3.370892715454101562e+01
7.281549072265625000e+01
3.805028533935546875e+01
4.412530517578125000e+01
5.557476806640625000e+01
4.053168487548828125e+01
4.835446929931640625e+01
4.454144668579101562e+01
5.408595275878906250e+01
3.116778945922851562e+01
3.601982498168945312e+01
4.056240844726562500e+01
5.070624542236328125e+01
3.896424102783203125e+01
4.227494812011718750e+01
5.330907440185546875e+01
3.402191162109375000e+01
4.102437591552734375e+01
4.275639724731445312e+01
7.347537994384765625e+01
4.791017913818359375e+01
7.163552093505859375e+01
1.174152679443359375e+02
5.060928726196289062e+01
4.478224945068359375e+01
4.052827072143554688e+01
4.542098617553710938e+01
3.959942626953125000e+01
3.784088134765625000e+01
5.487198638916015625e+01
1.040303268432617188e+02
5.508383560180664062e+01
3.508822631835937500e+01
4.774952697753906250e+01
5.400488281250000000e+01
3.270655441284179688e+01
4.259189605712890625e+01
4.683522415161132812e+01
5.543351364135742188e+01
3.000000000000000000e+01
5.173973846435546875e+01
3.875679779052734375e+01
4.595630645751953125e+01
6.044778823852539062e+01
3.623069763183593750e+01
4.867871475219726562e+01
4.639683532714843750e+01
3.242029953002929688e+01
5.592924880981445312e+01
4.555636978149414062e+01
4.446503448486328125e+01
6.206210327148437500e+01
4.068614196777343750e+01
3.157636451721191406e+01
4.834963226318359375e+01
5.036945343017578125e+01
3.495530319213867188e+01
5.154481506347656250e+01
3.000000000000000000e+01
4.489625549316406250e+01
3.905817031860351562e+01
4.523127746582031250e+01
6.532889556884765625e+01
4.098667907714843750e+01
5.280583572387695312e+01
4.748831939697265625e+01
3.053631591796875000e+01
5.143649291992187500e+01
5.334560012817382812e+01
3.844244766235351562e+01
4.262052154541015625e+01
5.150782012939453125e+01
5.239294433593750000e+01
4.172166824340820312e+01
6.371719741821289062e+01
4.296510314941406250e+01
5.604085159301757812e+01
3.954967498779296875e+01
1.043147964477539062e+02
8.623112487792968750e+01
4.034814071655273438e+01
5.760735702514648438e+01
3.270511627197265625e+01
6.588504791259765625e+01
3.000000000000000000e+01
3.365599822998046875e+01
8.693247985839843750e+01
4.881622695922851562e+01
3.639941406250000000e+01
4.829176330566406250e+01
9.572489929199218750e+01
5.101783752441406250e+01
5.276909637451171875e+01
3.000000000000000000e+01
4.655446243286132812e+01
4.239280700683593750e+01
3.684021759033203125e+01
4.756387710571289062e+01
9.020524597167968750e+01
5.147963333129882812e+01
3.600886154174804688e+01
3.670299530029296875e+01
5.465398025512695312e+01
3.846916198730468750e+01
4.773138046264648438e+01
5.774196243286132812e+01
1.040017166137695312e+02
4.984200286865234375e+01
8.071083831787109375e+01
6.847737884521484375e+01
8.220589447021484375e+01
6.113748931884765625e+01
3.313740539550781250e+01
3.934834671020507812e+01
5.437546539306640625e+01
3.971905517578125000e+01
5.208742523193359375e+01
3.283529281616210938e+01
3.792696762084960938e+01
3.271913909912109375e+01
3.000000000000000000e+01
3.680310821533203125e+01
4.765231323242187500e+01
7.377537536621093750e+01
4.977354431152343750e+01
3.570023727416992188e+01
4.350350189208984375e+01
3.471941757202148438e+01
5.077901458740234375e+01
5.280393218994140625e+01
7.734308624267578125e+01
4.854299926757812500e+01
4.368217468261718750e+01
3.000000000000000000e+01
8.037161254882812500e+01
5.484914779663085938e+01
3.000000000000000000e+01
5.044250869750976562e+01
3.638995361328125000e+01
8.809568786621093750e+01
4.653836441040039062e+01
4.572146224975585938e+01
6.140854644775390625e+01
3.901913070678710938e+01
3.000000000000000000e+01
3.893645095825195312e+01
4.863121795654296875e+01
3.668084335327148438e+01
3.831098937988281250e+01
4.394609069824218750e+01
5.024589538574218750e+01
3.861614990234375000e+01
7.039422607421875000e+01
6.697565460205078125e+01
6.890825653076171875e+01
3.574858474731445312e+01
4.337334060668945312e+01
5.779328155517578125e+01
3.271913909912109375e+01
6.210855484008789062e+01
5.872177505493164062e+01
6.099160766601562500e+01
4.645781326293945312e+01
4.780415725708007812e+01
3.852218627929687500e+01
4.352772903442382812e+01
3.000000000000000000e+01
7.132171630859375000e+01
3.537203979492187500e+01
3.965045928955078125e+01
3.000000000000000000e+01
4.302429199218750000e+01
5.176598358154296875e+01
3.000000000000000000e+01
4.633145141601562500e+01
3.774958038330078125e+01
3.337461090087890625e+01
5.748782348632812500e+01
7.362319946289062500e+01
3.892169952392578125e+01
5.484797668457031250e+01
4.693016815185546875e+01
4.208834838867187500e+01
4.415904235839843750e+01
4.539431762695312500e+01
3.610876464843750000e+01
4.412423706054687500e+01
4.567486953735351562e+01
4.480988311767578125e+01
3.000000000000000000e+01
3.751562500000000000e+01
3.283087158203125000e+01
3.299254608154296875e+01
3.162667846679687500e+01
3.123698043823242188e+01
3.497630691528320312e+01
5.331559371948242188e+01
5.231368637084960938e+01
9.572489929199218750e+01
5.101270294189453125e+01
3.326463699340820312e+01
3.301867675781250000e+01
8.165194702148437500e+01
3.906225585937500000e+01
3.953742218017578125e+01
7.132171630859375000e+01
4.567669677734375000e+01
4.773393249511718750e+01
3.981267166137695312e+01
5.341434097290039062e+01
9.990836334228515625e+01
8.397054290771484375e+01
5.684037017822265625e+01
7.800352478027343750e+01
3.000000000000000000e+01
3.000000000000000000e+01
4.618989944458007812e+01
4.119309997558593750e+01
5.101121520996093750e+01
5.179241943359375000e+01
4.036541748046875000e+01
3.594412231445312500e+01
5.559079360961914062e+01
3.000000000000000000e+01
5.096566772460937500e+01
5.025532531738281250e+01
4.388158416748046875e+01
3.000000000000000000e+01
3.523889160156250000e+01
6.648591613769531250e+01
4.281456756591796875e+01
4.319841003417968750e+01
8.319150543212890625e+01
3.609090805053710938e+01
4.044903564453125000e+01
7.090854644775390625e+01
4.794729614257812500e+01
3.991132354736328125e+01
3.916004180908203125e+01
4.735102081298828125e+01
5.103062438964843750e+01
3.656871795654296875e+01
3.952223205566406250e+01
4.143469238281250000e+01
7.144271087646484375e+01
6.562464904785156250e+01
5.211283874511718750e+01
3.604634857177734375e+01
4.597649383544921875e+01
4.250294494628906250e+01
3.000000000000000000e+01
6.051507568359375000e+01
4.423509597778320312e+01
4.037742614746093750e+01
3.658603286743164062e+01
3.724340057373046875e+01
3.892796707153320312e+01
3.733440017700195312e+01
5.497435379028320312e+01
3.770933532714843750e+01
5.508383560180664062e+01
5.217561721801757812e+01
4.777755355834960938e+01
4.259983062744140625e+01
4.918312072753906250e+01
3.000000000000000000e+01
7.127801513671875000e+01
3.776963806152343750e+01
4.852117919921875000e+01
4.450572204589843750e+01
7.525885009765625000e+01
4.468179702758789062e+01
3.461452484130859375e+01
3.000000000000000000e+01
3.000000000000000000e+01
5.415012359619140625e+01
4.161377716064453125e+01
4.070906066894531250e+01
3.101135253906250000e+01
3.404216003417968750e+01
3.000000000000000000e+01
4.624507522583007812e+01
4.966302871704101562e+01
4.068532943725585938e+01
5.044539260864257812e+01
4.379966354370117188e+01
6.066929626464843750e+01
4.610638427734375000e+01
5.077174758911132812e+01
5.476307678222656250e+01
3.156029129028320312e+01
5.192832565307617188e+01
3.000000000000000000e+01
3.000000000000000000e+01
4.535831451416015625e+01
4.483490753173828125e+01
3.000000000000000000e+01
4.348951721191406250e+01
3.374485015869140625e+01
4.063228988647460938e+01
4.007210540771484375e+01
4.031963348388671875e+01
