5.119039916992187500e+01
6.506578063964843750e+01
3.678405761718750000e+01
3.964133453369140625e+01
7.142613220214843750e+01
4.982159423828125000e+01
3.000000000000000000e+01
5.984700393676757812e+01
5.956984329223632812e+01
1.188115234375000000e+02
4.513679504394531250e+01
9.448576354980468750e+01
5.211386108398437500e+01
4.470976257324218750e+01
3.469691848754882812e+01
5.054330062866210938e+01
7.608382415771484375e+01
4.298464202880859375e+01
4.226048660278320312e+01
1.304626617431640625e+02
4.077623748779296875e+01
8.972487640380859375e+01
3.715378189086914062e+01
3.000000000000000000e+01
3.154721832275390625e+01
7.041332244873046875e+01
3.518294525146484375e+01
5.463917541503906250e+01
1.901532592773437500e+02
3.516424179077148438e+01
5.695840835571289062e+01
4.667094421386718750e+01
3.886963653564453125e+01
9.878938293457031250e+01
6.448591613769531250e+01
6.038398742675781250e+01
7.214286804199218750e+01
5.563133621215820312e+01
4.483910369873046875e+01
3.000000000000000000e+01
4.118304061889648438e+01
3.685109710693359375e+01
6.058545684814453125e+01
4.897026062011718750e+01
4.064789199829101562e+01
3.045837211608886719e+01
3.000000000000000000e+01
6.809355163574218750e+01
1.222276000976562500e+02
6.591852569580078125e+01
4.460989379882812500e+01
3.762204742431640625e+01
8.037260437011718750e+01
4.462345123291015625e+01
1.212804641723632812e+02
4.702522277832031250e+01
6.270253753662109375e+01
5.166771316528320312e+01
6.331592559814453125e+01
7.990215301513671875e+01
5.103380584716796875e+01
8.609820556640625000e+01
3.945414733886718750e+01
1.075624313354492188e+02
1.083934020996093750e+02
5.660202026367187500e+01
4.733617401123046875e+01
3.000000000000000000e+01
4.423113632202148438e+01
4.850876998901367188e+01
6.289064025878906250e+01
3.819566345214843750e+01
7.068952941894531250e+01
3.604040527343750000e+01
4.399937438964843750e+01
3.000000000000000000e+01
5.002753067016601562e+01
4.911276245117187500e+01
4.089585113525390625e+01
6.174421691894531250e+01
3.492947769165039062e+01
7.608382415771484375e+01
5.223923110961914062e+01
1.400551147460937500e+02
1.115005493164062500e+02
3.787063598632812500e+01
3.947935104370117188e+01
4.984156799316406250e+01
5.211386108398437500e+01
6.299473571777343750e+01
4.656737136840820312e+01
6.066556167602539062e+01
6.387673187255859375e+01
5.775758361816406250e+01
1.016862411499023438e+02
9.473335266113281250e+01
6.347055816650390625e+01
3.612058258056640625e+01
6.947230529785156250e+01
3.917634582519531250e+01
1.032572937011718750e+02
6.384178543090820312e+01
1.415479583740234375e+02
3.000000000000000000e+01
4.363200759887695312e+01
9.303575897216796875e+01
3.000000000000000000e+01
7.105195617675781250e+01
5.460018920898437500e+01
3.000000000000000000e+01
4.339116287231445312e+01
3.000000000000000000e+01
6.821841430664062500e+01
1.372834930419921875e+02
4.211835479736328125e+01
4.400263214111328125e+01
9.916508483886718750e+01
4.439106369018554688e+01
8.429735565185546875e+01
5.963085937500000000e+01
4.540281677246093750e+01
6.233197784423828125e+01
3.969614410400390625e+01
4.658049392700195312e+01
4.022300720214843750e+01
4.989949798583984375e+01
6.641991424560546875e+01
5.535475540161132812e+01
4.792590332031250000e+01
3.000000000000000000e+01
4.584700775146484375e+01
1.055031890869140625e+02
4.950295639038085938e+01
3.000000000000000000e+01
4.505807113647460938e+01
3.672797393798828125e+01
1.254200592041015625e+02
4.549576568603515625e+01
4.570976638793945312e+01
6.348310089111328125e+01
6.049478149414062500e+01
7.628900146484375000e+01
6.366092681884765625e+01
6.362900543212890625e+01
6.859281921386718750e+01
4.630421829223632812e+01
8.810558319091796875e+01
9.471248626708984375e+01
3.837963104248046875e+01
1.152560272216796875e+02
5.917462158203125000e+01
7.774623107910156250e+01
5.320415496826171875e+01
6.681235504150390625e+01
3.988663482666015625e+01
1.087316131591796875e+02
3.092890357971191406e+01
1.389233398437500000e+02
4.356179046630859375e+01
5.405095672607421875e+01
4.061468124389648438e+01
5.874034118652343750e+01
4.633142089843750000e+01
3.791065216064453125e+01
6.814090728759765625e+01
4.254595184326171875e+01
5.620418548583984375e+01
5.039667129516601562e+01
3.354349136352539062e+01
9.846226501464843750e+01
4.285406875610351562e+01
4.153822708129882812e+01
3.000000000000000000e+01
3.000000000000000000e+01
5.879402160644531250e+01
5.526814651489257812e+01
4.078505325317382812e+01
5.196892547607421875e+01
7.209033966064453125e+01
5.120845794677734375e+01
6.889271545410156250e+01
6.551170349121093750e+01
6.351696777343750000e+01
5.707542037963867188e+01
4.181161499023437500e+01
3.000000000000000000e+01
3.732647705078125000e+01
7.639599609375000000e+01
5.314941024780273438e+01
4.696121597290039062e+01
5.412262344360351562e+01
4.471939849853515625e+01
5.256523513793945312e+01
4.152827453613281250e+01
4.327292633056640625e+01
4.806646728515625000e+01
3.000000000000000000e+01
7.704093170166015625e+01
1.611124267578125000e+02
6.092595672607421875e+01
4.862741851806640625e+01
1.267354736328125000e+02
4.926816940307617188e+01
3.984266662597656250e+01
4.256468582153320312e+01
4.183084487915039062e+01
4.211845397949218750e+01
3.558958816528320312e+01
8.078646087646484375e+01
3.932279968261718750e+01
3.881215286254882812e+01
1.020401763916015625e+02
4.006038665771484375e+01
4.102467727661132812e+01
3.836877441406250000e+01
4.465169525146484375e+01
5.194516372680664062e+01
5.549730300903320312e+01
3.651102447509765625e+01
4.500772094726562500e+01
3.709022521972656250e+01
5.909072113037109375e+01
9.036188507080078125e+01
3.961296844482421875e+01
4.349835205078125000e+01
4.189960479736328125e+01
6.201355743408203125e+01
1.213831634521484375e+02
6.688870239257812500e+01
1.402717285156250000e+02
3.489249038696289062e+01
5.195603179931640625e+01
5.009582519531250000e+01
6.335913848876953125e+01
3.938241195678710938e+01
6.000150680541992188e+01
3.795062637329101562e+01
4.551773834228515625e+01
8.910578155517578125e+01
4.966307067871093750e+01
4.395186996459960938e+01
1.264914245605468750e+02
1.224092712402343750e+02
6.389825057983398438e+01
9.810604095458984375e+01
3.000000000000000000e+01
5.810153579711914062e+01
1.383091583251953125e+02
1.708429107666015625e+02
3.355627822875976562e+01
6.162857437133789062e+01
4.322479629516601562e+01
4.432756423950195312e+01
8.026140594482421875e+01
4.514683914184570312e+01
5.119477462768554688e+01
4.316299819946289062e+01
4.730554199218750000e+01
4.308268356323242188e+01
1.193340606689453125e+02
5.223432159423828125e+01
5.021916198730468750e+01
5.068940734863281250e+01
4.914615631103515625e+01
1.107745971679687500e+02
4.349034118652343750e+01
1.643102111816406250e+02
6.202672576904296875e+01
5.540146636962890625e+01
4.521364593505859375e+01
5.128266143798828125e+01
4.722109985351562500e+01
6.389825057983398438e+01
7.541017913818359375e+01
1.972770080566406250e+02
4.591708755493164062e+01
6.571096801757812500e+01
9.280511474609375000e+01
1.044209060668945312e+02
1.033471603393554688e+02
4.556855773925781250e+01
6.961623382568359375e+01
6.046391296386718750e+01
4.714096450805664062e+01
6.598782348632812500e+01
4.248474121093750000e+01
3.000000000000000000e+01
6.290766143798828125e+01
4.151679229736328125e+01
3.942700958251953125e+01
4.005998229980468750e+01
3.501448822021484375e+01
3.045463752746582031e+01
1.162160797119140625e+02
3.000000000000000000e+01
3.000000000000000000e+01
3.198160743713378906e+01
6.268846130371093750e+01
4.078719329833984375e+01
5.832439041137695312e+01
4.881322860717773438e+01
3.646207046508789062e+01
4.671955108642578125e+01
6.993564605712890625e+01
6.248355865478515625e+01
4.087212753295898438e+01
7.836384582519531250e+01
7.141479492187500000e+01
6.291648101806640625e+01
1.474182281494140625e+02
1.600370788574218750e+02
3.000000000000000000e+01
1.002609252929687500e+02
1.128910369873046875e+02
9.227816772460937500e+01
4.125520324707031250e+01
3.983796691894531250e+01
1.430992584228515625e+02
5.768361663818359375e+01
6.947229766845703125e+01
4.754278945922851562e+01
4.514102172851562500e+01
4.351763916015625000e+01
5.222164154052734375e+01
3.606280517578125000e+01
3.000000000000000000e+01
3.328591156005859375e+01
3.921389770507812500e+01
7.068952941894531250e+01
4.903334808349609375e+01
8.560941314697265625e+01
4.893161392211914062e+01
5.015599441528320312e+01
4.424604034423828125e+01
4.252381134033203125e+01
4.815425872802734375e+01
7.636397552490234375e+01
5.192845153808593750e+01
3.260740661621093750e+01
3.242335128784179688e+01
6.172583389282226562e+01
9.222834777832031250e+01
4.797622299194335938e+01
6.291647720336914062e+01
4.558419418334960938e+01
4.832421875000000000e+01
1.801755676269531250e+02
3.880676269531250000e+01
3.887487792968750000e+01
1.172731628417968750e+02
1.580250091552734375e+02
1.979323577880859375e+02
5.962026977539062500e+01
8.609820556640625000e+01
4.556447219848632812e+01
1.116020889282226562e+02
6.403575134277343750e+01
3.831369400024414062e+01
1.470277404785156250e+02
5.996065902709960938e+01
5.575238800048828125e+01
1.359314575195312500e+02
5.474362182617187500e+01
5.971230316162109375e+01
9.358029174804687500e+01
3.501857757568359375e+01
5.943288421630859375e+01
9.299131011962890625e+01
3.834836578369140625e+01
6.245075988769531250e+01
5.811823272705078125e+01
4.423113250732421875e+01
7.989057922363281250e+01
1.505682983398437500e+02
6.868002319335937500e+01
1.414601135253906250e+02
8.570204162597656250e+01
3.516424179077148438e+01
8.343198394775390625e+01
8.616464233398437500e+01
3.000000000000000000e+01
3.361308670043945312e+01
3.185091781616210938e+01
3.930710601806640625e+01
6.794296264648437500e+01
1.224092636108398438e+02
5.147069168090820312e+01
4.749272537231445312e+01
4.081993484497070312e+01
2.882080078125000000e+02
4.602613067626953125e+01
3.870117568969726562e+01
3.932515716552734375e+01
3.000000000000000000e+01
5.185221099853515625e+01
6.954238128662109375e+01
6.593589782714843750e+01
1.026262512207031250e+02
5.411580657958984375e+01
4.023297119140625000e+01
5.012271881103515625e+01
3.839915466308593750e+01
1.343838958740234375e+02
4.002896118164062500e+01
3.225480651855468750e+01
4.807676696777343750e+01
3.995974349975585938e+01
5.866944122314453125e+01
7.213621520996093750e+01
1.322135009765625000e+02
7.500521850585937500e+01
8.184268951416015625e+01
4.708559799194335938e+01
3.988605499267578125e+01
6.838568878173828125e+01
3.615237808227539062e+01
6.435214233398437500e+01
5.873724365234375000e+01
3.000000000000000000e+01
3.626257324218750000e+01
8.867474365234375000e+01
3.502860641479492188e+01
4.149763488769531250e+01
1.303734741210937500e+02
5.739555358886718750e+01
3.517435073852539062e+01
7.409781646728515625e+01
4.849916839599609375e+01
6.381226348876953125e+01
9.367691802978515625e+01
5.290843200683593750e+01
8.560941314697265625e+01
2.150074157714843750e+02
5.222164535522460938e+01
1.311361236572265625e+02
3.610385131835937500e+01
5.225266265869140625e+01
8.191537475585937500e+01
5.463917922973632812e+01
5.621293640136718750e+01
7.208171081542968750e+01
3.000000000000000000e+01
6.677134704589843750e+01
4.841790771484375000e+01
8.031331634521484375e+01
4.281835937500000000e+01
4.562351226806640625e+01
6.777647399902343750e+01
6.521412658691406250e+01
8.601581573486328125e+01
4.702038192749023438e+01
5.320415496826171875e+01
5.176366424560546875e+01
5.602022171020507812e+01
6.643801116943359375e+01
3.965787506103515625e+01
1.112498626708984375e+02
9.777856445312500000e+01
3.570560073852539062e+01
1.155386581420898438e+02
7.518672943115234375e+01
5.046460723876953125e+01
4.285756683349609375e+01
4.350765991210937500e+01
4.943528747558593750e+01
1.777249450683593750e+02
4.149120712280273438e+01
5.769853210449218750e+01
6.101808929443359375e+01
4.586712265014648438e+01
8.224522399902343750e+01
3.714387893676757812e+01
4.368582153320312500e+01
1.457023620605468750e+02
6.248355865478515625e+01
9.632810974121093750e+01
4.094480133056640625e+01
3.596293640136718750e+01
5.832851791381835938e+01
9.941974639892578125e+01
9.000491333007812500e+01
7.255996704101562500e+01
7.371248626708984375e+01
3.157146453857421875e+01
5.737036514282226562e+01
7.995825958251953125e+01
4.391560363769531250e+01
4.102467727661132812e+01
8.799712371826171875e+01
8.181172943115234375e+01
4.991734313964843750e+01
5.169403076171875000e+01
4.857332611083984375e+01
3.000000000000000000e+01
4.085400009155273438e+01
3.000000000000000000e+01
4.880701446533203125e+01
3.000000000000000000e+01
4.313029479980468750e+01
4.687714385986328125e+01
5.412141036987304688e+01
4.528739166259765625e+01
7.882850646972656250e+01
7.240016174316406250e+01
5.100032424926757812e+01
3.940325546264648438e+01
4.989826965332031250e+01
6.621665954589843750e+01
3.021745681762695312e+01
3.342012786865234375e+01
6.732998657226562500e+01
3.567713165283203125e+01
5.237010574340820312e+01
3.000000000000000000e+01
4.912657165527343750e+01
3.000000000000000000e+01
3.469691848754882812e+01
1.015699157714843750e+02
4.445164108276367188e+01
3.804454421997070312e+01
5.875109481811523438e+01
3.225480651855468750e+01
8.218826293945312500e+01
3.000000000000000000e+01
4.172613525390625000e+01
1.298086853027343750e+02
4.354739761352539062e+01
1.084312362670898438e+02
1.135380859375000000e+02
3.741773986816406250e+01
3.977962112426757812e+01
7.992033386230468750e+01
4.813365173339843750e+01
4.853557586669921875e+01
5.068940734863281250e+01
7.809580993652343750e+01
4.504799652099609375e+01
3.703435134887695312e+01
5.937099075317382812e+01
3.417250061035156250e+01
4.624069595336914062e+01
1.081417083740234375e+02
4.606701660156250000e+01
6.811620330810546875e+01
5.418452453613281250e+01
3.318600082397460938e+01
3.519340515136718750e+01
4.772206878662109375e+01
3.351419448852539062e+01
4.270247650146484375e+01
3.788411331176757812e+01
3.903395843505859375e+01
4.410039901733398438e+01
5.975399398803710938e+01
5.275111007690429688e+01
4.398092651367187500e+01
5.129405593872070312e+01
7.105195617675781250e+01
6.711574554443359375e+01
8.078646087646484375e+01
5.261901092529296875e+01
1.014881896972656250e+02
8.997354125976562500e+01
1.116079788208007812e+02
3.906824493408203125e+01
5.524912643432617188e+01
4.446997833251953125e+01
4.291123962402343750e+01
7.761801147460937500e+01
7.117770385742187500e+01
8.973959350585937500e+01
9.379725646972656250e+01
4.211835479736328125e+01
4.444642639160156250e+01
6.730531311035156250e+01
1.048797988891601562e+02
3.865798568725585938e+01
5.912937927246093750e+01
4.426660919189453125e+01
3.925585556030273438e+01
8.568962097167968750e+01
4.656737136840820312e+01
4.623313140869140625e+01
4.490299224853515625e+01
4.944032287597656250e+01
5.972263336181640625e+01
8.931108093261718750e+01
4.707184600830078125e+01
3.210116577148437500e+01
4.346628952026367188e+01
1.026262512207031250e+02
4.159418106079101562e+01
4.324365615844726562e+01
5.066131210327148438e+01
5.926782989501953125e+01
4.768418884277343750e+01
5.610529327392578125e+01
4.616460800170898438e+01
7.930836486816406250e+01
4.349555206298828125e+01
6.195206451416015625e+01
7.493647766113281250e+01
8.112284851074218750e+01
7.459727478027343750e+01
5.228777313232421875e+01
3.133965873718261719e+01
6.862457275390625000e+01
7.246253967285156250e+01
4.810403823852539062e+01
5.299465179443359375e+01
5.299506759643554688e+01
4.185678863525390625e+01
6.019068145751953125e+01
4.509645843505859375e+01
3.752202987670898438e+01
5.045244598388671875e+01
6.572488403320312500e+01
6.777647399902343750e+01
5.407217025756835938e+01
5.325775909423828125e+01
3.884541702270507812e+01
8.765222167968750000e+01
1.037513809204101562e+02
7.397806549072265625e+01
3.000000000000000000e+01
1.116079788208007812e+02
5.962026977539062500e+01
5.771335983276367188e+01
8.181172943115234375e+01
4.011923980712890625e+01
3.742817306518554688e+01
7.450749206542968750e+01
3.000000000000000000e+01
4.132756805419921875e+01
2.347653503417968750e+02
3.327092361450195312e+01
3.892872238159179688e+01
4.043078231811523438e+01
1.171691055297851562e+02
5.661900329589843750e+01
5.066738128662109375e+01
9.148854064941406250e+01
5.147647476196289062e+01
1.430260009765625000e+02
7.979436492919921875e+01
9.119841766357421875e+01
3.250049209594726562e+01
3.870495223999023438e+01
5.268213653564453125e+01
6.635810852050781250e+01
6.258951950073242188e+01
5.192845153808593750e+01
4.893103027343750000e+01
3.291775131225585938e+01
4.566287994384765625e+01
6.317143249511718750e+01
4.317094802856445312e+01
3.692091751098632812e+01
7.319535827636718750e+01
8.102845764160156250e+01
3.866071319580078125e+01
3.219804763793945312e+01
5.712890625000000000e+01
3.000000000000000000e+01
5.104045104980468750e+01
9.120755767822265625e+01
5.370529937744140625e+01
7.895308685302734375e+01
5.454375839233398438e+01
4.918614578247070312e+01
3.409522247314453125e+01
7.628900146484375000e+01
6.144183731079101562e+01
9.072640991210937500e+01
1.148829193115234375e+02
5.583577346801757812e+01
5.013273620605468750e+01
4.499733734130859375e+01
3.000000000000000000e+01
5.975086212158203125e+01
6.480619049072265625e+01
1.777249603271484375e+02
5.003746795654296875e+01
4.697361755371093750e+01
5.224840927124023438e+01
4.464899444580078125e+01
4.203694915771484375e+01
6.031010437011718750e+01
5.274151611328125000e+01
5.905895614624023438e+01
8.450091552734375000e+01
3.000000000000000000e+01
3.046645736694335938e+01
5.811251068115234375e+01
1.100934677124023438e+02
7.444467163085937500e+01
1.084312362670898438e+02
3.897134399414062500e+01
3.000000000000000000e+01
5.534229278564453125e+01
5.832337188720703125e+01
1.659754028320312500e+02
6.462604522705078125e+01
5.124102401733398438e+01
4.838252258300781250e+01
3.000000000000000000e+01
4.712900924682617188e+01
9.173190307617187500e+01
3.000000000000000000e+01
3.705509948730468750e+01
6.419824218750000000e+01
9.239614868164062500e+01
5.055165100097656250e+01
8.890962219238281250e+01
3.813825225830078125e+01
5.433125305175781250e+01
5.768361663818359375e+01
6.527410125732421875e+01
5.500759124755859375e+01
4.074443817138671875e+01
4.518036651611328125e+01
3.437946701049804688e+01
4.652180480957031250e+01
4.002896118164062500e+01
3.877776336669921875e+01
4.650752639770507812e+01
5.739555358886718750e+01
4.058306121826171875e+01
3.000000000000000000e+01
3.980134582519531250e+01
3.870117568969726562e+01
3.428563308715820312e+01
1.404174957275390625e+02
3.000000000000000000e+01
6.543063354492187500e+01
9.033798217773437500e+01
4.389110946655273438e+01
3.000000000000000000e+01
3.107237434387207031e+01
5.405095672607421875e+01
6.656692504882812500e+01
5.903232574462890625e+01
4.658067703247070312e+01
6.619949340820312500e+01
6.378947830200195312e+01
6.453635406494140625e+01
4.158960723876953125e+01
7.684043884277343750e+01
3.262278366088867188e+01
5.832851791381835938e+01
4.864012908935546875e+01
3.283304595947265625e+01
3.505728530883789062e+01
5.576456832885742188e+01
5.054780960083007812e+01
4.701601409912109375e+01
4.078719329833984375e+01
5.397036743164062500e+01
4.840130615234375000e+01
5.801792907714843750e+01
8.638866424560546875e+01
5.908190155029296875e+01
8.526373291015625000e+01
4.200732421875000000e+01
4.966307449340820312e+01
3.481244659423828125e+01
6.420848846435546875e+01
6.801276397705078125e+01
5.435153961181640625e+01
5.752702331542968750e+01
3.868988418579101562e+01
8.616742706298828125e+01
4.744210815429687500e+01
4.978245544433593750e+01
8.494460296630859375e+01
1.304626617431640625e+02
1.077940139770507812e+02
4.870097351074218750e+01
3.574095535278320312e+01
4.708963394165039062e+01
5.755674362182617188e+01
8.601581573486328125e+01
8.924542999267578125e+01
6.047172164916992188e+01
1.007634277343750000e+02
5.712890625000000000e+01
4.861674499511718750e+01
3.000000000000000000e+01
5.421332168579101562e+01
4.189284515380859375e+01
3.302894973754882812e+01
3.763090515136718750e+01
7.930670928955078125e+01
6.629878234863281250e+01
4.925427246093750000e+01
9.341372680664062500e+01
3.623402404785156250e+01
4.529945755004882812e+01
4.850876998901367188e+01
5.101019287109375000e+01
3.904094696044921875e+01
4.074443817138671875e+01
1.958220977783203125e+02
6.589536285400390625e+01
4.936069107055664062e+01
4.671130371093750000e+01
6.083937835693359375e+01
1.190983581542968750e+02
4.780319213867187500e+01
4.125103759765625000e+01
6.318112182617187500e+01
3.692092132568359375e+01
8.372692871093750000e+01
4.035069274902343750e+01
5.729737472534179688e+01
4.632354736328125000e+01
4.706553649902343750e+01
4.173970031738281250e+01
3.148032760620117188e+01
5.045891571044921875e+01
6.045262527465820312e+01
2.145220031738281250e+02
3.561003875732421875e+01
5.185978317260742188e+01
5.614988708496093750e+01
5.694360351562500000e+01
4.229830169677734375e+01
3.974930572509765625e+01
3.459194564819335938e+01
4.796006393432617188e+01
3.735720062255859375e+01
4.611337280273437500e+01
5.175305175781250000e+01
4.081397628784179688e+01
4.210749053955078125e+01
4.783909225463867188e+01
3.741773986816406250e+01
4.447345733642578125e+01
3.000000000000000000e+01
5.837534332275390625e+01
8.395707702636718750e+01
3.143453407287597656e+01
4.535424804687500000e+01
3.198160743713378906e+01
7.673314666748046875e+01
3.447792816162109375e+01
9.572459411621093750e+01
3.000000000000000000e+01
7.255996704101562500e+01
8.448847198486328125e+01
3.663593673706054688e+01
8.494460296630859375e+01
3.558256530761718750e+01
3.177140808105468750e+01
4.044151687622070312e+01
4.130564117431640625e+01
1.090116500854492188e+02
4.739167404174804688e+01
4.534517288208007812e+01
7.072727966308593750e+01
4.980205917358398438e+01
8.689918518066406250e+01
6.688459014892578125e+01
3.994785308837890625e+01
6.326519012451171875e+01
6.924551391601562500e+01
8.008580017089843750e+01
7.363108062744140625e+01
7.817035675048828125e+01
3.821688079833984375e+01
4.426557540893554688e+01
4.989170837402343750e+01
7.724266815185546875e+01
1.170780029296875000e+02
6.567125701904296875e+01
1.094975280761718750e+02
5.277027893066406250e+01
4.051503753662109375e+01
3.000000000000000000e+01
3.470017242431640625e+01
4.694498443603515625e+01
3.000000000000000000e+01
3.000000000000000000e+01
6.681262969970703125e+01
1.103480682373046875e+02
4.520111083984375000e+01
3.210631179809570312e+01
5.441327667236328125e+01
6.966296386718750000e+01
3.731434249877929688e+01
4.462435531616210938e+01
6.480619049072265625e+01
4.282152557373046875e+01
6.824118041992187500e+01
4.712900924682617188e+01
5.625093841552734375e+01
6.099249267578125000e+01
4.039085006713867188e+01
4.082905197143554688e+01
5.867272567749023438e+01
3.611644363403320312e+01
6.772943115234375000e+01
6.293175125122070312e+01
4.278900146484375000e+01
9.810604095458984375e+01
5.969395446777343750e+01
3.643131637573242188e+01
3.831011962890625000e+01
3.226419830322265625e+01
4.217334747314453125e+01
4.379886245727539062e+01
3.489489364624023438e+01
4.251587295532226562e+01
9.421762847900390625e+01
4.023297119140625000e+01
3.681391906738281250e+01
6.521411895751953125e+01
8.008897399902343750e+01
4.092716217041015625e+01
6.389065933227539062e+01
6.900387573242187500e+01
4.528739166259765625e+01
4.944777679443359375e+01
9.593186950683593750e+01
5.786119461059570312e+01
7.814955139160156250e+01
4.089585113525390625e+01
3.000000000000000000e+01
6.299473571777343750e+01
4.876247406005859375e+01
4.075857925415039062e+01
4.656639480590820312e+01
3.710781860351562500e+01
5.301329040527343750e+01
4.494474029541015625e+01
5.996065902709960938e+01
4.411399459838867188e+01
3.783100509643554688e+01
6.489460754394531250e+01
9.298170471191406250e+01
3.429150009155273438e+01
9.470089721679687500e+01
5.003236389160156250e+01
3.000000000000000000e+01
9.261123657226562500e+01
8.898542785644531250e+01
4.214451599121093750e+01
6.196399688720703125e+01
4.309466552734375000e+01
4.813712310791015625e+01
3.569392013549804688e+01
6.103658294677734375e+01
5.539800262451171875e+01
3.640145492553710938e+01
4.094480133056640625e+01
5.273015594482421875e+01
5.640954971313476562e+01
3.499099731445312500e+01
3.830910491943359375e+01
6.525428771972656250e+01
5.963085937500000000e+01
7.643742370605468750e+01
7.584626770019531250e+01
3.719387054443359375e+01
6.179768753051757812e+01
3.438805389404296875e+01
5.281468963623046875e+01
6.641991424560546875e+01
8.213633728027343750e+01
5.729737472534179688e+01
4.660684967041015625e+01
6.468656158447265625e+01
3.830910491943359375e+01
3.000000000000000000e+01
4.882552337646484375e+01
4.430465698242187500e+01
4.183109664916992188e+01
6.114057540893554688e+01
5.258908462524414062e+01
3.854818725585937500e+01
5.223432159423828125e+01
4.413597106933593750e+01
4.075991821289062500e+01
3.000000000000000000e+01
6.203992080688476562e+01
4.188433837890625000e+01
4.209997558593750000e+01
7.685412597656250000e+01
3.696638488769531250e+01
6.817302703857421875e+01
3.620381546020507812e+01
8.554734039306640625e+01
5.537506103515625000e+01
3.976605224609375000e+01
4.623197937011718750e+01
4.001362609863281250e+01
5.215100479125976562e+01
8.304154205322265625e+01
3.482027053833007812e+01
4.608364486694335938e+01
5.549731445312500000e+01
4.989169311523437500e+01
4.862741851806640625e+01
3.000000000000000000e+01
5.757892990112304688e+01
4.213304138183593750e+01
3.363531494140625000e+01
4.317829132080078125e+01
4.094897460937500000e+01
7.116531372070312500e+01
3.000000000000000000e+01
8.191537475585937500e+01
4.717159652709960938e+01
3.881215286254882812e+01
4.080318450927734375e+01
4.236945343017578125e+01
4.263930511474609375e+01
4.853051757812500000e+01
3.574095535278320312e+01
3.984038543701171875e+01
3.668708419799804688e+01
4.440179061889648438e+01
5.339208221435546875e+01
5.563133621215820312e+01
7.148503875732421875e+01
5.221262359619140625e+01
5.212854003906250000e+01
4.633748626708984375e+01
3.120314979553222656e+01
3.082979202270507812e+01
4.236945343017578125e+01
5.752702331542968750e+01
3.978842544555664062e+01
3.874921035766601562e+01
3.000000000000000000e+01
7.653230285644531250e+01
6.013695526123046875e+01
8.293952941894531250e+01
3.112371826171875000e+01
3.595493698120117188e+01
5.029273223876953125e+01
3.515267944335937500e+01
4.292716979980468750e+01
3.339636993408203125e+01
4.726370239257812500e+01
3.639871978759765625e+01
3.000000000000000000e+01
4.043944549560546875e+01
3.277530288696289062e+01
6.733103942871093750e+01
4.655487060546875000e+01
8.213633728027343750e+01
5.662812805175781250e+01
4.258554840087890625e+01
4.365177154541015625e+01
4.574164199829101562e+01
3.209318542480468750e+01
3.401797485351562500e+01
4.450463867187500000e+01
6.593589782714843750e+01
4.172613525390625000e+01
5.203401947021484375e+01
4.146588897705078125e+01
7.688423919677734375e+01
5.739451217651367188e+01
3.342181396484375000e+01
3.000000000000000000e+01
3.000000000000000000e+01
3.956479644775390625e+01
3.283304595947265625e+01
6.313775634765625000e+01
3.904355621337890625e+01
4.675696563720703125e+01
3.817342376708984375e+01
3.042248153686523438e+01
3.291724014282226562e+01
4.572969055175781250e+01
4.152201080322265625e+01
4.910195159912109375e+01
4.307085418701171875e+01
6.348310089111328125e+01
5.662813186645507812e+01
6.389844512939453125e+01
3.555474090576171875e+01
3.099591064453125000e+01
5.084626770019531250e+01
3.000000000000000000e+01
4.738716888427734375e+01
8.297610473632812500e+01
3.317461013793945312e+01
4.395334243774414062e+01
5.350279235839843750e+01
3.977962112426757812e+01
4.747572326660156250e+01
5.411580657958984375e+01
3.262320327758789062e+01
4.534609603881835938e+01
7.283636474609375000e+01
4.839280319213867188e+01
6.924551391601562500e+01
7.866452026367187500e+01
3.000000000000000000e+01
5.643885040283203125e+01
4.620057678222656250e+01
5.621293258666992188e+01
5.208129501342773438e+01
4.456508636474609375e+01
6.000150680541992188e+01
7.213621520996093750e+01
4.283011627197265625e+01
6.738380432128906250e+01
7.066770172119140625e+01
3.289577484130859375e+01
7.696218872070312500e+01
4.651886749267578125e+01
3.219134521484375000e+01
4.341324615478515625e+01
4.802305603027343750e+01
3.000000000000000000e+01
6.357099533081054688e+01
5.376179122924804688e+01
5.185978317260742188e+01
4.084860610961914062e+01
4.007482528686523438e+01
3.446237182617187500e+01
3.603154754638671875e+01
7.650385284423828125e+01
3.209753417968750000e+01
4.530541610717773438e+01
5.214551162719726562e+01
3.000000000000000000e+01
4.596357727050781250e+01
4.474492645263671875e+01
4.623197937011718750e+01
3.000000000000000000e+01
3.539333343505859375e+01
4.167922210693359375e+01
6.185285949707031250e+01
3.210475921630859375e+01
4.357026672363281250e+01
5.811251068115234375e+01
3.787792587280273438e+01
4.270247650146484375e+01
4.382257461547851562e+01
7.437812805175781250e+01
4.474478530883789062e+01
7.067323303222656250e+01
1.062381286621093750e+02
5.281126785278320312e+01
4.153822708129882812e+01
3.536811828613281250e+01
4.564140319824218750e+01
4.624201965332031250e+01
3.647156906127929688e+01
4.167025756835937500e+01
1.148829116821289062e+02
6.811168670654296875e+01
3.660694503784179688e+01
4.250142669677734375e+01
5.416196823120117188e+01
3.000000000000000000e+01
4.624069595336914062e+01
5.101019287109375000e+01
5.992787933349609375e+01
3.000000000000000000e+01
5.211612701416015625e+01
3.780493927001953125e+01
4.206588745117187500e+01
6.019068145751953125e+01
3.270713806152343750e+01
4.735948944091796875e+01
5.272584152221679688e+01
3.000000000000000000e+01
5.924136352539062500e+01
4.540908050537109375e+01
4.586846542358398438e+01
7.444467163085937500e+01
4.064107513427734375e+01
3.000000000000000000e+01
4.203694915771484375e+01
5.460346221923828125e+01
3.984266662597656250e+01
4.458914947509765625e+01
3.293043136596679688e+01
4.617511367797851562e+01
3.935586929321289062e+01
5.096405410766601562e+01
5.470351028442382812e+01
4.002369689941406250e+01
5.474777221679687500e+01
3.275403213500976562e+01
4.778511428833007812e+01
4.312499618530273438e+01
5.399571990966796875e+01
3.906824493408203125e+01
4.226332855224609375e+01
5.284087371826171875e+01
5.448738861083984375e+01
3.725826263427734375e+01
6.018848037719726562e+01
3.822142410278320312e+01
5.880989837646484375e+01
3.920130157470703125e+01
1.224306716918945312e+02
7.458127593994140625e+01
4.171519470214843750e+01
5.328491973876953125e+01
3.525882720947265625e+01
6.018013000488281250e+01
3.000000000000000000e+01
3.703329849243164062e+01
8.160694885253906250e+01
4.871652221679687500e+01
3.736188888549804688e+01
5.063569641113281250e+01
8.045562744140625000e+01
5.107540512084960938e+01
4.290706253051757812e+01
3.473990249633789062e+01
4.593421936035156250e+01
4.152536010742187500e+01
3.000000000000000000e+01
5.332051086425781250e+01
8.657579040527343750e+01
4.766099548339843750e+01
3.695087432861328125e+01
3.350901794433593750e+01
4.229350280761718750e+01
4.154595947265625000e+01
4.222187042236328125e+01
5.317436981201171875e+01
9.572458648681640625e+01
5.463275527954101562e+01
7.931575012207031250e+01
6.490080261230468750e+01
7.502642822265625000e+01
5.283370208740234375e+01
3.639358520507812500e+01
3.952993392944335938e+01
5.417668151855468750e+01
4.110837936401367188e+01
5.439015197753906250e+01
4.376113891601562500e+01
3.288097763061523438e+01
3.332006072998046875e+01
3.249872970581054688e+01
3.000000000000000000e+01
4.710787582397460938e+01
6.248724365234375000e+01
5.369005203247070312e+01
3.757035827636718750e+01
4.518373489379882812e+01
3.996506881713867188e+01
5.194327545166015625e+01
6.095453643798828125e+01
6.366092681884765625e+01
4.763049316406250000e+01
4.470976257324218750e+01
3.000000000000000000e+01
5.737036514282226562e+01
4.800593566894531250e+01
3.000000000000000000e+01
5.215100479125976562e+01
3.612325668334960938e+01
6.806927490234375000e+01
4.071092987060546875e+01
5.201007461547851562e+01
6.220808410644531250e+01
3.878993988037109375e+01
3.000000000000000000e+01
3.595072174072265625e+01
5.627242279052734375e+01
3.988605499267578125e+01
5.068314743041992188e+01
4.613737487792968750e+01
3.719566345214843750e+01
3.723780822753906250e+01
8.372692871093750000e+01
6.347065353393554688e+01
7.141479492187500000e+01
3.097136688232421875e+01
3.602377700805664062e+01
5.108013916015625000e+01
3.332006454467773438e+01
5.640189361572265625e+01
5.387054824829101562e+01
6.547579956054687500e+01
4.814181900024414062e+01
4.675578308105468750e+01
3.722048187255859375e+01
3.864595794677734375e+01
3.234811782836914062e+01
8.384554290771484375e+01
3.459256362915039062e+01
4.099854278564453125e+01
3.000000000000000000e+01
4.049860382080078125e+01
4.581565475463867188e+01
3.000000000000000000e+01
4.832421875000000000e+01
4.783682250976562500e+01
3.645016479492187500e+01
5.707542037963867188e+01
7.072727966308593750e+01
3.000000000000000000e+01
5.808783340454101562e+01
4.621778106689453125e+01
4.098870086669921875e+01
4.375677490234375000e+01
4.619535827636718750e+01
3.385184860229492188e+01
3.816178512573242188e+01
4.150887680053710938e+01
3.783401107788085938e+01
3.000000000000000000e+01
3.587628173828125000e+01
3.098858451843261719e+01
3.165839958190917969e+01
3.289222717285156250e+01
3.331830978393554688e+01
4.076684188842773438e+01
5.822209167480468750e+01
4.841506958007812500e+01
8.045562744140625000e+01
3.285786819458007812e+01
3.544941329956054688e+01
3.000000000000000000e+01
8.314879608154296875e+01
3.417250061035156250e+01
4.479969024658203125e+01
8.384555053710937500e+01
3.654841613769531250e+01
3.967226409912109375e+01
4.214964675903320312e+01
4.687714385986328125e+01
9.614143371582031250e+01
6.664895629882812500e+01
6.209227371215820312e+01
6.734681701660156250e+01
3.000000000000000000e+01
3.092285156250000000e+01
3.417646408081054688e+01
3.736476516723632812e+01
4.311511993408203125e+01
4.819344711303710938e+01
3.601828002929687500e+01
3.000000000000000000e+01
5.958912658691406250e+01
3.411466217041015625e+01
5.369422149658203125e+01
3.000000000000000000e+01
3.699383163452148438e+01
3.000000000000000000e+01
3.000000000000000000e+01
4.620057296752929688e+01
3.222299957275390625e+01
4.562472152709960938e+01
7.101250457763671875e+01
4.519552612304687500e+01
5.290546417236328125e+01
6.972740936279296875e+01
4.565546417236328125e+01
4.272729492187500000e+01
4.137366485595703125e+01
4.454161071777343750e+01
4.614101028442382812e+01
3.716542053222656250e+01
3.693661117553710938e+01
3.494985580444335938e+01
6.690081787109375000e+01
5.894521713256835938e+01
4.592329025268554688e+01
3.346474456787109375e+01
3.587430572509765625e+01
3.509069442749023438e+01
3.000000000000000000e+01
5.733935928344726562e+01
4.589604187011718750e+01
4.101369857788085938e+01
4.404598617553710938e+01
4.539989471435546875e+01
4.056046295166015625e+01
4.051989746093750000e+01
5.662306976318359375e+01
4.016135406494140625e+01
6.811168670654296875e+01
3.904094696044921875e+01
4.615718841552734375e+01
3.296271514892578125e+01
4.029061126708984375e+01
3.000000000000000000e+01
5.756210327148437500e+01
4.508318328857421875e+01
3.556448745727539062e+01
4.416490936279296875e+01
7.673314666748046875e+01
3.935049438476562500e+01
3.511020278930664062e+01
3.000000000000000000e+01
3.000000000000000000e+01
5.109860610961914062e+01
4.507910919189453125e+01
4.408516311645507812e+01
3.000000000000000000e+01
3.120730972290039062e+01
3.000000000000000000e+01
4.055625152587890625e+01
4.877080535888671875e+01
4.032740020751953125e+01
4.466271972656250000e+01
4.273963165283203125e+01
5.332904815673828125e+01
4.585593414306640625e+01
4.944166183471679688e+01
4.861508941650390625e+01
3.000000000000000000e+01
5.967389297485351562e+01
3.072727012634277344e+01
3.000000000000000000e+01
3.753069305419921875e+01
4.832319641113281250e+01
3.563549041748046875e+01
4.202152252197265625e+01
3.448717117309570312e+01
4.353427886962890625e+01
3.879888153076171875e+01
4.395342636108398438e+01
