5.050449752807617188e+01
6.685683441162109375e+01
3.928743743896484375e+01
3.986421203613281250e+01
7.491742706298828125e+01
5.653393173217773438e+01
3.000000000000000000e+01
7.161000061035156250e+01
6.054586029052734375e+01
1.084374237060546875e+02
4.726757812500000000e+01
1.154144363403320312e+02
4.802408981323242188e+01
4.424656677246093750e+01
3.816597747802734375e+01
5.887557601928710938e+01
7.378643798828125000e+01
4.274231338500976562e+01
4.018773651123046875e+01
1.316127319335937500e+02
4.150710678100585938e+01
8.797813415527343750e+01
3.000000000000000000e+01
3.162401199340820312e+01
3.973160552978515625e+01
7.112591552734375000e+01
3.100123596191406250e+01
6.145910644531250000e+01
1.963754577636718750e+02
3.527569580078125000e+01
6.183669281005859375e+01
5.042747497558593750e+01
4.948617935180664062e+01
9.220285034179687500e+01
6.321890258789062500e+01
5.472171401977539062e+01
6.956236267089843750e+01
5.302201080322265625e+01
4.718673706054687500e+01
3.410881805419921875e+01
4.088917160034179688e+01
3.451087570190429688e+01
5.576150512695312500e+01
4.385036468505859375e+01
3.307116699218750000e+01
3.000000000000000000e+01
3.522052001953125000e+01
6.446729278564453125e+01
1.167703247070312500e+02
6.765956878662109375e+01
4.628492736816406250e+01
3.781121826171875000e+01
6.792275238037109375e+01
4.412568664550781250e+01
1.190547256469726562e+02
4.355248641967773438e+01
6.007651901245117188e+01
4.445570755004882812e+01
6.250731658935546875e+01
7.374332427978515625e+01
5.050609970092773438e+01
8.709028625488281250e+01
3.859577560424804688e+01
9.806261444091796875e+01
1.116338043212890625e+02
5.363509368896484375e+01
5.193846130371093750e+01
3.000000000000000000e+01
4.466938018798828125e+01
5.408806610107421875e+01
6.075099182128906250e+01
3.688679122924804688e+01
6.080384063720703125e+01
3.585727691650390625e+01
4.308844375610351562e+01
3.000000000000000000e+01
4.707376861572265625e+01
5.116542053222656250e+01
4.480513000488281250e+01
6.132801055908203125e+01
3.658493423461914062e+01
7.378643798828125000e+01
5.125878143310546875e+01
1.297814025878906250e+02
1.058391036987304688e+02
4.645443725585937500e+01
4.158397674560546875e+01
4.684505081176757812e+01
4.802408981323242188e+01
5.816330337524414062e+01
4.706711578369140625e+01
6.471395874023437500e+01
6.301537704467773438e+01
5.108686447143554688e+01
1.127513732910156250e+02
8.744795989990234375e+01
6.329725646972656250e+01
3.774114608764648438e+01
7.182278442382812500e+01
4.194927597045898438e+01
9.771138000488281250e+01
6.415442657470703125e+01
1.460911254882812500e+02
3.000000000000000000e+01
4.493584060668945312e+01
9.138516998291015625e+01
3.000000000000000000e+01
6.710338592529296875e+01
5.596354675292968750e+01
3.000000000000000000e+01
4.419609069824218750e+01
3.000000000000000000e+01
6.501651000976562500e+01
1.254044189453125000e+02
4.070341491699218750e+01
4.261426544189453125e+01
9.553314208984375000e+01
4.457309722900390625e+01
8.639526367187500000e+01
5.384887313842773438e+01
4.658917236328125000e+01
6.022867584228515625e+01
4.860436630249023438e+01
4.723126602172851562e+01
4.195594406127929688e+01
4.856259918212890625e+01
6.757168579101562500e+01
6.072292327880859375e+01
4.461825561523437500e+01
3.000000000000000000e+01
4.411615753173828125e+01
1.166104431152343750e+02
5.533546447753906250e+01
3.000000000000000000e+01
6.080862426757812500e+01
4.375939559936523438e+01
1.186877441406250000e+02
4.492221832275390625e+01
4.653552246093750000e+01
6.674922180175781250e+01
5.543676376342773438e+01
7.535408782958984375e+01
6.375189590454101562e+01
5.976905059814453125e+01
6.512915039062500000e+01
4.450088882446289062e+01
8.248396301269531250e+01
9.522060394287109375e+01
3.822093200683593750e+01
1.151374359130859375e+02
5.287580490112304688e+01
6.966793823242187500e+01
5.657872009277343750e+01
6.166966247558593750e+01
4.257522583007812500e+01
1.078346786499023438e+02
3.013004112243652344e+01
1.334411468505859375e+02
4.508773040771484375e+01
5.063506317138671875e+01
3.645619201660156250e+01
6.531215667724609375e+01
4.463632965087890625e+01
3.949253845214843750e+01
6.879869842529296875e+01
3.934997940063476562e+01
5.763267517089843750e+01
4.785195922851562500e+01
3.550427246093750000e+01
9.401432800292968750e+01
3.988665771484375000e+01
4.188038253784179688e+01
4.265565872192382812e+01
3.000000000000000000e+01
5.611666870117187500e+01
6.185724639892578125e+01
4.216752243041992188e+01
5.317795944213867188e+01
6.905635070800781250e+01
5.271058654785156250e+01
6.727040863037109375e+01
6.057539749145507812e+01
6.865160369873046875e+01
5.571803665161132812e+01
4.234595489501953125e+01
3.006269454956054688e+01
3.961582183837890625e+01
7.278479003906250000e+01
5.221528244018554688e+01
4.389949035644531250e+01
4.771852874755859375e+01
3.455723953247070312e+01
5.756065750122070312e+01
4.394631958007812500e+01
5.119224166870117188e+01
4.699605560302734375e+01
3.000000000000000000e+01
6.967090606689453125e+01
1.470735015869140625e+02
4.696015930175781250e+01
5.616742324829101562e+01
1.166806793212890625e+02
7.600387573242187500e+01
4.007318115234375000e+01
4.865493774414062500e+01
4.302127838134765625e+01
3.906034851074218750e+01
3.482987976074218750e+01
9.297105407714843750e+01
3.720056152343750000e+01
3.784632492065429688e+01
1.007119293212890625e+02
3.782397460937500000e+01
3.889310455322265625e+01
4.132611083984375000e+01
4.419951629638671875e+01
5.274598693847656250e+01
5.731628036499023438e+01
3.756713485717773438e+01
4.192088317871093750e+01
3.685948944091796875e+01
6.133937454223632812e+01
9.206067657470703125e+01
4.154965591430664062e+01
4.313747024536132812e+01
4.551479339599609375e+01
5.946561050415039062e+01
1.186597366333007812e+02
6.301168060302734375e+01
1.227358551025390625e+02
3.755445480346679688e+01
5.588214874267578125e+01
5.096193695068359375e+01
5.303763580322265625e+01
3.708319473266601562e+01
5.816840362548828125e+01
4.053098297119140625e+01
4.730856704711914062e+01
8.050382995605468750e+01
5.101293945312500000e+01
4.344128417968750000e+01
1.231923828125000000e+02
1.144076385498046875e+02
6.783660888671875000e+01
9.199938964843750000e+01
3.000000000000000000e+01
5.653094100952148438e+01
1.383849487304687500e+02
1.716116485595703125e+02
4.444599914550781250e+01
6.435518646240234375e+01
3.900909423828125000e+01
4.741803741455078125e+01
7.720289611816406250e+01
5.021730804443359375e+01
5.063793945312500000e+01
4.487209320068359375e+01
4.926125335693359375e+01
3.333041381835937500e+01
1.293081054687500000e+02
3.851377105712890625e+01
5.004664611816406250e+01
4.937007904052734375e+01
4.919085693359375000e+01
1.143622894287109375e+02
4.339844131469726562e+01
1.545407409667968750e+02
5.880607223510742188e+01
7.709503173828125000e+01
5.220462417602539062e+01
5.421493530273437500e+01
5.303222656250000000e+01
6.783660888671875000e+01
7.450839233398437500e+01
1.829252777099609375e+02
4.379977416992187500e+01
6.767753601074218750e+01
7.807475280761718750e+01
9.620942687988281250e+01
1.033683013916015625e+02
6.491161346435546875e+01
7.060118865966796875e+01
6.113005828857421875e+01
4.681007766723632812e+01
6.264006042480468750e+01
4.112933349609375000e+01
3.000000000000000000e+01
6.496040344238281250e+01
3.726897430419921875e+01
3.527212905883789062e+01
3.858001708984375000e+01
3.000000000000000000e+01
3.000000000000000000e+01
1.149050292968750000e+02
4.440662384033203125e+01
3.000000000000000000e+01
4.563516998291015625e+01
6.356326293945312500e+01
4.939410400390625000e+01
5.151616287231445312e+01
4.279604339599609375e+01
3.506727981567382812e+01
4.398640823364257812e+01
6.945376586914062500e+01
6.182464981079101562e+01
4.368860244750976562e+01
7.929929351806640625e+01
7.995466613769531250e+01
6.090775299072265625e+01
1.350386352539062500e+02
1.392471160888671875e+02
3.000000000000000000e+01
1.055882720947265625e+02
1.104029312133789062e+02
9.058412170410156250e+01
3.979903793334960938e+01
4.084954071044921875e+01
1.273714447021484375e+02
6.003031921386718750e+01
7.182278442382812500e+01
4.910907745361328125e+01
4.268878555297851562e+01
3.824017715454101562e+01
4.906918334960937500e+01
3.557516098022460938e+01
3.257025527954101562e+01
3.741053009033203125e+01
3.805253601074218750e+01
6.080384063720703125e+01
4.486994934082031250e+01
7.566773986816406250e+01
4.877702331542968750e+01
4.996903991699218750e+01
4.675261688232421875e+01
4.335887908935546875e+01
4.956724166870117188e+01
6.714530944824218750e+01
5.075528717041015625e+01
3.011539077758789062e+01
3.252766418457031250e+01
5.325419616699218750e+01
9.375580596923828125e+01
5.028134155273437500e+01
6.090775299072265625e+01
4.631941986083984375e+01
4.926861953735351562e+01
1.700219726562500000e+02
3.534667968750000000e+01
4.318593597412109375e+01
1.234819030761718750e+02
1.486989746093750000e+02
1.967731475830078125e+02
5.631478118896484375e+01
8.709028625488281250e+01
3.976132202148437500e+01
1.103610534667968750e+02
6.414485931396484375e+01
3.697392272949218750e+01
1.493036499023437500e+02
5.721251678466796875e+01
5.382517623901367188e+01
1.162054672241210938e+02
5.050550079345703125e+01
6.872618103027343750e+01
9.340220642089843750e+01
3.553903961181640625e+01
6.375704574584960938e+01
9.883204650878906250e+01
3.055245971679687500e+01
6.951487731933593750e+01
5.477117919921875000e+01
4.864759826660156250e+01
8.815208435058593750e+01
1.473533172607421875e+02
6.004886627197265625e+01
1.445165405273437500e+02
8.302145385742187500e+01
3.527569580078125000e+01
9.240837860107421875e+01
8.986322021484375000e+01
3.264229965209960938e+01
3.497376251220703125e+01
3.000000000000000000e+01
4.318067932128906250e+01
6.980725097656250000e+01
1.144076385498046875e+02
4.887577819824218750e+01
4.707056808471679688e+01
5.023849868774414062e+01
2.852426757812500000e+02
4.358311462402343750e+01
4.169762420654296875e+01
4.163592147827148438e+01
3.000000000000000000e+01
4.851490020751953125e+01
6.756037139892578125e+01
7.186428833007812500e+01
1.089632263183593750e+02
5.176200866699218750e+01
4.122349548339843750e+01
5.097222900390625000e+01
4.250956726074218750e+01
1.470387115478515625e+02
3.779589843750000000e+01
3.634461593627929688e+01
3.504498291015625000e+01
3.727010345458984375e+01
5.765991210937500000e+01
7.632988739013671875e+01
1.353945465087890625e+02
7.207823181152343750e+01
1.003650512695312500e+02
4.605204010009765625e+01
4.065299224853515625e+01
6.877735137939453125e+01
3.209273529052734375e+01
8.228378295898437500e+01
7.511415100097656250e+01
3.000000000000000000e+01
4.033229064941406250e+01
1.021809158325195312e+02
3.000000000000000000e+01
4.079848480224609375e+01
1.361033935546875000e+02
5.939704895019531250e+01
4.742068862915039062e+01
7.195586395263671875e+01
4.641407775878906250e+01
6.776406860351562500e+01
8.867611694335937500e+01
4.999372482299804688e+01
7.566773986816406250e+01
2.084864501953125000e+02
4.906918334960937500e+01
1.273015289306640625e+02
3.699987792968750000e+01
4.884963989257812500e+01
8.720220184326171875e+01
6.145910644531250000e+01
5.651606369018554688e+01
6.702805328369140625e+01
3.000000000000000000e+01
6.328922271728515625e+01
5.076655960083007812e+01
7.648068237304687500e+01
3.875420379638671875e+01
4.723518371582031250e+01
6.956100463867187500e+01
7.199740600585937500e+01
8.874846649169921875e+01
4.734489059448242188e+01
5.657872009277343750e+01
5.374190139770507812e+01
5.433267211914062500e+01
7.314656829833984375e+01
3.897069168090820312e+01
1.076405715942382812e+02
1.022564315795898438e+02
4.152652740478515625e+01
1.057394256591796875e+02
7.069580841064453125e+01
4.562659454345703125e+01
4.361266708374023438e+01
4.238968658447265625e+01
4.838467788696289062e+01
1.773247070312500000e+02
4.126015472412109375e+01
5.207851791381835938e+01
5.837398529052734375e+01
3.937941360473632812e+01
8.897422027587890625e+01
3.912147521972656250e+01
4.371511840820312500e+01
1.451355133056640625e+02
6.182464981079101562e+01
9.351208496093750000e+01
5.005705261230468750e+01
5.084165954589843750e+01
5.705637359619140625e+01
9.418899536132812500e+01
8.886576843261718750e+01
8.451770019531250000e+01
7.349089050292968750e+01
4.043259048461914062e+01
6.433412170410156250e+01
8.228468322753906250e+01
4.087664031982421875e+01
3.889310455322265625e+01
8.404722595214843750e+01
8.101052856445312500e+01
5.340901947021484375e+01
5.410390090942382812e+01
4.840081024169921875e+01
3.000000000000000000e+01
4.228284072875976562e+01
3.000000000000000000e+01
4.729730987548828125e+01
3.000747871398925781e+01
3.413450241088867188e+01
4.607032775878906250e+01
5.469462203979492188e+01
4.431431198120117188e+01
8.007469177246093750e+01
6.726077270507812500e+01
4.618341827392578125e+01
4.235107421875000000e+01
5.221553802490234375e+01
6.743733978271484375e+01
3.000000000000000000e+01
3.600349426269531250e+01
7.012894439697265625e+01
3.549380493164062500e+01
5.350982666015625000e+01
3.000000000000000000e+01
4.879092025756835938e+01
3.000000000000000000e+01
3.816597747802734375e+01
1.139291076660156250e+02
4.681225967407226562e+01
3.792492675781250000e+01
6.097191619873046875e+01
3.634461593627929688e+01
8.182092285156250000e+01
3.000000000000000000e+01
4.987097167968750000e+01
1.272821960449218750e+02
4.421564483642578125e+01
1.011721191406250000e+02
1.123084487915039062e+02
4.101567840576171875e+01
4.135509490966796875e+01
8.845858764648437500e+01
4.253890228271484375e+01
5.126622772216796875e+01
4.937007904052734375e+01
1.031673583984375000e+02
4.563069534301757812e+01
4.807881927490234375e+01
5.489263153076171875e+01
3.437037658691406250e+01
4.174384689331054688e+01
1.062511138916015625e+02
4.643230819702148438e+01
6.765818786621093750e+01
4.339762115478515625e+01
3.578289413452148438e+01
3.000000000000000000e+01
4.632631683349609375e+01
4.114350891113281250e+01
4.517114639282226562e+01
3.922497940063476562e+01
3.731368637084960938e+01
3.933752441406250000e+01
4.982795715332031250e+01
3.922441864013671875e+01
4.232052230834960938e+01
5.272162628173828125e+01
6.710338592529296875e+01
6.759286499023437500e+01
9.297105407714843750e+01
6.004546356201171875e+01
1.105243225097656250e+02
9.293063354492187500e+01
1.156301116943359375e+02
3.951625061035156250e+01
5.844061279296875000e+01
3.000000000000000000e+01
4.643043899536132812e+01
6.713852691650390625e+01
6.961862945556640625e+01
8.020031738281250000e+01
9.841226196289062500e+01
4.070341491699218750e+01
4.670133972167968750e+01
6.195944213867187500e+01
1.082833099365234375e+02
3.774330520629882812e+01
5.646834564208984375e+01
4.477160263061523438e+01
3.954705047607421875e+01
8.931695556640625000e+01
4.706711578369140625e+01
4.479355621337890625e+01
4.253440093994140625e+01
4.485292434692382812e+01
5.339591979980468750e+01
8.208177185058593750e+01
4.369832611083984375e+01
3.334036254882812500e+01
4.130146408081054688e+01
1.089632263183593750e+02
4.562846374511718750e+01
3.693852233886718750e+01
5.820208740234375000e+01
5.500933837890625000e+01
4.369520187377929688e+01
6.398119354248046875e+01
5.392688369750976562e+01
7.012725830078125000e+01
4.036077117919921875e+01
7.524892425537109375e+01
7.417691802978515625e+01
8.819685363769531250e+01
7.420280456542968750e+01
5.163343429565429688e+01
3.000000000000000000e+01
7.590103149414062500e+01
7.327491760253906250e+01
4.842952728271484375e+01
5.764495849609375000e+01
5.741033935546875000e+01
4.199096679687500000e+01
5.443304824829101562e+01
3.802345275878906250e+01
3.151105499267578125e+01
4.796231079101562500e+01
6.600281524658203125e+01
6.956100463867187500e+01
5.081665802001953125e+01
5.165807342529296875e+01
3.703017044067382812e+01
7.553297424316406250e+01
9.340959167480468750e+01
7.308395385742187500e+01
3.330776977539062500e+01
1.156301116943359375e+02
5.631478500366210938e+01
6.346637344360351562e+01
8.101052856445312500e+01
3.872591400146484375e+01
3.998957061767578125e+01
7.138298034667968750e+01
3.000000000000000000e+01
3.959424209594726562e+01
2.354433593750000000e+02
3.266205596923828125e+01
4.081974029541015625e+01
3.791566085815429688e+01
1.193345031738281250e+02
5.270190811157226562e+01
5.300305175781250000e+01
1.013753051757812500e+02
4.582645416259765625e+01
1.328639831542968750e+02
8.062384033203125000e+01
8.519644927978515625e+01
3.622067642211914062e+01
4.297406005859375000e+01
5.818304443359375000e+01
6.471516418457031250e+01
5.673686981201171875e+01
5.075528717041015625e+01
4.890088653564453125e+01
3.000000000000000000e+01
4.731225585937500000e+01
5.665240097045898438e+01
6.092073440551757812e+01
4.120886993408203125e+01
7.431530761718750000e+01
7.619414520263671875e+01
3.597552490234375000e+01
3.198543548583984375e+01
5.414292907714843750e+01
3.000000000000000000e+01
5.343939971923828125e+01
9.785455322265625000e+01
5.719091796875000000e+01
7.499440002441406250e+01
5.007486724853515625e+01
5.273500823974609375e+01
3.508406448364257812e+01
7.535408782958984375e+01
6.059545516967773438e+01
8.623411560058593750e+01
1.135281677246093750e+02
5.456784057617187500e+01
4.902906799316406250e+01
4.530935668945312500e+01
3.000000000000000000e+01
5.879542160034179688e+01
6.277561950683593750e+01
1.773247222900390625e+02
4.795322799682617188e+01
5.281520080566406250e+01
4.221107101440429688e+01
5.359497070312500000e+01
5.098139572143554688e+01
5.876386260986328125e+01
4.829401397705078125e+01
5.738667678833007812e+01
9.244953155517578125e+01
3.000000000000000000e+01
3.000000000000000000e+01
4.696823120117187500e+01
1.015504760742187500e+02
5.753647232055664062e+01
1.011721267700195312e+02
3.000000000000000000e+01
3.000000000000000000e+01
4.176946258544921875e+01
7.293398284912109375e+01
1.647339324951171875e+02
5.956364822387695312e+01
5.427456665039062500e+01
4.485448837280273438e+01
3.000000000000000000e+01
4.998843765258789062e+01
8.647398376464843750e+01
3.387657546997070312e+01
3.573660278320312500e+01
5.311813354492187500e+01
8.182412719726562500e+01
5.088318634033203125e+01
8.526710510253906250e+01
3.917738723754882812e+01
5.131551361083984375e+01
6.003031921386718750e+01
6.887455749511718750e+01
5.376691818237304688e+01
4.101433563232421875e+01
4.478994750976562500e+01
3.220997238159179688e+01
3.735772705078125000e+01
3.779589843750000000e+01
3.761157226562500000e+01
5.266481781005859375e+01
5.939704513549804688e+01
3.977360534667968750e+01
3.000000000000000000e+01
4.216914749145507812e+01
4.169762420654296875e+01
3.755126953125000000e+01
1.314599304199218750e+02
3.000000000000000000e+01
6.614878082275390625e+01
1.090619430541992188e+02
4.471955108642578125e+01
3.000000000000000000e+01
4.084861755371093750e+01
5.063506317138671875e+01
6.593272399902343750e+01
5.885212707519531250e+01
5.116548538208007812e+01
5.607646179199218750e+01
6.084303283691406250e+01
6.349752807617187500e+01
4.164686965942382812e+01
7.223558044433593750e+01
4.452991867065429688e+01
5.705637741088867188e+01
4.627977752685546875e+01
3.558310699462890625e+01
3.197133255004882812e+01
5.468362045288085938e+01
5.170698165893554688e+01
4.871356201171875000e+01
4.939410781860351562e+01
5.552641296386718750e+01
5.148198318481445312e+01
5.972793960571289062e+01
8.199673461914062500e+01
5.717969894409179688e+01
7.995355224609375000e+01
4.307388687133789062e+01
5.101293945312500000e+01
3.747938919067382812e+01
6.497595214843750000e+01
7.028028869628906250e+01
5.364230728149414062e+01
6.880749511718750000e+01
3.848506164550781250e+01
7.647130584716796875e+01
4.590387725830078125e+01
5.242087554931640625e+01
9.404148101806640625e+01
1.316127319335937500e+02
1.168420562744140625e+02
3.968232727050781250e+01
3.565060043334960938e+01
4.550571060180664062e+01
4.705804824829101562e+01
8.874846649169921875e+01
8.113680267333984375e+01
5.417337799072265625e+01
9.553902435302734375e+01
5.414292907714843750e+01
4.503357696533203125e+01
3.000000000000000000e+01
5.668234634399414062e+01
4.024168777465820312e+01
3.143369293212890625e+01
4.076127624511718750e+01
8.248521423339843750e+01
6.225717926025390625e+01
4.182004928588867188e+01
8.079104614257812500e+01
4.444544982910156250e+01
3.983274459838867188e+01
5.408806610107421875e+01
5.543193435668945312e+01
5.566960906982421875e+01
4.101433563232421875e+01
1.794236755371093750e+02
5.799993896484375000e+01
4.884761810302734375e+01
4.149191284179687500e+01
5.376787567138671875e+01
1.081552352905273438e+02
4.476247406005859375e+01
4.013389587402343750e+01
5.948106002807617188e+01
4.120886993408203125e+01
7.746233367919921875e+01
4.188743972778320312e+01
5.905162811279296875e+01
5.638802337646484375e+01
4.784554290771484375e+01
3.058969879150390625e+01
3.000000000000000000e+01
4.599053955078125000e+01
5.685989379882812500e+01
2.017180328369140625e+02
3.538603591918945312e+01
5.096764373779296875e+01
5.892607116699218750e+01
5.780858612060546875e+01
4.234366607666015625e+01
3.473762512207031250e+01
3.000000000000000000e+01
4.779104995727539062e+01
4.052944564819335938e+01
3.514135360717773438e+01
5.143948364257812500e+01
4.354096984863281250e+01
4.075631713867187500e+01
5.076016616821289062e+01
4.101567840576171875e+01
5.145522308349609375e+01
3.148131179809570312e+01
6.285472488403320312e+01
7.712989044189453125e+01
3.000000000000000000e+01
4.190730667114257812e+01
4.563516998291015625e+01
7.957200622558593750e+01
3.697798919677734375e+01
9.032725524902343750e+01
3.000000000000000000e+01
8.451770019531250000e+01
8.110916900634765625e+01
3.891794967651367188e+01
9.404148101806640625e+01
3.864038467407226562e+01
3.785895156860351562e+01
3.914988708496093750e+01
4.169307708740234375e+01
9.896334838867187500e+01
4.583735656738281250e+01
4.240524673461914062e+01
6.867247772216796875e+01
5.447385406494140625e+01
9.985928344726562500e+01
6.878689575195312500e+01
4.207412719726562500e+01
6.160530853271484375e+01
7.112217712402343750e+01
7.071181488037109375e+01
7.111587524414062500e+01
7.305390930175781250e+01
3.836311340332031250e+01
4.576319122314453125e+01
4.678221130371093750e+01
7.616624450683593750e+01
1.142491455078125000e+02
8.418093872070312500e+01
1.247912292480468750e+02
4.997355270385742188e+01
4.245703887939453125e+01
3.434474182128906250e+01
3.335997009277343750e+01
5.723054122924804688e+01
3.000000000000000000e+01
3.000000000000000000e+01
7.570126342773437500e+01
1.129045715332031250e+02
5.130846405029296875e+01
3.522971343994140625e+01
5.181522369384765625e+01
6.648120117187500000e+01
4.376831054687500000e+01
4.291653823852539062e+01
6.277561950683593750e+01
3.836996841430664062e+01
7.602011871337890625e+01
4.998843383789062500e+01
5.949111938476562500e+01
6.021515655517578125e+01
3.956824493408203125e+01
3.634948730468750000e+01
6.140861511230468750e+01
3.853656005859375000e+01
6.309677886962890625e+01
7.112149047851562500e+01
3.916872787475585938e+01
9.199938964843750000e+01
4.940415954589843750e+01
3.283685302734375000e+01
4.115863418579101562e+01
3.325878143310546875e+01
3.338897705078125000e+01
4.472006225585937500e+01
3.536597061157226562e+01
4.096813583374023438e+01
9.276868438720703125e+01
4.122349548339843750e+01
3.337837600708007812e+01
7.199740600585937500e+01
7.535954284667968750e+01
4.217547607421875000e+01
6.322231292724609375e+01
7.048897552490234375e+01
4.431431198120117188e+01
4.416378784179687500e+01
9.281936645507812500e+01
5.325662994384765625e+01
8.499366760253906250e+01
4.480513000488281250e+01
3.000000000000000000e+01
5.816330337524414062e+01
3.962705993652343750e+01
4.911529541015625000e+01
4.955083084106445312e+01
3.677448654174804688e+01
5.666344451904296875e+01
3.996643829345703125e+01
5.721251678466796875e+01
4.007595825195312500e+01
3.803596878051757812e+01
7.424307250976562500e+01
8.359187316894531250e+01
4.065502166748046875e+01
9.542927551269531250e+01
4.910485076904296875e+01
3.000000000000000000e+01
9.302277374267578125e+01
8.660052490234375000e+01
4.480080413818359375e+01
6.095226287841796875e+01
3.576096343994140625e+01
5.269955825805664062e+01
3.709371185302734375e+01
6.553323364257812500e+01
5.406376647949218750e+01
4.517059326171875000e+01
5.005705261230468750e+01
5.394667816162109375e+01
6.126920318603515625e+01
3.349084091186523438e+01
4.778070831298828125e+01
6.160456466674804688e+01
5.384887313842773438e+01
7.212187194824218750e+01
7.376174926757812500e+01
3.605666351318359375e+01
5.630358505249023438e+01
3.242781829833984375e+01
5.072441864013671875e+01
6.757168579101562500e+01
7.654358673095703125e+01
5.905162811279296875e+01
4.656858825683593750e+01
6.850011444091796875e+01
4.778070831298828125e+01
3.821583175659179688e+01
4.994643020629882812e+01
3.696487045288085938e+01
4.248642730712890625e+01
5.958799743652343750e+01
5.000908660888671875e+01
4.020467376708984375e+01
3.851377105712890625e+01
3.757209777832031250e+01
3.651079559326171875e+01
3.286441040039062500e+01
6.262461090087890625e+01
4.658982849121093750e+01
5.297975921630859375e+01
7.544890594482421875e+01
3.423704147338867188e+01
6.126287078857421875e+01
3.605194854736328125e+01
7.508250427246093750e+01
6.389223480224609375e+01
3.763451385498046875e+01
4.892002868652343750e+01
4.192189788818359375e+01
5.045064163208007812e+01
7.651253509521484375e+01
3.620213317871093750e+01
4.923789978027343750e+01
6.254353713989257812e+01
5.344662475585937500e+01
5.616742706298828125e+01
4.427944946289062500e+01
5.390095901489257812e+01
4.247522354125976562e+01
3.000000000000000000e+01
4.318287277221679688e+01
4.319072723388671875e+01
7.058430480957031250e+01
3.000000000000000000e+01
8.720220184326171875e+01
4.077207946777343750e+01
3.784632492065429688e+01
4.180226516723632812e+01
4.696474456787109375e+01
4.462105941772460938e+01
4.546339797973632812e+01
3.565060043334960938e+01
4.114109802246093750e+01
3.550081253051757812e+01
3.948033142089843750e+01
4.559440612792968750e+01
5.302201080322265625e+01
7.131417846679687500e+01
5.950431060791015625e+01
5.216463851928710938e+01
4.709326934814453125e+01
3.000000000000000000e+01
3.000000000000000000e+01
4.696474456787109375e+01
6.880749511718750000e+01
3.910452270507812500e+01
4.113782501220703125e+01
3.792634582519531250e+01
7.166026306152343750e+01
5.376866531372070312e+01
7.232415008544921875e+01
3.000000000000000000e+01
3.471506881713867188e+01
5.878454971313476562e+01
3.000000000000000000e+01
4.756998443603515625e+01
3.162999916076660156e+01
5.315228271484375000e+01
3.308544921875000000e+01
3.000000000000000000e+01
4.059616088867187500e+01
3.712420654296875000e+01
6.595520019531250000e+01
4.374948883056640625e+01
7.654358673095703125e+01
5.904912567138671875e+01
4.339952087402343750e+01
4.175668334960937500e+01
4.249148178100585938e+01
3.050124549865722656e+01
3.903322601318359375e+01
5.137990570068359375e+01
7.186428833007812500e+01
4.987097167968750000e+01
4.630431365966796875e+01
4.036164474487304688e+01
7.676795959472656250e+01
6.384877777099609375e+01
4.968706130981445312e+01
3.000000000000000000e+01
3.000000000000000000e+01
3.643526840209960938e+01
3.558310699462890625e+01
6.437986755371093750e+01
4.360805130004882812e+01
4.674734497070312500e+01
3.900707244873046875e+01
3.000000000000000000e+01
3.446909713745117188e+01
5.586180877685546875e+01
3.798818588256835938e+01
5.166117858886718750e+01
3.574825668334960938e+01
6.674922180175781250e+01
5.904912567138671875e+01
6.300851440429687500e+01
3.000000000000000000e+01
3.000000000000000000e+01
5.061639785766601562e+01
3.000000000000000000e+01
4.939599990844726562e+01
7.718399047851562500e+01
3.729148101806640625e+01
4.083143615722656250e+01
4.557320022583007812e+01
4.135509490966796875e+01
4.823019409179687500e+01
5.176200866699218750e+01
3.902073287963867188e+01
4.328025817871093750e+01
7.415974426269531250e+01
5.328794097900390625e+01
7.112217712402343750e+01
7.766519165039062500e+01
3.000000000000000000e+01
7.071170043945312500e+01
4.858894348144531250e+01
5.651606369018554688e+01
4.965797042846679688e+01
4.353561401367187500e+01
5.816840362548828125e+01
7.632988739013671875e+01
4.285593795776367188e+01
6.571514129638671875e+01
7.283361053466796875e+01
3.000000000000000000e+01
6.164133071899414062e+01
3.950896835327148438e+01
3.000000000000000000e+01
4.466712570190429688e+01
4.835089111328125000e+01
3.000000000000000000e+01
6.441342163085937500e+01
5.076942062377929688e+01
5.096764373779296875e+01
4.472035980224609375e+01
4.406763458251953125e+01
4.307580184936523438e+01
3.624827957153320312e+01
7.496058654785156250e+01
3.000000000000000000e+01
3.894095611572265625e+01
5.411934661865234375e+01
3.446950912475585938e+01
4.640879058837890625e+01
4.185832595825195312e+01
4.892002868652343750e+01
3.000000000000000000e+01
3.750403594970703125e+01
3.805646896362304688e+01
5.324564743041992188e+01
3.691024398803710938e+01
4.260754776000976562e+01
4.696823120117187500e+01
4.198030853271484375e+01
4.517114639282226562e+01
4.272374725341796875e+01
7.602973937988281250e+01
4.402297210693359375e+01
5.475691223144531250e+01
1.085747451782226562e+02
5.219479370117187500e+01
4.188037872314453125e+01
3.624524307250976562e+01
4.264080047607421875e+01
4.205867767333984375e+01
3.770656585693359375e+01
4.144516372680664062e+01
1.135281677246093750e+02
6.092285919189453125e+01
3.674538040161132812e+01
4.423287200927734375e+01
5.336416244506835938e+01
3.211797714233398438e+01
4.174384689331054688e+01
5.543193435668945312e+01
5.989241027832031250e+01
3.000000000000000000e+01
6.017510604858398438e+01
3.823717117309570312e+01
4.687850570678710938e+01
5.443304824829101562e+01
4.211485290527343750e+01
3.889223480224609375e+01
5.077550125122070312e+01
3.000000000000000000e+01
5.786873245239257812e+01
5.632735061645507812e+01
4.616321563720703125e+01
5.753647232055664062e+01
4.291604614257812500e+01
3.106687164306640625e+01
5.098139572143554688e+01
4.893222045898437500e+01
4.007318115234375000e+01
4.646779632568359375e+01
3.486315155029296875e+01
4.469976806640625000e+01
3.893187713623046875e+01
5.081957244873046875e+01
5.615203475952148438e+01
4.233917999267578125e+01
5.377396392822265625e+01
3.990462112426757812e+01
4.433591461181640625e+01
4.573748779296875000e+01
4.872280120849609375e+01
3.951625061035156250e+01
4.262779617309570312e+01
5.392361450195312500e+01
4.996383666992187500e+01
3.803487777709960938e+01
5.871333694458007812e+01
4.044921493530273438e+01
5.585559082031250000e+01
3.981734466552734375e+01
1.020473403930664062e+02
8.617749786376953125e+01
3.704722595214843750e+01
5.077353286743164062e+01
3.000000000000000000e+01
6.257219314575195312e+01
3.000000000000000000e+01
3.711669921875000000e+01
8.074372863769531250e+01
4.774377822875976562e+01
4.028453826904296875e+01
4.737635803222656250e+01
9.483551025390625000e+01
4.651988983154296875e+01
5.958978271484375000e+01
3.000000000000000000e+01
4.308013153076171875e+01
4.007151794433593750e+01
3.448220825195312500e+01
5.300391387939453125e+01
8.826088714599609375e+01
5.081385421752929688e+01
3.353720855712890625e+01
3.444543075561523438e+01
4.655885696411132812e+01
4.165803146362304688e+01
4.226807022094726562e+01
5.722603225708007812e+01
9.032725524902343750e+01
5.162632751464843750e+01
7.530527496337890625e+01
6.986463165283203125e+01
7.540970611572265625e+01
5.308270263671875000e+01
3.663707733154296875e+01
4.161972045898437500e+01
5.770806503295898438e+01
4.363906860351562500e+01
5.425402832031250000e+01
3.915897750854492188e+01
3.293030166625976562e+01
3.000000000000000000e+01
3.265429306030273438e+01
3.000000000000000000e+01
4.822622680664062500e+01
6.697982025146484375e+01
5.574470520019531250e+01
3.411429977416992188e+01
4.479910659790039062e+01
3.578521347045898438e+01
4.323097229003906250e+01
4.644398498535156250e+01
6.375189590454101562e+01
4.699188613891601562e+01
4.424656677246093750e+01
3.000000000000000000e+01
6.433412170410156250e+01
4.517977523803710938e+01
3.000000000000000000e+01
5.045064544677734375e+01
3.551848983764648438e+01
8.693293762207031250e+01
3.947607421875000000e+01
5.213876724243164062e+01
6.664060974121093750e+01
3.831446838378906250e+01
3.000000000000000000e+01
3.216458129882812500e+01
5.597967910766601562e+01
4.065298843383789062e+01
4.687192916870117188e+01
4.551825714111328125e+01
4.290213775634765625e+01
3.676631164550781250e+01
7.746233367919921875e+01
7.780238342285156250e+01
7.995466613769531250e+01
3.328229522705078125e+01
4.059587097167968750e+01
5.463293075561523438e+01
3.000000000000000000e+01
5.527838897705078125e+01
5.227437210083007812e+01
6.600484466552734375e+01
4.984416961669921875e+01
4.888354492187500000e+01
4.087896728515625000e+01
4.092143249511718750e+01
3.433094024658203125e+01
7.636589813232421875e+01
3.595408248901367188e+01
4.070338439941406250e+01
3.756726455688476562e+01
4.128186035156250000e+01
4.867143249511718750e+01
3.000000000000000000e+01
4.926861572265625000e+01
3.227227783203125000e+01
3.796772003173828125e+01
5.571803665161132812e+01
6.867247772216796875e+01
3.117502403259277344e+01
5.721523666381835938e+01
4.623182678222656250e+01
4.206874847412109375e+01
4.386818695068359375e+01
4.440753555297851562e+01
3.541301727294921875e+01
3.870530700683593750e+01
4.367211151123046875e+01
4.016637420654296875e+01
3.000000000000000000e+01
4.045594787597656250e+01
3.095711326599121094e+01
3.374408721923828125e+01
3.126200294494628906e+01
3.412838745117187500e+01
3.809395217895507812e+01
5.371747970581054688e+01
4.814779663085937500e+01
9.483551025390625000e+01
4.495796966552734375e+01
3.801974487304687500e+01
3.000000000000000000e+01
8.076324462890625000e+01
3.437037658691406250e+01
4.274874496459960938e+01
7.636589813232421875e+01
4.188657379150390625e+01
4.137571716308593750e+01
4.097906875610351562e+01
4.607032775878906250e+01
1.000193939208984375e+02
6.940740203857421875e+01
6.091073608398437500e+01
8.515656280517578125e+01
3.000000000000000000e+01
3.361140823364257812e+01
4.761657333374023438e+01
3.219580078125000000e+01
4.376355361938476562e+01
4.722946929931640625e+01
3.702820968627929688e+01
3.278677749633789062e+01
6.175419235229492188e+01
3.272529983520507812e+01
5.508806610107421875e+01
5.340624237060546875e+01
3.889907836914062500e+01
3.000000000000000000e+01
3.330776977539062500e+01
4.858893585205078125e+01
4.401962280273437500e+01
4.421632003784179688e+01
6.741451263427734375e+01
4.214191436767578125e+01
5.369275665283203125e+01
6.820391082763671875e+01
4.972233963012695312e+01
5.192231750488281250e+01
3.986536026000976562e+01
4.495468139648437500e+01
4.668356323242187500e+01
3.580270385742187500e+01
3.767765045166015625e+01
3.587644195556640625e+01
7.081307220458984375e+01
6.332268524169921875e+01
5.473329162597656250e+01
3.104853820800781250e+01
4.183508300781250000e+01
3.578019714355468750e+01
3.000000000000000000e+01
6.192333602905273438e+01
4.836554336547851562e+01
4.342188262939453125e+01
3.395324707031250000e+01
4.331610870361328125e+01
3.667504882812500000e+01
4.103554916381835938e+01
5.280838775634765625e+01
3.920035552978515625e+01
6.092285919189453125e+01
5.566960906982421875e+01
4.895192337036132812e+01
3.283811569213867188e+01
4.273151779174804688e+01
3.000000000000000000e+01
6.875494384765625000e+01
4.730242919921875000e+01
4.056709671020507812e+01
4.278293228149414062e+01
7.957200622558593750e+01
4.079994201660156250e+01
3.606868362426757812e+01
3.000000000000000000e+01
3.040436935424804688e+01
5.223624801635742188e+01
4.516156005859375000e+01
4.297431945800781250e+01
3.083955955505371094e+01
3.330507278442382812e+01
3.000000000000000000e+01
4.253805923461914062e+01
4.902889251708984375e+01
4.373604965209960938e+01
4.928099060058593750e+01
4.219018173217773438e+01
5.178638458251953125e+01
4.679142761230468750e+01
5.017459869384765625e+01
4.898652648925781250e+01
3.214621353149414062e+01
5.717453765869140625e+01
3.033098220825195312e+01
3.000000000000000000e+01
3.867713928222656250e+01
4.670541381835937500e+01
3.527524566650390625e+01
3.856284332275390625e+01
4.023997116088867188e+01
4.165925598144531250e+01
3.936899185180664062e+01
3.792621231079101562e+01
