5.398807907104492188e+01
6.231799316406250000e+01
3.246871948242187500e+01
4.010378646850585938e+01
6.486390686035156250e+01
6.544697570800781250e+01
3.000000000000000000e+01
7.249624633789062500e+01
5.237457656860351562e+01
1.043650054931640625e+02
5.114950180053710938e+01
1.429302673339843750e+02
4.970064163208007812e+01
4.024763488769531250e+01
3.000000000000000000e+01
7.250676727294921875e+01
6.964333343505859375e+01
4.215588760375976562e+01
4.143237304687500000e+01
1.334747924804687500e+02
3.721657562255859375e+01
7.614249420166015625e+01
4.201282882690429688e+01
3.000000000000000000e+01
5.114192962646484375e+01
6.875594329833984375e+01
3.000000000000000000e+01
7.052119445800781250e+01
1.841568603515625000e+02
6.057798767089843750e+01
4.562551116943359375e+01
5.235886001586914062e+01
4.419937515258789062e+01
9.387672424316406250e+01
5.554310226440429688e+01
6.139811325073242188e+01
6.719483184814453125e+01
4.436855316162109375e+01
4.289742279052734375e+01
3.584534072875976562e+01
4.259732818603515625e+01
3.067228698730468750e+01
5.071659851074218750e+01
3.842747497558593750e+01
3.000000000000000000e+01
3.000000000000000000e+01
3.782350921630859375e+01
6.319461059570312500e+01
1.253288345336914062e+02
5.591617965698242188e+01
4.379029464721679688e+01
3.197092247009277344e+01
6.331153869628906250e+01
4.682825088500976562e+01
1.078209915161132812e+02
4.037390899658203125e+01
6.826479339599609375e+01
4.600911712646484375e+01
5.803218841552734375e+01
6.534448242187500000e+01
5.605820465087890625e+01
8.404330444335937500e+01
4.002884292602539062e+01
7.900698089599609375e+01
9.771623229980468750e+01
5.509507369995117188e+01
4.829244995117187500e+01
3.000000000000000000e+01
4.832450485229492188e+01
5.156991958618164062e+01
6.224140548706054688e+01
3.626142883300781250e+01
6.127320480346679688e+01
3.457785034179687500e+01
5.546428680419921875e+01
4.690238189697265625e+01
5.090786743164062500e+01
4.198506927490234375e+01
3.879006958007812500e+01
5.089257812500000000e+01
3.528790664672851562e+01
6.964333343505859375e+01
5.226144409179687500e+01
1.023033676147460938e+02
1.032532196044921875e+02
4.523523712158203125e+01
3.550165939331054688e+01
5.072217559814453125e+01
4.970064163208007812e+01
5.904964447021484375e+01
5.193288803100585938e+01
4.937238311767578125e+01
6.481893920898437500e+01
5.305165100097656250e+01
9.685501861572265625e+01
8.895855712890625000e+01
6.581918334960937500e+01
4.096406936645507812e+01
8.781307220458984375e+01
4.126815032958984375e+01
1.044048538208007812e+02
7.195426940917968750e+01
1.457262268066406250e+02
3.000000000000000000e+01
4.586662292480468750e+01
8.108506011962890625e+01
3.000000000000000000e+01
5.447774505615234375e+01
5.102604675292968750e+01
3.457961273193359375e+01
3.948902893066406250e+01
3.594140625000000000e+01
6.819936370849609375e+01
1.155040130615234375e+02
3.871487808227539062e+01
3.465054321289062500e+01
9.438540649414062500e+01
4.773931503295898438e+01
8.665428161621093750e+01
5.502758789062500000e+01
4.470992279052734375e+01
5.623482513427734375e+01
5.057692337036132812e+01
4.575575256347656250e+01
4.315858078002929688e+01
5.044941711425781250e+01
6.110194015502929688e+01
5.766448211669921875e+01
4.360469055175781250e+01
3.000000000000000000e+01
4.441127777099609375e+01
1.071368255615234375e+02
5.535581970214843750e+01
3.000000000000000000e+01
6.014757156372070312e+01
4.720738220214843750e+01
1.075770568847656250e+02
4.747883605957031250e+01
4.397780990600585938e+01
5.999503326416015625e+01
4.846300888061523438e+01
9.161231231689453125e+01
6.059565353393554688e+01
5.887338638305664062e+01
7.356105041503906250e+01
3.878122329711914062e+01
8.692388153076171875e+01
9.512217712402343750e+01
4.407537078857421875e+01
1.225936279296875000e+02
5.831618499755859375e+01
7.261881256103515625e+01
5.347701263427734375e+01
7.822419738769531250e+01
4.629472732543945312e+01
1.122163696289062500e+02
3.000000000000000000e+01
1.271366500854492188e+02
4.414506912231445312e+01
5.701879882812500000e+01
3.752212524414062500e+01
5.866165924072265625e+01
5.318399810791015625e+01
3.568177032470703125e+01
7.947206878662109375e+01
3.610746765136718750e+01
6.850369262695312500e+01
4.877579116821289062e+01
3.532838821411132812e+01
1.442781066894531250e+02
4.407859802246093750e+01
4.394476318359375000e+01
3.350576782226562500e+01
3.000000000000000000e+01
5.414092636108398438e+01
6.007183456420898438e+01
4.133996963500976562e+01
4.590388488769531250e+01
7.572088623046875000e+01
5.693546295166015625e+01
6.694778442382812500e+01
5.890763092041015625e+01
7.165413665771484375e+01
6.173905944824218750e+01
4.203192138671875000e+01
3.000000000000000000e+01
3.721150970458984375e+01
8.295750427246093750e+01
4.959700775146484375e+01
4.390824127197265625e+01
4.297640991210937500e+01
6.235533905029296875e+01
5.851870727539062500e+01
4.115974426269531250e+01
4.305113983154296875e+01
3.369840621948242188e+01
4.314823150634765625e+01
8.186315155029296875e+01
1.405905456542968750e+02
5.867104339599609375e+01
5.664930725097656250e+01
1.145610198974609375e+02
6.661000061035156250e+01
3.308143615722656250e+01
4.581258392333984375e+01
4.553075790405273438e+01
5.278345108032226562e+01
4.781090164184570312e+01
1.080922546386718750e+02
3.609946441650390625e+01
4.422154235839843750e+01
9.794967651367187500e+01
4.291199493408203125e+01
4.040266036987304688e+01
3.973709869384765625e+01
4.295713043212890625e+01
4.516127777099609375e+01
5.228135299682617188e+01
4.314799118041992188e+01
4.029483795166015625e+01
3.122679328918457031e+01
6.052376937866210938e+01
9.755155944824218750e+01
4.112316894531250000e+01
4.086188507080078125e+01
4.095711898803710938e+01
6.286233139038085938e+01
1.013303527832031250e+02
6.623814392089843750e+01
7.743772888183593750e+01
3.405263900756835938e+01
5.157975769042968750e+01
5.000205993652343750e+01
5.226222991943359375e+01
3.595806884765625000e+01
6.634677886962890625e+01
4.475195693969726562e+01
4.163458633422851562e+01
7.268005371093750000e+01
5.122054290771484375e+01
4.619457244873046875e+01
1.218937225341796875e+02
9.503776550292968750e+01
6.752246856689453125e+01
8.853816223144531250e+01
3.772071075439453125e+01
4.767375946044921875e+01
1.372592315673828125e+02
1.672369995117187500e+02
4.396654129028320312e+01
6.359786987304687500e+01
4.115310668945312500e+01
5.426098632812500000e+01
8.861109161376953125e+01
4.528758621215820312e+01
5.244821929931640625e+01
4.167893218994140625e+01
3.868607330322265625e+01
3.348457717895507812e+01
1.660752410888671875e+02
3.767593002319335938e+01
4.923951721191406250e+01
5.007034301757812500e+01
3.992945480346679688e+01
1.283250885009765625e+02
5.171973800659179688e+01
1.399436492919921875e+02
6.831230163574218750e+01
6.778314971923828125e+01
5.849961853027343750e+01
5.876371002197265625e+01
4.287157440185546875e+01
6.752246856689453125e+01
6.651695251464843750e+01
1.564855499267578125e+02
3.893914794921875000e+01
6.631501770019531250e+01
7.888522338867187500e+01
9.650460815429687500e+01
9.104731750488281250e+01
4.770040130615234375e+01
6.964546203613281250e+01
7.036888122558593750e+01
4.340695953369140625e+01
5.771331024169921875e+01
3.981807327270507812e+01
3.000000000000000000e+01
6.048313522338867188e+01
3.453202438354492188e+01
3.359061050415039062e+01
4.107137298583984375e+01
3.519559860229492188e+01
3.000000000000000000e+01
1.054661026000976562e+02
3.130417251586914062e+01
3.000000000000000000e+01
4.980428314208984375e+01
5.660060119628906250e+01
4.374311065673828125e+01
5.682846069335937500e+01
4.646380615234375000e+01
3.000000000000000000e+01
3.839734649658203125e+01
6.743238830566406250e+01
6.677984619140625000e+01
4.307102966308593750e+01
8.201293945312500000e+01
8.416941070556640625e+01
6.080152893066406250e+01
1.138281555175781250e+02
1.374285583496093750e+02
3.000000000000000000e+01
8.759724426269531250e+01
1.111244049072265625e+02
9.534355926513671875e+01
4.167567062377929688e+01
3.838658142089843750e+01
1.257222747802734375e+02
5.652214431762695312e+01
8.781307220458984375e+01
4.174874877929687500e+01
4.441741943359375000e+01
4.154560089111328125e+01
4.971844482421875000e+01
3.507155990600585938e+01
3.000000000000000000e+01
3.655905532836914062e+01
3.551910018920898438e+01
6.127320480346679688e+01
3.610478210449218750e+01
7.416162109375000000e+01
4.569638442993164062e+01
5.347717285156250000e+01
4.315216827392578125e+01
3.802072906494140625e+01
4.329689788818359375e+01
6.686370849609375000e+01
5.313002395629882812e+01
3.111208724975585938e+01
3.543198394775390625e+01
5.098219299316406250e+01
9.056906127929687500e+01
4.334711837768554688e+01
6.080152893066406250e+01
3.923548126220703125e+01
4.858176422119140625e+01
1.509725036621093750e+02
3.407271194458007812e+01
4.569146728515625000e+01
1.121173858642578125e+02
1.551381225585937500e+02
1.789572906494140625e+02
4.819535064697265625e+01
8.404330444335937500e+01
3.435033416748046875e+01
8.643555450439453125e+01
6.379248809814453125e+01
3.806073760986328125e+01
1.328803863525390625e+02
5.529524230957031250e+01
6.149038696289062500e+01
1.070372772216796875e+02
5.590536880493164062e+01
6.876440429687500000e+01
9.794126892089843750e+01
3.359530639648437500e+01
7.198658752441406250e+01
1.143839111328125000e+02
3.385374450683593750e+01
7.351219177246093750e+01
6.168626403808593750e+01
4.614256286621093750e+01
9.854071044921875000e+01
1.311409301757812500e+02
7.053099822998046875e+01
1.235379104614257812e+02
8.301006317138671875e+01
6.057798385620117188e+01
7.556593322753906250e+01
7.578003692626953125e+01
3.000000000000000000e+01
3.000000000000000000e+01
3.467143249511718750e+01
4.460920715332031250e+01
5.795052337646484375e+01
9.503776550292968750e+01
4.706280517578125000e+01
4.626207733154296875e+01
4.037796783447265625e+01
2.685967407226562500e+02
4.600229644775390625e+01
3.957142257690429688e+01
3.707451248168945312e+01
3.000000000000000000e+01
4.000975799560546875e+01
6.597245788574218750e+01
7.537512207031250000e+01
1.126314392089843750e+02
5.323952484130859375e+01
4.075653076171875000e+01
4.875868606567382812e+01
4.346155929565429688e+01
1.534655456542968750e+02
4.095804595947265625e+01
3.386787033081054688e+01
4.018638610839843750e+01
3.819092559814453125e+01
5.933096313476562500e+01
6.549540710449218750e+01
1.260211486816406250e+02
7.373785400390625000e+01
9.490800476074218750e+01
4.851316452026367188e+01
4.294826126098632812e+01
7.181866455078125000e+01
3.000000000000000000e+01
6.651835632324218750e+01
6.893897247314453125e+01
3.000000000000000000e+01
3.760679626464843750e+01
9.637876129150390625e+01
3.000000000000000000e+01
4.090188598632812500e+01
1.331158905029296875e+02
6.589524841308593750e+01
4.909865570068359375e+01
7.462654113769531250e+01
4.538346862792968750e+01
6.437213134765625000e+01
8.884346008300781250e+01
5.497650146484375000e+01
7.416162109375000000e+01
2.144230194091796875e+02
4.971844482421875000e+01
1.144644927978515625e+02
4.513240432739257812e+01
4.415658950805664062e+01
9.073865509033203125e+01
7.052119445800781250e+01
5.926379776000976562e+01
7.126167297363281250e+01
3.224116516113281250e+01
5.887661743164062500e+01
4.521297836303710938e+01
7.153938293457031250e+01
3.734973907470703125e+01
4.719645309448242188e+01
6.548422241210937500e+01
1.028850784301757812e+02
7.595386505126953125e+01
4.928171920776367188e+01
5.347701263427734375e+01
4.825932312011718750e+01
5.424774932861328125e+01
7.040024566650390625e+01
3.000659561157226562e+01
1.069724273681640625e+02
9.149057769775390625e+01
3.697711181640625000e+01
8.958783721923828125e+01
8.274817657470703125e+01
5.333323287963867188e+01
4.887796020507812500e+01
4.480155181884765625e+01
4.980767440795898438e+01
1.915377197265625000e+02
3.311719131469726562e+01
5.549153900146484375e+01
5.292270660400390625e+01
4.071360015869140625e+01
9.640855407714843750e+01
3.757461547851562500e+01
3.885691070556640625e+01
1.411517486572265625e+02
6.677984619140625000e+01
9.011631774902343750e+01
4.421208953857421875e+01
3.641551971435546875e+01
5.068636322021484375e+01
8.846138000488281250e+01
9.530121612548828125e+01
7.849760437011718750e+01
7.265830230712890625e+01
3.391563415527343750e+01
6.573725891113281250e+01
7.172419738769531250e+01
4.751517105102539062e+01
4.040266036987304688e+01
7.176811218261718750e+01
8.145405578613281250e+01
6.200672912597656250e+01
5.934917449951171875e+01
3.635017013549804688e+01
3.000000000000000000e+01
3.826998519897460938e+01
3.000000000000000000e+01
4.890886688232421875e+01
3.206364440917968750e+01
3.196446800231933594e+01
4.166511535644531250e+01
5.245294189453125000e+01
4.646801376342773438e+01
8.426451873779296875e+01
5.687400054931640625e+01
4.429599761962890625e+01
3.937238311767578125e+01
4.804458999633789062e+01
5.458129119873046875e+01
3.000000000000000000e+01
3.725706863403320312e+01
6.534896850585937500e+01
3.450918960571289062e+01
5.921995925903320312e+01
3.000000000000000000e+01
5.385599517822265625e+01
3.000000000000000000e+01
3.000000000000000000e+01
1.016043395996093750e+02
4.498378753662109375e+01
3.000000000000000000e+01
5.796036529541015625e+01
3.386787414550781250e+01
6.723087310791015625e+01
3.990492630004882812e+01
4.894522857666015625e+01
1.154667510986328125e+02
4.419852447509765625e+01
1.196472320556640625e+02
1.076843872070312500e+02
3.517638778686523438e+01
3.690166473388671875e+01
8.948203277587890625e+01
4.230947113037109375e+01
5.028393554687500000e+01
5.007034683227539062e+01
1.684839324951171875e+02
4.216762542724609375e+01
4.886174392700195312e+01
5.377227020263671875e+01
3.697501373291015625e+01
4.017007446289062500e+01
1.139748535156250000e+02
4.247306060791015625e+01
5.803175354003906250e+01
4.087478637695312500e+01
4.340363311767578125e+01
3.000000000000000000e+01
4.965779495239257812e+01
4.071612930297851562e+01
3.976113510131835938e+01
3.783317947387695312e+01
3.736197280883789062e+01
4.001936721801757812e+01
4.684506225585937500e+01
3.840951538085937500e+01
4.181751251220703125e+01
5.339026641845703125e+01
5.447774505615234375e+01
6.849970245361328125e+01
1.080922546386718750e+02
5.704767227172851562e+01
9.452101135253906250e+01
7.911344909667968750e+01
1.158162689208984375e+02
3.832915115356445312e+01
4.952213668823242188e+01
3.000000000000000000e+01
3.644577789306640625e+01
6.863406372070312500e+01
7.389327239990234375e+01
8.953939819335937500e+01
7.566862487792968750e+01
3.871487808227539062e+01
4.549275970458984375e+01
6.784209442138671875e+01
1.021677169799804688e+02
3.734787750244140625e+01
5.365877532958984375e+01
4.229590606689453125e+01
3.735337066650390625e+01
9.090288543701171875e+01
5.193288803100585938e+01
4.296163940429687500e+01
4.307156753540039062e+01
4.636863708496093750e+01
6.480314636230468750e+01
7.988340759277343750e+01
4.496792602539062500e+01
3.535545730590820312e+01
3.000000000000000000e+01
1.126314392089843750e+02
4.340721893310546875e+01
4.453388214111328125e+01
5.052207183837890625e+01
5.144113922119140625e+01
4.436537933349609375e+01
5.222743988037109375e+01
5.337653350830078125e+01
6.380863952636718750e+01
3.727429962158203125e+01
5.651975250244140625e+01
6.687126159667968750e+01
8.342913818359375000e+01
6.695370483398437500e+01
4.761240386962890625e+01
3.000000000000000000e+01
7.351901245117187500e+01
6.589990234375000000e+01
4.458576965332031250e+01
5.904502487182617188e+01
5.427701568603515625e+01
3.935466384887695312e+01
6.044983291625976562e+01
3.553297805786132812e+01
3.172836875915527344e+01
4.689378356933593750e+01
7.968077087402343750e+01
6.548421478271484375e+01
5.755972290039062500e+01
5.421920776367187500e+01
3.339853668212890625e+01
7.376642608642578125e+01
9.315551757812500000e+01
7.126467895507812500e+01
3.182603073120117188e+01
1.158162689208984375e+02
4.819535064697265625e+01
6.816397094726562500e+01
8.145405578613281250e+01
3.638244628906250000e+01
3.798809432983398438e+01
6.192721176147460938e+01
3.000000000000000000e+01
3.875019073486328125e+01
2.389763793945312500e+02
3.614475250244140625e+01
4.527635955810546875e+01
3.513327789306640625e+01
1.292384643554687500e+02
5.902407073974609375e+01
5.606906509399414062e+01
8.941002655029296875e+01
5.016706085205078125e+01
1.204245376586914062e+02
6.981671905517578125e+01
9.795722198486328125e+01
3.610327148437500000e+01
3.899546051025390625e+01
5.592501068115234375e+01
7.408253479003906250e+01
6.473636627197265625e+01
5.313002777099609375e+01
4.745846939086914062e+01
3.000000000000000000e+01
4.936910247802734375e+01
5.735383987426757812e+01
5.699229431152343750e+01
3.676044464111328125e+01
7.323272705078125000e+01
6.602196502685546875e+01
4.345429992675781250e+01
3.554806518554687500e+01
5.481159591674804688e+01
3.000000000000000000e+01
4.522815322875976562e+01
1.190535049438476562e+02
5.466384887695312500e+01
7.054281616210937500e+01
5.174931335449218750e+01
4.242209625244140625e+01
3.220399093627929688e+01
9.161231231689453125e+01
6.362827301025390625e+01
7.154841613769531250e+01
9.634043884277343750e+01
5.194350433349609375e+01
4.245429992675781250e+01
3.474488449096679688e+01
3.126249694824218750e+01
5.231049728393554688e+01
5.192907714843750000e+01
1.915377197265625000e+02
5.004576873779296875e+01
4.622546005249023438e+01
3.980843353271484375e+01
5.839522933959960938e+01
5.125238037109375000e+01
5.237511825561523438e+01
5.323725891113281250e+01
6.572952270507812500e+01
9.775789642333984375e+01
3.062394523620605469e+01
3.000000000000000000e+01
5.218419647216796875e+01
9.716394042968750000e+01
5.180199432373046875e+01
1.196472320556640625e+02
3.288722610473632812e+01
3.735664367675781250e+01
4.259187698364257812e+01
6.821484375000000000e+01
1.677304077148437500e+02
5.492035293579101562e+01
5.600283432006835938e+01
5.294789886474609375e+01
3.000000000000000000e+01
3.619915771484375000e+01
8.715522766113281250e+01
3.000000000000000000e+01
3.541186904907226562e+01
6.170145416259765625e+01
8.014482879638671875e+01
4.867090988159179688e+01
9.952216339111328125e+01
4.307363891601562500e+01
4.176433181762695312e+01
5.652214431762695312e+01
6.896240997314453125e+01
4.673250579833984375e+01
4.214895248413085938e+01
4.109194946289062500e+01
3.000000000000000000e+01
3.415930175781250000e+01
4.095804595947265625e+01
3.583080291748046875e+01
5.842358398437500000e+01
6.589524841308593750e+01
3.028657722473144531e+01
3.000000000000000000e+01
3.977907180786132812e+01
3.957142257690429688e+01
3.536087036132812500e+01
1.202076339721679688e+02
3.000000000000000000e+01
6.234985351562500000e+01
9.961032104492187500e+01
4.360207366943359375e+01
3.000000000000000000e+01
3.776615524291992188e+01
5.701879501342773438e+01
6.324111938476562500e+01
5.865738677978515625e+01
5.322496795654296875e+01
5.523976898193359375e+01
5.940573120117187500e+01
5.658480834960937500e+01
3.529367446899414062e+01
6.977502441406250000e+01
3.952268600463867188e+01
5.068636322021484375e+01
5.757401657104492188e+01
3.357610702514648438e+01
3.797412490844726562e+01
5.650811004638671875e+01
5.409432601928710938e+01
4.169575881958007812e+01
4.374311065673828125e+01
4.913300704956054688e+01
4.647248077392578125e+01
6.767652893066406250e+01
7.332083892822265625e+01
5.203255462646484375e+01
9.265711975097656250e+01
4.537755584716796875e+01
5.122054290771484375e+01
3.634713745117187500e+01
6.194910430908203125e+01
7.103034210205078125e+01
5.831574249267578125e+01
7.502458190917968750e+01
3.567796325683593750e+01
8.093424224853515625e+01
4.372845458984375000e+01
4.894418716430664062e+01
7.810720825195312500e+01
1.334747924804687500e+02
1.206206741333007812e+02
4.393696594238281250e+01
3.495152282714843750e+01
4.371635818481445312e+01
4.780069732666015625e+01
7.595386505126953125e+01
6.971322631835937500e+01
6.309595489501953125e+01
9.483393096923828125e+01
5.481159591674804688e+01
4.504873657226562500e+01
4.409795379638671875e+01
6.049111175537109375e+01
5.155994033813476562e+01
3.227460861206054688e+01
3.941963577270507812e+01
7.903154754638671875e+01
6.092179489135742188e+01
4.025725555419921875e+01
8.734371185302734375e+01
3.594442749023437500e+01
3.451963806152343750e+01
5.156991958618164062e+01
5.027844238281250000e+01
4.376560974121093750e+01
4.214895248413085938e+01
2.031387329101562500e+02
6.342838287353515625e+01
4.835952758789062500e+01
3.690454483032226562e+01
5.086713409423828125e+01
1.198831329345703125e+02
4.301362228393554688e+01
3.529751586914062500e+01
6.297029113769531250e+01
3.676044464111328125e+01
6.935992431640625000e+01
4.613990020751953125e+01
5.637158203125000000e+01
4.678725433349609375e+01
4.281574249267578125e+01
3.000000000000000000e+01
3.000000000000000000e+01
5.423765563964843750e+01
5.575752258300781250e+01
2.013574218750000000e+02
3.030616378784179688e+01
4.431193542480468750e+01
6.546332550048828125e+01
5.686750793457031250e+01
4.569847488403320312e+01
4.012040710449218750e+01
3.895841217041015625e+01
5.530906295776367188e+01
3.747180557250976562e+01
5.522894287109375000e+01
5.146719360351562500e+01
3.503855133056640625e+01
4.229569244384765625e+01
3.775761413574218750e+01
3.517638778686523438e+01
4.414400482177734375e+01
3.482535934448242188e+01
5.315145111083984375e+01
6.634683227539062500e+01
3.000000000000000000e+01
4.092737960815429688e+01
4.980428314208984375e+01
6.741581726074218750e+01
4.605289840698242188e+01
9.543788909912109375e+01
3.000000000000000000e+01
7.849760437011718750e+01
8.071225738525390625e+01
4.430045318603515625e+01
7.810720825195312500e+01
3.333159255981445312e+01
3.175127029418945312e+01
3.769295501708984375e+01
4.397999954223632812e+01
1.285462951660156250e+02
5.299417114257812500e+01
4.265737915039062500e+01
7.336434173583984375e+01
4.170612335205078125e+01
1.116067962646484375e+02
5.762442779541015625e+01
3.931237792968750000e+01
5.879054260253906250e+01
7.321000671386718750e+01
7.711121368408203125e+01
6.598316192626953125e+01
6.775900268554687500e+01
3.000000000000000000e+01
3.313070297241210938e+01
5.335577392578125000e+01
6.994410705566406250e+01
1.084953536987304688e+02
8.020800018310546875e+01
1.143522186279296875e+02
5.670715713500976562e+01
3.917654418945312500e+01
4.223543548583984375e+01
3.000000000000000000e+01
4.573285675048828125e+01
3.000000000000000000e+01
3.000000000000000000e+01
6.643467712402343750e+01
1.199719238281250000e+02
5.355669021606445312e+01
3.869259643554687500e+01
5.384917068481445312e+01
6.981743621826171875e+01
3.800279617309570312e+01
4.907475662231445312e+01
5.192907714843750000e+01
3.624148559570312500e+01
7.531908416748046875e+01
3.619915771484375000e+01
5.523883819580078125e+01
5.856623840332031250e+01
3.211284637451171875e+01
3.626866149902343750e+01
5.368921661376953125e+01
3.940745162963867188e+01
6.002303314208984375e+01
7.151560974121093750e+01
5.073839569091796875e+01
8.853816223144531250e+01
5.264990234375000000e+01
3.648299407958984375e+01
4.897826385498046875e+01
3.538489532470703125e+01
3.274133300781250000e+01
4.139928054809570312e+01
3.738693618774414062e+01
4.155583190917968750e+01
9.132514190673828125e+01
4.075653076171875000e+01
3.543340301513671875e+01
1.028850784301757812e+02
7.330039978027343750e+01
4.181546401977539062e+01
6.208409500122070312e+01
8.029692840576171875e+01
4.646801376342773438e+01
6.527410888671875000e+01
9.897998046875000000e+01
4.431523895263671875e+01
8.215144348144531250e+01
3.879006958007812500e+01
3.100640106201171875e+01
5.904964447021484375e+01
4.273365020751953125e+01
4.394771575927734375e+01
4.507197570800781250e+01
3.970820236206054688e+01
4.846995162963867188e+01
3.945193862915039062e+01
5.529524230957031250e+01
4.130997467041015625e+01
3.848368835449218750e+01
7.670718383789062500e+01
9.068080139160156250e+01
4.337559509277343750e+01
9.758248138427734375e+01
4.932964324951171875e+01
3.000000000000000000e+01
9.003222656250000000e+01
9.341715240478515625e+01
3.935689926147460938e+01
5.736632156372070312e+01
3.303043746948242188e+01
5.361936950683593750e+01
3.751349639892578125e+01
7.974484252929687500e+01
4.914415740966796875e+01
4.203716278076171875e+01
4.421209335327148438e+01
5.323524856567382812e+01
5.458567810058593750e+01
3.059761810302734375e+01
4.770637893676757812e+01
5.526451110839843750e+01
5.502758789062500000e+01
6.677720642089843750e+01
6.974549865722656250e+01
3.413423156738281250e+01
5.487419509887695312e+01
3.157980728149414062e+01
5.773382568359375000e+01
6.110194015502929688e+01
7.859724426269531250e+01
5.637158203125000000e+01
4.878131103515625000e+01
6.158504867553710938e+01
4.770637893676757812e+01
4.238309478759765625e+01
4.059667205810546875e+01
3.000000000000000000e+01
3.950606536865234375e+01
6.353560256958007812e+01
5.251096343994140625e+01
3.280363464355468750e+01
3.767593002319335938e+01
4.001689147949218750e+01
3.709299087524414062e+01
3.084301567077636719e+01
5.483170700073242188e+01
3.586091995239257812e+01
4.481155014038085938e+01
6.433642578125000000e+01
3.439193344116210938e+01
5.069939422607421875e+01
3.480044555664062500e+01
6.665440368652343750e+01
6.395618438720703125e+01
4.843769073486328125e+01
4.870307159423828125e+01
4.311283111572265625e+01
6.143962860107421875e+01
7.790936279296875000e+01
3.000000000000000000e+01
4.306808090209960938e+01
5.303711700439453125e+01
5.950230407714843750e+01
5.664930725097656250e+01
4.043811416625976562e+01
7.006739807128906250e+01
3.993841552734375000e+01
3.000000000000000000e+01
3.684071350097656250e+01
4.228706741333007812e+01
6.385353851318359375e+01
3.935096740722656250e+01
9.073865509033203125e+01
4.700097656250000000e+01
4.422154235839843750e+01
3.973481750488281250e+01
4.283530426025390625e+01
3.596434402465820312e+01
5.496147918701171875e+01
3.495152282714843750e+01
3.762186431884765625e+01
3.000000000000000000e+01
4.363550186157226562e+01
5.177780914306640625e+01
4.436855316162109375e+01
6.585968017578125000e+01
5.335335540771484375e+01
5.603682327270507812e+01
4.144345092773437500e+01
3.000000000000000000e+01
3.434346771240234375e+01
4.283530426025390625e+01
7.502458190917968750e+01
4.138345336914062500e+01
3.914324951171875000e+01
3.270744705200195312e+01
6.407389068603515625e+01
6.529268646240234375e+01
7.173762512207031250e+01
4.119019317626953125e+01
3.085973167419433594e+01
6.352091979980468750e+01
3.032809448242187500e+01
4.907377243041992188e+01
3.000000000000000000e+01
4.351443862915039062e+01
3.000000000000000000e+01
3.000000000000000000e+01
4.073789978027343750e+01
4.346093368530273438e+01
6.791787719726562500e+01
4.705617523193359375e+01
7.859724426269531250e+01
5.343254089355468750e+01
4.034354400634765625e+01
3.862962722778320312e+01
3.810167694091796875e+01
3.291299057006835938e+01
3.672949600219726562e+01
5.655799865722656250e+01
7.537512207031250000e+01
4.894522857666015625e+01
4.026881408691406250e+01
4.085633087158203125e+01
8.020151519775390625e+01
5.354533386230468750e+01
4.223559951782226562e+01
3.000000000000000000e+01
3.000000000000000000e+01
3.261143875122070312e+01
3.357610702514648438e+01
5.477194976806640625e+01
4.088624954223632812e+01
4.398343658447265625e+01
4.200983047485351562e+01
3.267364120483398438e+01
3.768402862548828125e+01
4.971518325805664062e+01
3.641695404052734375e+01
5.167070388793945312e+01
4.258382415771484375e+01
5.999503326416015625e+01
5.343254089355468750e+01
6.403771972656250000e+01
3.000000000000000000e+01
3.700850677490234375e+01
5.257121276855468750e+01
3.000000000000000000e+01
4.328357696533203125e+01
6.592103576660156250e+01
3.000000000000000000e+01
4.925147247314453125e+01
4.402101516723632812e+01
3.690166473388671875e+01
4.975441741943359375e+01
5.323952484130859375e+01
3.051413726806640625e+01
3.815006256103515625e+01
7.731497192382812500e+01
4.746958160400390625e+01
7.321000671386718750e+01
8.047512054443359375e+01
3.000000000000000000e+01
6.787242126464843750e+01
6.641427612304687500e+01
5.926379776000976562e+01
4.130008697509765625e+01
5.024639892578125000e+01
6.634678649902343750e+01
6.549540710449218750e+01
4.738821792602539062e+01
6.601295471191406250e+01
7.033645629882812500e+01
3.000000000000000000e+01
8.396861267089843750e+01
3.578351593017578125e+01
3.000000000000000000e+01
3.957076644897460938e+01
5.231102371215820312e+01
3.000000000000000000e+01
6.723745727539062500e+01
4.480725860595703125e+01
4.431193542480468750e+01
4.271448516845703125e+01
4.304714202880859375e+01
4.262155914306640625e+01
3.348126220703125000e+01
7.737151336669921875e+01
3.330952835083007812e+01
3.412446594238281250e+01
5.610823440551757812e+01
4.411246109008789062e+01
4.708830261230468750e+01
4.236972808837890625e+01
4.870307159423828125e+01
3.000000000000000000e+01
3.438749694824218750e+01
4.611940002441406250e+01
4.602408981323242188e+01
3.644704437255859375e+01
4.119895935058593750e+01
5.218419647216796875e+01
3.451020431518554688e+01
3.976113510131835938e+01
4.357501983642578125e+01
7.788865661621093750e+01
4.509036254882812500e+01
6.651275634765625000e+01
1.082328186035156250e+02
5.143441390991210938e+01
4.394476318359375000e+01
4.195601654052734375e+01
4.547613906860351562e+01
3.179000091552734375e+01
3.684069442749023438e+01
5.295049285888671875e+01
9.634043121337890625e+01
4.921973419189453125e+01
3.212998580932617188e+01
4.679957580566406250e+01
6.132817840576171875e+01
3.179967117309570312e+01
4.017007446289062500e+01
5.027844238281250000e+01
5.240808486938476562e+01
3.000000000000000000e+01
5.600357818603515625e+01
3.413304901123046875e+01
5.302415847778320312e+01
6.044983291625976562e+01
4.538512802124023438e+01
4.647766876220703125e+01
4.259857177734375000e+01
3.393908691406250000e+01
6.908412170410156250e+01
5.188620758056640625e+01
4.269668579101562500e+01
5.180199813842773438e+01
3.879544067382812500e+01
3.395965957641601562e+01
5.125238037109375000e+01
4.988620376586914062e+01
3.308143615722656250e+01
4.779668045043945312e+01
3.000000000000000000e+01
4.752664184570312500e+01
3.706546783447265625e+01
4.282367324829101562e+01
5.465216827392578125e+01
4.299159240722656250e+01
5.319736480712890625e+01
4.299655914306640625e+01
3.570038604736328125e+01
5.150843048095703125e+01
5.190840911865234375e+01
3.832915115356445312e+01
3.947739028930664062e+01
5.262537384033203125e+01
5.226730346679687500e+01
4.095680236816406250e+01
6.490111541748046875e+01
3.443670272827148438e+01
5.261955261230468750e+01
4.048723220825195312e+01
9.307953643798828125e+01
8.632988739013671875e+01
4.245848083496093750e+01
5.220626831054687500e+01
3.726998138427734375e+01
5.968506622314453125e+01
3.000000000000000000e+01
3.615768814086914062e+01
8.787565612792968750e+01
4.638291168212890625e+01
3.912226867675781250e+01
4.959871292114257812e+01
1.038711776733398438e+02
4.151583862304687500e+01
5.379924774169921875e+01
3.139281654357910156e+01
4.492849349975585938e+01
3.592528533935546875e+01
3.742345428466796875e+01
5.248133468627929688e+01
8.800959777832031250e+01
5.291271972656250000e+01
3.698410797119140625e+01
4.549018859863281250e+01
5.604422760009765625e+01
3.839186859130859375e+01
4.393534088134765625e+01
5.839008331298828125e+01
9.543788909912109375e+01
4.809167861938476562e+01
8.415559387207031250e+01
6.435803222656250000e+01
7.286049652099609375e+01
5.707229614257812500e+01
3.396049499511718750e+01
3.907790374755859375e+01
5.035394287109375000e+01
3.727209091186523438e+01
4.726838684082031250e+01
3.841416931152343750e+01
3.608325958251953125e+01
3.000000000000000000e+01
3.000000000000000000e+01
3.326502227783203125e+01
4.740778350830078125e+01
6.674096679687500000e+01
4.830279159545898438e+01
3.553022384643554688e+01
4.479225540161132812e+01
3.315454101562500000e+01
3.779365158081054688e+01
4.670462799072265625e+01
6.059565353393554688e+01
4.477981567382812500e+01
4.024763488769531250e+01
3.000000000000000000e+01
6.573725128173828125e+01
4.733501434326171875e+01
3.000000000000000000e+01
6.143962860107421875e+01
3.461803054809570312e+01
8.364312744140625000e+01
4.514935684204101562e+01
4.357587814331054688e+01
6.155083084106445312e+01
3.962906646728515625e+01
3.000000000000000000e+01
3.570092010498046875e+01
5.096868133544921875e+01
4.294825744628906250e+01
4.736429595947265625e+01
4.037042617797851562e+01
4.292914581298828125e+01
3.945605468750000000e+01
6.935992431640625000e+01
5.671718215942382812e+01
8.416940307617187500e+01
3.654418945312500000e+01
3.883968353271484375e+01
5.670616149902343750e+01
3.000000000000000000e+01
4.689103317260742188e+01
5.124943161010742188e+01
5.748176956176757812e+01
4.863778305053710938e+01
4.526676559448242188e+01
3.901055908203125000e+01
4.035218811035156250e+01
3.150408172607421875e+01
6.787760925292968750e+01
3.588334655761718750e+01
4.009041595458984375e+01
3.467824172973632812e+01
4.083863067626953125e+01
5.123488616943359375e+01
3.000000000000000000e+01
4.858176422119140625e+01
4.135045623779296875e+01
3.000000000000000000e+01
6.173905944824218750e+01
7.336434173583984375e+01
3.110864257812500000e+01
5.072879791259765625e+01
4.517767333984375000e+01
4.185295486450195312e+01
4.438345336914062500e+01
4.211485290527343750e+01
3.372387695312500000e+01
4.132981491088867188e+01
4.613534164428710938e+01
3.864486694335937500e+01
3.000000000000000000e+01
3.795108795166015625e+01
3.611925506591796875e+01
3.192996025085449219e+01
3.017355346679687500e+01
3.167859840393066406e+01
3.000000000000000000e+01
5.473739624023437500e+01
4.977232360839843750e+01
1.038711776733398438e+02
5.236054229736328125e+01
3.568074417114257812e+01
3.002428054809570312e+01
7.561463928222656250e+01
3.697501373291015625e+01
3.907814025878906250e+01
6.787760925292968750e+01
5.058712005615234375e+01
4.645225143432617188e+01
3.964759445190429688e+01
4.166511535644531250e+01
9.370446014404296875e+01
8.441982269287109375e+01
5.587523651123046875e+01
6.587272644042968750e+01
3.000000000000000000e+01
3.000000000000000000e+01
5.065118408203125000e+01
3.869369506835937500e+01
5.088028717041015625e+01
5.776156616210937500e+01
4.162587738037109375e+01
3.161997032165527344e+01
5.105904006958007812e+01
3.000000000000000000e+01
5.119396591186523438e+01
5.896086120605468750e+01
4.494528198242187500e+01
3.000000000000000000e+01
3.182603073120117188e+01
6.641428375244140625e+01
3.339430236816406250e+01
4.357105636596679688e+01
8.103813934326171875e+01
3.067554664611816406e+01
3.557513046264648438e+01
7.309141540527343750e+01
5.068253707885742188e+01
4.217420578002929688e+01
3.072235298156738281e+01
4.827522277832031250e+01
4.862168884277343750e+01
3.530638885498046875e+01
3.785591888427734375e+01
4.124124526977539062e+01
6.285861968994140625e+01
6.600108337402343750e+01
4.936675262451171875e+01
3.180908203125000000e+01
4.378123092651367188e+01
4.375708770751953125e+01
3.000000000000000000e+01
5.701834869384765625e+01
5.002017593383789062e+01
4.160397338867187500e+01
3.000000000000000000e+01
3.327100753784179688e+01
3.754244232177734375e+01
3.882949447631835938e+01
5.406674575805664062e+01
3.781434249877929688e+01
4.921973419189453125e+01
4.376560974121093750e+01
4.595447540283203125e+01
4.515488052368164062e+01
4.951124572753906250e+01
3.132471847534179688e+01
6.948237609863281250e+01
4.394742584228515625e+01
4.093198394775390625e+01
3.960993194580078125e+01
6.741580963134765625e+01
4.469029998779296875e+01
3.411885452270507812e+01
3.000000000000000000e+01
3.057028388977050781e+01
5.647832489013671875e+01
3.900005340576171875e+01
3.904022216796875000e+01
3.280322647094726562e+01
3.078718376159667969e+01
3.000000000000000000e+01
4.244452667236328125e+01
4.546572875976562500e+01
4.216657257080078125e+01
5.149093627929687500e+01
4.239845275878906250e+01
5.672571182250976562e+01
4.565258026123046875e+01
4.515130615234375000e+01
3.745373153686523438e+01
3.046488952636718750e+01
4.971737670898437500e+01
3.000000000000000000e+01
3.000000000000000000e+01
4.946176910400390625e+01
4.606889343261718750e+01
3.000000000000000000e+01
3.673762893676757812e+01
3.351472854614257812e+01
3.401173782348632812e+01
3.962839508056640625e+01
3.964205169677734375e+01
