5.230962371826171875e+01
6.458658599853515625e+01
3.342446517944335938e+01
4.002388763427734375e+01
7.022039031982421875e+01
6.268676757812500000e+01
3.782604598999023438e+01
6.886951446533203125e+01
5.894470214843750000e+01
1.152951965332031250e+02
4.909963989257812500e+01
1.313003540039062500e+02
4.826927947998046875e+01
4.288182067871093750e+01
4.575918197631835938e+01
6.996027374267578125e+01
7.071794128417968750e+01
4.044970321655273438e+01
3.914679718017578125e+01
1.362807617187500000e+02
3.996826171875000000e+01
8.229940795898437500e+01
4.267481231689453125e+01
3.476993179321289062e+01
4.815750503540039062e+01
7.188376617431640625e+01
3.000000000000000000e+01
6.940078735351562500e+01
1.801513061523437500e+02
5.877245330810546875e+01
4.967340469360351562e+01
5.214064788818359375e+01
4.769702529907226562e+01
9.252066040039062500e+01
5.377559661865234375e+01
6.145665359497070312e+01
6.649526977539062500e+01
5.010077285766601562e+01
4.737485504150390625e+01
3.000000000000000000e+01
3.581482315063476562e+01
3.424921417236328125e+01
5.209866333007812500e+01
4.073645782470703125e+01
3.453566741943359375e+01
3.000000000000000000e+01
4.361566162109375000e+01
6.164664459228515625e+01
1.312339019775390625e+02
6.409384155273437500e+01
4.347666549682617188e+01
4.011938476562500000e+01
6.509382629394531250e+01
4.127201843261718750e+01
1.080872192382812500e+02
4.368226242065429688e+01
8.103756713867187500e+01
4.535206604003906250e+01
6.710060119628906250e+01
6.707949829101562500e+01
5.408405685424804688e+01
8.258627319335937500e+01
3.784984207153320312e+01
8.108630371093750000e+01
1.008930664062500000e+02
5.381283187866210938e+01
5.566222000122070312e+01
3.000000000000000000e+01
4.730740737915039062e+01
4.989046859741210938e+01
5.865526580810546875e+01
3.713585662841796875e+01
6.405966186523437500e+01
3.838448333740234375e+01
5.537961959838867188e+01
3.942037582397460938e+01
5.467922973632812500e+01
5.354126358032226562e+01
4.120429229736328125e+01
6.583800506591796875e+01
3.525939178466796875e+01
7.071794128417968750e+01
4.987755203247070312e+01
1.082158126831054688e+02
9.850180816650390625e+01
4.653029251098632812e+01
3.547099685668945312e+01
4.882830810546875000e+01
4.826927947998046875e+01
6.081402206420898438e+01
4.839373397827148438e+01
6.085357666015625000e+01
6.497122955322265625e+01
5.056752395629882812e+01
1.069658966064453125e+02
9.726080322265625000e+01
7.002486419677734375e+01
4.030097198486328125e+01
8.721228027343750000e+01
4.252213668823242188e+01
1.009402618408203125e+02
7.451966857910156250e+01
1.595818023681640625e+02
3.000000000000000000e+01
4.727533340454101562e+01
8.528617858886718750e+01
3.000000000000000000e+01
5.968563461303710938e+01
5.588370895385742188e+01
3.000000000000000000e+01
4.537042999267578125e+01
3.207910156250000000e+01
6.748942565917968750e+01
1.184336395263671875e+02
4.135528564453125000e+01
3.913420104980468750e+01
1.049187316894531250e+02
4.644965744018554688e+01
8.491732788085937500e+01
5.369977951049804688e+01
4.825532531738281250e+01
5.427363586425781250e+01
4.806490707397460938e+01
5.065446472167968750e+01
4.190491485595703125e+01
5.238878250122070312e+01
7.429425048828125000e+01
6.842899322509765625e+01
4.230840301513671875e+01
4.008493041992187500e+01
4.687850952148437500e+01
1.057098388671875000e+02
6.325363159179687500e+01
3.000000000000000000e+01
5.811804962158203125e+01
4.803302764892578125e+01
1.239483566284179688e+02
4.627233123779296875e+01
4.862338638305664062e+01
6.443070983886718750e+01
5.271672821044921875e+01
1.020426406860351562e+02
6.655441284179687500e+01
6.043763732910156250e+01
7.045097351074218750e+01
3.820626831054687500e+01
8.311295318603515625e+01
9.603694915771484375e+01
4.266769409179687500e+01
1.201729736328125000e+02
5.562763595581054688e+01
7.311273193359375000e+01
5.917308044433593750e+01
7.276697540283203125e+01
4.067775344848632812e+01
1.172251358032226562e+02
3.000000000000000000e+01
1.416228942871093750e+02
4.710416412353515625e+01
6.156916427612304688e+01
3.422587585449218750e+01
5.424472427368164062e+01
4.764387893676757812e+01
3.645566558837890625e+01
8.157067871093750000e+01
3.277835845947265625e+01
6.467247009277343750e+01
4.839429473876953125e+01
3.650398254394531250e+01
1.244128112792968750e+02
4.098786163330078125e+01
4.702082061767578125e+01
3.731016159057617188e+01
3.087157440185546875e+01
5.315412902832031250e+01
6.536888122558593750e+01
3.955572509765625000e+01
5.000714111328125000e+01
7.075375366210937500e+01
5.474249267578125000e+01
6.683113861083984375e+01
6.683293914794921875e+01
7.501437377929687500e+01
6.015848541259765625e+01
4.240032196044921875e+01
3.054167175292968750e+01
4.901100921630859375e+01
7.881391906738281250e+01
4.888646697998046875e+01
4.520718002319335938e+01
4.167861557006835938e+01
5.617951965332031250e+01
6.487777709960937500e+01
4.728964996337890625e+01
4.623048019409179688e+01
4.147303771972656250e+01
4.507595825195312500e+01
8.838411712646484375e+01
1.631710815429687500e+02
6.489360046386718750e+01
6.525898742675781250e+01
1.172239685058593750e+02
7.345239257812500000e+01
3.699668884277343750e+01
5.239012527465820312e+01
4.486172485351562500e+01
5.418417358398437500e+01
4.451696395874023438e+01
1.086504440307617188e+02
3.714694213867187500e+01
4.031727600097656250e+01
1.044461288452148438e+02
4.303585433959960938e+01
4.074213409423828125e+01
3.992130279541015625e+01
4.146891784667968750e+01
5.562243652343750000e+01
5.593494415283203125e+01
4.332830047607421875e+01
4.189918899536132812e+01
3.205786514282226562e+01
5.706871414184570312e+01
9.482232666015625000e+01
4.183718872070312500e+01
4.645747375488281250e+01
4.406638336181640625e+01
6.394246673583984375e+01
1.092981414794921875e+02
6.669492340087890625e+01
1.368546447753906250e+02
3.669863891601562500e+01
5.593478775024414062e+01
4.445500946044921875e+01
6.535704040527343750e+01
3.359664916992187500e+01
6.419711303710937500e+01
4.387332916259765625e+01
4.831822204589843750e+01
7.876232147216796875e+01
5.669668579101562500e+01
4.525701141357421875e+01
1.310638122558593750e+02
1.003045043945312500e+02
6.360125732421875000e+01
8.971009063720703125e+01
4.104229736328125000e+01
5.463772583007812500e+01
1.464452209472656250e+02
1.773619995117187500e+02
4.071298599243164062e+01
6.503848266601562500e+01
4.225866699218750000e+01
5.207727432250976562e+01
8.631611633300781250e+01
4.842105865478515625e+01
6.501527404785156250e+01
5.062740707397460938e+01
4.507063293457031250e+01
5.027994918823242188e+01
1.733492126464843750e+02
5.008169555664062500e+01
4.995930480957031250e+01
5.472070312500000000e+01
4.659773635864257812e+01
1.374642944335937500e+02
5.108953094482421875e+01
1.605154418945312500e+02
6.509720611572265625e+01
7.323896789550781250e+01
5.699591445922851562e+01
5.874956130981445312e+01
4.948304367065429688e+01
6.360125732421875000e+01
7.114255523681640625e+01
1.708032531738281250e+02
4.352043914794921875e+01
7.537213134765625000e+01
7.645145416259765625e+01
9.445455169677734375e+01
1.005830230712890625e+02
8.231878662109375000e+01
7.312017059326171875e+01
6.496754455566406250e+01
4.332084274291992188e+01
5.844551849365234375e+01
4.249985122680664062e+01
3.000000000000000000e+01
6.706057739257812500e+01
4.221327972412109375e+01
3.459889221191406250e+01
4.136065673828125000e+01
3.381343841552734375e+01
3.453495407104492188e+01
1.071436004638671875e+02
3.379386901855468750e+01
3.739157104492187500e+01
4.671881103515625000e+01
6.839769744873046875e+01
5.511113739013671875e+01
7.118670654296875000e+01
5.469339752197265625e+01
3.106469726562500000e+01
3.855130767822265625e+01
8.118350219726562500e+01
6.696131896972656250e+01
4.209809875488281250e+01
7.964484405517578125e+01
8.149128723144531250e+01
6.543614196777343750e+01
1.396374969482421875e+02
1.528957519531250000e+02
3.000000000000000000e+01
9.913339233398437500e+01
1.099272308349609375e+02
9.188574981689453125e+01
4.203063201904296875e+01
3.916990661621093750e+01
1.373023071289062500e+02
6.105426025390625000e+01
8.721228790283203125e+01
4.430502319335937500e+01
4.845111465454101562e+01
4.307627868652343750e+01
4.901971054077148438e+01
3.567330169677734375e+01
3.363113784790039062e+01
3.732740783691406250e+01
3.710942077636718750e+01
6.405966186523437500e+01
4.230046081542968750e+01
7.235874938964843750e+01
4.545113372802734375e+01
6.590412902832031250e+01
4.653166961669921875e+01
3.698163604736328125e+01
4.823926925659179688e+01
7.307836914062500000e+01
5.186454772949218750e+01
3.986329650878906250e+01
3.423988342285156250e+01
5.349383544921875000e+01
8.623479461669921875e+01
4.850656127929687500e+01
6.543614196777343750e+01
4.415499496459960938e+01
5.474674606323242188e+01
1.648529968261718750e+02
3.399601745605468750e+01
4.171222686767578125e+01
1.238297271728515625e+02
1.707252807617187500e+02
1.827423400878906250e+02
5.143690109252929688e+01
8.258627319335937500e+01
4.106481552124023438e+01
9.556347656250000000e+01
6.515703582763671875e+01
3.701064682006835938e+01
1.398427124023437500e+02
5.550534820556640625e+01
5.967961883544921875e+01
1.353583984375000000e+02
5.993954467773437500e+01
6.630831146240234375e+01
1.014900054931640625e+02
3.354291534423828125e+01
8.435597229003906250e+01
1.103753433227539062e+02
3.817517852783203125e+01
7.473105621337890625e+01
5.890258026123046875e+01
4.826244354248046875e+01
9.467227935791015625e+01
1.276259002685546875e+02
6.687190246582031250e+01
1.406911773681640625e+02
8.422798156738281250e+01
5.877245330810546875e+01
8.233468627929687500e+01
7.550257110595703125e+01
3.000000000000000000e+01
3.000000000000000000e+01
3.186767387390136719e+01
4.163085937500000000e+01
6.576136779785156250e+01
1.003045043945312500e+02
4.408241271972656250e+01
4.591856002807617188e+01
3.185515022277832031e+01
2.684000854492187500e+02
4.041833496093750000e+01
4.358367919921875000e+01
4.014188766479492188e+01
3.000000000000000000e+01
4.454106140136718750e+01
7.380950927734375000e+01
7.296162414550781250e+01
1.075991668701171875e+02
5.487718963623046875e+01
4.259509277343750000e+01
5.509584808349609375e+01
4.106016540527343750e+01
1.474196777343750000e+02
4.437340545654296875e+01
3.700165176391601562e+01
5.457635879516601562e+01
4.321714782714843750e+01
6.681228637695312500e+01
7.425204467773437500e+01
1.322734375000000000e+02
9.179389953613281250e+01
8.897930145263671875e+01
5.664641952514648438e+01
4.000227355957031250e+01
7.702088928222656250e+01
3.000000000000000000e+01
6.633950042724609375e+01
7.324063873291015625e+01
3.000000000000000000e+01
3.718121337890625000e+01
9.400607299804687500e+01
3.747256851196289062e+01
3.896888351440429688e+01
1.388102722167968750e+02
6.481997680664062500e+01
4.443436431884765625e+01
7.246240997314453125e+01
4.423514556884765625e+01
5.916205978393554688e+01
8.988639831542968750e+01
5.108806610107421875e+01
7.235874938964843750e+01
2.000867004394531250e+02
4.901971054077148438e+01
1.268236846923828125e+02
4.276163101196289062e+01
4.487765502929687500e+01
9.340220642089843750e+01
6.940078735351562500e+01
6.050161743164062500e+01
7.125962066650390625e+01
3.399504089355468750e+01
6.679901885986328125e+01
4.766648864746093750e+01
7.229285430908203125e+01
3.719997406005859375e+01
4.703870773315429688e+01
6.557568359375000000e+01
1.156237030029296875e+02
8.509597778320312500e+01
4.557577514648437500e+01
5.917308044433593750e+01
5.475741577148437500e+01
5.330406570434570312e+01
7.927632904052734375e+01
5.776891326904296875e+01
1.055085449218750000e+02
8.545188903808593750e+01
4.142333984375000000e+01
1.065544967651367188e+02
9.514810943603515625e+01
4.929306030273437500e+01
4.702510452270507812e+01
4.479280853271484375e+01
4.772185134887695312e+01
1.899181213378906250e+02
3.901924133300781250e+01
5.579891967773437500e+01
5.467184448242187500e+01
4.044941711425781250e+01
9.168113708496093750e+01
4.378059005737304688e+01
4.110878753662109375e+01
1.360106811523437500e+02
6.696131896972656250e+01
1.002944564819335938e+02
7.379158020019531250e+01
6.523567199707031250e+01
5.353768920898437500e+01
1.060390548706054688e+02
9.176794433593750000e+01
8.195317077636718750e+01
7.343872833251953125e+01
4.715456771850585938e+01
7.860063171386718750e+01
7.355221557617187500e+01
4.569257736206054688e+01
4.074213409423828125e+01
7.935218811035156250e+01
9.171275329589843750e+01
5.766255950927734375e+01
5.826251983642578125e+01
5.434288787841796875e+01
3.000000000000000000e+01
4.002834320068359375e+01
3.000000000000000000e+01
4.826852035522460938e+01
3.000000000000000000e+01
3.000000000000000000e+01
3.933478164672851562e+01
5.862766647338867188e+01
4.602363586425781250e+01
7.753927612304687500e+01
5.974396514892578125e+01
4.683438110351562500e+01
4.274358749389648438e+01
5.299319076538085938e+01
6.182170104980468750e+01
3.000000000000000000e+01
3.852976226806640625e+01
7.251742553710937500e+01
3.532879638671875000e+01
5.648300933837890625e+01
3.113836288452148438e+01
5.572588729858398438e+01
3.000000000000000000e+01
4.575918579101562500e+01
1.075758743286132812e+02
5.118963241577148438e+01
4.120770645141601562e+01
6.464141082763671875e+01
3.700165176391601562e+01
7.318667602539062500e+01
3.776837539672851562e+01
5.051461791992187500e+01
1.291672515869140625e+02
4.824582290649414062e+01
1.154404830932617188e+02
1.120203781127929688e+02
3.969147491455078125e+01
4.114111328125000000e+01
8.564100646972656250e+01
3.547300338745117188e+01
4.982717132568359375e+01
5.472070312500000000e+01
1.425798034667968750e+02
4.227451324462890625e+01
5.044473266601562500e+01
5.973580169677734375e+01
4.034626007080078125e+01
4.136849594116210938e+01
1.076046905517578125e+02
4.938785171508789062e+01
6.932560729980468750e+01
5.125177383422851562e+01
4.244438934326171875e+01
3.881324768066406250e+01
4.931126022338867188e+01
3.828089523315429688e+01
4.362074279785156250e+01
4.062207794189453125e+01
4.063977050781250000e+01
4.178599548339843750e+01
4.487756729125976562e+01
4.626870727539062500e+01
3.941484069824218750e+01
5.463809585571289062e+01
5.968563461303710938e+01
7.824889373779296875e+01
1.086504440307617188e+02
6.215879821777343750e+01
1.049763793945312500e+02
8.292221069335937500e+01
1.334518432617187500e+02
4.212052917480468750e+01
4.420696258544921875e+01
4.080469131469726562e+01
3.831740570068359375e+01
6.793466186523437500e+01
8.115516662597656250e+01
8.371350097656250000e+01
7.638884735107421875e+01
4.135528564453125000e+01
4.985723114013671875e+01
6.484587097167968750e+01
1.109163665771484375e+02
4.290840911865234375e+01
5.232883453369140625e+01
4.256734466552734375e+01
3.834378814697265625e+01
1.031694183349609375e+02
4.839373397827148438e+01
4.990576934814453125e+01
4.359744262695312500e+01
4.657061767578125000e+01
5.799499511718750000e+01
8.195390319824218750e+01
4.259514999389648438e+01
3.777814483642578125e+01
4.133564758300781250e+01
1.075991668701171875e+02
4.324379730224609375e+01
4.609648895263671875e+01
5.578067016601562500e+01
5.732958221435546875e+01
4.347731781005859375e+01
6.199308013916015625e+01
5.297652435302734375e+01
6.753917694091796875e+01
3.661432266235351562e+01
5.842411422729492188e+01
7.740931701660156250e+01
8.220403289794921875e+01
6.979580688476562500e+01
4.583619689941406250e+01
3.000000000000000000e+01
7.079350280761718750e+01
7.027886199951171875e+01
5.042116546630859375e+01
5.744929885864257812e+01
5.672818756103515625e+01
4.437355041503906250e+01
6.287272262573242188e+01
6.225885391235351562e+01
3.089237594604492188e+01
5.215733718872070312e+01
7.375457000732421875e+01
6.557568359375000000e+01
5.305097961425781250e+01
5.907511138916015625e+01
3.425239181518554688e+01
6.873803710937500000e+01
1.159034118652343750e+02
6.778171539306640625e+01
3.724383544921875000e+01
1.334518432617187500e+02
5.143690109252929688e+01
6.774407958984375000e+01
9.171275329589843750e+01
3.865671157836914062e+01
4.087980270385742188e+01
7.069503021240234375e+01
3.000000000000000000e+01
3.955936431884765625e+01
2.409716796875000000e+02
4.014485168457031250e+01
3.000000000000000000e+01
3.849018096923828125e+01
1.447803649902343750e+02
6.591716003417968750e+01
5.369307327270507812e+01
8.931567382812500000e+01
4.783155441284179688e+01
1.356804046630859375e+02
7.605606079101562500e+01
9.762121582031250000e+01
3.308668136596679688e+01
4.897706222534179688e+01
5.931349182128906250e+01
8.124983215332031250e+01
6.010601425170898438e+01
5.186454772949218750e+01
4.805114746093750000e+01
3.000000000000000000e+01
4.632173919677734375e+01
5.714622116088867188e+01
5.708378982543945312e+01
4.246808242797851562e+01
7.967678833007812500e+01
7.416835021972656250e+01
4.174818801879882812e+01
3.109806251525878906e+01
5.289646148681640625e+01
3.000000000000000000e+01
5.049861145019531250e+01
1.138235931396484375e+02
5.246349334716796875e+01
7.833375549316406250e+01
5.075506973266601562e+01
4.498262786865234375e+01
3.449391937255859375e+01
1.020426406860351562e+02
6.719279479980468750e+01
7.938298797607421875e+01
1.084347076416015625e+02
5.296584320068359375e+01
4.954713821411132812e+01
4.157482910156250000e+01
3.305265426635742188e+01
5.763579940795898438e+01
5.845429992675781250e+01
1.899181213378906250e+02
4.858068847656250000e+01
5.055387115478515625e+01
5.150196456909179688e+01
5.300275802612304688e+01
4.730139923095703125e+01
5.635079956054687500e+01
5.097391891479492188e+01
6.378691482543945312e+01
9.610890197753906250e+01
3.000000000000000000e+01
3.254214096069335938e+01
5.174855804443359375e+01
1.108985595703125000e+02
5.418904113769531250e+01
1.154404830932617188e+02
3.000000000000000000e+01
3.890838241577148438e+01
4.410872650146484375e+01
6.602919006347656250e+01
1.776419067382812500e+02
6.516847229003906250e+01
6.131711578369140625e+01
4.992752456665039062e+01
3.585671997070312500e+01
5.042863464355468750e+01
1.049306182861328125e+02
3.183289146423339844e+01
3.478710174560546875e+01
5.913955688476562500e+01
7.652183532714843750e+01
5.705325317382812500e+01
1.123684844970703125e+02
4.327561950683593750e+01
4.718715667724609375e+01
6.105426025390625000e+01
6.597254943847656250e+01
5.304904174804687500e+01
4.345685195922851562e+01
4.119356155395507812e+01
3.000000000000000000e+01
4.135401153564453125e+01
4.437340545654296875e+01
3.500641250610351562e+01
6.444256591796875000e+01
6.481997680664062500e+01
3.781625747680664062e+01
4.139785003662109375e+01
3.918129730224609375e+01
4.358367919921875000e+01
3.098752784729003906e+01
1.293945312500000000e+02
3.000000000000000000e+01
7.002315521240234375e+01
1.021638717651367188e+02
4.165506744384765625e+01
3.408064651489257812e+01
3.436260604858398438e+01
6.156916046142578125e+01
6.562036895751953125e+01
6.089979553222656250e+01
5.682838439941406250e+01
5.872786712646484375e+01
5.787629699707031250e+01
6.042789459228515625e+01
3.931464004516601562e+01
6.868018341064453125e+01
3.560927581787109375e+01
5.353768920898437500e+01
5.141521072387695312e+01
3.417694091796875000e+01
3.455546569824218750e+01
5.520701599121093750e+01
5.477843093872070312e+01
4.728320312500000000e+01
5.511113357543945312e+01
5.362111663818359375e+01
5.144219970703125000e+01
6.344388580322265625e+01
8.556581878662109375e+01
5.646434020996093750e+01
8.653687286376953125e+01
4.355825424194335938e+01
5.669668960571289062e+01
5.186220550537109375e+01
6.228018188476562500e+01
6.955090332031250000e+01
5.683143997192382812e+01
7.371517944335937500e+01
3.900839233398437500e+01
8.174871063232421875e+01
4.675835418701171875e+01
4.778237152099609375e+01
8.730053710937500000e+01
1.362807617187500000e+02
1.260888824462890625e+02
3.958555603027343750e+01
3.638814544677734375e+01
4.633548736572265625e+01
5.752386856079101562e+01
8.509597778320312500e+01
8.463640594482421875e+01
6.213338470458984375e+01
1.069488220214843750e+02
5.289646148681640625e+01
4.425093841552734375e+01
4.047906875610351562e+01
6.052672576904296875e+01
4.782411956787109375e+01
3.572748947143554688e+01
4.161518478393554688e+01
7.973489379882812500e+01
6.518910980224609375e+01
4.897168350219726562e+01
9.609216308593750000e+01
4.070246124267578125e+01
4.430271911621093750e+01
4.989046859741210938e+01
5.066402435302734375e+01
5.197290039062500000e+01
4.345685195922851562e+01
1.902710571289062500e+02
5.982177352905273438e+01
4.839216232299804688e+01
3.617726898193359375e+01
4.710912704467773438e+01
1.206179428100585938e+02
4.278165817260742188e+01
3.594103240966796875e+01
6.380889511108398438e+01
4.246807861328125000e+01
8.155023193359375000e+01
5.397339248657226562e+01
5.732252120971679688e+01
5.577672958374023438e+01
4.832099914550781250e+01
4.416123962402343750e+01
3.664414978027343750e+01
5.511787414550781250e+01
5.676238250732421875e+01
2.096902770996093750e+02
3.633082199096679688e+01
4.643535614013671875e+01
6.302417373657226562e+01
5.594333267211914062e+01
4.430121231079101562e+01
3.103429222106933594e+01
3.557237243652343750e+01
5.180639648437500000e+01
3.574066925048828125e+01
4.940549087524414062e+01
6.317216491699218750e+01
3.697025680541992188e+01
4.277811050415039062e+01
5.433308410644531250e+01
3.969147491455078125e+01
4.589102172851562500e+01
3.484750747680664062e+01
5.302265930175781250e+01
7.146918487548828125e+01
3.000000000000000000e+01
3.999643325805664062e+01
4.671881103515625000e+01
7.115124511718750000e+01
4.950161361694335938e+01
1.015649032592773438e+02
3.000000000000000000e+01
8.195317077636718750e+01
8.409663391113281250e+01
4.529006958007812500e+01
8.730053710937500000e+01
3.381998825073242188e+01
4.174966430664062500e+01
3.868713378906250000e+01
4.365309143066406250e+01
1.182227172851562500e+02
5.040858459472656250e+01
4.234807205200195312e+01
7.098787689208984375e+01
5.144449996948242188e+01
1.118888320922851562e+02
7.101013946533203125e+01
4.032228088378906250e+01
6.002589797973632812e+01
7.552715301513671875e+01
7.785948181152343750e+01
7.307581329345703125e+01
6.662163543701171875e+01
3.336034774780273438e+01
3.386038208007812500e+01
5.497869110107421875e+01
7.381642150878906250e+01
1.307516326904296875e+02
9.405413818359375000e+01
1.193492431640625000e+02
5.890475463867187500e+01
3.933530426025390625e+01
4.543901443481445312e+01
3.108030509948730469e+01
5.152237319946289062e+01
3.000000000000000000e+01
3.000000000000000000e+01
6.296778106689453125e+01
1.282439575195312500e+02
4.984132385253906250e+01
3.608624267578125000e+01
5.548159790039062500e+01
7.015370941162109375e+01
4.272100448608398438e+01
4.855480194091796875e+01
5.845429992675781250e+01
4.075035858154296875e+01
7.004953002929687500e+01
5.042863464355468750e+01
5.822573852539062500e+01
6.154969787597656250e+01
3.225521469116210938e+01
4.172632980346679688e+01
5.853351593017578125e+01
3.781795120239257812e+01
6.343607330322265625e+01
7.853692626953125000e+01
4.613732147216796875e+01
8.971009063720703125e+01
5.545730972290039062e+01
3.744733047485351562e+01
5.798725509643554688e+01
3.473503494262695312e+01
3.631030654907226562e+01
4.246677017211914062e+01
3.588017654418945312e+01
4.151010131835937500e+01
1.022511978149414062e+02
4.259509277343750000e+01
3.556953048706054688e+01
1.156237030029296875e+02
7.809220886230468750e+01
4.599966049194335938e+01
6.742971801757812500e+01
7.694422149658203125e+01
4.602363586425781250e+01
6.021379852294921875e+01
1.076160736083984375e+02
5.156294631958007812e+01
8.080780029296875000e+01
4.120429229736328125e+01
3.000000000000000000e+01
6.081402206420898438e+01
3.746625518798828125e+01
4.280970764160156250e+01
4.818534851074218750e+01
3.605250930786132812e+01
5.002170181274414062e+01
4.450820159912109375e+01
5.550534820556640625e+01
3.756456756591796875e+01
3.806224441528320312e+01
7.147455596923828125e+01
8.790780639648437500e+01
3.832881164550781250e+01
1.011934967041015625e+02
4.937540054321289062e+01
3.000000000000000000e+01
9.803049468994140625e+01
9.051808166503906250e+01
4.497436904907226562e+01
6.402914428710937500e+01
4.462435531616210938e+01
4.555271148681640625e+01
4.692516326904296875e+01
7.602647399902343750e+01
5.755596542358398438e+01
4.292019653320312500e+01
7.379158020019531250e+01
5.456399154663085938e+01
5.979947280883789062e+01
3.385681533813476562e+01
4.645590972900390625e+01
5.513154602050781250e+01
5.369977951049804688e+01
7.346061706542968750e+01
8.077319335937500000e+01
3.908476638793945312e+01
5.334618759155273438e+01
3.142677688598632812e+01
5.499115371704101562e+01
7.429425048828125000e+01
8.192673492431640625e+01
5.732252120971679688e+01
4.795819473266601562e+01
6.955583953857421875e+01
4.645590972900390625e+01
4.400829696655273438e+01
4.635208892822265625e+01
3.835112762451171875e+01
4.536949539184570312e+01
6.111127090454101562e+01
5.141005706787109375e+01
3.690605926513671875e+01
5.008169555664062500e+01
3.838384628295898438e+01
5.125742721557617188e+01
3.135956573486328125e+01
6.082135772705078125e+01
4.231118392944335938e+01
4.793589401245117188e+01
7.037442016601562500e+01
3.701404953002929688e+01
5.592435836791992188e+01
3.843555450439453125e+01
7.283353424072265625e+01
6.970361328125000000e+01
4.896212768554687500e+01
4.270261001586914062e+01
4.452473068237304688e+01
6.649032592773437500e+01
7.849250793457031250e+01
3.399475479125976562e+01
4.705296325683593750e+01
6.071941757202148438e+01
6.013927841186523438e+01
6.525898742675781250e+01
3.916851806640625000e+01
6.494995117187500000e+01
4.277683258056640625e+01
3.000000000000000000e+01
4.109096908569335938e+01
4.578562164306640625e+01
6.558837127685546875e+01
3.402346801757812500e+01
9.340220642089843750e+01
4.081668853759765625e+01
4.031727600097656250e+01
4.083692550659179688e+01
4.360508346557617188e+01
3.914086914062500000e+01
5.009718704223632812e+01
3.638814544677734375e+01
4.119966888427734375e+01
3.030276870727539062e+01
4.575971984863281250e+01
5.913053131103515625e+01
5.010077285766601562e+01
7.183171844482421875e+01
5.023225402832031250e+01
5.473081207275390625e+01
4.332702636718750000e+01
3.503033065795898438e+01
3.000000000000000000e+01
4.360508346557617188e+01
7.371517944335937500e+01
4.804124450683593750e+01
4.331567764282226562e+01
3.434365844726562500e+01
6.902396392822265625e+01
5.580909347534179688e+01
7.386374664306640625e+01
3.774700927734375000e+01
3.450011062622070312e+01
6.437494659423828125e+01
3.342808914184570312e+01
4.835580444335937500e+01
3.339305496215820312e+01
5.313413619995117188e+01
3.261518859863281250e+01
3.000000000000000000e+01
4.285356903076171875e+01
3.726580810546875000e+01
7.232909393310546875e+01
4.540025329589843750e+01
8.192673492431640625e+01
5.706893920898437500e+01
4.057821273803710938e+01
4.057154846191406250e+01
4.225550079345703125e+01
3.061488533020019531e+01
4.110483551025390625e+01
5.094621658325195312e+01
7.296162414550781250e+01
5.051461791992187500e+01
4.182259368896484375e+01
4.041208648681640625e+01
8.601785278320312500e+01
5.570758819580078125e+01
4.587808227539062500e+01
3.043149566650390625e+01
3.000000000000000000e+01
3.407351303100585938e+01
3.417694091796875000e+01
5.984600067138671875e+01
3.644551086425781250e+01
4.805003356933593750e+01
4.196207427978515625e+01
3.085367202758789062e+01
3.676521301269531250e+01
4.556584930419921875e+01
3.678329849243164062e+01
5.740708541870117188e+01
4.400344467163085938e+01
6.443070983886718750e+01
5.706893920898437500e+01
6.962332153320312500e+01
3.000000000000000000e+01
3.000000000000000000e+01
5.480672454833984375e+01
3.000000000000000000e+01
4.474971008300781250e+01
7.195109558105468750e+01
3.846977615356445312e+01
4.157033538818359375e+01
4.477696609497070312e+01
4.114111328125000000e+01
4.933975219726562500e+01
5.487718963623046875e+01
3.552138900756835938e+01
4.321784591674804688e+01
8.250254821777343750e+01
4.817876052856445312e+01
7.552714538574218750e+01
8.171302795410156250e+01
3.000000000000000000e+01
6.607875061035156250e+01
6.520671844482421875e+01
6.050161743164062500e+01
4.808120727539062500e+01
4.851501846313476562e+01
6.419711303710937500e+01
7.425204467773437500e+01
5.066834259033203125e+01
6.539988708496093750e+01
6.337818908691406250e+01
3.000000000000000000e+01
9.568501281738281250e+01
4.112743759155273438e+01
3.465489578247070312e+01
4.140791702270507812e+01
5.211884689331054688e+01
3.000000000000000000e+01
6.920237731933593750e+01
4.173987197875976562e+01
4.643535614013671875e+01
4.501330947875976562e+01
4.606711196899414062e+01
4.454236602783203125e+01
3.830039596557617188e+01
8.183416748046875000e+01
3.000000000000000000e+01
4.047261428833007812e+01
5.426157379150390625e+01
4.211862182617187500e+01
4.987009048461914062e+01
4.250193405151367188e+01
4.270261001586914062e+01
3.000000000000000000e+01
3.778184127807617188e+01
4.280299377441406250e+01
5.179446029663085938e+01
3.838596725463867188e+01
4.198419570922851562e+01
5.174855804443359375e+01
3.996157073974609375e+01
4.362073898315429688e+01
4.202049255371093750e+01
9.049908447265625000e+01
4.372040176391601562e+01
6.659851837158203125e+01
1.137403411865234375e+02
5.249675369262695312e+01
4.702081680297851562e+01
4.263564682006835938e+01
4.520651626586914062e+01
4.387871551513671875e+01
3.698221588134765625e+01
5.241977691650390625e+01
1.084347076416015625e+02
5.112586212158203125e+01
3.598728561401367188e+01
4.791424560546875000e+01
5.287309646606445312e+01
3.000000000000000000e+01
4.136849594116210938e+01
5.066402435302734375e+01
5.557690811157226562e+01
3.000000000000000000e+01
4.808473205566406250e+01
3.871482849121093750e+01
5.343472290039062500e+01
6.287272262573242188e+01
4.984916687011718750e+01
4.693832397460937500e+01
4.463590240478515625e+01
3.402653121948242188e+01
6.702511596679687500e+01
5.169067764282226562e+01
4.367177963256835938e+01
5.418904113769531250e+01
4.284694671630859375e+01
3.113626289367675781e+01
4.730139923095703125e+01
4.774490356445312500e+01
3.699669265747070312e+01
4.663936996459960938e+01
4.042159271240234375e+01
5.775975036621093750e+01
3.872967529296875000e+01
5.720784378051757812e+01
7.230673217773437500e+01
3.534008789062500000e+01
5.331148147583007812e+01
3.428192520141601562e+01
6.917076110839843750e+01
4.911259078979492188e+01
5.760310363769531250e+01
4.212052917480468750e+01
4.190475845336914062e+01
5.836176300048828125e+01
5.308115386962890625e+01
3.999132537841796875e+01
5.956989288330078125e+01
3.800095367431640625e+01
5.380312347412109375e+01
4.207685089111328125e+01
9.526325225830078125e+01
8.336448669433593750e+01
3.868998718261718750e+01
5.487113952636718750e+01
3.000000000000000000e+01
6.387852478027343750e+01
3.000000000000000000e+01
4.028133010864257812e+01
8.275109863281250000e+01
4.574784851074218750e+01
4.521411132812500000e+01
4.830141448974609375e+01
1.011210784912109375e+02
4.491325759887695312e+01
5.246821975708007812e+01
3.000000000000000000e+01
4.312322235107421875e+01
4.107579040527343750e+01
3.980153656005859375e+01
6.341293334960937500e+01
8.956861114501953125e+01
5.170373153686523438e+01
3.831066131591796875e+01
3.834401321411132812e+01
5.019030761718750000e+01
4.608182907104492188e+01
4.354103851318359375e+01
5.883563232421875000e+01
1.015649032592773438e+02
4.826245117187500000e+01
7.794226074218750000e+01
7.196878051757812500e+01
7.311784362792968750e+01
5.771229553222656250e+01
3.591053771972656250e+01
4.201126098632812500e+01
5.492405700683593750e+01
4.178717803955078125e+01
5.495329284667968750e+01
3.644399261474609375e+01
3.518398284912109375e+01
3.662077331542968750e+01
3.131231307983398438e+01
3.201729965209960938e+01
4.686441802978515625e+01
7.008427429199218750e+01
5.039376831054687500e+01
3.426142501831054688e+01
4.560374069213867188e+01
3.244862365722656250e+01
4.830052947998046875e+01
4.493223571777343750e+01
6.655441284179687500e+01
4.716837692260742188e+01
4.288182067871093750e+01
3.000000000000000000e+01
7.860063171386718750e+01
5.405907058715820312e+01
3.335760116577148438e+01
6.649032592773437500e+01
3.860619354248046875e+01
8.616851043701171875e+01
4.281757354736328125e+01
4.847632217407226562e+01
6.305531692504882812e+01
4.735751724243164062e+01
3.000000000000000000e+01
3.750689315795898438e+01
5.789517593383789062e+01
4.000226974487304688e+01
5.479364776611328125e+01
4.425164031982421875e+01
3.698392486572265625e+01
3.820867538452148438e+01
8.155023193359375000e+01
6.260434722900390625e+01
8.149128723144531250e+01
3.726423263549804688e+01
3.924445343017578125e+01
5.501681518554687500e+01
3.662077331542968750e+01
5.583572387695312500e+01
5.154217529296875000e+01
5.850296020507812500e+01
4.844121170043945312e+01
4.960108566284179688e+01
3.831112670898437500e+01
4.385073089599609375e+01
3.484150314331054688e+01
6.957589721679687500e+01
3.809898376464843750e+01
4.141689300537109375e+01
3.602942276000976562e+01
4.208616638183593750e+01
4.983499908447265625e+01
3.000000000000000000e+01
5.474674606323242188e+01
5.714039993286132812e+01
3.431739044189453125e+01
6.015848922729492188e+01
7.098787689208984375e+01
4.103165817260742188e+01
5.963699340820312500e+01
4.833929443359375000e+01
4.180464935302734375e+01
4.306837844848632812e+01
4.511503601074218750e+01
3.593428039550781250e+01
4.237898254394531250e+01
4.568151092529296875e+01
4.380487060546875000e+01
3.716099548339843750e+01
4.305754089355468750e+01
4.485956954956054688e+01
3.526631927490234375e+01
3.146979141235351562e+01
3.431071472167968750e+01
3.474573898315429688e+01
5.674269866943359375e+01
5.110195922851562500e+01
1.011210784912109375e+02
4.379758834838867188e+01
3.507799530029296875e+01
3.087733268737792969e+01
8.174328613281250000e+01
4.034625625610351562e+01
3.951907730102539062e+01
6.957589721679687500e+01
5.024863433837890625e+01
4.974949645996093750e+01
4.227946472167968750e+01
3.933478164672851562e+01
1.018178863525390625e+02
8.059657287597656250e+01
5.980093383789062500e+01
7.107263946533203125e+01
3.000000000000000000e+01
3.100679969787597656e+01
4.348259735107421875e+01
3.876714324951171875e+01
4.984859466552734375e+01
5.423019409179687500e+01
3.537245178222656250e+01
3.231830596923828125e+01
6.054558181762695312e+01
3.000000000000000000e+01
6.069569396972656250e+01
5.734490203857421875e+01
4.410291290283203125e+01
3.000000000000000000e+01
3.724383163452148438e+01
6.520671844482421875e+01
3.692716217041015625e+01
3.877209472656250000e+01
8.099884033203125000e+01
3.970000076293945312e+01
4.425004196166992188e+01
7.611110687255859375e+01
5.020853805541992188e+01
3.765942001342773438e+01
3.832131958007812500e+01
4.757690429687500000e+01
4.763330459594726562e+01
3.449177551269531250e+01
3.752243423461914062e+01
3.865954589843750000e+01
6.898184204101562500e+01
6.296636199951171875e+01
4.803665924072265625e+01
3.284371185302734375e+01
5.331097412109375000e+01
4.212598037719726562e+01
3.000000000000000000e+01
6.181858444213867188e+01
5.097103881835937500e+01
3.876713180541992188e+01
3.326764678955078125e+01
3.715165710449218750e+01
4.893857574462890625e+01
4.195732498168945312e+01
5.607723999023437500e+01
3.601288223266601562e+01
5.112586212158203125e+01
5.197289657592773438e+01
4.859346389770507812e+01
3.929055023193359375e+01
4.684326171875000000e+01
3.000000000000000000e+01
6.800319671630859375e+01
5.036121368408203125e+01
3.689878082275390625e+01
4.243710327148437500e+01
7.115124511718750000e+01
4.424258422851562500e+01
3.664965438842773438e+01
3.000000000000000000e+01
3.000000000000000000e+01
5.702440643310546875e+01
4.239394378662109375e+01
4.292127990722656250e+01
4.005170822143554688e+01
3.000000000000000000e+01
3.000000000000000000e+01
4.322440338134765625e+01
5.069244766235351562e+01
4.129738235473632812e+01
4.944941711425781250e+01
4.539599227905273438e+01
6.067895889282226562e+01
4.547315216064453125e+01
5.136634063720703125e+01
7.303956604003906250e+01
3.113221359252929688e+01
6.171213531494140625e+01
3.156159591674804688e+01
3.000000000000000000e+01
4.541943740844726562e+01
4.682656860351562500e+01
3.151532554626464844e+01
4.006432342529296875e+01
3.797103881835937500e+01
3.744676208496093750e+01
4.017400741577148438e+01
4.212326049804687500e+01
