5.259295654296875000e+01
6.985783386230468750e+01
3.455025100708007812e+01
3.943235778808593750e+01
6.887922668457031250e+01
5.710385131835937500e+01
3.960533142089843750e+01
6.527810668945312500e+01
6.066817474365234375e+01
1.137624969482421875e+02
4.716472625732421875e+01
1.002294464111328125e+02
5.076592254638671875e+01
4.634696960449218750e+01
3.000000000000000000e+01
5.899763488769531250e+01
7.032522583007812500e+01
4.219998550415039062e+01
4.310867691040039062e+01
1.358598937988281250e+02
3.784067535400390625e+01
8.405706787109375000e+01
3.073628425598144531e+01
3.000000000000000000e+01
3.000000000000000000e+01
7.338832855224609375e+01
3.000000000000000000e+01
5.389015197753906250e+01
1.803416442871093750e+02
3.817095947265625000e+01
5.760095214843750000e+01
4.074725723266601562e+01
3.877120208740234375e+01
8.261804199218750000e+01
6.338401794433593750e+01
6.316069412231445312e+01
6.960291290283203125e+01
4.846941757202148438e+01
4.474571990966796875e+01
3.000000000000000000e+01
3.373302078247070312e+01
3.114011573791503906e+01
5.794809722900390625e+01
4.397225189208984375e+01
3.636290740966796875e+01
3.820294189453125000e+01
3.764511871337890625e+01
6.435352325439453125e+01
1.174104614257812500e+02
6.224596786499023438e+01
4.521197128295898438e+01
3.859112548828125000e+01
7.445314025878906250e+01
3.855753707885742188e+01
1.237079010009765625e+02
4.356166076660156250e+01
6.383525848388671875e+01
4.395347213745117188e+01
5.436297225952148438e+01
7.995498657226562500e+01
5.021886825561523438e+01
8.908966064453125000e+01
3.802924346923828125e+01
1.060553436279296875e+02
1.051070709228515625e+02
5.673894119262695312e+01
5.001311111450195312e+01
3.000000000000000000e+01
4.824924850463867188e+01
5.686596679687500000e+01
5.469427108764648438e+01
3.354018020629882812e+01
8.168521881103515625e+01
3.510309219360351562e+01
4.936177825927734375e+01
3.233102798461914062e+01
5.064375305175781250e+01
5.126748275756835938e+01
3.622519683837890625e+01
6.410004425048828125e+01
3.410157775878906250e+01
7.032522583007812500e+01
5.313942337036132812e+01
1.352283020019531250e+02
1.021749496459960938e+02
4.364215087890625000e+01
4.069194030761718750e+01
5.063752746582031250e+01
5.076592254638671875e+01
6.216288757324218750e+01
4.862567138671875000e+01
6.088810729980468750e+01
7.011822509765625000e+01
4.804948425292968750e+01
9.828569793701171875e+01
8.694038391113281250e+01
6.469155883789062500e+01
3.697232818603515625e+01
7.658920288085937500e+01
4.171063613891601562e+01
1.072580795288085938e+02
6.346560668945312500e+01
1.407842712402343750e+02
3.000000000000000000e+01
4.330933380126953125e+01
8.436859130859375000e+01
3.000000000000000000e+01
6.526692199707031250e+01
5.277056121826171875e+01
3.000000000000000000e+01
4.171591186523437500e+01
3.000000000000000000e+01
7.090716552734375000e+01
1.246537246704101562e+02
4.146983337402343750e+01
4.067179870605468750e+01
1.032587509155273438e+02
4.569019317626953125e+01
8.839755249023437500e+01
5.765379333496093750e+01
4.693158340454101562e+01
6.484841918945312500e+01
5.746521759033203125e+01
4.217635726928710938e+01
4.112924194335937500e+01
4.992499542236328125e+01
5.969711685180664062e+01
5.575058364868164062e+01
4.669642257690429688e+01
3.000000000000000000e+01
4.882009124755859375e+01
1.152909393310546875e+02
4.830786132812500000e+01
3.000000000000000000e+01
5.669262313842773438e+01
3.733230590820312500e+01
1.181165008544921875e+02
4.382022857666015625e+01
4.599789810180664062e+01
6.785516357421875000e+01
5.678656005859375000e+01
7.176569366455078125e+01
6.056944656372070312e+01
5.955095672607421875e+01
6.877349090576171875e+01
4.405442810058593750e+01
8.582534790039062500e+01
8.681809997558593750e+01
3.646518707275390625e+01
1.169714508056640625e+02
5.514510345458984375e+01
7.453047180175781250e+01
5.327803421020507812e+01
6.674269104003906250e+01
4.354303359985351562e+01
1.205499267578125000e+02
3.113641929626464844e+01
1.379056396484375000e+02
4.329333496093750000e+01
5.291009902954101562e+01
3.453006744384765625e+01
6.210828781127929688e+01
4.726831054687500000e+01
4.128837966918945312e+01
6.999833679199218750e+01
3.996305847167968750e+01
6.143272399902343750e+01
5.000057983398437500e+01
3.065855789184570312e+01
1.124002838134765625e+02
5.285619735717773438e+01
4.447859954833984375e+01
3.219554901123046875e+01
3.162035369873046875e+01
5.671109008789062500e+01
5.724943542480468750e+01
4.343859100341796875e+01
4.506613922119140625e+01
7.519673156738281250e+01
5.473907470703125000e+01
6.603395080566406250e+01
6.395743560791015625e+01
6.790214538574218750e+01
5.566477584838867188e+01
4.161822128295898438e+01
3.416967773437500000e+01
4.609191131591796875e+01
7.360119628906250000e+01
5.382190704345703125e+01
4.180878448486328125e+01
4.476375579833984375e+01
5.680732345581054688e+01
4.905458068847656250e+01
4.255544281005859375e+01
4.841823959350585938e+01
4.026888656616210938e+01
3.715196990966796875e+01
8.001149749755859375e+01
1.447818145751953125e+02
6.344651412963867188e+01
5.221013259887695312e+01
1.283586730957031250e+02
6.812063598632812500e+01
3.879293823242187500e+01
4.271204376220703125e+01
4.037847137451171875e+01
4.635952758789062500e+01
3.868378829956054688e+01
9.895582580566406250e+01
3.743107604980468750e+01
3.674893188476562500e+01
1.033668060302734375e+02
3.590817260742187500e+01
3.864763641357421875e+01
3.653361892700195312e+01
4.258238983154296875e+01
5.559098815917968750e+01
5.233898544311523438e+01
3.842160415649414062e+01
4.462086486816406250e+01
3.536830520629882812e+01
6.963011169433593750e+01
1.045666046142578125e+02
3.873082733154296875e+01
4.337189102172851562e+01
4.582080459594726562e+01
6.055130767822265625e+01
1.129005279541015625e+02
6.770512390136718750e+01
1.075630645751953125e+02
3.470108413696289062e+01
5.042716598510742188e+01
4.368386840820312500e+01
5.556692504882812500e+01
3.650394821166992188e+01
6.250004577636718750e+01
4.067472457885742188e+01
4.775366210937500000e+01
7.852953338623046875e+01
5.632574462890625000e+01
4.324015808105468750e+01
1.271971282958984375e+02
1.213904724121093750e+02
6.732983398437500000e+01
9.169285583496093750e+01
3.000000000000000000e+01
5.909348678588867188e+01
1.392913970947265625e+02
1.806101379394531250e+02
4.555596160888671875e+01
6.979961395263671875e+01
4.317205810546875000e+01
4.553768539428710938e+01
7.802062988281250000e+01
4.214169311523437500e+01
5.861912536621093750e+01
3.757866287231445312e+01
4.705961990356445312e+01
3.914332580566406250e+01
1.375514678955078125e+02
4.908253479003906250e+01
4.997830581665039062e+01
6.098056411743164062e+01
4.717432403564453125e+01
1.177057495117187500e+02
4.399121856689453125e+01
1.516813354492187500e+02
6.232632446289062500e+01
7.125788879394531250e+01
4.082590484619140625e+01
5.020567321777343750e+01
4.734885406494140625e+01
6.732983398437500000e+01
6.951210021972656250e+01
1.895844726562500000e+02
4.042532348632812500e+01
7.261605834960937500e+01
7.639134216308593750e+01
1.032519836425781250e+02
1.025567321777343750e+02
4.502372741699218750e+01
7.309432983398437500e+01
6.718521881103515625e+01
4.404022598266601562e+01
6.535079193115234375e+01
4.201534652709960938e+01
3.000000000000000000e+01
5.898120880126953125e+01
3.608251190185546875e+01
3.445494461059570312e+01
4.241790771484375000e+01
3.464468002319335938e+01
3.000000000000000000e+01
1.169870529174804688e+02
3.745441436767578125e+01
3.000000000000000000e+01
3.696625518798828125e+01
4.498573303222656250e+01
3.802725982666015625e+01
4.906813049316406250e+01
5.776430130004882812e+01
3.440642547607421875e+01
3.960966873168945312e+01
7.351300048828125000e+01
6.124368286132812500e+01
4.218627548217773438e+01
8.201526641845703125e+01
8.316123199462890625e+01
6.258892059326171875e+01
1.343895111083984375e+02
1.459593200683593750e+02
3.000000000000000000e+01
1.015962066650390625e+02
1.133029022216796875e+02
9.258187103271484375e+01
3.860334014892578125e+01
3.774533462524414062e+01
1.379825134277343750e+02
6.227783203125000000e+01
7.658920288085937500e+01
5.188023757934570312e+01
4.151588058471679688e+01
4.499983978271484375e+01
5.453530502319335938e+01
3.538151168823242188e+01
3.000000000000000000e+01
3.419384002685546875e+01
3.716574096679687500e+01
8.168521881103515625e+01
4.114244461059570312e+01
8.209732055664062500e+01
4.866040802001953125e+01
5.214452362060546875e+01
4.419213104248046875e+01
4.104530334472656250e+01
4.335258483886718750e+01
6.564877319335937500e+01
5.065259552001953125e+01
3.164095878601074219e+01
3.312885665893554688e+01
5.567162704467773438e+01
9.172914123535156250e+01
4.562500000000000000e+01
6.258892059326171875e+01
4.379132843017578125e+01
4.739508056640625000e+01
1.765532684326171875e+02
3.480602264404296875e+01
5.380123138427734375e+01
1.234322509765625000e+02
1.502969360351562500e+02
2.000354766845703125e+02
5.931362152099609375e+01
8.908966064453125000e+01
3.890137481689453125e+01
1.047358627319335938e+02
6.517630004882812500e+01
3.535779571533203125e+01
1.600198669433593750e+02
5.839202499389648438e+01
5.888918685913085938e+01
1.350129394531250000e+02
5.657611083984375000e+01
7.228913879394531250e+01
1.054381637573242188e+02
3.588824844360351562e+01
6.502286529541015625e+01
1.150767211914062500e+02
3.381249237060546875e+01
7.387155914306640625e+01
6.806293487548828125e+01
4.740484619140625000e+01
8.429960632324218750e+01
1.495266265869140625e+02
6.757913970947265625e+01
1.334468688964843750e+02
8.762626647949218750e+01
3.817095947265625000e+01
8.628216552734375000e+01
7.959999084472656250e+01
3.000000000000000000e+01
3.000000000000000000e+01
3.000000000000000000e+01
4.290887451171875000e+01
6.305238342285156250e+01
1.213904724121093750e+02
5.073553085327148438e+01
4.645305633544921875e+01
4.270738601684570312e+01
2.740346069335937500e+02
4.906498718261718750e+01
3.259127044677734375e+01
3.664177703857421875e+01
3.000000000000000000e+01
4.728887939453125000e+01
6.167567825317382812e+01
6.054907226562500000e+01
1.103850479125976562e+02
4.901470184326171875e+01
3.584460449218750000e+01
5.090006256103515625e+01
3.900068664550781250e+01
1.553621520996093750e+02
3.429829025268554688e+01
3.836636352539062500e+01
4.220216369628906250e+01
3.748449707031250000e+01
5.826303100585937500e+01
7.608178710937500000e+01
1.339514465332031250e+02
6.884835815429687500e+01
9.298543548583984375e+01
4.068270874023437500e+01
4.405482864379882812e+01
7.064634704589843750e+01
3.293855667114257812e+01
8.272871398925781250e+01
6.220566558837890625e+01
3.000000000000000000e+01
3.258632659912109375e+01
9.353282165527343750e+01
3.414170074462890625e+01
4.011386871337890625e+01
1.383301696777343750e+02
5.820877838134765625e+01
4.270787048339843750e+01
7.520447540283203125e+01
4.719930648803710938e+01
6.186140441894531250e+01
8.981943511962890625e+01
4.642424392700195312e+01
8.209732055664062500e+01
2.234208679199218750e+02
5.453530502319335938e+01
1.341598205566406250e+02
4.280447006225585938e+01
4.792804336547851562e+01
8.448277282714843750e+01
5.389014816284179688e+01
5.811669158935546875e+01
6.482746124267578125e+01
3.000000000000000000e+01
6.264090728759765625e+01
4.876483535766601562e+01
7.944802093505859375e+01
3.965769958496093750e+01
4.848527526855468750e+01
7.161244201660156250e+01
9.499678802490234375e+01
9.076666259765625000e+01
4.020428466796875000e+01
5.327803421020507812e+01
4.822956848144531250e+01
5.596841430664062500e+01
7.610415649414062500e+01
3.000000000000000000e+01
1.124449005126953125e+02
9.905406188964843750e+01
3.000000000000000000e+01
1.007270812988281250e+02
7.337008666992187500e+01
4.773483657836914062e+01
4.397256469726562500e+01
4.112982177734375000e+01
5.004169464111328125e+01
1.718454742431640625e+02
4.322539901733398438e+01
5.567742919921875000e+01
5.854961395263671875e+01
4.287595367431640625e+01
9.303182220458984375e+01
3.789397430419921875e+01
3.733397293090820312e+01
1.517175598144531250e+02
6.124368286132812500e+01
9.057942199707031250e+01
3.000000000000000000e+01
3.000000000000000000e+01
5.958603286743164062e+01
8.957806396484375000e+01
9.254748535156250000e+01
7.325961303710937500e+01
7.061776733398437500e+01
3.584257125854492188e+01
6.359881973266601562e+01
8.374218750000000000e+01
5.091403579711914062e+01
3.864763641357421875e+01
8.439973449707031250e+01
8.260862731933593750e+01
5.530515289306640625e+01
6.044604492187500000e+01
4.670761108398437500e+01
3.053427886962890625e+01
4.262693023681640625e+01
3.000000000000000000e+01
4.554240417480468750e+01
3.000000000000000000e+01
3.827220916748046875e+01
4.662723922729492188e+01
5.257407760620117188e+01
4.374911880493164062e+01
9.285029602050781250e+01
6.598735046386718750e+01
4.656909179687500000e+01
3.969755172729492188e+01
4.456752014160156250e+01
6.416252136230468750e+01
3.000000000000000000e+01
3.542251968383789062e+01
5.526472091674804688e+01
3.157268905639648438e+01
6.046707153320312500e+01
3.000000000000000000e+01
4.980984115600585938e+01
3.000000000000000000e+01
3.000000000000000000e+01
1.040499801635742188e+02
4.250730895996093750e+01
3.508345413208007812e+01
5.235605621337890625e+01
3.836636352539062500e+01
8.001001739501953125e+01
3.000000000000000000e+01
4.974109649658203125e+01
1.205813522338867188e+02
4.398089981079101562e+01
1.141262054443359375e+02
1.268629302978515625e+02
3.626061248779296875e+01
3.878736877441406250e+01
8.280076599121093750e+01
4.747417068481445312e+01
5.029986572265625000e+01
6.098056793212890625e+01
1.343199005126953125e+02
4.521065521240234375e+01
3.396472549438476562e+01
5.362789535522460938e+01
3.860789489746093750e+01
4.209408569335937500e+01
1.111519622802734375e+02
3.866266632080078125e+01
7.170514678955078125e+01
5.296277999877929688e+01
3.292509078979492188e+01
3.350472640991210938e+01
4.058837890625000000e+01
4.355010223388671875e+01
4.110742950439453125e+01
3.519450378417968750e+01
3.725426483154296875e+01
4.261267471313476562e+01
4.825730514526367188e+01
4.967119216918945312e+01
4.482014846801757812e+01
5.364656829833984375e+01
6.526691436767578125e+01
6.290255737304687500e+01
9.895582580566406250e+01
5.434858703613281250e+01
1.040074920654296875e+02
9.726136779785156250e+01
1.120682067871093750e+02
3.701350784301757812e+01
5.598529815673828125e+01
3.523131561279296875e+01
3.569412994384765625e+01
6.129484939575195312e+01
7.189001464843750000e+01
7.781334686279296875e+01
9.397595214843750000e+01
4.146983337402343750e+01
4.501279830932617188e+01
6.715789794921875000e+01
9.517884826660156250e+01
4.305713653564453125e+01
5.634902954101562500e+01
4.297909545898437500e+01
3.739168930053710938e+01
8.470329284667968750e+01
4.862567138671875000e+01
4.171356964111328125e+01
4.438661956787109375e+01
4.803221130371093750e+01
6.622264099121093750e+01
9.640400695800781250e+01
4.349455261230468750e+01
3.323326492309570312e+01
4.021686553955078125e+01
1.103850479125976562e+02
4.685433578491210938e+01
4.632125473022460938e+01
5.249368286132812500e+01
6.216155242919921875e+01
4.396932220458984375e+01
5.796007919311523438e+01
4.430096054077148438e+01
6.868011474609375000e+01
3.964000701904296875e+01
6.523820495605468750e+01
7.458078765869140625e+01
7.094335937500000000e+01
7.369762420654296875e+01
4.498838806152343750e+01
3.000000000000000000e+01
7.498373413085937500e+01
6.885470581054687500e+01
4.691069793701171875e+01
5.778884506225585938e+01
5.127864456176757812e+01
4.165843200683593750e+01
5.928720092773437500e+01
4.153552246093750000e+01
3.000000000000000000e+01
4.538695526123046875e+01
6.788053131103515625e+01
7.161244201660156250e+01
5.400072097778320312e+01
4.324825286865234375e+01
3.684082794189453125e+01
7.227959442138671875e+01
1.065035095214843750e+02
6.756579589843750000e+01
3.674645614624023438e+01
1.120682067871093750e+02
5.931362152099609375e+01
6.572563171386718750e+01
8.260862731933593750e+01
4.038890075683593750e+01
3.290725708007812500e+01
7.207308959960937500e+01
3.000000000000000000e+01
4.190855026245117188e+01
2.610519409179687500e+02
3.558404541015625000e+01
5.037363433837890625e+01
3.467414855957031250e+01
1.148165969848632812e+02
5.613046646118164062e+01
5.179608917236328125e+01
1.009315719604492188e+02
5.076097106933593750e+01
1.388887481689453125e+02
7.442295837402343750e+01
8.710050964355468750e+01
3.350822067260742188e+01
3.647677230834960938e+01
6.398274230957031250e+01
6.780736541748046875e+01
5.568642425537109375e+01
5.065259552001953125e+01
4.781801986694335938e+01
3.000000000000000000e+01
4.768775177001953125e+01
5.408858108520507812e+01
5.442561340332031250e+01
3.830137634277343750e+01
7.541802978515625000e+01
7.811944580078125000e+01
3.791461181640625000e+01
3.000000000000000000e+01
5.516860198974609375e+01
3.000000000000000000e+01
4.799159240722656250e+01
9.865550231933593750e+01
5.379999923706054688e+01
7.373029327392578125e+01
4.992799377441406250e+01
4.431523895263671875e+01
3.451045989990234375e+01
7.176569366455078125e+01
6.185036468505859375e+01
8.110439300537109375e+01
1.032039031982421875e+02
5.803021240234375000e+01
4.560951232910156250e+01
4.550965881347656250e+01
3.000000000000000000e+01
5.476432418823242188e+01
6.145257568359375000e+01
1.718454589843750000e+02
5.006738281250000000e+01
5.619539642333984375e+01
5.625787353515625000e+01
5.345910644531250000e+01
4.858319854736328125e+01
5.645095825195312500e+01
5.695165634155273438e+01
6.056961059570312500e+01
9.186380004882812500e+01
3.000000000000000000e+01
3.000000000000000000e+01
5.272838592529296875e+01
9.840198516845703125e+01
6.590343475341796875e+01
1.141261978149414062e+02
3.197986221313476562e+01
3.075203514099121094e+01
4.982636260986328125e+01
6.831430053710937500e+01
1.667169799804687500e+02
6.982077026367187500e+01
5.338778305053710938e+01
4.709410095214843750e+01
3.000000000000000000e+01
3.263195037841796875e+01
8.520528411865234375e+01
3.000000000000000000e+01
3.545317840576171875e+01
5.163457489013671875e+01
8.833207702636718750e+01
4.563788604736328125e+01
9.428137969970703125e+01
3.659793853759765625e+01
4.938487243652343750e+01
6.227783203125000000e+01
5.739696502685546875e+01
5.214838790893554688e+01
3.914783859252929688e+01
4.673201751708984375e+01
3.000000000000000000e+01
4.041289520263671875e+01
3.429829025268554688e+01
3.837824249267578125e+01
3.494729995727539062e+01
5.820877838134765625e+01
4.853472137451171875e+01
3.216370391845703125e+01
4.387495422363281250e+01
3.259127044677734375e+01
3.721891784667968750e+01
1.354754791259765625e+02
3.000000000000000000e+01
6.479106140136718750e+01
1.027011413574218750e+02
4.691455078125000000e+01
3.000000000000000000e+01
3.346201324462890625e+01
5.291009902954101562e+01
7.227415466308593750e+01
6.104615020751953125e+01
4.595553588867187500e+01
6.226357650756835938e+01
5.044226455688476562e+01
5.684259033203125000e+01
3.896488952636718750e+01
7.908815002441406250e+01
4.349087905883789062e+01
5.958603286743164062e+01
5.773062515258789062e+01
3.178495788574218750e+01
3.806499099731445312e+01
5.994569778442382812e+01
5.115596389770507812e+01
4.122139739990234375e+01
3.802725982666015625e+01
5.153070449829101562e+01
4.886840057373046875e+01
6.331019973754882812e+01
8.324677276611328125e+01
5.341753387451171875e+01
9.480841064453125000e+01
4.126442718505859375e+01
5.632574462890625000e+01
3.000000000000000000e+01
6.589674377441406250e+01
6.658125305175781250e+01
6.341904449462890625e+01
6.297074127197265625e+01
3.821573638916015625e+01
7.895973205566406250e+01
4.706109237670898438e+01
5.034648513793945312e+01
9.615895843505859375e+01
1.358598937988281250e+02
1.166154937744140625e+02
5.507167816162109375e+01
3.646762466430664062e+01
4.896540832519531250e+01
5.557369613647460938e+01
9.076665496826171875e+01
8.597193145751953125e+01
6.403715515136718750e+01
9.820828247070312500e+01
5.516860198974609375e+01
4.376525497436523438e+01
3.000000000000000000e+01
5.728505325317382812e+01
4.061297225952148438e+01
3.560858154296875000e+01
3.763068389892578125e+01
8.438636779785156250e+01
6.181933593750000000e+01
4.305573654174804688e+01
8.706986236572265625e+01
3.477729415893554688e+01
4.241744232177734375e+01
5.686596679687500000e+01
5.383626174926757812e+01
5.104828643798828125e+01
3.914783859252929688e+01
2.314320678710937500e+02
6.240601730346679688e+01
4.705063629150390625e+01
3.834232330322265625e+01
5.271941375732421875e+01
1.129227752685546875e+02
4.935476684570312500e+01
4.110047149658203125e+01
6.712051391601562500e+01
3.830137634277343750e+01
8.087538146972656250e+01
4.435160064697265625e+01
5.838629531860351562e+01
5.278694152832031250e+01
5.314578628540039062e+01
3.481329727172851562e+01
3.000000000000000000e+01
5.935382080078125000e+01
6.539995574951171875e+01
2.284485626220703125e+02
3.597037506103515625e+01
5.171272659301757812e+01
7.029106140136718750e+01
5.963429260253906250e+01
4.468010711669921875e+01
4.255437469482421875e+01
3.000000000000000000e+01
4.936521148681640625e+01
3.908139801025390625e+01
4.585300064086914062e+01
5.158289337158203125e+01
4.280512237548828125e+01
3.948914337158203125e+01
4.130106353759765625e+01
3.626061248779296875e+01
4.696851730346679688e+01
3.000000000000000000e+01
6.207765960693359375e+01
7.629131317138671875e+01
3.000000000000000000e+01
4.374656677246093750e+01
3.696625137329101562e+01
7.924610900878906250e+01
4.338452911376953125e+01
9.270456695556640625e+01
3.000000000000000000e+01
7.325961303710937500e+01
8.568450164794921875e+01
3.753227996826171875e+01
9.615895843505859375e+01
3.499005126953125000e+01
3.000000000000000000e+01
3.999602508544921875e+01
4.058366775512695312e+01
1.324114685058593750e+02
5.000428390502929688e+01
3.979481887817382812e+01
6.923455810546875000e+01
5.351864624023437500e+01
9.867176055908203125e+01
5.498787689208984375e+01
4.590998077392578125e+01
5.891783142089843750e+01
7.606793212890625000e+01
7.446088409423828125e+01
7.059532928466796875e+01
7.916543579101562500e+01
3.901331329345703125e+01
3.889527130126953125e+01
5.197913742065429688e+01
6.913616943359375000e+01
1.112458190917968750e+02
8.969325256347656250e+01
1.127841186523437500e+02
5.582891845703125000e+01
3.933744049072265625e+01
3.678208541870117188e+01
3.634810638427734375e+01
5.809502029418945312e+01
3.000000000000000000e+01
3.000000000000000000e+01
6.505508422851562500e+01
1.128894195556640625e+02
5.145547866821289062e+01
3.081363677978515625e+01
5.126485061645507812e+01
7.145460510253906250e+01
4.067137145996093750e+01
4.735075378417968750e+01
6.145257568359375000e+01
3.821998596191406250e+01
7.002207183837890625e+01
3.263195037841796875e+01
5.562503814697265625e+01
5.786656951904296875e+01
4.184410858154296875e+01
3.913056945800781250e+01
5.988951110839843750e+01
3.498843002319335938e+01
6.057455062866210938e+01
6.646528625488281250e+01
4.998168563842773438e+01
9.169285583496093750e+01
4.734893035888671875e+01
3.066819190979003906e+01
3.716102218627929688e+01
3.128815650939941406e+01
4.247957611083984375e+01
4.255477142333984375e+01
3.740803527832031250e+01
3.983767318725585938e+01
1.030764770507812500e+02
3.584460449218750000e+01
3.263217544555664062e+01
9.499678802490234375e+01
8.061827087402343750e+01
4.160074996948242188e+01
6.276696014404296875e+01
7.253262329101562500e+01
4.374911880493164062e+01
4.450765228271484375e+01
9.307289123535156250e+01
4.319066238403320312e+01
8.891886138916015625e+01
3.622519683837890625e+01
3.000000000000000000e+01
6.216288757324218750e+01
4.717436981201171875e+01
4.300486755371093750e+01
5.114044570922851562e+01
3.380303955078125000e+01
5.483186340332031250e+01
4.106864166259765625e+01
5.839202880859375000e+01
3.691639709472656250e+01
3.791777420043945312e+01
7.451664733886718750e+01
9.594049835205078125e+01
4.952171707153320312e+01
1.026065368652343750e+02
4.774071502685546875e+01
3.000000000000000000e+01
9.274884033203125000e+01
8.919400787353515625e+01
4.107981872558593750e+01
5.585263442993164062e+01
4.058145904541015625e+01
4.138059997558593750e+01
5.004287719726562500e+01
6.632083129882812500e+01
5.355795669555664062e+01
4.076781082153320312e+01
3.000000000000000000e+01
5.422656250000000000e+01
5.531669998168945312e+01
3.255213928222656250e+01
4.175640869140625000e+01
6.503115844726562500e+01
5.765379714965820312e+01
7.428898620605468750e+01
7.172342681884765625e+01
3.802867507934570312e+01
5.120320892333984375e+01
3.345333099365234375e+01
4.987563323974609375e+01
5.969711685180664062e+01
7.387008666992187500e+01
5.838629531860351562e+01
5.167028808593750000e+01
6.551237487792968750e+01
4.175640869140625000e+01
3.000000000000000000e+01
4.413336944580078125e+01
5.090742492675781250e+01
3.825099563598632812e+01
6.231345367431640625e+01
5.114419937133789062e+01
3.642523574829101562e+01
4.908253479003906250e+01
4.015052413940429688e+01
3.794206619262695312e+01
3.423841476440429688e+01
6.128747558593750000e+01
4.012097167968750000e+01
4.914438629150390625e+01
7.270391082763671875e+01
3.303229904174804688e+01
6.505721282958984375e+01
3.709259033203125000e+01
7.719929504394531250e+01
5.932312011718750000e+01
4.640245819091796875e+01
4.667621231079101562e+01
4.137469863891601562e+01
6.168733978271484375e+01
7.540743255615234375e+01
3.495513153076171875e+01
4.133483505249023438e+01
5.785209655761718750e+01
5.857746124267578125e+01
5.221012878417968750e+01
3.613296127319335938e+01
5.613359069824218750e+01
4.663336944580078125e+01
3.000000000000000000e+01
4.429594039916992188e+01
4.366168594360351562e+01
7.498942565917968750e+01
3.000000000000000000e+01
8.448277282714843750e+01
4.310815811157226562e+01
3.674893188476562500e+01
4.286010742187500000e+01
3.876499938964843750e+01
3.945502090454101562e+01
5.006538391113281250e+01
3.646762084960937500e+01
3.944388580322265625e+01
3.091538619995117188e+01
4.660205841064453125e+01
5.922308349609375000e+01
4.846941757202148438e+01
6.889247894287109375e+01
5.704528045654296875e+01
5.710639953613281250e+01
4.403760910034179688e+01
3.214103317260742188e+01
3.918641662597656250e+01
3.876499938964843750e+01
6.297074127197265625e+01
3.943583679199218750e+01
4.633697509765625000e+01
3.119819259643554688e+01
6.979095458984375000e+01
5.341223144531250000e+01
7.897027587890625000e+01
3.454709625244140625e+01
3.332154083251953125e+01
4.923750686645507812e+01
3.000000000000000000e+01
4.986285400390625000e+01
3.181782913208007812e+01
5.146261596679687500e+01
3.904879760742187500e+01
3.000000000000000000e+01
3.539682388305664062e+01
3.930930709838867188e+01
6.433935546875000000e+01
4.358812332153320312e+01
7.387008666992187500e+01
5.558836364746093750e+01
4.134112548828125000e+01
4.325756072998046875e+01
3.794919586181640625e+01
3.000000000000000000e+01
4.574482727050781250e+01
5.359280776977539062e+01
6.054907226562500000e+01
4.974109649658203125e+01
4.466996765136718750e+01
4.097270965576171875e+01
7.681123352050781250e+01
5.404296875000000000e+01
4.242665100097656250e+01
3.000000000000000000e+01
3.000000000000000000e+01
3.858950805664062500e+01
3.178495788574218750e+01
6.061113739013671875e+01
3.000000000000000000e+01
4.424359893798828125e+01
3.626106643676757812e+01
3.000000000000000000e+01
3.120168685913085938e+01
5.145658874511718750e+01
3.791234588623046875e+01
5.090940856933593750e+01
4.111108779907226562e+01
6.785516357421875000e+01
5.558836364746093750e+01
6.785746765136718750e+01
3.000000000000000000e+01
3.082320976257324219e+01
5.153119277954101562e+01
3.000000000000000000e+01
5.335081481933593750e+01
7.439329528808593750e+01
3.236009979248046875e+01
4.211164474487304688e+01
4.906016540527343750e+01
3.878736877441406250e+01
3.912457656860351562e+01
4.901470184326171875e+01
3.592719268798828125e+01
4.131523895263671875e+01
6.436695861816406250e+01
4.885238647460937500e+01
7.606793212890625000e+01
8.073639678955078125e+01
3.000000000000000000e+01
6.464202880859375000e+01
5.435074615478515625e+01
5.811669158935546875e+01
4.785640335083007812e+01
4.634150314331054688e+01
6.250004577636718750e+01
7.608178710937500000e+01
3.734727096557617188e+01
6.642669677734375000e+01
7.898905944824218750e+01
3.000000000000000000e+01
7.648647308349609375e+01
5.192764663696289062e+01
3.000000000000000000e+01
4.483363342285156250e+01
5.304965972900390625e+01
3.014565277099609375e+01
6.885244750976562500e+01
4.472762680053710938e+01
5.171272659301757812e+01
4.101925277709960938e+01
4.353920745849609375e+01
4.770513534545898438e+01
3.966070175170898438e+01
7.577933502197265625e+01
3.250509643554687500e+01
3.914927291870117188e+01
5.400387954711914062e+01
3.553370666503906250e+01
4.571870422363281250e+01
4.152143478393554688e+01
4.667621231079101562e+01
3.000000000000000000e+01
3.549779510498046875e+01
4.298912429809570312e+01
4.947944641113281250e+01
3.437866973876953125e+01
4.514607238769531250e+01
5.272838592529296875e+01
3.533042144775390625e+01
4.110742950439453125e+01
4.280405426025390625e+01
7.114173889160156250e+01
4.077434539794921875e+01
6.529328918457031250e+01
1.159523315429687500e+02
5.353160095214843750e+01
4.447859954833984375e+01
3.219708251953125000e+01
4.962966537475585938e+01
4.576916122436523438e+01
3.803860473632812500e+01
4.659633636474609375e+01
1.032039031982421875e+02
5.250707244873046875e+01
3.489606475830078125e+01
4.317699813842773438e+01
5.195933151245117188e+01
3.455167388916015625e+01
4.209408569335937500e+01
5.383626174926757812e+01
6.066225814819335938e+01
3.000000000000000000e+01
5.882397460937500000e+01
3.528232192993164062e+01
4.911041641235351562e+01
5.928720092773437500e+01
5.470026779174804688e+01
4.581131744384765625e+01
5.044631958007812500e+01
3.000000000000000000e+01
7.362293243408203125e+01
4.473678588867187500e+01
4.759946060180664062e+01
6.590343475341796875e+01
4.092643737792968750e+01
3.337166976928710938e+01
4.858319854736328125e+01
5.337933349609375000e+01
3.879293823242187500e+01
3.549103927612304688e+01
3.186733436584472656e+01
4.590697097778320312e+01
3.868225097656250000e+01
5.124061584472656250e+01
4.756444549560546875e+01
3.776544189453125000e+01
5.465275955200195312e+01
3.322739410400390625e+01
3.000000000000000000e+01
4.771525573730468750e+01
4.694160461425781250e+01
3.701350784301757812e+01
4.027191162109375000e+01
5.059444427490234375e+01
5.055318832397460938e+01
4.192864990234375000e+01
5.495500946044921875e+01
4.085827636718750000e+01
5.656240844726562500e+01
3.779440689086914062e+01
1.076670074462890625e+02
8.720022583007812500e+01
3.868434143066406250e+01
5.591235733032226562e+01
3.522174453735351562e+01
5.196582412719726562e+01
3.000000000000000000e+01
3.134799957275390625e+01
8.668287658691406250e+01
4.323096084594726562e+01
3.655040740966796875e+01
4.620886230468750000e+01
8.003295898437500000e+01
4.781223297119140625e+01
6.189297485351562500e+01
4.055546569824218750e+01
4.508009719848632812e+01
3.941324615478515625e+01
3.204900741577148438e+01
5.584197235107421875e+01
9.512762451171875000e+01
5.342475128173828125e+01
3.465927505493164062e+01
3.740377807617187500e+01
4.156965637207031250e+01
3.934329223632812500e+01
4.514643096923828125e+01
5.476185607910156250e+01
9.270456695556640625e+01
5.445321273803710938e+01
8.120387268066406250e+01
6.620703125000000000e+01
6.696441650390625000e+01
5.439117431640625000e+01
3.279509353637695312e+01
3.770010375976562500e+01
5.190101623535156250e+01
3.942372512817382812e+01
5.346791076660156250e+01
4.081408691406250000e+01
3.275545501708984375e+01
3.000000000000000000e+01
3.000000000000000000e+01
3.228799819946289062e+01
4.695138549804687500e+01
6.524045562744140625e+01
5.315862274169921875e+01
3.000000000000000000e+01
4.447002410888671875e+01
3.215059280395507812e+01
4.563244628906250000e+01
5.002999114990234375e+01
6.056944656372070312e+01
4.881650161743164062e+01
4.634696960449218750e+01
3.000000000000000000e+01
6.359882354736328125e+01
4.755115890502929688e+01
3.000000000000000000e+01
6.168733978271484375e+01
3.387649536132812500e+01
6.960639190673828125e+01
4.244366073608398438e+01
5.447429656982421875e+01
5.805109786987304688e+01
3.623357009887695312e+01
3.000000000000000000e+01
3.395955657958984375e+01
5.579329299926757812e+01
4.405482864379882812e+01
4.731149291992187500e+01
4.174351119995117188e+01
4.228229522705078125e+01
3.560930252075195312e+01
8.087538146972656250e+01
6.415438079833984375e+01
8.316123199462890625e+01
3.092430496215820312e+01
4.303710937500000000e+01
5.303812408447265625e+01
3.000000000000000000e+01
5.997044372558593750e+01
4.332518768310546875e+01
6.199462127685546875e+01
5.481315994262695312e+01
4.680566406250000000e+01
3.653316497802734375e+01
4.056704711914062500e+01
3.555781936645507812e+01
7.747868347167968750e+01
3.155401611328125000e+01
3.843561553955078125e+01
3.286232376098632812e+01
3.980318450927734375e+01
5.016326522827148438e+01
3.000000000000000000e+01
4.739508056640625000e+01
3.687742614746093750e+01
3.615637588500976562e+01
5.566477203369140625e+01
6.923455810546875000e+01
3.000000000000000000e+01
5.771260070800781250e+01
3.998274612426757812e+01
4.082248306274414062e+01
4.230117797851562500e+01
4.640973663330078125e+01
3.159718894958496094e+01
3.875955963134765625e+01
4.535726547241210938e+01
3.959118652343750000e+01
3.138107299804687500e+01
3.552606582641601562e+01
3.859831619262695312e+01
3.000000000000000000e+01
3.000000000000000000e+01
3.140854835510253906e+01
3.564169311523437500e+01
5.836384201049804688e+01
4.719884490966796875e+01
8.003295135498046875e+01
3.576525115966796875e+01
3.844568634033203125e+01
3.000000000000000000e+01
7.842272186279296875e+01
3.860789489746093750e+01
4.243088531494140625e+01
7.747868347167968750e+01
4.349155807495117188e+01
4.114187622070312500e+01
4.026969146728515625e+01
4.662723922729492188e+01
8.712599182128906250e+01
7.784566497802734375e+01
5.868595886230468750e+01
7.208523559570312500e+01
3.000000000000000000e+01
3.753886413574218750e+01
4.233226776123046875e+01
3.170808792114257812e+01
4.512967681884765625e+01
4.920653533935546875e+01
3.200548934936523438e+01
3.477171325683593750e+01
6.696617126464843750e+01
3.090512657165527344e+01
5.476633071899414062e+01
4.079959869384765625e+01
3.893920135498046875e+01
3.000000000000000000e+01
3.674645614624023438e+01
5.435074615478515625e+01
3.650844192504882812e+01
3.834051132202148438e+01
7.505265808105468750e+01
4.262037658691406250e+01
4.892073059082031250e+01
6.824588012695312500e+01
4.809352874755859375e+01
4.540279388427734375e+01
3.825008392333984375e+01
4.592189025878906250e+01
4.167092895507812500e+01
3.675348663330078125e+01
3.687898254394531250e+01
3.946286773681640625e+01
6.171652984619140625e+01
6.369868850708007812e+01
4.614562225341796875e+01
3.178003692626953125e+01
4.200929641723632812e+01
3.596283721923828125e+01
3.000000000000000000e+01
6.019206237792968750e+01
4.114547729492187500e+01
4.304461288452148438e+01
3.453333663940429688e+01
3.107553672790527344e+01
4.949424743652343750e+01
4.579012298583984375e+01
5.130628204345703125e+01
3.993946075439453125e+01
5.250707244873046875e+01
5.104828643798828125e+01
3.945434188842773438e+01
3.503661346435546875e+01
4.339181518554687500e+01
3.179557037353515625e+01
7.171258544921875000e+01
4.569303512573242188e+01
3.913768005371093750e+01
4.046453857421875000e+01
7.924610900878906250e+01
3.937944793701171875e+01
3.428589630126953125e+01
3.000000000000000000e+01
3.000000000000000000e+01
5.149507904052734375e+01
4.445794296264648438e+01
4.334171295166015625e+01
3.000000000000000000e+01
3.329784011840820312e+01
3.000000000000000000e+01
3.946979141235351562e+01
5.015485763549804688e+01
3.507281112670898438e+01
4.615591812133789062e+01
4.834568405151367188e+01
5.406621551513671875e+01
4.555250549316406250e+01
5.000535202026367188e+01
6.019218063354492188e+01
3.000000000000000000e+01
6.066728973388671875e+01
3.308861923217773438e+01
3.000000000000000000e+01
4.128415679931640625e+01
4.775158691406250000e+01
3.492433166503906250e+01
4.064686584472656250e+01
3.308147048950195312e+01
4.450252151489257812e+01
3.366202926635742188e+01
3.460845947265625000e+01
