5.148572540283203125e+01
6.795087432861328125e+01
3.524600982666015625e+01
3.940692901611328125e+01
7.016125488281250000e+01
6.036243438720703125e+01
3.000000000000000000e+01
7.206105041503906250e+01
5.922766876220703125e+01
1.227118835449218750e+02
5.093749237060546875e+01
1.226339416503906250e+02
5.098222351074218750e+01
4.539939880371093750e+01
3.000000000000000000e+01
6.491841125488281250e+01
7.528971862792968750e+01
4.191530609130859375e+01
4.119167327880859375e+01
1.387895050048828125e+02
3.915092468261718750e+01
8.001633453369140625e+01
3.000000000000000000e+01
3.000000000000000000e+01
4.137587738037109375e+01
7.520591735839843750e+01
3.000000000000000000e+01
5.614540100097656250e+01
1.890650024414062500e+02
5.495668029785156250e+01
6.244631958007812500e+01
4.556997680664062500e+01
4.592719268798828125e+01
9.834869384765625000e+01
4.689949798583984375e+01
6.219869232177734375e+01
6.757652282714843750e+01
5.284342193603515625e+01
4.425444412231445312e+01
3.000000000000000000e+01
4.152525329589843750e+01
3.186366653442382812e+01
5.564828491210937500e+01
4.426970672607421875e+01
4.113476562500000000e+01
4.498136520385742188e+01
3.667013168334960938e+01
6.245985412597656250e+01
1.239391174316406250e+02
5.178358078002929688e+01
4.339643859863281250e+01
4.133284378051757812e+01
7.604870605468750000e+01
4.372388458251953125e+01
1.201412658691406250e+02
4.499757766723632812e+01
6.480862426757812500e+01
4.675657653808593750e+01
5.810215759277343750e+01
7.711538696289062500e+01
5.655681228637695312e+01
8.460845184326171875e+01
3.645480346679687500e+01
9.620582580566406250e+01
1.092510375976562500e+02
5.281550216674804688e+01
4.848060607910156250e+01
3.000000000000000000e+01
4.351380157470703125e+01
4.684027099609375000e+01
6.066729736328125000e+01
3.671818161010742188e+01
8.384294891357421875e+01
3.318656158447265625e+01
5.723119354248046875e+01
3.219423294067382812e+01
5.360321807861328125e+01
4.454738235473632812e+01
3.913841629028320312e+01
6.729248046875000000e+01
3.605675506591796875e+01
7.528971862792968750e+01
4.984463500976562500e+01
1.252295989990234375e+02
1.091632537841796875e+02
3.942473983764648438e+01
4.019127655029296875e+01
4.836397933959960938e+01
5.098222351074218750e+01
6.285728454589843750e+01
5.189993667602539062e+01
5.997720718383789062e+01
6.190352630615234375e+01
5.641749954223632812e+01
1.009478607177734375e+02
8.739755249023437500e+01
6.675618743896484375e+01
3.948546981811523438e+01
7.382051086425781250e+01
4.312637710571289062e+01
1.017152786254882812e+02
6.647444152832031250e+01
1.446445770263671875e+02
3.000000000000000000e+01
4.687700653076171875e+01
8.776573181152343750e+01
3.000000000000000000e+01
6.498188781738281250e+01
5.733185577392578125e+01
3.434588623046875000e+01
4.325814819335937500e+01
3.000000000000000000e+01
6.927023315429687500e+01
1.306787109375000000e+02
4.046555328369140625e+01
3.905355453491210938e+01
9.981047821044921875e+01
4.492954254150390625e+01
8.731876373291015625e+01
5.710601043701171875e+01
4.651966476440429688e+01
5.558156967163085938e+01
6.069628524780273438e+01
4.531033325195312500e+01
4.179994201660156250e+01
4.987983703613281250e+01
6.765658569335937500e+01
5.925630187988281250e+01
4.522800064086914062e+01
3.343988418579101562e+01
4.921541595458984375e+01
1.128706588745117188e+02
4.907843780517578125e+01
3.000000000000000000e+01
6.200629043579101562e+01
4.246212768554687500e+01
1.212854156494140625e+02
4.426219177246093750e+01
4.695470809936523438e+01
6.364396286010742188e+01
5.463322448730468750e+01
8.808204650878906250e+01
6.668241119384765625e+01
5.628252029418945312e+01
6.832746887207031250e+01
4.373053359985351562e+01
8.631964111328125000e+01
9.317687988281250000e+01
3.444406890869140625e+01
1.213564300537109375e+02
5.652352142333984375e+01
7.683276367187500000e+01
5.390091323852539062e+01
8.130660247802734375e+01
5.303941726684570312e+01
1.101992492675781250e+02
3.000000000000000000e+01
1.398920288085937500e+02
4.692800521850585938e+01
6.124814605712890625e+01
3.790512084960937500e+01
5.699304962158203125e+01
5.170321655273437500e+01
3.619501495361328125e+01
7.624440002441406250e+01
3.770792770385742188e+01
6.122452545166015625e+01
4.797481155395507812e+01
3.544639205932617188e+01
1.185481338500976562e+02
4.252702331542968750e+01
4.986818313598632812e+01
3.180854606628417969e+01
3.643893814086914062e+01
5.394997406005859375e+01
6.337803649902343750e+01
4.437604522705078125e+01
4.725871276855468750e+01
7.603822326660156250e+01
5.375599288940429688e+01
6.779833984375000000e+01
6.610345458984375000e+01
6.618674468994140625e+01
6.090443420410156250e+01
4.253432464599609375e+01
3.002580451965332031e+01
4.999190902709960938e+01
7.326220703125000000e+01
5.189815139770507812e+01
5.052726745605468750e+01
4.484632110595703125e+01
5.583181762695312500e+01
5.416598129272460938e+01
3.969609832763671875e+01
3.934345245361328125e+01
5.268923950195312500e+01
3.906361770629882812e+01
7.948619842529296875e+01
1.525656127929687500e+02
6.914115905761718750e+01
6.731243896484375000e+01
1.195101623535156250e+02
6.800476074218750000e+01
4.398320770263671875e+01
4.822515869140625000e+01
4.473005676269531250e+01
4.441259002685546875e+01
3.271421813964843750e+01
1.088735427856445312e+02
3.746968841552734375e+01
4.117086791992187500e+01
1.006988449096679688e+02
4.365928268432617188e+01
4.181367111206054688e+01
4.019399261474609375e+01
4.428401565551757812e+01
4.732100677490234375e+01
5.332229614257812500e+01
4.147568893432617188e+01
4.513034439086914062e+01
3.527810287475585938e+01
6.004347229003906250e+01
1.047564926147460938e+02
3.981460571289062500e+01
4.041014099121093750e+01
4.500669860839843750e+01
6.450157165527343750e+01
1.033227386474609375e+02
6.821246337890625000e+01
1.168691558837890625e+02
3.795656204223632812e+01
5.238420104980468750e+01
5.251873397827148438e+01
6.706462860107421875e+01
3.900874328613281250e+01
6.759542083740234375e+01
4.137794494628906250e+01
4.390042114257812500e+01
7.855048370361328125e+01
5.086566925048828125e+01
4.455494689941406250e+01
1.271823730468750000e+02
1.135805969238281250e+02
6.830424499511718750e+01
9.023593139648437500e+01
3.523236846923828125e+01
5.131854248046875000e+01
1.349754180908203125e+02
1.807347717285156250e+02
4.286033630371093750e+01
6.476757812500000000e+01
4.492958068847656250e+01
4.640291213989257812e+01
7.512809753417968750e+01
4.346886062622070312e+01
6.024402618408203125e+01
4.085254669189453125e+01
4.525114059448242188e+01
4.805920028686523438e+01
1.582453765869140625e+02
5.104216766357421875e+01
5.112923431396484375e+01
5.613735198974609375e+01
4.649552154541015625e+01
1.122522125244140625e+02
3.801360321044921875e+01
1.499965209960937500e+02
6.471034240722656250e+01
7.208346557617187500e+01
5.362841796875000000e+01
5.541730117797851562e+01
4.777935028076171875e+01
6.830424499511718750e+01
7.112774658203125000e+01
1.797868041992187500e+02
4.262246704101562500e+01
7.183262634277343750e+01
8.106150817871093750e+01
1.031146926879882812e+02
1.031436843872070312e+02
6.434497070312500000e+01
7.823159027099609375e+01
6.045109558105468750e+01
4.476636505126953125e+01
5.964381027221679688e+01
4.038995742797851562e+01
3.000000000000000000e+01
6.238794326782226562e+01
4.009819793701171875e+01
3.736865997314453125e+01
4.381678771972656250e+01
4.820427703857421875e+01
3.000000000000000000e+01
1.110095062255859375e+02
3.000000000000000000e+01
3.070022773742675781e+01
5.014867401123046875e+01
5.780861282348632812e+01
4.443827819824218750e+01
5.782897949218750000e+01
5.049663543701171875e+01
3.470314025878906250e+01
4.233695220947265625e+01
7.533988952636718750e+01
6.976802825927734375e+01
4.278770446777343750e+01
7.819419860839843750e+01
8.605476379394531250e+01
6.626218414306640625e+01
1.335598602294921875e+02
1.510538940429687500e+02
3.000000000000000000e+01
9.798900604248046875e+01
1.091002731323242188e+02
9.575650024414062500e+01
4.349082183837890625e+01
4.079807281494140625e+01
1.410831298828125000e+02
5.904690170288085938e+01
7.382051086425781250e+01
5.086660003662109375e+01
4.455276489257812500e+01
4.689572143554687500e+01
5.436472702026367188e+01
3.650170135498046875e+01
3.201784896850585938e+01
3.547172546386718750e+01
3.707943344116210938e+01
8.384294891357421875e+01
4.335997009277343750e+01
8.083071899414062500e+01
4.945656204223632812e+01
4.920948791503906250e+01
4.418898391723632812e+01
4.336399841308593750e+01
4.634728240966796875e+01
7.664819335937500000e+01
5.330096054077148438e+01
4.752954864501953125e+01
3.314407348632812500e+01
5.846053314208984375e+01
8.948603820800781250e+01
4.784044265747070312e+01
6.626218414306640625e+01
4.505833053588867188e+01
5.098736953735351562e+01
1.746883850097656250e+02
3.627008438110351562e+01
4.432444000244140625e+01
1.164489059448242188e+02
1.556702880859375000e+02
1.901582946777343750e+02
5.587005615234375000e+01
8.460845184326171875e+01
4.177033233642578125e+01
1.145270767211914062e+02
6.609091186523437500e+01
3.690497589111328125e+01
1.410558319091796875e+02
5.621371841430664062e+01
5.281744003295898438e+01
1.253657379150390625e+02
5.248208618164062500e+01
6.219355773925781250e+01
9.957741546630859375e+01
3.669368743896484375e+01
7.101770782470703125e+01
1.038092880249023438e+02
3.459060668945312500e+01
6.739142608642578125e+01
5.932043075561523438e+01
4.386116790771484375e+01
8.984258270263671875e+01
1.395695953369140625e+02
6.820700073242187500e+01
1.369008026123046875e+02
8.694593811035156250e+01
5.495667648315429688e+01
1.004553527832031250e+02
8.576189422607421875e+01
3.000000000000000000e+01
3.052274322509765625e+01
3.190689659118652344e+01
4.223116302490234375e+01
6.295351409912109375e+01
1.135805969238281250e+02
4.972373199462890625e+01
4.856541824340820312e+01
3.774192428588867188e+01
2.792650146484375000e+02
4.574155807495117188e+01
4.122757720947265625e+01
3.804585266113281250e+01
3.000000000000000000e+01
4.675328445434570312e+01
6.300475692749023438e+01
7.262184906005859375e+01
1.115690536499023438e+02
5.053221130371093750e+01
3.830397033691406250e+01
5.136354446411132812e+01
4.388522338867187500e+01
1.596253051757812500e+02
4.883381271362304688e+01
3.372511291503906250e+01
6.247009277343750000e+01
4.644726181030273438e+01
6.204312515258789062e+01
7.591267395019531250e+01
1.295618591308593750e+02
7.921878814697265625e+01
9.089247894287109375e+01
4.534102630615234375e+01
3.651403427124023438e+01
7.456713104248046875e+01
3.727902984619140625e+01
9.250332641601562500e+01
6.553014373779296875e+01
3.000000000000000000e+01
3.432878875732421875e+01
9.354804992675781250e+01
3.628620529174804688e+01
3.814543914794921875e+01
1.298235168457031250e+02
5.868404388427734375e+01
4.699914169311523438e+01
7.713981628417968750e+01
4.605295944213867188e+01
6.361170959472656250e+01
8.773107147216796875e+01
5.502136611938476562e+01
8.083071899414062500e+01
2.177430114746093750e+02
5.436472702026367188e+01
1.286336669921875000e+02
3.939604949951171875e+01
4.941369628906250000e+01
8.133662414550781250e+01
5.614540100097656250e+01
5.885419464111328125e+01
6.860965728759765625e+01
3.000000000000000000e+01
6.654455566406250000e+01
4.612567520141601562e+01
7.513786315917968750e+01
3.957891082763671875e+01
4.790857696533203125e+01
6.935480499267578125e+01
6.486441040039062500e+01
8.181775665283203125e+01
5.091031265258789062e+01
5.390091323852539062e+01
4.903989791870117188e+01
5.742406463623046875e+01
7.072979736328125000e+01
3.751245117187500000e+01
1.048316040039062500e+02
9.498270416259765625e+01
3.290207672119140625e+01
1.118895263671875000e+02
8.406118774414062500e+01
4.865882873535156250e+01
4.649222564697265625e+01
4.400689697265625000e+01
5.071197891235351562e+01
1.945850830078125000e+02
3.964146423339843750e+01
5.806905746459960938e+01
5.691496276855468750e+01
4.328297424316406250e+01
8.676724243164062500e+01
3.965963745117187500e+01
4.059892272949218750e+01
1.385929870605468750e+02
6.976802825927734375e+01
9.699385833740234375e+01
5.510039520263671875e+01
3.869975280761718750e+01
5.307052230834960938e+01
9.382487487792968750e+01
8.887467193603515625e+01
8.167692565917968750e+01
7.109836578369140625e+01
4.131455993652343750e+01
8.957121276855468750e+01
7.847770690917968750e+01
4.222357940673828125e+01
4.181367111206054688e+01
8.428955841064453125e+01
8.718055725097656250e+01
5.726034545898437500e+01
5.754739379882812500e+01
5.062816238403320312e+01
3.000000000000000000e+01
4.479000091552734375e+01
3.000000000000000000e+01
5.028182983398437500e+01
3.000000000000000000e+01
3.793537139892578125e+01
4.673822784423828125e+01
5.238384246826171875e+01
4.648465728759765625e+01
8.599900817871093750e+01
5.965547561645507812e+01
4.487782669067382812e+01
4.018636322021484375e+01
4.779754257202148438e+01
6.171947860717773438e+01
3.093671035766601562e+01
3.825915527343750000e+01
5.509532928466796875e+01
3.197909355163574219e+01
5.404061889648437500e+01
3.000000000000000000e+01
5.210918045043945312e+01
3.000000000000000000e+01
3.000000000000000000e+01
1.054778442382812500e+02
4.506126785278320312e+01
3.261970901489257812e+01
5.810560226440429688e+01
3.372511291503906250e+01
7.563153839111328125e+01
3.000000000000000000e+01
4.852300643920898438e+01
1.197160186767578125e+02
4.490932464599609375e+01
1.168795852661132812e+02
1.148140716552734375e+02
3.929202651977539062e+01
3.845388412475585938e+01
8.087237548828125000e+01
4.131224822998046875e+01
4.947898864746093750e+01
5.613735198974609375e+01
9.256019592285156250e+01
4.477240371704101562e+01
4.030813980102539062e+01
5.249516296386718750e+01
3.354721832275390625e+01
4.516139984130859375e+01
1.048371505737304688e+02
3.982419967651367188e+01
7.368881225585937500e+01
5.715266036987304688e+01
3.609331130981445312e+01
3.000000000000000000e+01
5.079823303222656250e+01
3.853172302246093750e+01
4.323926925659179688e+01
3.635966491699218750e+01
3.806050491333007812e+01
4.469489288330078125e+01
4.933343505859375000e+01
5.292934036254882812e+01
4.536692810058593750e+01
5.791248321533203125e+01
6.498188781738281250e+01
6.701512145996093750e+01
1.088735427856445312e+02
5.751497650146484375e+01
1.025718612670898438e+02
8.826188659667968750e+01
1.211450500488281250e+02
3.978345489501953125e+01
5.423077774047851562e+01
4.040652084350585938e+01
3.411624145507812500e+01
6.865570068359375000e+01
7.637637329101562500e+01
8.457514190673828125e+01
9.025166320800781250e+01
4.046555328369140625e+01
4.642404174804687500e+01
6.765150451660156250e+01
1.004332962036132812e+02
3.826666259765625000e+01
5.806734466552734375e+01
4.325605773925781250e+01
3.812512588500976562e+01
9.562229919433593750e+01
5.189993286132812500e+01
4.477374267578125000e+01
4.341930007934570312e+01
4.934685897827148438e+01
6.475215911865234375e+01
8.990986633300781250e+01
4.192975997924804688e+01
3.427639770507812500e+01
3.513224411010742188e+01
1.115690536499023438e+02
3.975406646728515625e+01
3.851578521728515625e+01
5.442434692382812500e+01
6.164148712158203125e+01
4.634700393676757812e+01
5.930551147460937500e+01
4.915531921386718750e+01
6.985514831542968750e+01
4.048850250244140625e+01
6.022868347167968750e+01
7.181600952148437500e+01
7.965589904785156250e+01
7.076525878906250000e+01
4.892610931396484375e+01
3.170802497863769531e+01
7.031547546386718750e+01
6.839324951171875000e+01
4.673346328735351562e+01
6.031928253173828125e+01
5.377948760986328125e+01
4.070002746582031250e+01
6.549550628662109375e+01
3.963834381103515625e+01
3.042838859558105469e+01
4.860118484497070312e+01
7.048339080810546875e+01
6.935480499267578125e+01
5.177983856201171875e+01
4.776344299316406250e+01
3.704315185546875000e+01
7.637568664550781250e+01
1.009266128540039062e+02
7.422873687744140625e+01
4.166619873046875000e+01
1.211450500488281250e+02
5.587005615234375000e+01
6.847315979003906250e+01
8.718056488037109375e+01
3.860473632812500000e+01
3.399046325683593750e+01
6.982200622558593750e+01
3.000000000000000000e+01
3.858010101318359375e+01
2.332539825439453125e+02
5.007028961181640625e+01
4.595652008056640625e+01
3.649058914184570312e+01
1.229444122314453125e+02
5.819562530517578125e+01
5.342926788330078125e+01
9.204382324218750000e+01
5.061479187011718750e+01
1.374628601074218750e+02
7.532465362548828125e+01
9.555014038085937500e+01
3.354039001464843750e+01
4.014392471313476562e+01
5.621813201904296875e+01
7.700565338134765625e+01
6.446913909912109375e+01
5.330096435546875000e+01
4.965750122070312500e+01
3.000000000000000000e+01
4.596569061279296875e+01
6.012593078613281250e+01
6.818646240234375000e+01
3.674642562866210938e+01
7.731541442871093750e+01
7.535733032226562500e+01
4.767445373535156250e+01
3.342385864257812500e+01
5.319516754150390625e+01
3.000000000000000000e+01
4.985203552246093750e+01
1.126566925048828125e+02
5.605373382568359375e+01
7.725175476074218750e+01
5.268577575683593750e+01
4.196223831176757812e+01
3.487080383300781250e+01
8.808204650878906250e+01
6.447805023193359375e+01
8.371788024902343750e+01
1.038947448730468750e+02
5.189466094970703125e+01
4.828635406494140625e+01
4.488217926025390625e+01
3.000370216369628906e+01
5.742973327636718750e+01
6.187284088134765625e+01
1.945850830078125000e+02
4.794737243652343750e+01
4.706800460815429688e+01
5.471507644653320312e+01
5.310522460937500000e+01
4.657844161987304688e+01
5.675336074829101562e+01
5.236984252929687500e+01
6.014394760131835938e+01
8.433843994140625000e+01
3.000000000000000000e+01
3.000000000000000000e+01
5.483224487304687500e+01
1.015733947753906250e+02
6.844388580322265625e+01
1.168795852661132812e+02
3.678595733642578125e+01
4.086728668212890625e+01
5.343263626098632812e+01
7.570455932617187500e+01
1.704698028564453125e+02
6.498971557617187500e+01
5.766286849975585938e+01
4.607460403442382812e+01
3.000000000000000000e+01
3.000000000000000000e+01
8.436740875244140625e+01
3.044391059875488281e+01
3.405205154418945312e+01
5.751892089843750000e+01
8.917868041992187500e+01
4.964640808105468750e+01
9.128060913085937500e+01
4.121412658691406250e+01
4.927438354492187500e+01
5.904690170288085938e+01
6.138063049316406250e+01
5.288913726806640625e+01
4.442299652099609375e+01
4.520722198486328125e+01
3.112117385864257812e+01
4.519576263427734375e+01
4.883380889892578125e+01
3.845476913452148438e+01
4.910853576660156250e+01
5.868404388427734375e+01
4.841138076782226562e+01
3.000000000000000000e+01
4.431077194213867188e+01
4.122757720947265625e+01
3.455775833129882812e+01
1.280661926269531250e+02
3.000000000000000000e+01
6.366936492919921875e+01
1.104226074218750000e+02
4.581846618652343750e+01
3.146274948120117188e+01
4.305146789550781250e+01
6.124814605712890625e+01
6.165707015991210938e+01
5.939696121215820312e+01
5.533430480957031250e+01
6.127647399902343750e+01
6.232591247558593750e+01
6.190245056152343750e+01
3.943934631347656250e+01
7.151797485351562500e+01
5.142189788818359375e+01
5.307051849365234375e+01
5.177747344970703125e+01
3.474459838867187500e+01
3.234655380249023438e+01
5.473162078857421875e+01
5.394182586669921875e+01
4.511868667602539062e+01
4.443827819824218750e+01
5.427352523803710938e+01
4.804943847656250000e+01
6.274495315551757812e+01
8.274093627929687500e+01
5.417810058593750000e+01
8.701313018798828125e+01
4.307773590087890625e+01
5.086566925048828125e+01
3.376656723022460938e+01
6.529256439208984375e+01
6.900408935546875000e+01
5.768544006347656250e+01
6.870263671875000000e+01
4.083425903320312500e+01
8.362271118164062500e+01
4.694198989868164062e+01
5.363536834716796875e+01
8.823010253906250000e+01
1.387895202636718750e+02
1.342975311279296875e+02
4.364920043945312500e+01
3.983932495117187500e+01
4.586529159545898438e+01
5.318156433105468750e+01
8.181775665283203125e+01
8.258015441894531250e+01
6.129348373413085938e+01
1.044978790283203125e+02
5.319516754150390625e+01
4.692654418945312500e+01
3.848581695556640625e+01
5.958345413208007812e+01
4.939357376098632812e+01
3.303001022338867188e+01
3.772522354125976562e+01
8.649058532714843750e+01
6.567005920410156250e+01
4.822534942626953125e+01
9.635774993896484375e+01
3.536318206787109375e+01
3.803441619873046875e+01
4.684027099609375000e+01
5.519062042236328125e+01
5.864768218994140625e+01
4.442299652099609375e+01
1.866662750244140625e+02
6.493263244628906250e+01
4.737436676025390625e+01
3.975619506835937500e+01
5.645624542236328125e+01
1.209596557617187500e+02
4.612454605102539062e+01
4.178918075561523438e+01
6.283967208862304688e+01
3.674642562866210938e+01
7.912120056152343750e+01
4.707262420654296875e+01
5.469676208496093750e+01
5.004437637329101562e+01
4.624486541748046875e+01
3.526924514770507812e+01
3.571698760986328125e+01
5.511553192138671875e+01
5.762454605102539062e+01
2.111265563964843750e+02
3.000000000000000000e+01
5.050739669799804688e+01
6.253356170654296875e+01
5.700276947021484375e+01
4.212399673461914062e+01
3.350678253173828125e+01
3.857244491577148438e+01
5.104621887207031250e+01
3.732495880126953125e+01
5.176834106445312500e+01
5.860689544677734375e+01
3.975530242919921875e+01
4.195728683471679688e+01
4.356331634521484375e+01
3.929202651977539062e+01
4.330759429931640625e+01
3.236360549926757812e+01
5.549317932128906250e+01
7.569428253173828125e+01
3.000000000000000000e+01
4.506516647338867188e+01
5.014867401123046875e+01
7.432942199707031250e+01
4.694971466064453125e+01
9.875525665283203125e+01
3.000000000000000000e+01
8.167692565917968750e+01
8.464120483398437500e+01
3.949755859375000000e+01
8.823010253906250000e+01
3.731216049194335938e+01
3.881080627441406250e+01
3.849348068237304688e+01
4.310505676269531250e+01
1.203227233886718750e+02
4.745899200439453125e+01
4.151620101928710938e+01
7.424256896972656250e+01
5.077164459228515625e+01
1.052197875976562500e+02
5.870274734497070312e+01
4.100481414794921875e+01
6.049636077880859375e+01
7.351628112792968750e+01
7.873039245605468750e+01
6.996552276611328125e+01
7.182003021240234375e+01
3.250743865966796875e+01
3.315114974975585938e+01
5.414353179931640625e+01
6.918165588378906250e+01
1.253220062255859375e+02
8.864155578613281250e+01
1.106723556518554688e+02
5.411437225341796875e+01
4.135023498535156250e+01
4.162621307373046875e+01
3.330718612670898438e+01
5.257104492187500000e+01
3.000000000000000000e+01
3.116412353515625000e+01
6.652735137939453125e+01
1.172883605957031250e+02
5.002490615844726562e+01
3.029406738281250000e+01
5.398051452636718750e+01
7.142651367187500000e+01
3.750225067138671875e+01
5.116819381713867188e+01
6.187284469604492188e+01
4.276139831542968750e+01
7.146253204345703125e+01
3.000000000000000000e+01
5.892255401611328125e+01
5.953862762451171875e+01
3.570751190185546875e+01
3.587907409667968750e+01
5.992277908325195312e+01
3.721216583251953125e+01
6.278148651123046875e+01
7.220442962646484375e+01
4.432569885253906250e+01
9.023592376708984375e+01
5.070172882080078125e+01
3.812659454345703125e+01
4.327810668945312500e+01
3.393481445312500000e+01
3.340577697753906250e+01
4.424407958984375000e+01
3.320304870605468750e+01
4.194911575317382812e+01
1.024841918945312500e+02
3.830397033691406250e+01
3.861534881591796875e+01
6.486441040039062500e+01
7.460459899902343750e+01
4.368210220336914062e+01
6.455554962158203125e+01
7.513662719726562500e+01
4.648465728759765625e+01
4.705386352539062500e+01
9.083924865722656250e+01
4.314936065673828125e+01
8.388750457763671875e+01
3.913841629028320312e+01
3.083339691162109375e+01
6.285728454589843750e+01
3.911931991577148438e+01
4.578855895996093750e+01
4.796447753906250000e+01
3.704202651977539062e+01
4.764683914184570312e+01
4.357361602783203125e+01
5.621371841430664062e+01
3.768029785156250000e+01
3.817787170410156250e+01
7.927022552490234375e+01
8.780818939208984375e+01
5.264197921752929688e+01
1.011637268066406250e+02
4.825347137451171875e+01
3.000000000000000000e+01
9.559818267822265625e+01
8.740049743652343750e+01
4.279868316650390625e+01
6.090452575683593750e+01
5.195047760009765625e+01
4.777647018432617188e+01
5.632756805419921875e+01
7.961554718017578125e+01
5.061457061767578125e+01
4.292305755615234375e+01
5.510039520263671875e+01
5.588007354736328125e+01
5.854179763793945312e+01
3.166334342956542969e+01
4.765126037597656250e+01
6.395009231567382812e+01
5.710601043701171875e+01
7.578715515136718750e+01
7.233559417724609375e+01
3.990977096557617188e+01
5.592531585693359375e+01
3.432028961181640625e+01
5.529566574096679688e+01
6.765658569335937500e+01
7.954096221923828125e+01
5.469676208496093750e+01
5.054350280761718750e+01
6.374929046630859375e+01
4.765125656127929688e+01
3.357873916625976562e+01
4.428465270996093750e+01
4.873965454101562500e+01
4.054696655273437500e+01
6.224856185913085938e+01
5.038006591796875000e+01
3.423252105712890625e+01
5.104216766357421875e+01
3.905311584472656250e+01
4.352118301391601562e+01
3.259320068359375000e+01
6.107039642333984375e+01
4.040062713623046875e+01
4.580971908569335938e+01
7.016485595703125000e+01
3.789622497558593750e+01
6.418035888671875000e+01
3.735481262207031250e+01
7.766377258300781250e+01
5.922265625000000000e+01
4.843428039550781250e+01
4.777937698364257812e+01
4.360033035278320312e+01
4.180992126464843750e+01
7.575231170654296875e+01
3.000000000000000000e+01
4.332582855224609375e+01
5.846861267089843750e+01
5.593745422363281250e+01
6.731243896484375000e+01
3.394645309448242188e+01
5.633531570434570312e+01
4.372994995117187500e+01
3.000000000000000000e+01
4.287578964233398438e+01
4.424256134033203125e+01
6.714405822753906250e+01
3.336353683471679688e+01
8.133663177490234375e+01
4.486267089843750000e+01
4.117086791992187500e+01
4.013806915283203125e+01
4.180902099609375000e+01
3.732028579711914062e+01
4.952358245849609375e+01
3.983932495117187500e+01
4.132378387451171875e+01
3.387050628662109375e+01
4.270083618164062500e+01
5.084189605712890625e+01
5.284342193603515625e+01
7.116883850097656250e+01
5.288307189941406250e+01
5.344412612915039062e+01
4.680336380004882812e+01
3.000000000000000000e+01
3.801626205444335938e+01
4.180902099609375000e+01
6.870263671875000000e+01
4.612722015380859375e+01
4.302264404296875000e+01
3.504839706420898438e+01
6.941012573242187500e+01
5.889653778076171875e+01
7.583868408203125000e+01
3.684968185424804688e+01
3.220074081420898438e+01
5.965432357788085938e+01
3.303377151489257812e+01
4.702843093872070312e+01
3.160119247436523438e+01
4.683548355102539062e+01
3.026854705810546875e+01
3.000000000000000000e+01
3.983467483520507812e+01
3.871440887451171875e+01
6.873965454101562500e+01
4.506083297729492188e+01
7.954096221923828125e+01
5.914349365234375000e+01
4.299807739257812500e+01
4.067501068115234375e+01
4.281806182861328125e+01
3.000000000000000000e+01
4.086610794067382812e+01
5.492806243896484375e+01
7.262184906005859375e+01
4.852300643920898438e+01
4.634339141845703125e+01
3.989472198486328125e+01
8.260296630859375000e+01
4.910240173339843750e+01
3.593872451782226562e+01
3.000000000000000000e+01
3.000000000000000000e+01
3.613603210449218750e+01
3.474459838867187500e+01
5.920236206054687500e+01
3.563619232177734375e+01
4.170579528808593750e+01
3.710070037841796875e+01
3.143073081970214844e+01
3.323276901245117188e+01
4.714859008789062500e+01
3.850846862792968750e+01
5.709285354614257812e+01
3.645436096191406250e+01
6.364396286010742188e+01
5.914349365234375000e+01
6.896110534667968750e+01
3.000000000000000000e+01
3.000000000000000000e+01
7.213264465332031250e+01
3.000000000000000000e+01
5.063787078857421875e+01
7.613909912109375000e+01
3.633281326293945312e+01
3.836714935302734375e+01
5.218904495239257812e+01
3.845388031005859375e+01
5.112367630004882812e+01
5.053221130371093750e+01
3.139060020446777344e+01
4.288423919677734375e+01
7.040704345703125000e+01
4.665682601928710938e+01
7.351628112792968750e+01
8.157492065429687500e+01
3.000000000000000000e+01
5.539086914062500000e+01
7.413316345214843750e+01
5.885419464111328125e+01
4.964339828491210938e+01
4.897085189819335938e+01
6.759542083740234375e+01
7.591267395019531250e+01
4.685262298583984375e+01
6.697215270996093750e+01
6.761391448974609375e+01
3.000000000000000000e+01
7.221623229980468750e+01
4.604914855957031250e+01
3.211112594604492188e+01
4.172265243530273438e+01
5.032440567016601562e+01
4.000481796264648438e+01
6.503356933593750000e+01
5.030717468261718750e+01
5.050739669799804688e+01
4.293410873413085938e+01
4.260293579101562500e+01
4.252994537353515625e+01
4.036862182617187500e+01
7.793909454345703125e+01
3.155129432678222656e+01
3.588334655761718750e+01
5.561251831054687500e+01
3.462834930419921875e+01
4.832640075683593750e+01
4.266331481933593750e+01
4.777937316894531250e+01
3.000000000000000000e+01
3.543371200561523438e+01
4.494234085083007812e+01
4.756328201293945312e+01
3.769636154174804688e+01
4.243057250976562500e+01
5.483224487304687500e+01
3.284520721435546875e+01
4.323926925659179688e+01
4.517447662353515625e+01
7.944653320312500000e+01
4.574434661865234375e+01
6.448456573486328125e+01
1.075391235351562500e+02
5.309094619750976562e+01
4.986817932128906250e+01
3.892723083496093750e+01
4.153829956054687500e+01
4.496011352539062500e+01
4.086074066162109375e+01
4.747150421142578125e+01
1.038947448730468750e+02
5.232928466796875000e+01
3.560091781616210938e+01
4.823957824707031250e+01
5.630787277221679688e+01
3.000000000000000000e+01
4.516139984130859375e+01
5.519062042236328125e+01
6.425659179687500000e+01
3.000000000000000000e+01
5.439547348022460938e+01
3.622206115722656250e+01
4.420248794555664062e+01
6.549551391601562500e+01
4.054840850830078125e+01
5.066305923461914062e+01
5.095640563964843750e+01
3.000000000000000000e+01
6.554254150390625000e+01
5.085982894897460938e+01
4.355757522583007812e+01
6.844388580322265625e+01
3.976098632812500000e+01
3.000000000000000000e+01
4.657844161987304688e+01
5.000065994262695312e+01
4.398320770263671875e+01
4.031150054931640625e+01
3.529683303833007812e+01
4.585082244873046875e+01
3.879759979248046875e+01
5.268449401855468750e+01
5.121353912353515625e+01
3.521623992919921875e+01
5.453785324096679688e+01
3.933361434936523438e+01
4.503041076660156250e+01
4.619830322265625000e+01
4.937276458740234375e+01
3.978345489501953125e+01
4.665898513793945312e+01
5.011527633666992188e+01
5.568025970458984375e+01
3.939010620117187500e+01
6.336352920532226562e+01
3.637082672119140625e+01
5.585274124145507812e+01
4.107664489746093750e+01
1.063216705322265625e+02
8.417393493652343750e+01
3.895162200927734375e+01
5.686419677734375000e+01
3.229071044921875000e+01
5.602913665771484375e+01
3.000000000000000000e+01
3.441269683837890625e+01
8.023941802978515625e+01
5.016022872924804688e+01
3.664897155761718750e+01
4.881030654907226562e+01
9.368104553222656250e+01
4.818759918212890625e+01
5.639810180664062500e+01
3.150260353088378906e+01
4.953150177001953125e+01
3.827622985839843750e+01
3.398061370849609375e+01
5.599461364746093750e+01
8.986293029785156250e+01
5.249375534057617188e+01
3.441420364379882812e+01
4.133050155639648438e+01
4.475823211669921875e+01
3.940717315673828125e+01
3.952124023437500000e+01
5.647443389892578125e+01
9.875525665283203125e+01
5.374565124511718750e+01
7.674263763427734375e+01
6.304442596435546875e+01
7.771886444091796875e+01
5.626200485229492188e+01
3.536380004882812500e+01
4.056290054321289062e+01
5.435959625244140625e+01
4.085401916503906250e+01
5.306393432617187500e+01
3.846401596069335938e+01
3.556835937500000000e+01
3.000000000000000000e+01
3.000000000000000000e+01
3.638947296142578125e+01
4.606372833251953125e+01
6.877689361572265625e+01
5.464291000366210938e+01
3.247685623168945312e+01
4.622888183593750000e+01
3.557608413696289062e+01
5.762004470825195312e+01
5.579778671264648438e+01
6.668241119384765625e+01
4.793119430541992188e+01
4.539939880371093750e+01
3.000000000000000000e+01
8.957121276855468750e+01
4.457768630981445312e+01
3.117965507507324219e+01
4.180992126464843750e+01
3.379888534545898438e+01
7.665954589843750000e+01
4.300314712524414062e+01
4.813351440429687500e+01
6.410850524902343750e+01
3.709102630615234375e+01
3.000000000000000000e+01
3.205006408691406250e+01
5.674301147460937500e+01
3.651403427124023438e+01
5.166184997558593750e+01
4.558686065673828125e+01
3.000000000000000000e+01
3.894855499267578125e+01
7.912120056152343750e+01
6.148296356201171875e+01
8.605476379394531250e+01
3.000000000000000000e+01
3.871927261352539062e+01
6.085503768920898438e+01
3.000000000000000000e+01
6.370981979370117188e+01
4.509145355224609375e+01
6.379061508178710938e+01
5.088680648803710938e+01
5.326889801025390625e+01
4.021033477783203125e+01
4.257575988769531250e+01
3.000000000000000000e+01
7.862985992431640625e+01
3.469673156738281250e+01
4.170672607421875000e+01
3.682954025268554688e+01
3.903065872192382812e+01
4.944412994384765625e+01
3.000000000000000000e+01
5.098736953735351562e+01
5.277730941772460938e+01
3.459798049926757812e+01
6.090443420410156250e+01
7.424256896972656250e+01
3.964318466186523438e+01
5.617269897460937500e+01
4.189110565185546875e+01
4.060563659667968750e+01
4.220439147949218750e+01
4.331260681152343750e+01
3.366515731811523438e+01
4.226325988769531250e+01
4.471759033203125000e+01
4.157575225830078125e+01
3.000000000000000000e+01
3.506249237060546875e+01
4.007006072998046875e+01
3.000000000000000000e+01
3.092904090881347656e+01
3.084290504455566406e+01
3.446464157104492188e+01
5.878614044189453125e+01
5.017161178588867188e+01
9.368104553222656250e+01
3.445531845092773438e+01
3.978684997558593750e+01
3.108475494384765625e+01
7.361590576171875000e+01
3.354721832275390625e+01
4.255020141601562500e+01
7.862986755371093750e+01
4.420036315917968750e+01
4.377604293823242188e+01
4.130527496337890625e+01
4.673823165893554688e+01
1.050468444824218750e+02
7.271300506591796875e+01
5.966373062133789062e+01
6.803807830810546875e+01
3.000000000000000000e+01
3.319048309326171875e+01
3.931595611572265625e+01
3.807392120361328125e+01
4.928106689453125000e+01
4.776628875732421875e+01
3.770085525512695312e+01
3.430184555053710938e+01
5.795573425292968750e+01
3.322455978393554688e+01
5.660345458984375000e+01
5.219369506835937500e+01
4.073487854003906250e+01
3.000000000000000000e+01
4.166619873046875000e+01
7.413316345214843750e+01
3.198816490173339844e+01
4.256515502929687500e+01
7.843804168701171875e+01
3.662915039062500000e+01
5.836053466796875000e+01
7.272506713867187500e+01
4.765727996826171875e+01
4.165415191650390625e+01
3.713533401489257812e+01
4.702894973754882812e+01
4.761925506591796875e+01
3.761309051513671875e+01
4.065778350830078125e+01
3.436538696289062500e+01
6.296530151367187500e+01
6.460079193115234375e+01
4.652030944824218750e+01
3.614083099365234375e+01
5.872111511230468750e+01
3.877719497680664062e+01
3.000000000000000000e+01
5.836124420166015625e+01
5.332621765136718750e+01
4.017100143432617188e+01
4.030401611328125000e+01
3.039997863769531250e+01
4.559321212768554688e+01
3.438328552246093750e+01
5.438566589355468750e+01
3.854993057250976562e+01
5.232928466796875000e+01
5.864768218994140625e+01
4.194861984252929688e+01
3.746183776855468750e+01
4.687237548828125000e+01
3.000000000000000000e+01
6.946468353271484375e+01
4.782008361816406250e+01
4.230712890625000000e+01
3.964779663085937500e+01
7.432942199707031250e+01
4.273869323730468750e+01
3.742042160034179688e+01
3.000000000000000000e+01
3.000000000000000000e+01
5.404503631591796875e+01
4.411594009399414062e+01
4.178473281860351562e+01
3.608947753906250000e+01
3.216699600219726562e+01
3.000000000000000000e+01
4.131649780273437500e+01
5.140416336059570312e+01
3.772808456420898438e+01
4.937651824951171875e+01
4.944230651855468750e+01
5.936265563964843750e+01
4.491371917724609375e+01
4.511491012573242188e+01
5.153822326660156250e+01
3.000000000000000000e+01
5.881370544433593750e+01
3.000000000000000000e+01
3.000000000000000000e+01
4.553878402709960938e+01
4.752293395996093750e+01
3.480831146240234375e+01
4.102169799804687500e+01
3.861693191528320312e+01
3.752154159545898438e+01
3.792378234863281250e+01
3.907395553588867188e+01
