5.129876708984375000e+01
6.398445892333984375e+01
3.817802429199218750e+01
3.849230194091796875e+01
7.301957702636718750e+01
5.539236068725585938e+01
3.000000000000000000e+01
6.093272018432617188e+01
5.718744659423828125e+01
1.225081176757812500e+02
4.693444824218750000e+01
1.070149459838867188e+02
5.039566802978515625e+01
4.283755493164062500e+01
3.000000000000000000e+01
5.042541885375976562e+01
7.663320159912109375e+01
4.467027282714843750e+01
3.921801757812500000e+01
1.346502838134765625e+02
3.758114242553710938e+01
8.925901031494140625e+01
3.016375350952148438e+01
3.000000000000000000e+01
3.448383331298828125e+01
7.642733764648437500e+01
3.010920715332031250e+01
5.369518280029296875e+01
1.799733886718750000e+02
3.710294342041015625e+01
6.541488647460937500e+01
4.630726242065429688e+01
3.296847915649414062e+01
9.601296997070312500e+01
4.092509078979492188e+01
6.601113891601562500e+01
7.548817443847656250e+01
5.626247406005859375e+01
4.360922241210937500e+01
3.000000000000000000e+01
3.942224121093750000e+01
3.527207946777343750e+01
5.606442642211914062e+01
4.493937301635742188e+01
3.000000000000000000e+01
3.033210754394531250e+01
3.000000000000000000e+01
7.214520263671875000e+01
1.074734802246093750e+02
5.960835266113281250e+01
4.297926330566406250e+01
4.225662231445312500e+01
7.020013427734375000e+01
4.225677490234375000e+01
1.099846343994140625e+02
3.912624359130859375e+01
6.503492736816406250e+01
4.614757156372070312e+01
6.574664306640625000e+01
7.371423339843750000e+01
4.979887771606445312e+01
8.078932189941406250e+01
4.164851379394531250e+01
1.027689285278320312e+02
1.123498840332031250e+02
5.646973419189453125e+01
5.143331146240234375e+01
3.000000000000000000e+01
4.253913879394531250e+01
3.350985336303710938e+01
6.038586425781250000e+01
3.436548995971679688e+01
5.138538742065429688e+01
3.602622604370117188e+01
4.572269439697265625e+01
3.000000000000000000e+01
4.698348999023437500e+01
5.854732513427734375e+01
3.929785537719726562e+01
6.422474670410156250e+01
3.727082824707031250e+01
7.663320159912109375e+01
5.537337493896484375e+01
1.352240600585937500e+02
1.051025085449218750e+02
3.273981094360351562e+01
3.672969818115234375e+01
4.933141708374023438e+01
5.039566802978515625e+01
6.201021957397460938e+01
4.251535034179687500e+01
6.000207901000976562e+01
5.266700744628906250e+01
4.993041610717773438e+01
1.097829513549804688e+02
9.463626861572265625e+01
6.660696411132812500e+01
3.957564544677734375e+01
7.377351379394531250e+01
4.135359191894531250e+01
1.056726531982421875e+02
6.166091156005859375e+01
1.422409973144531250e+02
3.000000000000000000e+01
4.396343231201171875e+01
9.214934539794921875e+01
3.000000000000000000e+01
6.589006042480468750e+01
5.572847366333007812e+01
3.194272232055664062e+01
4.590143585205078125e+01
3.000000000000000000e+01
7.344055175781250000e+01
1.333640136718750000e+02
4.054468536376953125e+01
3.986554718017578125e+01
9.478100585937500000e+01
4.542263031005859375e+01
8.316575622558593750e+01
5.628776550292968750e+01
4.701633453369140625e+01
6.316875457763671875e+01
4.301421356201171875e+01
5.107635116577148438e+01
4.164553070068359375e+01
5.013829803466796875e+01
6.369981002807617188e+01
5.132310485839843750e+01
4.581116485595703125e+01
3.000000000000000000e+01
4.721643829345703125e+01
1.085841064453125000e+02
5.246686553955078125e+01
3.000000000000000000e+01
4.338144683837890625e+01
4.884249877929687500e+01
1.197856063842773438e+02
4.644815063476562500e+01
4.555825424194335938e+01
6.372969818115234375e+01
5.451353454589843750e+01
7.211656951904296875e+01
6.156970977783203125e+01
5.580904006958007812e+01
6.406753540039062500e+01
4.316312026977539062e+01
8.268070983886718750e+01
9.118588256835937500e+01
3.344575500488281250e+01
1.094009857177734375e+02
5.298307037353515625e+01
7.261172485351562500e+01
5.196023559570312500e+01
5.351142120361328125e+01
4.671879196166992188e+01
1.037399673461914062e+02
3.190534210205078125e+01
1.362382049560546875e+02
4.407043075561523438e+01
4.791556930541992188e+01
3.809596252441406250e+01
6.502429199218750000e+01
4.406435775756835938e+01
3.485598373413085938e+01
7.218377685546875000e+01
3.667075729370117188e+01
6.441509246826171875e+01
5.315457534790039062e+01
3.796254348754882812e+01
9.403424072265625000e+01
4.314191436767578125e+01
4.263042449951171875e+01
3.906872940063476562e+01
3.000000000000000000e+01
6.127808380126953125e+01
4.790746307373046875e+01
3.363791275024414062e+01
4.987425231933593750e+01
7.007914733886718750e+01
5.492605590820312500e+01
6.408624267578125000e+01
6.767189788818359375e+01
4.979478454589843750e+01
5.331844711303710938e+01
4.406189346313476562e+01
3.000000000000000000e+01
3.919002914428710938e+01
5.574649047851562500e+01
4.962548828125000000e+01
4.456565475463867188e+01
4.932239151000976562e+01
3.714836120605468750e+01
4.092248535156250000e+01
4.129607391357421875e+01
4.988815307617187500e+01
3.101075363159179688e+01
3.000000000000000000e+01
7.932157897949218750e+01
1.669632873535156250e+02
5.016672515869140625e+01
4.487348937988281250e+01
1.292660217285156250e+02
5.290815353393554688e+01
3.000000000000000000e+01
4.997012329101562500e+01
4.261643218994140625e+01
4.257218170166015625e+01
3.852435684204101562e+01
8.038331604003906250e+01
3.937860488891601562e+01
3.990722656250000000e+01
1.074472198486328125e+02
3.886146163940429688e+01
3.759560012817382812e+01
3.941418457031250000e+01
4.422912216186523438e+01
4.536810302734375000e+01
5.511602783203125000e+01
3.903686904907226562e+01
4.043481445312500000e+01
3.189022064208984375e+01
4.871056747436523438e+01
9.270497131347656250e+01
3.901053237915039062e+01
4.333146667480468750e+01
4.029476165771484375e+01
6.164970397949218750e+01
1.210002975463867188e+02
6.377254867553710938e+01
1.327582092285156250e+02
3.601132202148437500e+01
5.076847839355468750e+01
4.998167419433593750e+01
5.968287277221679688e+01
3.259796524047851562e+01
6.163464355468750000e+01
4.075799560546875000e+01
3.581657409667968750e+01
8.531044006347656250e+01
5.560930633544921875e+01
4.516601562500000000e+01
1.211856765747070312e+02
1.165495147705078125e+02
5.709724807739257812e+01
9.051222991943359375e+01
3.094106864929199219e+01
5.637819671630859375e+01
1.321634063720703125e+02
1.585380706787109375e+02
3.858219146728515625e+01
6.657627868652343750e+01
4.034304046630859375e+01
4.916491699218750000e+01
7.449518585205078125e+01
4.425772476196289062e+01
4.858890533447265625e+01
4.918856811523437500e+01
4.605188751220703125e+01
4.495535278320312500e+01
1.207332153320312500e+02
6.476798248291015625e+01
5.511772155761718750e+01
6.390347290039062500e+01
4.736119461059570312e+01
1.152325134277343750e+02
3.773742675781250000e+01
1.601052856445312500e+02
6.000549697875976562e+01
5.212555694580078125e+01
4.927481842041015625e+01
5.522396850585937500e+01
5.044116210937500000e+01
5.709724807739257812e+01
7.817811584472656250e+01
1.868050231933593750e+02
3.833678436279296875e+01
6.931082153320312500e+01
8.067692565917968750e+01
9.555374145507812500e+01
9.866936492919921875e+01
5.393442535400390625e+01
7.575555419921875000e+01
6.161357116699218750e+01
4.508187484741210938e+01
5.785716629028320312e+01
3.954550933837890625e+01
3.000000000000000000e+01
5.959632110595703125e+01
3.815675735473632812e+01
3.535438156127929688e+01
3.796162414550781250e+01
3.000000000000000000e+01
3.000000000000000000e+01
1.128171081542968750e+02
3.000000000000000000e+01
3.000000000000000000e+01
3.098138999938964844e+01
6.378662490844726562e+01
4.101656723022460938e+01
5.733744049072265625e+01
4.700378036499023438e+01
3.702714920043945312e+01
4.223257827758789062e+01
6.605406188964843750e+01
6.377827072143554688e+01
4.160654449462890625e+01
8.517075347900390625e+01
7.389566040039062500e+01
6.120094299316406250e+01
1.470976562500000000e+02
1.645359954833984375e+02
3.000000000000000000e+01
9.946023559570312500e+01
1.158869857788085938e+02
8.229256439208984375e+01
4.020158386230468750e+01
4.049090957641601562e+01
1.492829589843750000e+02
5.728076171875000000e+01
7.377351379394531250e+01
4.527451705932617188e+01
4.162166595458984375e+01
4.991489410400390625e+01
4.869242858886718750e+01
3.468094635009765625e+01
3.238626098632812500e+01
3.336078643798828125e+01
3.759460449218750000e+01
5.138538742065429688e+01
4.611333084106445312e+01
8.195733642578125000e+01
4.476073837280273438e+01
4.978964614868164062e+01
4.414006805419921875e+01
3.161310958862304688e+01
4.583751678466796875e+01
8.089624786376953125e+01
4.884188461303710938e+01
3.000000000000000000e+01
3.565296936035156250e+01
5.418547821044921875e+01
9.419939422607421875e+01
4.927470397949218750e+01
6.120094299316406250e+01
4.266056442260742188e+01
5.260137176513671875e+01
1.834690093994140625e+02
3.276460647583007812e+01
4.712649917602539062e+01
1.218992767333984375e+02
1.561445312500000000e+02
1.864563903808593750e+02
5.814986419677734375e+01
8.078932189941406250e+01
4.198926925659179688e+01
1.137705688476562500e+02
6.139682769775390625e+01
3.346118927001953125e+01
1.458309326171875000e+02
6.127255630493164062e+01
4.031898498535156250e+01
1.362555084228515625e+02
5.324589538574218750e+01
5.585125732421875000e+01
9.426217651367187500e+01
3.370779418945312500e+01
5.791856002807617188e+01
9.829882812500000000e+01
3.752455902099609375e+01
6.042874145507812500e+01
6.005528259277343750e+01
3.892214965820312500e+01
8.502673339843750000e+01
1.507706451416015625e+02
6.503440093994140625e+01
1.441948852539062500e+02
9.017050170898437500e+01
3.710294342041015625e+01
8.798793029785156250e+01
8.687242889404296875e+01
3.000000000000000000e+01
3.000000000000000000e+01
3.104544067382812500e+01
4.221887969970703125e+01
6.783412170410156250e+01
1.165495147705078125e+02
4.454233551025390625e+01
4.708281326293945312e+01
4.907965087890625000e+01
2.747521667480468750e+02
4.090704345703125000e+01
3.861928558349609375e+01
3.877114868164062500e+01
3.000000000000000000e+01
4.811336517333984375e+01
7.290800476074218750e+01
6.206684112548828125e+01
9.613543701171875000e+01
5.255176544189453125e+01
4.280860900878906250e+01
4.922345352172851562e+01
3.976741790771484375e+01
1.244779815673828125e+02
3.594019317626953125e+01
3.000000000000000000e+01
3.000000000000000000e+01
4.537605667114257812e+01
5.901469421386718750e+01
7.922235107421875000e+01
1.366803588867187500e+02
6.978433990478515625e+01
8.031776428222656250e+01
4.481418609619140625e+01
4.100145721435546875e+01
6.923300170898437500e+01
3.310998535156250000e+01
6.120765686035156250e+01
5.487543487548828125e+01
3.000000000000000000e+01
3.541909027099609375e+01
8.854977416992187500e+01
3.561888122558593750e+01
4.430146789550781250e+01
1.162941589355468750e+02
6.169717407226562500e+01
3.669683837890625000e+01
7.268652343750000000e+01
5.066628265380859375e+01
6.157456207275390625e+01
8.836958312988281250e+01
4.833903503417968750e+01
8.195733642578125000e+01
2.124701843261718750e+02
4.869242858886718750e+01
1.283801879882812500e+02
3.998023605346679688e+01
4.938133239746093750e+01
8.397151947021484375e+01
5.369518280029296875e+01
5.334170532226562500e+01
6.402275085449218750e+01
3.000000000000000000e+01
6.157223129272460938e+01
4.913313293457031250e+01
8.132454681396484375e+01
4.020502853393554688e+01
4.918988800048828125e+01
7.247978210449218750e+01
7.692811584472656250e+01
8.763442993164062500e+01
4.731736755371093750e+01
5.196023559570312500e+01
5.010512924194335938e+01
5.083871841430664062e+01
6.858869934082031250e+01
3.350920867919921875e+01
1.116401748657226562e+02
1.007845458984375000e+02
3.000000000000000000e+01
1.143580551147460938e+02
6.770246887207031250e+01
4.793929290771484375e+01
4.513745880126953125e+01
4.044135665893554688e+01
4.503282928466796875e+01
1.741041259765625000e+02
3.922848129272460938e+01
5.496398162841796875e+01
5.745664978027343750e+01
4.163943099975585938e+01
7.858221435546875000e+01
3.777869033813476562e+01
4.027713394165039062e+01
1.471956329345703125e+02
6.377827072143554688e+01
9.434049224853515625e+01
4.259018707275390625e+01
4.104949951171875000e+01
5.200297164916992188e+01
9.214206695556640625e+01
9.418339538574218750e+01
7.205627441406250000e+01
6.561232757568359375e+01
3.486172485351562500e+01
6.066112518310546875e+01
7.769384765625000000e+01
4.559473037719726562e+01
3.759560012817382812e+01
8.337974548339843750e+01
7.709194183349609375e+01
5.720059204101562500e+01
5.651870727539062500e+01
4.753852081298828125e+01
3.083944892883300781e+01
4.335534286499023438e+01
3.000000000000000000e+01
4.845159149169921875e+01
3.000000000000000000e+01
3.960146713256835938e+01
3.902187728881835938e+01
5.520118713378906250e+01
4.750392532348632812e+01
7.418273162841796875e+01
6.231207275390625000e+01
4.538628387451171875e+01
3.911736297607421875e+01
4.806282806396484375e+01
6.430155944824218750e+01
3.000000000000000000e+01
3.476849746704101562e+01
5.772621154785156250e+01
3.154745292663574219e+01
5.277740859985351562e+01
3.000000000000000000e+01
5.000067520141601562e+01
3.000000000000000000e+01
3.000000000000000000e+01
8.756330108642578125e+01
5.112317276000976562e+01
3.211936187744140625e+01
5.932369995117187500e+01
3.000000000000000000e+01
8.083178710937500000e+01
3.000000000000000000e+01
4.759972381591796875e+01
1.388833312988281250e+02
4.575646591186523438e+01
1.009712600708007812e+02
1.117883758544921875e+02
3.741692733764648438e+01
4.215316009521484375e+01
7.893668365478515625e+01
3.975425720214843750e+01
4.744423675537109375e+01
6.390347290039062500e+01
8.775469970703125000e+01
4.881341552734375000e+01
4.631954956054687500e+01
6.100645065307617188e+01
3.544328689575195312e+01
4.142636489868164062e+01
1.116717681884765625e+02
4.323881530761718750e+01
6.637841033935546875e+01
6.636405944824218750e+01
4.075059509277343750e+01
3.018006515502929688e+01
4.469220352172851562e+01
3.016357231140136719e+01
4.287344360351562500e+01
3.472639465332031250e+01
3.647838592529296875e+01
4.112834930419921875e+01
5.313811111450195312e+01
5.898014450073242188e+01
4.079753875732421875e+01
5.438043975830078125e+01
6.589006042480468750e+01
7.226052093505859375e+01
8.038331604003906250e+01
5.848112869262695312e+01
1.047640838623046875e+02
9.183429718017578125e+01
1.128401031494140625e+02
3.686605834960937500e+01
5.849814605712890625e+01
3.000000000000000000e+01
4.449872589111328125e+01
7.106965637207031250e+01
7.461747741699218750e+01
8.250485229492187500e+01
1.011131896972656250e+02
4.054468536376953125e+01
4.560746002197265625e+01
6.601875305175781250e+01
9.684948730468750000e+01
4.346630096435546875e+01
5.058428955078125000e+01
4.425828933715820312e+01
3.856497192382812500e+01
8.564406585693359375e+01
4.251535034179687500e+01
4.184688186645507812e+01
4.421882629394531250e+01
4.654030609130859375e+01
5.776524734497070312e+01
8.248497009277343750e+01
4.892617034912109375e+01
3.126048851013183594e+01
4.163172912597656250e+01
9.613543701171875000e+01
4.198384475708007812e+01
3.356244659423828125e+01
5.600640869140625000e+01
6.417548370361328125e+01
4.180931472778320312e+01
5.240218353271484375e+01
4.564327621459960938e+01
7.228590393066406250e+01
3.947002410888671875e+01
5.359311676025390625e+01
7.426831054687500000e+01
8.152479553222656250e+01
7.591844940185546875e+01
5.069950103759765625e+01
3.000000000000000000e+01
7.070748901367187500e+01
6.690512084960937500e+01
4.669707489013671875e+01
4.907808685302734375e+01
5.132711791992187500e+01
4.108063125610351562e+01
5.939086151123046875e+01
3.601062774658203125e+01
3.277829742431640625e+01
4.825619506835937500e+01
6.716219329833984375e+01
7.247978210449218750e+01
5.678800582885742188e+01
5.150689697265625000e+01
3.706740570068359375e+01
8.166491699218750000e+01
1.055448760986328125e+02
7.169377136230468750e+01
3.772008132934570312e+01
1.128401031494140625e+02
5.814986419677734375e+01
6.397682189941406250e+01
7.709194183349609375e+01
4.244601821899414062e+01
4.008224487304687500e+01
7.336278533935546875e+01
3.000000000000000000e+01
4.066889190673828125e+01
2.287495117187500000e+02
3.301833724975585938e+01
4.489255523681640625e+01
3.557409667968750000e+01
1.178854522705078125e+02
5.582407379150390625e+01
5.006192398071289062e+01
7.908633422851562500e+01
4.828782653808593750e+01
1.396342163085937500e+02
7.374859619140625000e+01
8.692166137695312500e+01
3.000000000000000000e+01
3.706520462036132812e+01
5.852785873413085938e+01
6.139438629150390625e+01
5.609567260742187500e+01
4.884188461303710938e+01
4.871685028076171875e+01
3.000000000000000000e+01
4.873738861083984375e+01
5.702656555175781250e+01
4.645515823364257812e+01
3.605833053588867188e+01
7.400576782226562500e+01
7.670671844482421875e+01
4.075263977050781250e+01
3.000000000000000000e+01
6.100825500488281250e+01
3.380984497070312500e+01
5.242688751220703125e+01
8.694013977050781250e+01
5.523866653442382812e+01
7.350749969482421875e+01
5.149430847167968750e+01
5.208078002929687500e+01
3.356185913085937500e+01
7.211656951904296875e+01
6.268889236450195312e+01
8.850742340087890625e+01
9.883610534667968750e+01
5.198940277099609375e+01
4.588958740234375000e+01
4.296213150024414062e+01
3.000000000000000000e+01
5.976338958740234375e+01
6.275129699707031250e+01
1.741041259765625000e+02
5.380794906616210938e+01
4.252230834960937500e+01
4.364603805541992188e+01
4.239693832397460938e+01
4.534607696533203125e+01
6.054785537719726562e+01
5.381254196166992188e+01
5.861821746826171875e+01
6.526461029052734375e+01
3.020788764953613281e+01
3.000000000000000000e+01
5.017588806152343750e+01
1.027834014892578125e+02
6.377709579467773438e+01
1.009712600708007812e+02
3.403017807006835938e+01
3.000000000000000000e+01
4.648883056640625000e+01
5.976752090454101562e+01
1.528706817626953125e+02
5.216777801513671875e+01
5.381569671630859375e+01
4.255390167236328125e+01
3.000000000000000000e+01
4.671485137939453125e+01
8.678421020507812500e+01
3.049393653869628906e+01
3.566205596923828125e+01
5.421085357666015625e+01
8.431115722656250000e+01
4.765888977050781250e+01
9.157885742187500000e+01
4.034098052978515625e+01
5.203774261474609375e+01
5.728076171875000000e+01
6.654587554931640625e+01
5.383016204833984375e+01
4.151253128051757812e+01
4.153126144409179688e+01
3.000000000000000000e+01
4.250735473632812500e+01
3.594019317626953125e+01
3.627872085571289062e+01
4.390542602539062500e+01
6.169717407226562500e+01
3.894334030151367188e+01
3.000000000000000000e+01
4.023344802856445312e+01
3.861928558349609375e+01
3.000000000000000000e+01
1.383656768798828125e+02
3.000000000000000000e+01
6.232805633544921875e+01
9.504441833496093750e+01
4.302618026733398438e+01
3.000000000000000000e+01
3.000000000000000000e+01
4.791557312011718750e+01
6.175363922119140625e+01
6.027432250976562500e+01
4.950583267211914062e+01
6.080130004882812500e+01
6.452201080322265625e+01
6.475628662109375000e+01
4.047408294677734375e+01
7.810829162597656250e+01
3.000000000000000000e+01
5.200296783447265625e+01
5.164604187011718750e+01
3.543226242065429688e+01
3.996907043457031250e+01
5.578953552246093750e+01
5.585571670532226562e+01
4.393777465820312500e+01
4.101656723022460938e+01
5.496324157714843750e+01
4.746691894531250000e+01
6.141233444213867188e+01
8.454122924804687500e+01
5.877940368652343750e+01
8.739553070068359375e+01
4.472959136962890625e+01
5.560930633544921875e+01
4.001944732666015625e+01
6.810543823242187500e+01
6.640038299560546875e+01
5.807409286499023438e+01
6.048494720458984375e+01
3.639449310302734375e+01
7.753992462158203125e+01
4.263948822021484375e+01
5.030687713623046875e+01
8.785716247558593750e+01
1.346502838134765625e+02
9.505764770507812500e+01
4.888185882568359375e+01
3.582094192504882812e+01
4.466326904296875000e+01
5.888807678222656250e+01
8.763442230224609375e+01
9.069831848144531250e+01
6.096411514282226562e+01
1.031951370239257812e+02
6.100825500488281250e+01
4.513869476318359375e+01
3.000000000000000000e+01
5.707210540771484375e+01
4.003279876708984375e+01
3.386511230468750000e+01
3.666311264038085938e+01
7.967018890380859375e+01
6.445767211914062500e+01
4.901298141479492188e+01
8.562230682373046875e+01
3.845988845825195312e+01
4.333359909057617188e+01
3.350985717773437500e+01
4.685942840576171875e+01
3.872234344482421875e+01
4.151253128051757812e+01
2.022557067871093750e+02
5.503225326538085938e+01
5.128511047363281250e+01
4.218428039550781250e+01
5.479074478149414062e+01
1.257891540527343750e+02
4.456708526611328125e+01
3.710230636596679688e+01
6.423155212402343750e+01
3.605833053588867188e+01
7.965694427490234375e+01
4.368563842773437500e+01
5.888829803466796875e+01
4.993239212036132812e+01
5.045569610595703125e+01
3.727854156494140625e+01
3.440165328979492188e+01
6.445320892333984375e+01
5.657655334472656250e+01
2.130711059570312500e+02
3.000000000000000000e+01
4.752091217041015625e+01
5.946501541137695312e+01
5.498175811767578125e+01
4.515217208862304688e+01
4.382599639892578125e+01
3.000000000000000000e+01
5.118362426757812500e+01
3.929607772827148438e+01
4.429659271240234375e+01
5.179537963867187500e+01
3.398229598999023438e+01
4.369396591186523438e+01
5.095439147949218750e+01
3.741692733764648438e+01
3.956920623779296875e+01
3.000000000000000000e+01
6.643475341796875000e+01
7.755478668212890625e+01
3.000000000000000000e+01
4.374811172485351562e+01
3.098138809204101562e+01
8.591209411621093750e+01
3.918653869628906250e+01
8.538760375976562500e+01
3.000000000000000000e+01
7.205627441406250000e+01
8.565848541259765625e+01
3.347706222534179688e+01
8.785716247558593750e+01
3.965544128417968750e+01
3.854790496826171875e+01
3.832108306884765625e+01
4.354356384277343750e+01
1.109330978393554688e+02
4.474226379394531250e+01
4.142552185058593750e+01
7.143448638916015625e+01
4.894935226440429688e+01
8.610845184326171875e+01
6.785094451904296875e+01
4.142116546630859375e+01
6.504570007324218750e+01
6.846237182617187500e+01
7.345300292968750000e+01
7.865557098388671875e+01
8.097011566162109375e+01
3.869034576416015625e+01
4.454082107543945312e+01
6.217621231079101562e+01
7.097196960449218750e+01
1.249216842651367188e+02
5.611584472656250000e+01
9.885602569580078125e+01
5.561106872558593750e+01
3.184606361389160156e+01
3.272057342529296875e+01
3.308910751342773438e+01
5.541561508178710938e+01
3.000000000000000000e+01
3.000000000000000000e+01
7.120248413085937500e+01
1.051195526123046875e+02
3.560849380493164062e+01
3.000000000000000000e+01
5.524745559692382812e+01
6.782015228271484375e+01
4.225350952148437500e+01
4.706845092773437500e+01
6.275130081176757812e+01
4.055748748779296875e+01
7.366342926025390625e+01
4.671485137939453125e+01
5.850689315795898438e+01
5.538925933837890625e+01
3.400226593017578125e+01
4.014724349975585938e+01
5.773952484130859375e+01
3.827794265747070312e+01
6.525786590576171875e+01
6.614848327636718750e+01
4.528814697265625000e+01
9.051222991943359375e+01
5.297574996948242188e+01
3.314812469482421875e+01
3.577866363525390625e+01
3.548221206665039062e+01
4.242334747314453125e+01
4.778106307983398438e+01
3.000000000000000000e+01
4.445147705078125000e+01
1.026096878051757812e+02
4.280860900878906250e+01
3.324559020996093750e+01
7.692811584472656250e+01
7.244795989990234375e+01
4.238238525390625000e+01
6.607112121582031250e+01
6.210104370117187500e+01
4.750392532348632812e+01
4.441125106811523438e+01
9.185776519775390625e+01
5.551654052734375000e+01
7.391271209716796875e+01
3.929785919189453125e+01
3.042237854003906250e+01
6.201021957397460938e+01
4.329111480712890625e+01
4.239661407470703125e+01
4.908645629882812500e+01
3.200355529785156250e+01
5.114298629760742188e+01
4.507341003417968750e+01
6.127256011962890625e+01
3.713471984863281250e+01
3.602701187133789062e+01
6.233614730834960938e+01
9.330491638183593750e+01
3.358271789550781250e+01
9.098210144042968750e+01
5.168838119506835938e+01
3.000000000000000000e+01
1.004713211059570312e+02
9.346704101562500000e+01
4.313108444213867188e+01
5.693941116333007812e+01
3.212450408935546875e+01
4.269169616699218750e+01
4.180295562744140625e+01
7.501849365234375000e+01
5.194524383544921875e+01
3.418872833251953125e+01
4.259019470214843750e+01
5.491809463500976562e+01
5.868596649169921875e+01
3.337746429443359375e+01
4.296099853515625000e+01
6.069519424438476562e+01
5.628776931762695312e+01
7.265857696533203125e+01
7.281356048583984375e+01
3.555774688720703125e+01
5.168495559692382812e+01
3.521752929687500000e+01
5.698917770385742188e+01
6.369981002807617188e+01
7.422852325439453125e+01
5.888829803466796875e+01
4.794329833984375000e+01
7.005361938476562500e+01
4.296099853515625000e+01
3.675970077514648438e+01
4.765407562255859375e+01
4.692987060546875000e+01
3.904614639282226562e+01
6.509336853027343750e+01
5.675828552246093750e+01
3.084590148925781250e+01
6.476798248291015625e+01
4.050840377807617188e+01
4.929919433593750000e+01
3.397761154174804688e+01
6.633077239990234375e+01
4.400844573974609375e+01
3.265753936767578125e+01
8.039431762695312500e+01
3.235911178588867188e+01
6.375813293457031250e+01
3.512247467041015625e+01
8.136476135253906250e+01
5.365496826171875000e+01
3.963910675048828125e+01
4.741726684570312500e+01
3.997116851806640625e+01
3.887489700317382812e+01
7.733917999267578125e+01
3.000000000000000000e+01
4.495559692382812500e+01
5.991519165039062500e+01
4.864522552490234375e+01
4.487348937988281250e+01
3.395748138427734375e+01
4.774045562744140625e+01
4.046375656127929688e+01
3.000000000000000000e+01
4.539835357666015625e+01
4.262646102905273438e+01
7.209079742431640625e+01
3.097188949584960938e+01
8.397151947021484375e+01
3.936792755126953125e+01
3.990722656250000000e+01
4.387518310546875000e+01
4.329235839843750000e+01
4.274950408935546875e+01
4.793658447265625000e+01
3.582094192504882812e+01
4.090578842163085938e+01
3.701372909545898438e+01
4.114905548095703125e+01
5.427794647216796875e+01
5.626247406005859375e+01
7.196864318847656250e+01
5.517676544189453125e+01
5.233597564697265625e+01
3.814589691162109375e+01
3.000000000000000000e+01
3.000000000000000000e+01
4.329235839843750000e+01
6.048494720458984375e+01
4.450167846679687500e+01
4.004887008666992188e+01
3.000000000000000000e+01
6.699426269531250000e+01
5.485188293457031250e+01
8.368122100830078125e+01
3.226026153564453125e+01
3.420539474487304688e+01
5.427656555175781250e+01
3.302122879028320312e+01
4.827550506591796875e+01
3.317630004882812500e+01
4.642368316650390625e+01
3.618133163452148438e+01
3.000000000000000000e+01
4.117651367187500000e+01
3.000000000000000000e+01
6.522393798828125000e+01
4.955570983886718750e+01
7.422851562500000000e+01
5.942114257812500000e+01
4.281595611572265625e+01
4.108850097656250000e+01
4.335207366943359375e+01
3.134115219116210938e+01
3.655222320556640625e+01
4.705969619750976562e+01
6.206684112548828125e+01
4.759972000122070312e+01
4.862268447875976562e+01
3.873831176757812500e+01
8.175640869140625000e+01
6.215290832519531250e+01
3.000000000000000000e+01
3.000000000000000000e+01
3.000000000000000000e+01
3.111267662048339844e+01
3.543226242065429688e+01
6.459204101562500000e+01
3.000000000000000000e+01
4.727799987792968750e+01
4.230894470214843750e+01
3.000000000000000000e+01
3.000000000000000000e+01
5.067212295532226562e+01
4.134973144531250000e+01
5.353987121582031250e+01
3.698855590820312500e+01
6.372969818115234375e+01
5.942114257812500000e+01
6.303127288818359375e+01
3.629797744750976562e+01
3.000000000000000000e+01
5.097260284423828125e+01
3.000000000000000000e+01
4.506683349609375000e+01
7.949790954589843750e+01
3.273196792602539062e+01
4.111987304687500000e+01
5.515167999267578125e+01
4.215316390991210938e+01
4.504486846923828125e+01
5.255176925659179688e+01
3.293370819091796875e+01
4.096202850341796875e+01
7.806925201416015625e+01
5.137737274169921875e+01
6.846237182617187500e+01
8.414656066894531250e+01
3.000000000000000000e+01
6.444020080566406250e+01
3.000000000000000000e+01
5.334170532226562500e+01
4.988240432739257812e+01
5.076513671875000000e+01
6.163463973999023438e+01
7.922235107421875000e+01
3.876519393920898438e+01
6.693471527099609375e+01
5.528865432739257812e+01
3.000000000000000000e+01
7.273320007324218750e+01
3.137161254882812500e+01
3.229479217529296875e+01
4.370275497436523438e+01
5.130210113525390625e+01
3.000000000000000000e+01
5.684255218505859375e+01
5.177610397338867188e+01
4.752090835571289062e+01
4.049081802368164062e+01
4.262147521972656250e+01
3.188985252380371094e+01
3.639184188842773438e+01
7.779763793945312500e+01
3.000000000000000000e+01
3.818708038330078125e+01
5.698052978515625000e+01
3.000000000000000000e+01
4.476605606079101562e+01
3.703054809570312500e+01
4.741726684570312500e+01
3.187530136108398438e+01
3.442904281616210938e+01
3.988527679443359375e+01
5.725986480712890625e+01
3.000000000000000000e+01
4.468793487548828125e+01
5.017588806152343750e+01
4.176955795288085938e+01
4.287344741821289062e+01
4.020610809326171875e+01
7.394779968261718750e+01
4.792615509033203125e+01
7.011528015136718750e+01
1.082226409912109375e+02
5.651408386230468750e+01
4.263042449951171875e+01
3.527898025512695312e+01
4.838710784912109375e+01
4.424442672729492188e+01
3.672883605957031250e+01
4.231859207153320312e+01
9.883610534667968750e+01
6.427929687500000000e+01
3.470023345947265625e+01
4.296527099609375000e+01
5.085945129394531250e+01
3.176025581359863281e+01
4.142636489868164062e+01
4.685942840576171875e+01
5.738498687744140625e+01
3.000000000000000000e+01
4.589406967163085938e+01
3.540170288085937500e+01
4.380265808105468750e+01
5.939085769653320312e+01
3.000000000000000000e+01
4.171505737304687500e+01
5.472863769531250000e+01
3.125361442565917969e+01
5.238328933715820312e+01
5.004688262939453125e+01
4.634835052490234375e+01
6.377709197998046875e+01
3.831594848632812500e+01
3.000000000000000000e+01
4.534607696533203125e+01
5.116664886474609375e+01
3.000000000000000000e+01
4.644480895996093750e+01
3.382432174682617188e+01
5.467058563232421875e+01
3.777794265747070312e+01
5.484307479858398438e+01
5.060998535156250000e+01
4.613613891601562500e+01
5.697562789916992188e+01
4.156675720214843750e+01
4.519878387451171875e+01
4.656485748291015625e+01
5.700763320922851562e+01
3.686605834960937500e+01
3.877097320556640625e+01
5.468292617797851562e+01
4.556284332275390625e+01
4.198865509033203125e+01
5.408707809448242188e+01
3.654981613159179688e+01
5.464914703369140625e+01
4.107773208618164062e+01
1.106560897827148438e+02
7.620930480957031250e+01
3.910388183593750000e+01
6.256935119628906250e+01
3.201316452026367188e+01
5.950630187988281250e+01
3.000000000000000000e+01
3.384796905517578125e+01
8.207685089111328125e+01
4.561344146728515625e+01
3.547974395751953125e+01
4.540666198730468750e+01
7.656877136230468750e+01
4.504071807861328125e+01
4.405654525756835938e+01
3.388611984252929688e+01
4.137632369995117188e+01
3.903309249877929688e+01
3.000000000000000000e+01
5.555083847045898438e+01
8.156082153320312500e+01
5.037683868408203125e+01
3.792768096923828125e+01
3.000000000000000000e+01
4.425433731079101562e+01
3.900376892089843750e+01
3.668875885009765625e+01
5.684046173095703125e+01
8.538759613037109375e+01
5.160451889038085938e+01
8.142187500000000000e+01
6.829817199707031250e+01
7.496714019775390625e+01
5.474197387695312500e+01
3.223248291015625000e+01
3.855242156982421875e+01
5.564913558959960938e+01
4.188886260986328125e+01
5.706513214111328125e+01
3.634974670410156250e+01
3.530393981933593750e+01
3.000000000000000000e+01
3.051996803283691406e+01
3.000000000000000000e+01
4.569210815429687500e+01
6.603444671630859375e+01
5.197655487060546875e+01
3.502341461181640625e+01
4.563468933105468750e+01
3.814903259277343750e+01
5.423344421386718750e+01
4.944929885864257812e+01
6.156970977783203125e+01
4.618534088134765625e+01
4.283755493164062500e+01
3.000000000000000000e+01
6.066112518310546875e+01
4.126697158813476562e+01
3.000000000000000000e+01
3.887489700317382812e+01
3.211853027343750000e+01
6.529844665527343750e+01
4.145893096923828125e+01
4.526943969726562500e+01
6.377205657958984375e+01
3.601761627197265625e+01
3.276305770874023438e+01
4.405881500244140625e+01
5.721514892578125000e+01
4.100145721435546875e+01
4.398743820190429688e+01
4.264533996582031250e+01
3.100250625610351562e+01
3.773954010009765625e+01
7.965694427490234375e+01
5.546926498413085938e+01
7.389566040039062500e+01
3.086227798461914062e+01
3.748916625976562500e+01
5.190885162353515625e+01
3.000000000000000000e+01
4.854882812500000000e+01
5.294321823120117188e+01
6.959370422363281250e+01
3.835107421875000000e+01
4.809617233276367188e+01
3.696110916137695312e+01
4.072983551025390625e+01
3.240990066528320312e+01
8.323529052734375000e+01
3.000000000000000000e+01
4.269768905639648438e+01
3.516365432739257812e+01
3.943181991577148438e+01
4.835289001464843750e+01
3.000000000000000000e+01
5.260137557983398438e+01
3.251705169677734375e+01
3.467722702026367188e+01
5.331844711303710938e+01
7.143447875976562500e+01
3.104509735107421875e+01
5.619952392578125000e+01
4.744054412841796875e+01
3.961938476562500000e+01
4.464435577392578125e+01
4.832850646972656250e+01
3.017125892639160156e+01
3.901703643798828125e+01
4.555985260009765625e+01
3.875061416625976562e+01
3.000000000000000000e+01
3.454878234863281250e+01
3.675093078613281250e+01
3.000000000000000000e+01
3.148587226867675781e+01
3.250855255126953125e+01
3.603633499145507812e+01
5.620246124267578125e+01
5.197536849975585938e+01
7.656877136230468750e+01
3.707990646362304688e+01
3.636026000976562500e+01
3.000000000000000000e+01
7.692920684814453125e+01
3.544328689575195312e+01
4.248171234130859375e+01
8.323529052734375000e+01
3.744710540771484375e+01
4.362003326416015625e+01
4.110134124755859375e+01
3.902187728881835938e+01
8.988654327392578125e+01
5.278234100341796875e+01
5.653554534912109375e+01
6.501795196533203125e+01
3.000000000000000000e+01
3.000000000000000000e+01
4.847384643554687500e+01
3.344297790527343750e+01
4.302892303466796875e+01
5.190817260742187500e+01
3.494557952880859375e+01
3.371483993530273438e+01
5.942668151855468750e+01
3.462510299682617188e+01
5.493957901000976562e+01
3.937252807617187500e+01
4.016593933105468750e+01
3.000000000000000000e+01
3.772008132934570312e+01
3.000000000000000000e+01
4.146863174438476562e+01
4.370331573486328125e+01
6.820338439941406250e+01
4.168508148193359375e+01
4.299293518066406250e+01
6.997496795654296875e+01
4.856401824951171875e+01
3.424093246459960938e+01
3.835000228881835938e+01
4.566252136230468750e+01
4.513394165039062500e+01
3.732358932495117188e+01
3.604974365234375000e+01
3.480687713623046875e+01
6.338587951660156250e+01
6.245125579833984375e+01
4.925011444091796875e+01
3.643738555908203125e+01
4.310161972045898438e+01
3.482889556884765625e+01
3.000000000000000000e+01
5.104210281372070312e+01
4.572879791259765625e+01
3.753440093994140625e+01
3.238496017456054688e+01
4.343359375000000000e+01
3.000000000000000000e+01
4.515461730957031250e+01
5.498028182983398438e+01
3.592047882080078125e+01
6.427929687500000000e+01
3.872234344482421875e+01
4.748995208740234375e+01
3.242042541503906250e+01
4.148347091674804688e+01
3.000000000000000000e+01
6.724717712402343750e+01
5.223817825317382812e+01
3.671516799926757812e+01
4.124945831298828125e+01
8.591209411621093750e+01
4.374167633056640625e+01
3.373375701904296875e+01
3.000000000000000000e+01
3.000000000000000000e+01
5.504105377197265625e+01
4.276486968994140625e+01
4.250588226318359375e+01
3.000000000000000000e+01
3.260187149047851562e+01
3.000000000000000000e+01
4.028711700439453125e+01
5.044151306152343750e+01
3.962357711791992188e+01
4.190711975097656250e+01
4.415895080566406250e+01
5.745416641235351562e+01
4.511541366577148438e+01
4.879168319702148438e+01
4.424176406860351562e+01
3.092512893676757812e+01
6.012112426757812500e+01
3.494136047363281250e+01
3.000000000000000000e+01
3.512156295776367188e+01
4.769192123413085938e+01
3.721710968017578125e+01
3.877432250976562500e+01
3.884250259399414062e+01
3.800789260864257812e+01
3.737766647338867188e+01
4.010248947143554688e+01
