4.844466400146484375e+01
5.612346649169921875e+01
3.719358825683593750e+01
3.755889892578125000e+01
6.563427734375000000e+01
7.692362976074218750e+01
3.000000000000000000e+01
9.055940246582031250e+01
5.474834060668945312e+01
1.263974990844726562e+02
5.000948333740234375e+01
1.461266632080078125e+02
4.927199172973632812e+01
4.176480865478515625e+01
3.000000000000000000e+01
6.992613983154296875e+01
6.197638702392578125e+01
4.135004425048828125e+01
4.181388092041015625e+01
1.299336853027343750e+02
3.628461837768554688e+01
8.410308837890625000e+01
3.000000000000000000e+01
4.347963714599609375e+01
5.681983184814453125e+01
7.400434875488281250e+01
3.460707092285156250e+01
7.698155975341796875e+01
1.733059844970703125e+02
7.284999084472656250e+01
6.753441619873046875e+01
5.146139144897460938e+01
5.308911132812500000e+01
1.417750549316406250e+02
8.188697814941406250e+01
7.374306488037109375e+01
6.399584960937500000e+01
5.322172546386718750e+01
4.106904983520507812e+01
6.449425506591796875e+01
3.644308090209960938e+01
3.902949523925781250e+01
4.805993270874023438e+01
4.038478851318359375e+01
4.367668914794921875e+01
4.476022338867187500e+01
4.279241561889648438e+01
6.128591918945312500e+01
1.206666259765625000e+02
5.570633697509765625e+01
4.225053405761718750e+01
3.034802627563476562e+01
5.714340972900390625e+01
4.743198013305664062e+01
8.562300872802734375e+01
4.314812088012695312e+01
7.867465972900390625e+01
4.603434753417968750e+01
5.352273178100585938e+01
5.494743347167968750e+01
5.853730010986328125e+01
8.359983825683593750e+01
3.975815963745117188e+01
6.251398468017578125e+01
9.265293884277343750e+01
5.125167083740234375e+01
5.238356781005859375e+01
3.575785827636718750e+01
3.881803131103515625e+01
5.474313354492187500e+01
6.554829406738281250e+01
3.598722839355468750e+01
1.409938354492187500e+02
3.917920684814453125e+01
7.721928405761718750e+01
6.379623794555664062e+01
4.759610748291015625e+01
5.129958343505859375e+01
4.206230163574218750e+01
7.417758178710937500e+01
3.427742767333984375e+01
6.197638702392578125e+01
5.152234649658203125e+01
8.099465942382812500e+01
7.447235107421875000e+01
3.533890151977539062e+01
3.809511184692382812e+01
4.590865325927734375e+01
4.927199172973632812e+01
5.392179870605468750e+01
5.198061752319335938e+01
5.191617202758789062e+01
7.643888854980468750e+01
5.015391921997070312e+01
1.095886535644531250e+02
1.025064239501953125e+02
6.401874542236328125e+01
3.948493194580078125e+01
1.094075164794921875e+02
4.696733093261718750e+01
8.823542022705078125e+01
7.836270904541015625e+01
1.432637023925781250e+02
3.489080429077148438e+01
4.510399246215820312e+01
7.418225860595703125e+01
3.000000000000000000e+01
5.117416000366210938e+01
4.757573699951171875e+01
3.000000000000000000e+01
4.599819946289062500e+01
4.351412200927734375e+01
6.600055694580078125e+01
9.037873077392578125e+01
3.816189575195312500e+01
3.753924560546875000e+01
9.144430541992187500e+01
5.000166320800781250e+01
6.875537109375000000e+01
4.788241195678710938e+01
4.682466125488281250e+01
5.458030319213867188e+01
4.691394424438476562e+01
4.340111160278320312e+01
3.887403488159179688e+01
4.551741790771484375e+01
6.670249938964843750e+01
6.470222473144531250e+01
4.174035644531250000e+01
4.174323272705078125e+01
5.739833831787109375e+01
9.786439514160156250e+01
7.163862609863281250e+01
4.818415069580078125e+01
6.311960220336914062e+01
5.627944564819335938e+01
1.014130554199218750e+02
4.419918823242187500e+01
4.276619720458984375e+01
6.545741271972656250e+01
4.549816131591796875e+01
1.015548400878906250e+02
7.541782379150390625e+01
5.547139739990234375e+01
7.807780456542968750e+01
4.347737121582031250e+01
9.904966735839843750e+01
1.075251159667968750e+02
6.850701904296875000e+01
1.463978271484375000e+02
6.670085906982421875e+01
7.838178253173828125e+01
4.702179718017578125e+01
8.355356597900390625e+01
4.683409881591796875e+01
1.091584930419921875e+02
4.096707534790039062e+01
1.280273437500000000e+02
4.135808181762695312e+01
7.165429687500000000e+01
4.128314208984375000e+01
5.620774078369140625e+01
5.325426864624023438e+01
3.778266143798828125e+01
7.014248657226562500e+01
4.137938690185546875e+01
6.870854949951171875e+01
5.143051147460937500e+01
3.738423538208007812e+01
1.680536804199218750e+02
5.629409408569335938e+01
4.582183837890625000e+01
3.348967742919921875e+01
3.000000000000000000e+01
4.817634963989257812e+01
6.842614746093750000e+01
4.260653686523437500e+01
4.594692230224609375e+01
6.469902038574218750e+01
6.140222549438476562e+01
5.922641754150390625e+01
6.413979339599609375e+01
6.518466186523437500e+01
6.119903945922851562e+01
4.268342208862304688e+01
5.396768951416015625e+01
3.000000000000000000e+01
8.724711608886718750e+01
4.914206314086914062e+01
5.020449829101562500e+01
5.153372573852539062e+01
6.122788238525390625e+01
5.664119720458984375e+01
4.347370147705078125e+01
4.967124176025390625e+01
3.240440368652343750e+01
5.202911376953125000e+01
7.299003601074218750e+01
1.167752532958984375e+02
6.987609863281250000e+01
5.542375183105468750e+01
9.303266143798828125e+01
7.289294433593750000e+01
3.000000000000000000e+01
5.817281723022460938e+01
4.474324417114257812e+01
7.058087158203125000e+01
7.586402130126953125e+01
1.465874176025390625e+02
3.621368408203125000e+01
4.651365661621093750e+01
8.579119873046875000e+01
4.680625152587890625e+01
4.197338485717773438e+01
4.058298110961914062e+01
3.847762298583984375e+01
6.346220779418945312e+01
5.488752365112304688e+01
5.043811798095703125e+01
4.022124481201171875e+01
3.859231567382812500e+01
5.994834136962890625e+01
8.882122039794921875e+01
4.226747131347656250e+01
4.196415328979492188e+01
3.902297973632812500e+01
5.262994384765625000e+01
8.346760559082031250e+01
5.907917404174804688e+01
9.394067382812500000e+01
3.885845947265625000e+01
4.618930816650390625e+01
5.398362350463867188e+01
5.182484054565429688e+01
4.663535308837890625e+01
6.521318054199218750e+01
4.430175018310546875e+01
4.737638092041015625e+01
6.926187133789062500e+01
6.535908508300781250e+01
4.671700286865234375e+01
1.200457992553710938e+02
7.157946014404296875e+01
6.521624755859375000e+01
9.379922485351562500e+01
5.152202606201171875e+01
5.236904144287109375e+01
1.233325653076171875e+02
1.751580963134765625e+02
4.703727722167968750e+01
5.194712066650390625e+01
4.071730804443359375e+01
5.622005462646484375e+01
1.023796997070312500e+02
4.625276184082031250e+01
7.104093170166015625e+01
4.466564941406250000e+01
3.686823272705078125e+01
4.101657867431640625e+01
1.618124084472656250e+02
6.999304199218750000e+01
6.221858978271484375e+01
5.296846008300781250e+01
4.075959777832031250e+01
1.578112182617187500e+02
5.802632141113281250e+01
1.435305938720703125e+02
7.456986999511718750e+01
5.749605178833007812e+01
6.986542510986328125e+01
5.951232528686523438e+01
4.573300933837890625e+01
6.521624755859375000e+01
6.999324035644531250e+01
1.042847366333007812e+02
3.000000000000000000e+01
5.931476211547851562e+01
7.702826690673828125e+01
8.736315917968750000e+01
9.206025695800781250e+01
8.062255859375000000e+01
5.897898864746093750e+01
7.508692169189453125e+01
4.150469207763671875e+01
7.106722259521484375e+01
4.064577865600585938e+01
3.717266082763671875e+01
6.005309295654296875e+01
4.135445022583007812e+01
3.981696319580078125e+01
4.437794494628906250e+01
4.969207763671875000e+01
3.000000000000000000e+01
9.749270629882812500e+01
4.052834701538085938e+01
4.098002624511718750e+01
5.067478179931640625e+01
6.345914459228515625e+01
6.212830352783203125e+01
6.701487731933593750e+01
5.968186187744140625e+01
3.000000000000000000e+01
3.025991058349609375e+01
7.159907531738281250e+01
6.510108184814453125e+01
4.142757797241210938e+01
7.721031951904296875e+01
7.696118164062500000e+01
6.652388000488281250e+01
9.759991455078125000e+01
1.443986053466796875e+02
3.975781250000000000e+01
8.603030395507812500e+01
7.960437011718750000e+01
9.139865112304687500e+01
3.931155395507812500e+01
4.140675354003906250e+01
1.393921661376953125e+02
5.977302551269531250e+01
1.094075164794921875e+02
4.646360015869140625e+01
4.233720397949218750e+01
5.094047927856445312e+01
4.706336212158203125e+01
3.520299148559570312e+01
3.971040344238281250e+01
3.765733718872070312e+01
4.042595672607421875e+01
1.409938354492187500e+02
3.796321868896484375e+01
7.516312408447265625e+01
4.907398986816406250e+01
5.938059997558593750e+01
4.098739624023437500e+01
4.277054214477539062e+01
4.544154357910156250e+01
9.757615661621093750e+01
5.843846130371093750e+01
3.000000000000000000e+01
3.585691452026367188e+01
5.278326797485351562e+01
8.857543945312500000e+01
3.873840332031250000e+01
6.652388000488281250e+01
4.253918457031250000e+01
5.599137878417968750e+01
1.192283401489257812e+02
4.134467315673828125e+01
4.581023025512695312e+01
1.055400543212890625e+02
1.515654296875000000e+02
1.617392272949218750e+02
5.496822738647460938e+01
8.359983825683593750e+01
3.780055618286132812e+01
8.116070556640625000e+01
5.618756103515625000e+01
3.686301040649414062e+01
1.112512969970703125e+02
5.137114715576171875e+01
7.655994415283203125e+01
1.355511169433593750e+02
7.308244323730468750e+01
6.784860229492187500e+01
9.190986633300781250e+01
3.623671340942382812e+01
6.950294494628906250e+01
1.317493286132812500e+02
3.727359390258789062e+01
6.996507263183593750e+01
6.162397766113281250e+01
4.712060546875000000e+01
8.741951751708984375e+01
1.172664489746093750e+02
7.266940307617187500e+01
1.051127319335937500e+02
7.228565216064453125e+01
7.284999084472656250e+01
8.129769897460937500e+01
7.238639831542968750e+01
4.197010040283203125e+01
3.205307769775390625e+01
3.834238433837890625e+01
5.975937271118164062e+01
5.744572448730468750e+01
7.157946014404296875e+01
4.488160324096679688e+01
4.574322509765625000e+01
3.753125762939453125e+01
2.385507507324218750e+02
4.473817443847656250e+01
5.193884277343750000e+01
3.557039642333984375e+01
3.000000000000000000e+01
3.863497161865234375e+01
6.681590270996093750e+01
7.489147949218750000e+01
8.473132324218750000e+01
7.662775421142578125e+01
4.967101287841796875e+01
5.349684906005859375e+01
4.877007293701171875e+01
1.451837768554687500e+02
4.812194824218750000e+01
3.806912994384765625e+01
6.372986984252929688e+01
4.260575103759765625e+01
5.955659484863281250e+01
8.421577453613281250e+01
1.326282501220703125e+02
7.848342895507812500e+01
8.216796875000000000e+01
6.103219604492187500e+01
5.394034576416015625e+01
7.065842437744140625e+01
4.007778930664062500e+01
6.873942565917968750e+01
9.250201416015625000e+01
4.068647766113281250e+01
3.604943084716796875e+01
7.880325317382812500e+01
3.000000000000000000e+01
3.989247131347656250e+01
1.210094680786132812e+02
6.542772674560546875e+01
5.440062713623046875e+01
6.497706604003906250e+01
4.253735733032226562e+01
5.445159149169921875e+01
8.991078948974609375e+01
5.084152984619140625e+01
7.516312408447265625e+01
2.029113464355468750e+02
4.706336212158203125e+01
1.169498825073242188e+02
4.671149826049804688e+01
4.673451614379882812e+01
9.125093078613281250e+01
7.698155975341796875e+01
5.330249023437500000e+01
6.702635192871093750e+01
3.000000000000000000e+01
5.055475234985351562e+01
4.949345779418945312e+01
5.811104965209960938e+01
3.772420120239257812e+01
5.976174926757812500e+01
5.891098403930664062e+01
1.935344085693359375e+02
8.420048522949218750e+01
4.868521118164062500e+01
4.702179718017578125e+01
5.018560791015625000e+01
5.044685363769531250e+01
7.909645080566406250e+01
3.000000000000000000e+01
8.458175659179687500e+01
9.227983856201171875e+01
4.964445877075195312e+01
1.250066452026367188e+02
8.802283477783203125e+01
5.598369598388671875e+01
5.053604125976562500e+01
4.736683654785156250e+01
4.710154342651367188e+01
1.860388183593750000e+02
3.342047119140625000e+01
5.214052963256835938e+01
4.950741958618164062e+01
4.458686828613281250e+01
1.022194213867187500e+02
4.358213043212890625e+01
4.713494110107421875e+01
1.458903503417968750e+02
6.510108184814453125e+01
7.440722656250000000e+01
6.650881958007812500e+01
6.430770874023437500e+01
6.057806396484375000e+01
8.356301879882812500e+01
7.685066986083984375e+01
7.585855102539062500e+01
7.142488098144531250e+01
3.493019866943359375e+01
6.156515121459960938e+01
8.556909179687500000e+01
4.923678588867187500e+01
4.197338485717773438e+01
6.194979858398437500e+01
9.891616821289062500e+01
6.351284790039062500e+01
5.247845077514648438e+01
4.132508850097656250e+01
3.000000000000000000e+01
4.219910430908203125e+01
3.000000000000000000e+01
4.664498519897460938e+01
4.010198974609375000e+01
5.213458251953125000e+01
4.782595825195312500e+01
5.058930969238281250e+01
4.384264373779296875e+01
7.981150817871093750e+01
6.462158203125000000e+01
4.712515258789062500e+01
3.746405029296875000e+01
5.288641738891601562e+01
4.833589935302734375e+01
3.000000000000000000e+01
3.729296875000000000e+01
7.785139465332031250e+01
3.649249649047851562e+01
5.369711303710937500e+01
3.000000000000000000e+01
5.432311630249023438e+01
3.886245727539062500e+01
3.000000000000000000e+01
1.073673629760742188e+02
5.424868011474609375e+01
4.221793746948242188e+01
7.480009460449218750e+01
3.806912994384765625e+01
6.825920867919921875e+01
5.398116302490234375e+01
5.148015594482421875e+01
1.112191314697265625e+02
4.845730209350585938e+01
1.441281585693359375e+02
9.866239929199218750e+01
3.573081970214843750e+01
4.264285278320312500e+01
9.003979492187500000e+01
5.692214965820312500e+01
5.891091537475585938e+01
5.296846008300781250e+01
2.137343139648437500e+02
4.888231658935546875e+01
7.177263641357421875e+01
5.861497497558593750e+01
5.712117385864257812e+01
5.267338562011718750e+01
9.810302734375000000e+01
4.963545989990234375e+01
7.401557922363281250e+01
7.340281677246093750e+01
4.748128509521484375e+01
4.288276672363281250e+01
4.413374328613281250e+01
4.051337432861328125e+01
3.973935317993164062e+01
3.964192199707031250e+01
3.806534576416015625e+01
4.160693359375000000e+01
4.277253723144531250e+01
4.977082443237304688e+01
4.342504882812500000e+01
5.789797210693359375e+01
5.117416000366210938e+01
7.184060668945312500e+01
1.465874176025390625e+02
6.892310333251953125e+01
9.754496002197265625e+01
7.876231384277343750e+01
1.129816436767578125e+02
3.452983856201171875e+01
4.929709625244140625e+01
3.000000000000000000e+01
3.932138061523437500e+01
5.506088256835937500e+01
8.253530120849609375e+01
6.983360290527343750e+01
6.502019500732421875e+01
3.816189575195312500e+01
4.471523666381835938e+01
5.935176086425781250e+01
1.021275100708007812e+02
5.018630599975585938e+01
5.219441604614257812e+01
4.218090057373046875e+01
4.113553237915039062e+01
9.140288543701171875e+01
5.198061752319335938e+01
4.451356124877929688e+01
4.279552459716796875e+01
4.725980758666992188e+01
7.723606872558593750e+01
9.652980804443359375e+01
4.126109313964843750e+01
4.124600601196289062e+01
4.448668670654296875e+01
8.473132324218750000e+01
6.786963653564453125e+01
4.494348907470703125e+01
5.157418441772460938e+01
6.660107421875000000e+01
4.566271209716796875e+01
5.722576522827148438e+01
5.602216339111328125e+01
6.199204635620117188e+01
3.645462417602539062e+01
6.900421905517578125e+01
6.218873596191406250e+01
8.146148681640625000e+01
6.662442779541015625e+01
4.330924987792968750e+01
3.796929168701171875e+01
6.202067565917968750e+01
7.583232116699218750e+01
4.991462707519531250e+01
6.461276245117187500e+01
5.227505493164062500e+01
3.991770553588867188e+01
6.017613601684570312e+01
5.653671264648437500e+01
3.385612487792968750e+01
4.848368835449218750e+01
6.753527832031250000e+01
5.891098022460937500e+01
5.932555389404296875e+01
5.446908950805664062e+01
3.508036804199218750e+01
6.823097229003906250e+01
1.188011474609375000e+02
6.094128799438476562e+01
5.164837265014648438e+01
1.129816436767578125e+02
5.496822738647460938e+01
6.757670593261718750e+01
9.891616821289062500e+01
4.157379150390625000e+01
3.804087829589843750e+01
7.835986328125000000e+01
3.000000000000000000e+01
4.011143875122070312e+01
1.836058197021484375e+02
4.323798370361328125e+01
3.000000000000000000e+01
4.117835998535156250e+01
1.279200668334960938e+02
7.468176269531250000e+01
4.914713287353515625e+01
1.063311386108398438e+02
4.710599899291992188e+01
1.184501495361328125e+02
7.822090911865234375e+01
1.051874694824218750e+02
4.323014831542968750e+01
4.348648071289062500e+01
9.303603363037109375e+01
7.371814727783203125e+01
7.180400085449218750e+01
5.843846130371093750e+01
4.602010726928710938e+01
3.094054985046386719e+01
4.450189208984375000e+01
5.807497787475585938e+01
4.928388595581054688e+01
4.286891937255859375e+01
7.492233276367187500e+01
7.664579010009765625e+01
4.747336196899414062e+01
3.477156066894531250e+01
5.223390960693359375e+01
4.248913574218750000e+01
4.483235168457031250e+01
1.314747009277343750e+02
5.819485092163085938e+01
8.938210296630859375e+01
4.820194244384765625e+01
3.868817901611328125e+01
3.333960342407226562e+01
1.015548400878906250e+02
6.094238281250000000e+01
7.625822448730468750e+01
8.261904144287109375e+01
5.729104232788085938e+01
4.046326828002929688e+01
3.903415298461914062e+01
4.188852310180664062e+01
6.813758850097656250e+01
5.678499221801757812e+01
1.860388183593750000e+02
4.859708786010742188e+01
6.320449066162109375e+01
7.074668884277343750e+01
7.851527404785156250e+01
4.833581161499023438e+01
4.863586425781250000e+01
5.024260711669921875e+01
6.857432556152343750e+01
9.468363189697265625e+01
3.000000000000000000e+01
4.233195495605468750e+01
5.463311767578125000e+01
8.756565093994140625e+01
5.018425369262695312e+01
1.441281585693359375e+02
5.849438476562500000e+01
3.000000000000000000e+01
5.074987030029296875e+01
6.003669738769531250e+01
1.480249023437500000e+02
7.574704742431640625e+01
5.863671112060546875e+01
8.322296905517578125e+01
3.000000000000000000e+01
4.790326690673828125e+01
9.657263183593750000e+01
4.197332382202148438e+01
3.884023284912109375e+01
7.633840179443359375e+01
7.842326354980468750e+01
5.509383010864257812e+01
1.128917694091796875e+02
4.077952194213867188e+01
4.742382049560546875e+01
5.977302551269531250e+01
8.936028289794921875e+01
6.940211486816406250e+01
4.358234405517578125e+01
4.056475067138671875e+01
3.713769912719726562e+01
3.547934722900390625e+01
4.812194824218750000e+01
3.854476165771484375e+01
6.735261535644531250e+01
6.542771911621093750e+01
3.635217666625976562e+01
4.117201232910156250e+01
4.402672958374023438e+01
5.193884277343750000e+01
3.271053314208984375e+01
9.592600250244140625e+01
3.000000000000000000e+01
6.263982391357421875e+01
7.848184967041015625e+01
4.539124679565429688e+01
3.099479293823242188e+01
3.815078735351562500e+01
7.165429687500000000e+01
7.281021118164062500e+01
5.319329452514648438e+01
6.525108337402343750e+01
5.205436325073242188e+01
8.315096282958984375e+01
4.845668792724609375e+01
3.935848999023437500e+01
5.560721588134765625e+01
4.196359252929687500e+01
6.057806396484375000e+01
6.161172103881835938e+01
4.012443542480468750e+01
5.833876037597656250e+01
5.064194488525390625e+01
5.821056365966796875e+01
4.535685348510742188e+01
6.212830352783203125e+01
4.748670196533203125e+01
4.327125549316406250e+01
6.788906860351562500e+01
7.060818481445312500e+01
4.615097808837890625e+01
7.747788238525390625e+01
4.351398468017578125e+01
6.535908508300781250e+01
6.831293487548828125e+01
5.765519714355468750e+01
6.811209869384765625e+01
6.061506271362304688e+01
7.241056823730468750e+01
4.023769378662109375e+01
7.693003082275390625e+01
5.319207763671875000e+01
5.014826202392578125e+01
8.333268737792968750e+01
1.299336853027343750e+02
1.258380737304687500e+02
4.264018630981445312e+01
3.000000000000000000e+01
4.772624206542968750e+01
6.673979187011718750e+01
8.420047760009765625e+01
8.365312957763671875e+01
6.741155242919921875e+01
1.098780899047851562e+02
5.223390960693359375e+01
4.602463912963867188e+01
3.000000000000000000e+01
5.564279174804687500e+01
6.032709884643554688e+01
3.301477813720703125e+01
4.700717926025390625e+01
7.166583251953125000e+01
5.124005889892578125e+01
4.647386932373046875e+01
9.084860229492187500e+01
4.623732757568359375e+01
4.508132934570312500e+01
5.474313354492187500e+01
5.721864700317382812e+01
4.705513763427734375e+01
4.358234405517578125e+01
2.022963867187500000e+02
7.682723999023437500e+01
4.481524658203125000e+01
4.745252990722656250e+01
4.674937057495117188e+01
1.393634948730468750e+02
4.033441925048828125e+01
5.036816406250000000e+01
5.933079910278320312e+01
4.286891937255859375e+01
6.428517150878906250e+01
5.537441253662109375e+01
5.455318450927734375e+01
5.459973907470703125e+01
5.695861434936523438e+01
3.872288131713867188e+01
3.000000000000000000e+01
5.275907135009765625e+01
5.361067962646484375e+01
1.980542297363281250e+02
6.035566711425781250e+01
4.552186965942382812e+01
5.630722045898437500e+01
6.314885330200195312e+01
4.640118408203125000e+01
7.182458496093750000e+01
5.426281738281250000e+01
5.267932891845703125e+01
4.602025222778320312e+01
6.653568267822265625e+01
6.342247009277343750e+01
3.456158447265625000e+01
4.036835098266601562e+01
6.246208953857421875e+01
3.573081970214843750e+01
4.065588378906250000e+01
3.289310073852539062e+01
6.026866912841796875e+01
5.970592498779296875e+01
3.092835807800292969e+01
4.996078109741210938e+01
5.067478561401367188e+01
7.797335815429687500e+01
7.087226867675781250e+01
8.987891387939453125e+01
3.008429718017578125e+01
7.585855102539062500e+01
7.559420776367187500e+01
4.251374816894531250e+01
8.333268737792968750e+01
4.489935302734375000e+01
5.339094543457031250e+01
3.810943222045898438e+01
4.238507461547851562e+01
1.356872406005859375e+02
6.016259002685546875e+01
4.564699554443359375e+01
7.097390747070312500e+01
4.599114608764648438e+01
1.238559265136718750e+02
5.508907699584960938e+01
3.861489486694335938e+01
5.081369781494140625e+01
7.992733764648437500e+01
8.110846710205078125e+01
7.012668609619140625e+01
5.266325378417968750e+01
3.410999679565429688e+01
3.289934539794921875e+01
5.679431915283203125e+01
6.322684097290039062e+01
1.217980804443359375e+02
9.182659149169921875e+01
1.272851715087890625e+02
6.131403350830078125e+01
3.518518066406250000e+01
5.805028152465820312e+01
3.150181388854980469e+01
5.303424072265625000e+01
3.000000000000000000e+01
3.000000000000000000e+01
6.538394165039062500e+01
1.114417419433593750e+02
4.779005050659179688e+01
3.960221099853515625e+01
5.861122512817382812e+01
6.050885772705078125e+01
4.348316192626953125e+01
5.049253082275390625e+01
5.678499221801757812e+01
3.973775863647460938e+01
7.079802703857421875e+01
4.790326690673828125e+01
5.236097717285156250e+01
5.316172409057617188e+01
3.125515747070312500e+01
4.643325424194335938e+01
5.437378692626953125e+01
4.050551605224609375e+01
6.498707580566406250e+01
8.707331848144531250e+01
4.916771316528320312e+01
9.379922485351562500e+01
5.195443725585937500e+01
3.662191772460937500e+01
5.217484283447265625e+01
4.385521697998046875e+01
4.151015090942382812e+01
4.608015060424804688e+01
3.591729354858398438e+01
3.904980468750000000e+01
9.248935699462890625e+01
4.967100906372070312e+01
3.773032760620117188e+01
1.935344085693359375e+02
8.152648925781250000e+01
4.495355987548828125e+01
5.918811798095703125e+01
7.956838226318359375e+01
4.384264373779296875e+01
4.757703399658203125e+01
1.059401321411132812e+02
4.171919250488281250e+01
6.260665130615234375e+01
4.206230163574218750e+01
3.000000000000000000e+01
5.392180252075195312e+01
6.799237060546875000e+01
4.778272247314453125e+01
4.517677688598632812e+01
4.166636657714843750e+01
4.561386108398437500e+01
4.267863845825195312e+01
5.137114715576171875e+01
3.406212615966796875e+01
4.229834365844726562e+01
5.747269439697265625e+01
7.687728881835937500e+01
4.407087707519531250e+01
8.861434936523437500e+01
4.698179626464843750e+01
3.944383621215820312e+01
7.330262756347656250e+01
7.418208312988281250e+01
3.892126846313476562e+01
5.445098876953125000e+01
3.000000000000000000e+01
4.089683532714843750e+01
3.674591827392578125e+01
1.046788635253906250e+02
5.039432525634765625e+01
3.893298339843750000e+01
6.650881958007812500e+01
5.120010375976562500e+01
5.384273529052734375e+01
3.502853775024414062e+01
4.811798095703125000e+01
5.035054779052734375e+01
4.788241195678710938e+01
7.474736785888671875e+01
7.253310394287109375e+01
4.236511993408203125e+01
4.534974670410156250e+01
3.430498504638671875e+01
4.951279449462890625e+01
6.670249938964843750e+01
8.233216857910156250e+01
5.455318450927734375e+01
5.005834197998046875e+01
6.536428070068359375e+01
4.811798095703125000e+01
5.507085418701171875e+01
4.818453216552734375e+01
3.000000000000000000e+01
4.261449432373046875e+01
5.765926361083984375e+01
5.986996078491210938e+01
3.577590942382812500e+01
6.999304199218750000e+01
4.632263183593750000e+01
7.514825439453125000e+01
3.941305541992187500e+01
6.051939010620117188e+01
3.732550811767578125e+01
4.890773010253906250e+01
6.446797180175781250e+01
4.436362075805664062e+01
6.394930267333984375e+01
3.567333984375000000e+01
6.858905792236328125e+01
5.990217971801757812e+01
5.928524017333984375e+01
4.383077239990234375e+01
4.147465896606445312e+01
8.818425750732421875e+01
7.111788177490234375e+01
4.290350341796875000e+01
3.983586883544921875e+01
5.690809631347656250e+01
6.729913330078125000e+01
5.542375183105468750e+01
3.000000000000000000e+01
9.102642059326171875e+01
4.802962112426757812e+01
3.973619079589843750e+01
4.620684814453125000e+01
4.597389984130859375e+01
5.843278503417968750e+01
3.361134719848632812e+01
9.125092315673828125e+01
5.414719390869140625e+01
4.651365661621093750e+01
4.237232208251953125e+01
5.753758239746093750e+01
6.736559295654296875e+01
6.926840972900390625e+01
3.000000000000000000e+01
3.837953186035156250e+01
4.041679382324218750e+01
4.079934310913085938e+01
6.571641540527343750e+01
5.322172164916992188e+01
6.991017150878906250e+01
6.400630187988281250e+01
4.907198333740234375e+01
3.861908340454101562e+01
4.225242614746093750e+01
5.288744735717773438e+01
5.753757858276367188e+01
7.241056823730468750e+01
5.484539031982421875e+01
5.023223495483398438e+01
3.706101989746093750e+01
8.018482971191406250e+01
5.923852539062500000e+01
6.558322143554687500e+01
5.159411239624023438e+01
3.559235382080078125e+01
6.886608886718750000e+01
3.080098724365234375e+01
7.291174316406250000e+01
3.237798690795898438e+01
5.091418838500976562e+01
3.789328384399414062e+01
3.000000000000000000e+01
4.941412353515625000e+01
3.961321258544921875e+01
7.598413085937500000e+01
4.384281158447265625e+01
8.233216857910156250e+01
5.048161315917968750e+01
4.341171264648437500e+01
4.120076370239257812e+01
4.954360961914062500e+01
3.563084793090820312e+01
4.152336883544921875e+01
6.977409362792968750e+01
7.489147949218750000e+01
5.148015594482421875e+01
4.240303802490234375e+01
4.332633209228515625e+01
6.938628387451171875e+01
4.604269790649414062e+01
4.574020385742187500e+01
4.624353027343750000e+01
3.000000000000000000e+01
4.193439865112304688e+01
4.012443542480468750e+01
4.472287368774414062e+01
3.497547531127929688e+01
4.367956542968750000e+01
5.350653839111328125e+01
3.695960617065429688e+01
3.874396133422851562e+01
4.649729919433593750e+01
3.241802215576171875e+01
5.912645721435546875e+01
5.887169265747070312e+01
6.545741271972656250e+01
5.048161315917968750e+01
6.831535339355468750e+01
3.777133178710937500e+01
4.462497711181640625e+01
4.671533584594726562e+01
3.246417617797851562e+01
4.826520538330078125e+01
7.285418701171875000e+01
3.000000000000000000e+01
6.431286621093750000e+01
4.350148010253906250e+01
4.264285278320312500e+01
4.458466339111328125e+01
7.662775421142578125e+01
3.000000000000000000e+01
4.059707641601562500e+01
7.657656860351562500e+01
4.548822784423828125e+01
7.992733764648437500e+01
8.206375122070312500e+01
3.000000000000000000e+01
6.781288146972656250e+01
9.435800170898437500e+01
5.330249023437500000e+01
4.872544860839843750e+01
5.383546447753906250e+01
6.521318054199218750e+01
8.421576690673828125e+01
5.864744186401367188e+01
6.266509628295898438e+01
7.028313446044921875e+01
4.001224517822265625e+01
7.078799438476562500e+01
3.000000000000000000e+01
4.051626586914062500e+01
3.609112930297851562e+01
5.206648254394531250e+01
3.563810348510742188e+01
7.048075866699218750e+01
4.418069076538085938e+01
4.552186965942382812e+01
4.368962478637695312e+01
4.678260421752929688e+01
3.594949340820312500e+01
4.856784820556640625e+01
7.479714202880859375e+01
5.590112686157226562e+01
4.195349121093750000e+01
5.712908172607421875e+01
4.283938598632812500e+01
4.308140563964843750e+01
4.791611862182617188e+01
4.383077239990234375e+01
3.000000000000000000e+01
3.498025894165039062e+01
4.992651367187500000e+01
4.801623535156250000e+01
3.000000000000000000e+01
4.576036071777343750e+01
5.463311767578125000e+01
4.087089538574218750e+01
3.973935317993164062e+01
4.519274520874023438e+01
7.566697692871093750e+01
5.335790634155273438e+01
7.752562713623046875e+01
1.093095703125000000e+02
5.165036010742187500e+01
4.582183837890625000e+01
4.758973693847656250e+01
4.954092788696289062e+01
3.533332061767578125e+01
4.578079223632812500e+01
6.667393493652343750e+01
8.261904144287109375e+01
4.642433166503906250e+01
3.442828750610351562e+01
4.547116851806640625e+01
5.899531173706054688e+01
3.000000000000000000e+01
5.267338562011718750e+01
5.721864700317382812e+01
5.391163635253906250e+01
3.000000000000000000e+01
5.299570465087890625e+01
3.502704238891601562e+01
5.428942108154296875e+01
6.017613220214843750e+01
3.000000000000000000e+01
4.793111419677734375e+01
4.455562973022460938e+01
3.350094223022460938e+01
5.135162353515625000e+01
5.404175186157226562e+01
4.265997314453125000e+01
5.018425369262695312e+01
3.824560928344726562e+01
4.310634231567382812e+01
4.833581161499023438e+01
4.483745193481445312e+01
3.000000000000000000e+01
7.065252685546875000e+01
3.366971588134765625e+01
5.400804138183593750e+01
4.237039184570312500e+01
4.339397811889648438e+01
6.265246582031250000e+01
6.207542419433593750e+01
5.678855895996093750e+01
4.450202941894531250e+01
5.332184600830078125e+01
5.264220428466796875e+01
5.798490905761718750e+01
3.452983856201171875e+01
4.552629089355468750e+01
5.254350662231445312e+01
6.265460968017578125e+01
4.177643203735351562e+01
5.548892593383789062e+01
3.760827255249023438e+01
7.502864074707031250e+01
3.908911895751953125e+01
8.014089202880859375e+01
8.114480590820312500e+01
5.087609863281250000e+01
4.628028106689453125e+01
4.317124938964843750e+01
7.374751281738281250e+01
6.584725189208984375e+01
4.058003234863281250e+01
7.225001525878906250e+01
4.616143035888671875e+01
4.249501037597656250e+01
5.187705993652343750e+01
8.855789947509765625e+01
4.961770629882812500e+01
5.208721542358398438e+01
3.000000000000000000e+01
5.564743804931640625e+01
3.946279907226562500e+01
3.528007507324218750e+01
4.636746597290039062e+01
9.877146911621093750e+01
5.243562316894531250e+01
4.866497421264648438e+01
3.000000000000000000e+01
7.001537322998046875e+01
4.472647094726562500e+01
4.851225280761718750e+01
5.611712646484375000e+01
8.987891387939453125e+01
4.967510604858398438e+01
6.605548095703125000e+01
7.939785766601562500e+01
7.715050506591796875e+01
6.263169860839843750e+01
3.000000000000000000e+01
3.759220123291015625e+01
4.962900543212890625e+01
3.753054428100585938e+01
3.873713684082031250e+01
4.351287841796875000e+01
4.213044738769531250e+01
3.000000000000000000e+01
3.522699737548828125e+01
3.399089431762695312e+01
4.408174896240234375e+01
7.456983947753906250e+01
5.077702331542968750e+01
3.375197982788085938e+01
4.202053070068359375e+01
3.362652206420898438e+01
3.000000000000000000e+01
4.657469558715820312e+01
7.541782379150390625e+01
4.388933181762695312e+01
4.176480865478515625e+01
3.000000000000000000e+01
6.156515121459960938e+01
6.395503997802734375e+01
3.000000000000000000e+01
8.818425750732421875e+01
4.565763092041015625e+01
8.067648315429687500e+01
4.250130462646484375e+01
5.579551696777343750e+01
5.875189208984375000e+01
4.491155242919921875e+01
3.000000000000000000e+01
5.218159484863281250e+01
5.137935638427734375e+01
5.394034194946289062e+01
4.637598419189453125e+01
4.271466064453125000e+01
5.791639328002929688e+01
4.118206787109375000e+01
6.428517150878906250e+01
6.457138061523437500e+01
7.696117401123046875e+01
5.225591278076171875e+01
4.734756469726562500e+01
5.350849151611328125e+01
3.000000000000000000e+01
5.312409591674804688e+01
5.319169616699218750e+01
5.917378997802734375e+01
5.318647003173828125e+01
4.688022613525390625e+01
4.822361373901367188e+01
3.974889373779296875e+01
3.914984893798828125e+01
7.260221862792968750e+01
3.997394180297851562e+01
3.931452941894531250e+01
4.127261352539062500e+01
4.485281372070312500e+01
4.732081604003906250e+01
3.314925765991210938e+01
5.599137878417968750e+01
3.180657768249511719e+01
3.198555946350097656e+01
6.119903564453125000e+01
7.097390747070312500e+01
3.000000000000000000e+01
5.456540679931640625e+01
4.967658233642578125e+01
3.964069747924804688e+01
4.301271438598632812e+01
4.984607315063476562e+01
4.659867095947265625e+01
4.197182464599609375e+01
4.288402938842773438e+01
4.319157028198242188e+01
3.955979537963867188e+01
5.908595657348632812e+01
4.644387435913085938e+01
3.823128509521484375e+01
3.497595977783203125e+01
4.119439697265625000e+01
3.413035202026367188e+01
5.204931640625000000e+01
4.929632568359375000e+01
8.855789947509765625e+01
5.952387237548828125e+01
3.079571723937988281e+01
3.465714645385742188e+01
8.969067382812500000e+01
5.712117767333984375e+01
3.821691513061523438e+01
7.260221862792968750e+01
5.009532928466796875e+01
4.222308349609375000e+01
3.859095764160156250e+01
4.782595825195312500e+01
1.003245239257812500e+02
8.183509826660156250e+01
5.137981033325195312e+01
7.753501129150390625e+01
3.489080429077148438e+01
3.000000000000000000e+01
7.717227172851562500e+01
4.258573150634765625e+01
4.920566558837890625e+01
5.583889007568359375e+01
3.714482879638671875e+01
3.681427001953125000e+01
5.291110992431640625e+01
3.299444961547851562e+01
4.762263488769531250e+01
6.368722915649414062e+01
4.694403076171875000e+01
3.000000000000000000e+01
5.164837265014648438e+01
9.435800170898437500e+01
3.426890563964843750e+01
4.121302795410156250e+01
7.916018676757812500e+01
4.892126846313476562e+01
3.000000000000000000e+01
7.382595825195312500e+01
4.873414611816406250e+01
3.000000000000000000e+01
3.379764175415039062e+01
4.474750137329101562e+01
4.637708663940429688e+01
3.845409393310546875e+01
4.070923995971679688e+01
4.263373947143554688e+01
6.308265304565429688e+01
5.933676147460937500e+01
4.843846130371093750e+01
3.809619140625000000e+01
4.626364135742187500e+01
4.272203826904296875e+01
3.076723670959472656e+01
7.284764099121093750e+01
5.219140625000000000e+01
4.769887542724609375e+01
3.000000000000000000e+01
3.277871322631835938e+01
3.000000000000000000e+01
3.859278869628906250e+01
5.565913772583007812e+01
3.844187164306640625e+01
4.642433166503906250e+01
4.705513763427734375e+01
4.707616806030273438e+01
5.563333511352539062e+01
4.974468231201171875e+01
5.334368515014648438e+01
6.808448791503906250e+01
5.410581588745117188e+01
3.924053955078125000e+01
4.104274749755859375e+01
7.797335815429687500e+01
5.274469757080078125e+01
3.155400657653808594e+01
3.131628799438476562e+01
5.297760009765625000e+01
6.148039627075195312e+01
4.070779418945312500e+01
4.041457366943359375e+01
3.197385406494140625e+01
3.105075645446777344e+01
3.568025970458984375e+01
3.797807312011718750e+01
5.200843429565429688e+01
4.283004760742187500e+01
6.532006072998046875e+01
4.666664886474609375e+01
6.238768005371093750e+01
4.308808135986328125e+01
4.557458877563476562e+01
6.273840332031250000e+01
3.181794166564941406e+01
4.800207519531250000e+01
3.237066650390625000e+01
3.335037231445312500e+01
4.906147003173828125e+01
4.775640106201171875e+01
3.361397552490234375e+01
4.681603622436523438e+01
3.227941894531250000e+01
3.893013381958007812e+01
4.104887390136718750e+01
3.646712493896484375e+01
