4.935076904296875000e+01
6.430951690673828125e+01
3.080721473693847656e+01
4.050386810302734375e+01
7.069770812988281250e+01
6.547244262695312500e+01
3.000000000000000000e+01
7.302214050292968750e+01
5.852655029296875000e+01
1.158163375854492188e+02
4.853499221801757812e+01
1.416349792480468750e+02
4.890147399902343750e+01
4.023563003540039062e+01
3.000000000000000000e+01
6.304414749145507812e+01
6.737045288085937500e+01
3.764831542968750000e+01
4.148001861572265625e+01
1.456354217529296875e+02
4.141780471801757812e+01
8.235507202148437500e+01
3.000000000000000000e+01
3.000000000000000000e+01
4.554780960083007812e+01
7.348903656005859375e+01
3.469561004638671875e+01
7.317790222167968750e+01
1.936253051757812500e+02
5.820510101318359375e+01
4.665592956542968750e+01
4.626641845703125000e+01
5.004714202880859375e+01
8.987483215332031250e+01
5.434839248657226562e+01
7.346434020996093750e+01
6.563033294677734375e+01
4.932793807983398438e+01
4.365248489379882812e+01
3.000000000000000000e+01
4.516361999511718750e+01
3.102899169921875000e+01
5.491125869750976562e+01
3.931404113769531250e+01
3.234722518920898438e+01
3.000000000000000000e+01
3.961082077026367188e+01
6.081066894531250000e+01
1.373099060058593750e+02
6.127672958374023438e+01
4.107061004638671875e+01
3.086994361877441406e+01
7.086610412597656250e+01
4.270867538452148438e+01
1.192313690185546875e+02
4.805073928833007812e+01
6.816795349121093750e+01
4.690324401855468750e+01
6.938645935058593750e+01
7.228957366943359375e+01
5.834979248046875000e+01
8.305990600585937500e+01
3.683637619018554688e+01
8.791751861572265625e+01
1.027187042236328125e+02
5.041563034057617188e+01
5.271562576293945312e+01
3.000000000000000000e+01
4.488957214355468750e+01
5.301389312744140625e+01
5.966937637329101562e+01
3.577696990966796875e+01
9.733245086669921875e+01
3.481141662597656250e+01
5.303379058837890625e+01
4.387741470336914062e+01
4.823925781250000000e+01
5.058306503295898438e+01
4.328038787841796875e+01
5.912174987792968750e+01
3.334527587890625000e+01
6.737045288085937500e+01
4.715300750732421875e+01
1.172316894531250000e+02
1.016769790649414062e+02
4.010340499877929688e+01
3.767922210693359375e+01
4.676980972290039062e+01
4.890147399902343750e+01
5.786791610717773438e+01
4.670434570312500000e+01
4.844929504394531250e+01
6.027039337158203125e+01
6.781367492675781250e+01
1.087895660400390625e+02
9.286371612548828125e+01
5.930742645263671875e+01
3.798390197753906250e+01
9.532754516601562500e+01
3.956838226318359375e+01
1.018344802856445312e+02
7.160281372070312500e+01
1.536463012695312500e+02
3.000000000000000000e+01
4.482479095458984375e+01
7.961140441894531250e+01
3.000000000000000000e+01
5.722477722167968750e+01
5.326380157470703125e+01
3.000000000000000000e+01
4.125691986083984375e+01
3.537388229370117188e+01
6.604458618164062500e+01
1.314241638183593750e+02
3.997290802001953125e+01
3.906636428833007812e+01
1.003630599975585938e+02
4.546918487548828125e+01
7.584017944335937500e+01
5.518890380859375000e+01
4.515624237060546875e+01
5.054722976684570312e+01
5.097553253173828125e+01
4.342884826660156250e+01
3.836887359619140625e+01
4.554378509521484375e+01
6.628250122070312500e+01
6.506306457519531250e+01
4.837966918945312500e+01
4.301831054687500000e+01
4.440551376342773438e+01
1.035134429931640625e+02
5.833353042602539062e+01
3.000000000000000000e+01
5.701071929931640625e+01
4.333409118652343750e+01
1.145552062988281250e+02
4.359383392333984375e+01
4.665258026123046875e+01
6.396940612792968750e+01
4.672505569458007812e+01
9.793354034423828125e+01
7.325510406494140625e+01
5.802514648437500000e+01
7.372604370117187500e+01
3.713522338867187500e+01
7.890289306640625000e+01
9.583334350585937500e+01
4.431884002685546875e+01
1.142727737426757812e+02
5.935817337036132812e+01
8.484610748291015625e+01
5.585374450683593750e+01
9.000263977050781250e+01
4.696483612060546875e+01
1.185442962646484375e+02
3.748956298828125000e+01
1.261323013305664062e+02
4.587918090820312500e+01
6.200726318359375000e+01
3.429024505615234375e+01
5.393565368652343750e+01
4.959685516357421875e+01
3.358636093139648438e+01
7.056970214843750000e+01
4.225718307495117188e+01
6.306444549560546875e+01
4.709349822998046875e+01
3.143939018249511719e+01
1.251616516113281250e+02
4.151679229736328125e+01
4.744528579711914062e+01
3.708972167968750000e+01
3.000000000000000000e+01
5.108248138427734375e+01
5.506800842285156250e+01
4.524188995361328125e+01
5.056175231933593750e+01
7.187129974365234375e+01
5.516337585449218750e+01
6.282315826416015625e+01
5.441842651367187500e+01
7.070321655273437500e+01
5.572743606567382812e+01
3.874772262573242188e+01
3.000000000000000000e+01
4.137655258178710938e+01
8.232165527343750000e+01
5.752580261230468750e+01
5.476295471191406250e+01
5.363108825683593750e+01
5.552787017822265625e+01
6.272344970703125000e+01
4.770603179931640625e+01
5.284038925170898438e+01
5.365532684326171875e+01
3.829710769653320312e+01
7.738704681396484375e+01
1.372593078613281250e+02
7.520736694335937500e+01
5.134234237670898438e+01
1.117689208984375000e+02
6.059163665771484375e+01
3.000000000000000000e+01
4.916618347167968750e+01
4.375987243652343750e+01
5.608594512939453125e+01
4.603348541259765625e+01
1.145628662109375000e+02
3.582753372192382812e+01
4.216767883300781250e+01
9.909611511230468750e+01
5.654384613037109375e+01
4.291847610473632812e+01
3.972690200805664062e+01
4.102753448486328125e+01
5.416205596923828125e+01
5.549328613281250000e+01
4.301240921020507812e+01
4.011767959594726562e+01
3.627710723876953125e+01
6.235275268554687500e+01
9.511996459960937500e+01
3.769657516479492188e+01
4.683386230468750000e+01
4.132403564453125000e+01
6.360580444335937500e+01
1.121865539550781250e+02
6.119977569580078125e+01
1.018316650390625000e+02
3.685480499267578125e+01
5.288853454589843750e+01
5.135885238647460938e+01
5.513451766967773438e+01
4.251090240478515625e+01
6.446583557128906250e+01
4.090500640869140625e+01
4.937905120849609375e+01
7.801371002197265625e+01
5.675985717773437500e+01
4.536218261718750000e+01
1.309326477050781250e+02
1.087793731689453125e+02
7.513956451416015625e+01
8.976858520507812500e+01
3.134167671203613281e+01
4.739599609375000000e+01
1.348628234863281250e+02
2.094547729492187500e+02
5.348184585571289062e+01
6.110663604736328125e+01
4.351559448242187500e+01
5.140889739990234375e+01
8.519943237304687500e+01
4.383991241455078125e+01
5.849079513549804688e+01
3.714877700805664062e+01
4.343334579467773438e+01
3.577870178222656250e+01
1.671983795166015625e+02
4.428617477416992188e+01
4.955477905273437500e+01
4.573581314086914062e+01
3.934367370605468750e+01
1.436612854003906250e+02
5.403039550781250000e+01
1.405054779052734375e+02
6.364437866210937500e+01
6.528262329101562500e+01
5.327326202392578125e+01
5.812312698364257812e+01
5.011451339721679688e+01
7.513955688476562500e+01
6.611033630371093750e+01
1.517341003417968750e+02
4.112180709838867188e+01
6.888439941406250000e+01
7.723147583007812500e+01
1.139860839843750000e+02
8.991729736328125000e+01
6.678033447265625000e+01
7.508430480957031250e+01
6.657600402832031250e+01
4.157649230957031250e+01
5.870781707763671875e+01
3.886353302001953125e+01
3.000000000000000000e+01
6.352156066894531250e+01
3.609775161743164062e+01
3.902250671386718750e+01
3.891697692871093750e+01
4.367914962768554688e+01
3.000000000000000000e+01
1.025641174316406250e+02
3.886986541748046875e+01
3.569697570800781250e+01
4.711203002929687500e+01
5.662028884887695312e+01
6.009340667724609375e+01
5.431794357299804688e+01
4.508162307739257812e+01
3.216889572143554688e+01
4.064997863769531250e+01
7.633891296386718750e+01
7.370853424072265625e+01
4.026930236816406250e+01
7.792953491210937500e+01
8.676068115234375000e+01
7.262375640869140625e+01
1.200395736694335938e+02
1.430098266601562500e+02
3.000000000000000000e+01
9.925939941406250000e+01
1.027132720947265625e+02
1.070059204101562500e+02
4.150352478027343750e+01
3.884485244750976562e+01
1.349088439941406250e+02
5.791556549072265625e+01
9.532754516601562500e+01
4.455276489257812500e+01
4.728204727172851562e+01
4.705950927734375000e+01
4.860567855834960938e+01
3.798905944824218750e+01
3.000000000000000000e+01
3.377009963989257812e+01
3.724819183349609375e+01
9.733245086669921875e+01
3.589034271240234375e+01
8.882771301269531250e+01
4.844504928588867188e+01
4.369176483154296875e+01
4.325515365600585938e+01
4.330299377441406250e+01
4.384811782836914062e+01
7.262266540527343750e+01
5.394734954833984375e+01
3.473976135253906250e+01
3.292616653442382812e+01
5.891190338134765625e+01
9.257214355468750000e+01
4.542844390869140625e+01
7.262375640869140625e+01
4.393267059326171875e+01
4.318364715576171875e+01
1.537137145996093750e+02
4.126471710205078125e+01
3.708700180053710938e+01
1.187654724121093750e+02
1.585021972656250000e+02
1.732012634277343750e+02
4.437425613403320312e+01
8.305990600585937500e+01
3.000000000000000000e+01
9.195493316650390625e+01
5.936907958984375000e+01
3.957666397094726562e+01
1.387289123535156250e+02
5.299021148681640625e+01
5.784608840942382812e+01
1.302260589599609375e+02
6.351560974121093750e+01
6.591817474365234375e+01
9.992698669433593750e+01
3.000000000000000000e+01
7.879490661621093750e+01
1.182834930419921875e+02
3.099346351623535156e+01
6.896833801269531250e+01
5.725279235839843750e+01
4.966505813598632812e+01
9.455212402343750000e+01
1.463809509277343750e+02
6.869087219238281250e+01
1.332277374267578125e+02
8.040880584716796875e+01
5.820510482788085938e+01
8.188011169433593750e+01
7.515173339843750000e+01
3.184306716918945312e+01
3.000000000000000000e+01
3.350518035888671875e+01
4.134603118896484375e+01
6.044527816772460938e+01
1.087793731689453125e+02
5.117240142822265625e+01
4.463525390625000000e+01
4.790287017822265625e+01
2.799551391601562500e+02
3.483874511718750000e+01
4.024596405029296875e+01
3.574862289428710938e+01
3.000000000000000000e+01
4.410802078247070312e+01
6.286967468261718750e+01
7.634014129638671875e+01
1.094450302124023438e+02
5.397658157348632812e+01
4.327256393432617188e+01
4.774922943115234375e+01
4.004949569702148438e+01
1.451845092773437500e+02
5.183406829833984375e+01
4.010103607177734375e+01
4.861085510253906250e+01
3.452123260498046875e+01
5.661038970947265625e+01
6.255957794189453125e+01
1.379214019775390625e+02
7.627713775634765625e+01
8.588088226318359375e+01
5.074687194824218750e+01
3.937804412841796875e+01
6.724517059326171875e+01
3.559043884277343750e+01
7.862472534179687500e+01
7.949009704589843750e+01
3.000000000000000000e+01
3.525035476684570312e+01
9.284550476074218750e+01
3.000000000000000000e+01
3.778440475463867188e+01
1.303796844482421875e+02
6.349877166748046875e+01
4.711311340332031250e+01
6.996861267089843750e+01
4.182216644287109375e+01
6.424648284912109375e+01
9.204728698730468750e+01
5.039812469482421875e+01
8.882771301269531250e+01
2.315211791992187500e+02
4.860567855834960938e+01
1.197098999023437500e+02
4.096611022949218750e+01
4.272561645507812500e+01
9.453324890136718750e+01
7.317790222167968750e+01
5.305553054809570312e+01
7.647276306152343750e+01
3.586721801757812500e+01
6.416787719726562500e+01
4.853686523437500000e+01
6.618670654296875000e+01
3.835966491699218750e+01
4.708335494995117188e+01
6.495910644531250000e+01
1.170313339233398438e+02
8.107826232910156250e+01
5.030408477783203125e+01
5.585374450683593750e+01
4.991367721557617188e+01
5.879061126708984375e+01
7.305982971191406250e+01
3.941334915161132812e+01
9.949005126953125000e+01
1.004797973632812500e+02
4.225920104980468750e+01
9.679442596435546875e+01
8.683921813964843750e+01
5.729565811157226562e+01
4.546254348754882812e+01
4.755738830566406250e+01
4.701328277587890625e+01
2.034576721191406250e+02
3.328484344482421875e+01
5.480967330932617188e+01
4.887690734863281250e+01
4.051747131347656250e+01
9.022273254394531250e+01
4.148882293701171875e+01
3.921948623657226562e+01
1.369863891601562500e+02
7.370853424072265625e+01
8.514588928222656250e+01
6.495181274414062500e+01
4.348082733154296875e+01
5.226251983642578125e+01
9.062275695800781250e+01
8.698508453369140625e+01
8.181455993652343750e+01
7.028233337402343750e+01
3.959316253662109375e+01
8.451841735839843750e+01
8.885661315917968750e+01
4.554914855957031250e+01
4.291847610473632812e+01
7.766139221191406250e+01
8.954844665527343750e+01
5.783671951293945312e+01
5.520120239257812500e+01
4.082020568847656250e+01
3.000000000000000000e+01
4.286374664306640625e+01
3.000000000000000000e+01
4.861233901977539062e+01
4.137489318847656250e+01
3.615829467773437500e+01
4.960475540161132812e+01
5.173878097534179688e+01
4.179758453369140625e+01
8.076571655273437500e+01
6.177057647705078125e+01
4.607427215576171875e+01
3.924364471435546875e+01
4.965480804443359375e+01
5.949102020263671875e+01
3.000000000000000000e+01
3.672277069091796875e+01
8.275213623046875000e+01
3.792903137207031250e+01
5.192639923095703125e+01
3.000000000000000000e+01
5.018051147460937500e+01
3.000000000000000000e+01
3.000000000000000000e+01
1.126329956054687500e+02
5.047420883178710938e+01
3.309523773193359375e+01
6.718233489990234375e+01
4.010103607177734375e+01
7.707514953613281250e+01
3.546078872680664062e+01
5.710473251342773438e+01
1.192193298339843750e+02
3.971135711669921875e+01
1.448657531738281250e+02
1.125571594238281250e+02
3.879029846191406250e+01
3.920596694946289062e+01
9.112350463867187500e+01
4.129190063476562500e+01
4.905369949340820312e+01
4.573580932617187500e+01
1.587600708007812500e+02
4.317802429199218750e+01
5.438764190673828125e+01
5.726084136962890625e+01
3.974191665649414062e+01
4.729566192626953125e+01
1.033426895141601562e+02
4.788334274291992188e+01
6.494921875000000000e+01
4.472311782836914062e+01
4.193693161010742188e+01
3.000000000000000000e+01
4.742610549926757812e+01
4.027918624877929688e+01
3.966091918945312500e+01
4.070420837402343750e+01
3.880749130249023438e+01
4.225768280029296875e+01
4.461602020263671875e+01
5.730052947998046875e+01
4.515511322021484375e+01
5.189994812011718750e+01
5.722478103637695312e+01
6.556106567382812500e+01
1.145628662109375000e+02
6.589874267578125000e+01
1.057902069091796875e+02
9.206686401367187500e+01
1.106273345947265625e+02
4.144711303710937500e+01
5.845201873779296875e+01
3.606742858886718750e+01
4.512481307983398438e+01
6.651422882080078125e+01
6.895995330810546875e+01
8.599104309082031250e+01
7.781031799316406250e+01
3.997290802001953125e+01
4.798998641967773438e+01
6.806742858886718750e+01
1.172997283935546875e+02
4.445381546020507812e+01
6.520806121826171875e+01
4.024040222167968750e+01
3.672887039184570312e+01
1.024711303710937500e+02
4.670434570312500000e+01
4.650646209716796875e+01
4.192530059814453125e+01
4.516002273559570312e+01
5.984224319458007812e+01
8.880175781250000000e+01
4.216309356689453125e+01
3.501618576049804688e+01
3.199982643127441406e+01
1.094450378417968750e+02
4.281130599975585938e+01
4.144440460205078125e+01
5.113967132568359375e+01
5.155324554443359375e+01
4.801978683471679688e+01
5.243146514892578125e+01
5.434824371337890625e+01
6.989509582519531250e+01
3.881768035888671875e+01
6.339216995239257812e+01
6.786243438720703125e+01
8.087861633300781250e+01
6.956689453125000000e+01
4.541809082031250000e+01
3.108213615417480469e+01
7.170373535156250000e+01
7.076690673828125000e+01
4.509766387939453125e+01
5.614516448974609375e+01
5.501208114624023438e+01
4.320015716552734375e+01
5.856607437133789062e+01
3.985649871826171875e+01
3.000000000000000000e+01
4.784411239624023438e+01
6.604127502441406250e+01
6.495910644531250000e+01
4.959993743896484375e+01
4.549774932861328125e+01
3.524549865722656250e+01
7.189473724365234375e+01
1.031007232666015625e+02
7.081195068359375000e+01
3.037617683410644531e+01
1.106273345947265625e+02
4.437425613403320312e+01
6.951576232910156250e+01
8.954843902587890625e+01
3.562541961669921875e+01
3.326045608520507812e+01
7.174574279785156250e+01
3.000000000000000000e+01
3.777756881713867188e+01
2.382903900146484375e+02
4.874726104736328125e+01
3.000000000000000000e+01
3.967731475830078125e+01
1.350984954833984375e+02
5.751447677612304688e+01
5.299348068237304688e+01
1.088371810913085938e+02
5.090606689453125000e+01
1.252628631591796875e+02
7.576216125488281250e+01
1.078924179077148438e+02
3.786997985839843750e+01
4.487829589843750000e+01
6.765911865234375000e+01
8.044001770019531250e+01
7.578431701660156250e+01
5.394734954833984375e+01
4.487487792968750000e+01
3.000000000000000000e+01
4.546205902099609375e+01
7.145524597167968750e+01
5.733478546142578125e+01
4.181034088134765625e+01
7.222181701660156250e+01
6.945092773437500000e+01
5.066516113281250000e+01
3.757240295410156250e+01
5.155462646484375000e+01
3.000000000000000000e+01
4.671910476684570312e+01
1.126207275390625000e+02
5.513283538818359375e+01
7.616116333007812500e+01
5.578720092773437500e+01
5.123444366455078125e+01
3.305265808105468750e+01
9.793354034423828125e+01
5.914113235473632812e+01
7.819949340820312500e+01
1.023341979980468750e+02
5.096219635009765625e+01
4.714563751220703125e+01
4.231216049194335938e+01
3.649705123901367188e+01
6.204580688476562500e+01
5.414791870117187500e+01
2.034576721191406250e+02
4.834143066406250000e+01
6.062145614624023438e+01
5.270982360839843750e+01
5.899151229858398438e+01
4.884779357910156250e+01
5.586796569824218750e+01
4.938698577880859375e+01
6.702282714843750000e+01
1.010795288085937500e+02
3.000000000000000000e+01
3.000000000000000000e+01
6.008126831054687500e+01
1.001112289428710938e+02
6.157856750488281250e+01
1.448657531738281250e+02
3.896959686279296875e+01
5.315250015258789062e+01
5.533501815795898438e+01
6.282986450195312500e+01
1.767093811035156250e+02
6.435894775390625000e+01
4.969379425048828125e+01
4.511186981201171875e+01
3.000000000000000000e+01
5.063296127319335938e+01
8.479089355468750000e+01
3.040147590637207031e+01
3.180164909362792969e+01
6.257624816894531250e+01
9.796034240722656250e+01
5.496986770629882812e+01
8.922324371337890625e+01
4.003036880493164062e+01
4.112223052978515625e+01
5.791556930541992188e+01
7.239905548095703125e+01
5.229472351074218750e+01
4.372308731079101562e+01
3.977515411376953125e+01
3.000000000000000000e+01
4.901528930664062500e+01
5.183406829833984375e+01
3.908265304565429688e+01
5.339954376220703125e+01
6.349877166748046875e+01
3.129277038574218750e+01
3.227631378173828125e+01
3.589621734619140625e+01
4.024596405029296875e+01
4.047618865966796875e+01
1.219545288085937500e+02
3.000000000000000000e+01
6.954220581054687500e+01
9.628890991210937500e+01
4.074035263061523438e+01
3.677758789062500000e+01
3.000000000000000000e+01
6.200726318359375000e+01
6.098659515380859375e+01
5.637106323242187500e+01
4.990195083618164062e+01
6.845783996582031250e+01
5.712021255493164062e+01
5.660584259033203125e+01
3.792049789428710938e+01
6.526634216308593750e+01
3.489912414550781250e+01
5.226251983642578125e+01
5.174328613281250000e+01
3.252861022949218750e+01
3.130768203735351562e+01
5.253479003906250000e+01
5.551104736328125000e+01
4.283990478515625000e+01
6.009340667724609375e+01
5.280652236938476562e+01
4.802629852294921875e+01
6.533808898925781250e+01
7.637904357910156250e+01
5.143666076660156250e+01
8.940346527099609375e+01
4.224275588989257812e+01
5.675985717773437500e+01
4.807598495483398438e+01
6.009836578369140625e+01
6.860620117187500000e+01
5.456520080566406250e+01
7.229887390136718750e+01
4.019589996337890625e+01
9.202221679687500000e+01
4.870300292968750000e+01
4.817251586914062500e+01
9.366387176513671875e+01
1.456354370117187500e+02
1.224382247924804688e+02
4.289637374877929688e+01
3.000000000000000000e+01
4.753964996337890625e+01
4.770960998535156250e+01
8.107826232910156250e+01
7.489410400390625000e+01
6.048670196533203125e+01
9.450819396972656250e+01
5.155462646484375000e+01
4.816208648681640625e+01
4.236660766601562500e+01
5.271291351318359375e+01
6.139510345458984375e+01
3.000000000000000000e+01
3.756620788574218750e+01
7.224171447753906250e+01
6.222034835815429688e+01
3.870498657226562500e+01
1.005389633178710938e+02
3.814902496337890625e+01
3.000000000000000000e+01
5.301389312744140625e+01
5.004652786254882812e+01
3.689746093750000000e+01
4.372308731079101562e+01
2.294952545166015625e+02
7.659261322021484375e+01
4.566720581054687500e+01
4.723739242553710938e+01
6.051474380493164062e+01
1.276851043701171875e+02
4.325682067871093750e+01
3.847513198852539062e+01
6.171145629882812500e+01
4.181034088134765625e+01
7.207777404785156250e+01
4.079676818847656250e+01
5.735818099975585938e+01
5.375691986083984375e+01
4.143356323242187500e+01
3.058461189270019531e+01
3.000000000000000000e+01
4.926161956787109375e+01
5.105138397216796875e+01
2.294746704101562500e+02
3.306067657470703125e+01
4.861881256103515625e+01
6.204347229003906250e+01
5.595126724243164062e+01
4.266207504272460938e+01
3.484314346313476562e+01
5.304618835449218750e+01
5.106719970703125000e+01
3.651341629028320312e+01
5.369595336914062500e+01
5.457055282592773438e+01
3.616307830810546875e+01
3.951854705810546875e+01
4.568550491333007812e+01
3.879029846191406250e+01
5.110763931274414062e+01
3.250702285766601562e+01
5.845134353637695312e+01
7.556664276123046875e+01
3.000000000000000000e+01
4.580043792724609375e+01
4.711203002929687500e+01
7.710319519042968750e+01
4.062062835693359375e+01
1.082493667602539062e+02
3.109504890441894531e+01
8.181455993652343750e+01
8.003630065917968750e+01
4.234666061401367188e+01
9.366387176513671875e+01
3.025161361694335938e+01
3.412037658691406250e+01
3.863516235351562500e+01
3.925139236450195312e+01
1.182683486938476562e+02
5.257738494873046875e+01
4.116284942626953125e+01
8.215268707275390625e+01
4.042771530151367188e+01
1.101751098632812500e+02
5.451124572753906250e+01
4.041986846923828125e+01
5.567461013793945312e+01
7.202471160888671875e+01
9.028163146972656250e+01
6.918360900878906250e+01
6.284032440185546875e+01
4.168001937866210938e+01
3.951000976562500000e+01
4.957791900634765625e+01
7.179855346679687500e+01
1.144411468505859375e+02
9.098301696777343750e+01
1.259101562500000000e+02
6.105416107177734375e+01
3.821122741699218750e+01
4.529547500610351562e+01
3.000000000000000000e+01
5.512945556640625000e+01
3.000000000000000000e+01
3.000000000000000000e+01
6.779994964599609375e+01
1.298130340576171875e+02
5.356359863281250000e+01
3.604979324340820312e+01
5.239070892333984375e+01
6.394830703735351562e+01
4.436376190185546875e+01
4.776085281372070312e+01
5.414791870117187500e+01
4.541230773925781250e+01
7.175340270996093750e+01
5.063296508789062500e+01
5.810659790039062500e+01
6.299366760253906250e+01
3.819892883300781250e+01
3.612712097167968750e+01
5.368548965454101562e+01
3.568610763549804688e+01
6.188642883300781250e+01
6.675225067138671875e+01
4.672551727294921875e+01
8.976858520507812500e+01
5.424341201782226562e+01
3.438494873046875000e+01
4.185413360595703125e+01
3.584221267700195312e+01
3.424261093139648438e+01
4.036367034912109375e+01
3.824414443969726562e+01
4.002537536621093750e+01
1.018857498168945312e+02
4.327256393432617188e+01
4.322325134277343750e+01
1.170313262939453125e+02
7.336441040039062500e+01
4.018362045288085938e+01
5.694306182861328125e+01
7.902643585205078125e+01
4.179758453369140625e+01
4.686900329589843750e+01
1.041267929077148438e+02
4.408877944946289062e+01
8.360282897949218750e+01
4.328038787841796875e+01
3.232630538940429688e+01
5.786791610717773438e+01
4.421596145629882812e+01
3.405813217163085938e+01
4.483961486816406250e+01
4.304595947265625000e+01
5.996058654785156250e+01
3.986138153076171875e+01
5.299021148681640625e+01
4.063393020629882812e+01
3.655982971191406250e+01
7.618846130371093750e+01
8.639060211181640625e+01
4.455356216430664062e+01
1.002846984863281250e+02
4.661165618896484375e+01
3.007279586791992188e+01
8.173180389404296875e+01
8.689257049560546875e+01
4.238995361328125000e+01
6.369468307495117188e+01
3.997627258300781250e+01
5.629455566406250000e+01
3.408139801025390625e+01
8.643647766113281250e+01
5.207599639892578125e+01
3.999674224853515625e+01
6.495181274414062500e+01
5.355682754516601562e+01
5.625408935546875000e+01
3.248192977905273438e+01
4.870776748657226562e+01
6.016354370117187500e+01
5.518890380859375000e+01
7.221775817871093750e+01
7.384450531005859375e+01
3.173007202148437500e+01
5.560161590576171875e+01
3.296219635009765625e+01
5.436140060424804688e+01
6.628250885009765625e+01
7.873872375488281250e+01
5.735818099975585938e+01
4.747531890869140625e+01
6.246971130371093750e+01
4.870776748657226562e+01
4.068912506103515625e+01
4.200202178955078125e+01
3.313575744628906250e+01
4.221621704101562500e+01
5.713954162597656250e+01
4.612147521972656250e+01
3.346855926513671875e+01
4.428617477416992188e+01
4.846093750000000000e+01
3.970433425903320312e+01
3.097183418273925781e+01
5.439454269409179688e+01
3.170005416870117188e+01
5.560987472534179688e+01
6.177320480346679688e+01
4.454404449462890625e+01
6.528234100341796875e+01
3.194856452941894531e+01
7.604837036132812500e+01
6.703122711181640625e+01
3.727129745483398438e+01
4.199211502075195312e+01
4.104557418823242188e+01
6.373427581787109375e+01
7.239275360107421875e+01
3.017834854125976562e+01
4.805264282226562500e+01
6.152929687500000000e+01
5.287598419189453125e+01
5.134234237670898438e+01
3.722862625122070312e+01
6.770466613769531250e+01
4.172800445556640625e+01
3.738629150390625000e+01
3.949959182739257812e+01
4.380509948730468750e+01
6.374398803710937500e+01
4.118853378295898438e+01
9.453324890136718750e+01
4.985170745849609375e+01
4.216767501831054688e+01
3.910480499267578125e+01
4.558327102661132812e+01
3.975028991699218750e+01
5.512596130371093750e+01
3.000000000000000000e+01
4.109504699707031250e+01
3.000000000000000000e+01
5.012574386596679688e+01
6.297958374023437500e+01
4.932793807983398438e+01
7.120172119140625000e+01
5.046936035156250000e+01
5.196041870117187500e+01
4.253363800048828125e+01
3.000000000000000000e+01
3.000000000000000000e+01
4.558327484130859375e+01
7.229886627197265625e+01
3.640613937377929688e+01
4.144412612915039062e+01
3.058783912658691406e+01
6.258487701416015625e+01
6.347626876831054688e+01
6.839131164550781250e+01
3.676351928710937500e+01
3.282364273071289062e+01
5.932010650634765625e+01
3.000000000000000000e+01
4.942900085449218750e+01
3.094409179687500000e+01
5.131559753417968750e+01
3.000000000000000000e+01
3.000000000000000000e+01
4.145738983154296875e+01
4.804231262207031250e+01
6.962023162841796875e+01
4.607091140747070312e+01
7.873872375488281250e+01
5.695937728881835938e+01
4.028325653076171875e+01
3.578604125976562500e+01
4.014521408081054688e+01
3.000000000000000000e+01
3.218519210815429688e+01
5.088180160522460938e+01
7.634013366699218750e+01
5.710473251342773438e+01
5.050915145874023438e+01
4.002810668945312500e+01
7.119825744628906250e+01
5.769716644287109375e+01
5.220338821411132812e+01
3.000000000000000000e+01
3.000000000000000000e+01
3.267090225219726562e+01
3.252861022949218750e+01
5.578514862060546875e+01
4.655625915527343750e+01
3.655739212036132812e+01
4.057080841064453125e+01
4.015264129638671875e+01
3.785241699218750000e+01
5.037403869628906250e+01
3.914344406127929688e+01
6.623720550537109375e+01
4.203428649902343750e+01
6.396940612792968750e+01
5.695937728881835938e+01
6.507437133789062500e+01
3.000000000000000000e+01
3.330654144287109375e+01
5.897008132934570312e+01
3.000000000000000000e+01
4.497516632080078125e+01
6.706678009033203125e+01
3.000000000000000000e+01
4.399996948242187500e+01
5.772643661499023438e+01
3.920596694946289062e+01
4.959947967529296875e+01
5.397658157348632812e+01
3.000000000000000000e+01
3.931781768798828125e+01
7.265583801269531250e+01
4.623998641967773438e+01
7.202471160888671875e+01
8.749479675292968750e+01
3.000000000000000000e+01
7.417227172851562500e+01
7.762918853759765625e+01
5.305553054809570312e+01
4.519309616088867188e+01
4.687064743041992188e+01
6.446583557128906250e+01
6.255957794189453125e+01
4.784060668945312500e+01
6.585667419433593750e+01
7.084275817871093750e+01
3.412811660766601562e+01
6.518433380126953125e+01
3.350018692016601562e+01
3.000000000000000000e+01
3.543010711669921875e+01
5.050297927856445312e+01
3.000000000000000000e+01
7.013233947753906250e+01
4.344579315185546875e+01
4.861881256103515625e+01
4.373233795166015625e+01
4.482313537597656250e+01
3.987322998046875000e+01
3.000000000000000000e+01
7.150164794921875000e+01
3.426620483398437500e+01
3.896973037719726562e+01
5.353222656250000000e+01
4.594006347656250000e+01
4.507982635498046875e+01
4.555137634277343750e+01
4.199211502075195312e+01
3.000000000000000000e+01
3.568286132812500000e+01
4.394564056396484375e+01
4.619999313354492188e+01
4.007171630859375000e+01
3.789228439331054688e+01
6.008126831054687500e+01
3.435179519653320312e+01
3.966091918945312500e+01
4.628099822998046875e+01
7.308390045166015625e+01
4.687120819091796875e+01
7.180461883544921875e+01
1.159699172973632812e+02
4.556901550292968750e+01
4.744528579711914062e+01
3.977923583984375000e+01
4.384099578857421875e+01
3.869195556640625000e+01
4.040480041503906250e+01
5.145933914184570312e+01
1.023341979980468750e+02
5.140559387207031250e+01
3.352972030639648438e+01
4.552947235107421875e+01
5.779151535034179688e+01
3.000000000000000000e+01
4.729566192626953125e+01
5.004652786254882812e+01
5.580113220214843750e+01
3.000000000000000000e+01
4.987388610839843750e+01
3.890132141113281250e+01
5.379291534423828125e+01
5.856607437133789062e+01
3.952081298828125000e+01
5.459748077392578125e+01
4.488189697265625000e+01
3.000000000000000000e+01
6.442151641845703125e+01
4.470957183837890625e+01
3.962070465087890625e+01
6.157856369018554688e+01
3.954286956787109375e+01
3.190038681030273438e+01
4.884779357910156250e+01
5.957973480224609375e+01
3.000000000000000000e+01
5.598065567016601562e+01
3.000000000000000000e+01
4.323880004882812500e+01
3.857659149169921875e+01
4.197455596923828125e+01
7.414282226562500000e+01
3.000000000000000000e+01
5.278164291381835938e+01
4.219782257080078125e+01
3.621923828125000000e+01
4.908128738403320312e+01
5.487926864624023438e+01
4.144711303710937500e+01
5.115363693237304688e+01
4.974335479736328125e+01
6.372789001464843750e+01
4.180783081054687500e+01
6.117588806152343750e+01
3.543027114868164062e+01
4.964684677124023438e+01
3.849124145507812500e+01
1.075327682495117188e+02
8.065643310546875000e+01
4.507592773437500000e+01
4.982491683959960938e+01
3.603172302246093750e+01
7.263861846923828125e+01
3.000000000000000000e+01
3.878125381469726562e+01
7.736822509765625000e+01
4.652647399902343750e+01
3.961813354492187500e+01
5.364525222778320312e+01
9.732473754882812500e+01
4.728006744384765625e+01
5.187695312500000000e+01
3.000000000000000000e+01
5.501734161376953125e+01
4.045599365234375000e+01
3.400162124633789062e+01
5.529431915283203125e+01
1.014997406005859375e+02
5.134612274169921875e+01
4.196656036376953125e+01
3.280358505249023438e+01
5.716071701049804688e+01
4.048500823974609375e+01
4.397115325927734375e+01
5.363995742797851562e+01
1.082493667602539062e+02
5.290182113647460938e+01
6.997033691406250000e+01
7.036883544921875000e+01
7.859695434570312500e+01
5.829301834106445312e+01
3.302575302124023438e+01
3.865678787231445312e+01
5.359575653076171875e+01
3.777581024169921875e+01
4.798834609985351562e+01
3.498723220825195312e+01
3.577701568603515625e+01
3.404594421386718750e+01
3.003346252441406250e+01
3.288935852050781250e+01
4.535960388183593750e+01
7.228315734863281250e+01
5.360932159423828125e+01
3.000000000000000000e+01
4.291968536376953125e+01
3.148366737365722656e+01
4.473257827758789062e+01
5.292125320434570312e+01
7.325510406494140625e+01
4.438286590576171875e+01
4.023562622070312500e+01
3.000000000000000000e+01
8.451841735839843750e+01
5.007012176513671875e+01
3.018159294128417969e+01
6.373427581787109375e+01
3.547752380371093750e+01
9.238565826416015625e+01
4.045625305175781250e+01
4.571718978881835938e+01
6.154759216308593750e+01
3.758523559570312500e+01
3.000000000000000000e+01
3.972631072998046875e+01
4.719703674316406250e+01
3.937804412841796875e+01
5.337933349609375000e+01
4.314705657958984375e+01
4.506082916259765625e+01
3.976882934570312500e+01
7.207777404785156250e+01
6.697503662109375000e+01
8.676068115234375000e+01
4.039505386352539062e+01
3.848984146118164062e+01
5.511432647705078125e+01
3.404594421386718750e+01
4.972522735595703125e+01
4.816217041015625000e+01
5.628286743164062500e+01
4.409888458251953125e+01
4.982907867431640625e+01
3.745019531250000000e+01
4.265522384643554688e+01
3.000000000000000000e+01
8.447534179687500000e+01
3.427008056640625000e+01
3.815045166015625000e+01
3.121738815307617188e+01
4.379820251464843750e+01
4.768176269531250000e+01
3.000000000000000000e+01
4.318365097045898438e+01
4.157206726074218750e+01
3.903506851196289062e+01
5.572743988037109375e+01
8.215268707275390625e+01
3.813674545288085938e+01
5.727474594116210938e+01
4.014564895629882812e+01
4.171493530273437500e+01
4.054984283447265625e+01
4.541093444824218750e+01
3.313035583496093750e+01
4.209615325927734375e+01
4.282431793212890625e+01
4.568169403076171875e+01
3.000000000000000000e+01
4.058308410644531250e+01
3.740682601928710938e+01
3.563893890380859375e+01
3.240158843994140625e+01
3.219448852539062500e+01
3.333813476562500000e+01
5.384622955322265625e+01
4.938205718994140625e+01
9.732473754882812500e+01
5.535516357421875000e+01
3.925260162353515625e+01
3.000000000000000000e+01
8.629238128662109375e+01
3.974192047119140625e+01
4.072016906738281250e+01
8.447534179687500000e+01
4.807182312011718750e+01
4.318718719482421875e+01
3.960076904296875000e+01
4.960475540161132812e+01
1.021337127685546875e+02
8.732611083984375000e+01
6.103455734252929688e+01
7.532644653320312500e+01
3.000000000000000000e+01
3.000000000000000000e+01
3.814189529418945312e+01
3.780583953857421875e+01
4.839379501342773438e+01
5.496454238891601562e+01
3.830730056762695312e+01
3.039378356933593750e+01
5.331077194213867188e+01
3.000000000000000000e+01
5.265203857421875000e+01
5.085055160522460938e+01
4.283083343505859375e+01
3.000000000000000000e+01
3.037617683410644531e+01
7.762918853759765625e+01
4.115581130981445312e+01
4.053687286376953125e+01
7.763126373291015625e+01
3.475996398925781250e+01
3.813896179199218750e+01
6.816012573242187500e+01
5.198364639282226562e+01
3.504067230224609375e+01
3.649264526367187500e+01
4.383392333984375000e+01
5.192469787597656250e+01
3.668953704833984375e+01
4.231980895996093750e+01
3.717264175415039062e+01
7.679368591308593750e+01
5.945253753662109375e+01
4.585880279541015625e+01
3.877674865722656250e+01
4.659449005126953125e+01
3.926006698608398438e+01
3.491389465332031250e+01
6.388406372070312500e+01
4.775176239013671875e+01
4.725207519531250000e+01
3.569441223144531250e+01
3.000000000000000000e+01
4.089405441284179688e+01
4.167044067382812500e+01
4.939992904663085938e+01
3.814734268188476562e+01
5.140559387207031250e+01
3.689746093750000000e+01
3.908835601806640625e+01
4.512856674194335938e+01
4.718011474609375000e+01
3.000000000000000000e+01
6.566496276855468750e+01
3.877875137329101562e+01
3.739974975585937500e+01
4.331276321411132812e+01
7.710319519042968750e+01
4.395977020263671875e+01
3.217106246948242188e+01
3.233313751220703125e+01
3.000000000000000000e+01
5.445881652832031250e+01
3.982847595214843750e+01
3.980962371826171875e+01
3.007379531860351562e+01
3.000000000000000000e+01
3.301664352416992188e+01
3.848018646240234375e+01
4.876911926269531250e+01
3.766076660156250000e+01
5.126576995849609375e+01
5.047364425659179688e+01
6.505168151855468750e+01
4.440991973876953125e+01
4.980837631225585938e+01
5.555095672607421875e+01
3.380564117431640625e+01
4.793596649169921875e+01
3.083968925476074219e+01
3.000000000000000000e+01
4.431116104125976562e+01
4.328187179565429688e+01
3.000000000000000000e+01
3.886707687377929688e+01
3.640522003173828125e+01
4.109313964843750000e+01
4.012768936157226562e+01
3.347618484497070312e+01
