4.622355270385742188e+01
5.698253250122070312e+01
3.742453002929687500e+01
4.042057800292968750e+01
6.239557647705078125e+01
8.046780395507812500e+01
3.000000000000000000e+01
1.144986877441406250e+02
5.220198059082031250e+01
1.133192825317382812e+02
4.651633453369140625e+01
1.437639465332031250e+02
5.058322143554687500e+01
4.120570373535156250e+01
3.001558876037597656e+01
6.703260040283203125e+01
6.262242126464843750e+01
4.170434188842773438e+01
4.263923263549804688e+01
1.309043121337890625e+02
3.581156921386718750e+01
7.853266906738281250e+01
3.000000000000000000e+01
4.565352630615234375e+01
6.610000610351562500e+01
7.490660095214843750e+01
4.513930511474609375e+01
7.785921478271484375e+01
1.843207702636718750e+02
7.413321685791015625e+01
6.366313552856445312e+01
5.281392288208007812e+01
5.821178817749023438e+01
1.363591003417968750e+02
9.796771240234375000e+01
6.419723510742187500e+01
6.300043869018554688e+01
4.758249664306640625e+01
4.479790496826171875e+01
8.495496368408203125e+01
3.268613815307617188e+01
3.796592712402343750e+01
4.628427886962890625e+01
4.504776000976562500e+01
4.095039367675781250e+01
3.777793121337890625e+01
5.051845550537109375e+01
5.955289459228515625e+01
1.358090972900390625e+02
6.209829711914062500e+01
4.115766525268554688e+01
3.592195892333984375e+01
5.850209808349609375e+01
4.319567489624023438e+01
8.232629394531250000e+01
3.824108123779296875e+01
8.032788085937500000e+01
4.823345947265625000e+01
6.513975524902343750e+01
5.659751129150390625e+01
5.780828475952148438e+01
6.819882965087890625e+01
3.896795654296875000e+01
5.996202850341796875e+01
8.490068054199218750e+01
4.656510162353515625e+01
5.452595520019531250e+01
3.954559707641601562e+01
4.089969635009765625e+01
6.090899276733398438e+01
6.857897186279296875e+01
3.868747711181640625e+01
1.362996520996093750e+02
4.797478866577148438e+01
7.617180633544921875e+01
6.564245605468750000e+01
5.470849227905273438e+01
6.421917724609375000e+01
4.431857299804687500e+01
7.904396057128906250e+01
3.638688659667968750e+01
6.262242126464843750e+01
4.621198654174804688e+01
7.660701751708984375e+01
7.140874481201171875e+01
4.282379150390625000e+01
3.663413238525390625e+01
4.399292373657226562e+01
5.058322143554687500e+01
5.051921463012695312e+01
4.933116149902343750e+01
4.542548370361328125e+01
8.142250823974609375e+01
5.316117858886718750e+01
1.063178939819335938e+02
1.014412384033203125e+02
6.048927688598632812e+01
3.982450866699218750e+01
9.863237762451171875e+01
4.584486389160156250e+01
8.983816528320312500e+01
7.844284820556640625e+01
1.291934356689453125e+02
3.703787612915039062e+01
4.362893676757812500e+01
6.740869140625000000e+01
3.011297988891601562e+01
5.870134353637695312e+01
4.672377777099609375e+01
3.438822937011718750e+01
4.700712585449218750e+01
4.895474243164062500e+01
7.085253906250000000e+01
8.272247314453125000e+01
4.107434463500976562e+01
3.952631378173828125e+01
9.331255340576171875e+01
4.881234741210937500e+01
6.497805023193359375e+01
5.076501846313476562e+01
4.233378601074218750e+01
5.003356933593750000e+01
4.819337081909179688e+01
4.474862289428710938e+01
3.644637680053710938e+01
4.730474472045898438e+01
7.108012390136718750e+01
7.598054504394531250e+01
4.089948654174804688e+01
6.295401000976562500e+01
5.095495223999023438e+01
9.480102539062500000e+01
7.223276519775390625e+01
5.025390625000000000e+01
6.222413635253906250e+01
6.034032440185546875e+01
9.866595458984375000e+01
4.194483184814453125e+01
4.214753723144531250e+01
6.553257751464843750e+01
4.524171447753906250e+01
9.885713195800781250e+01
6.700931549072265625e+01
5.635927581787109375e+01
8.058938598632812500e+01
4.288270568847656250e+01
8.996905517578125000e+01
1.039678344726562500e+02
6.691286468505859375e+01
1.452238464355468750e+02
6.991714477539062500e+01
7.630111694335937500e+01
5.070132827758789062e+01
7.580213928222656250e+01
5.683881378173828125e+01
9.418881225585937500e+01
4.540470886230468750e+01
1.136073913574218750e+02
4.309366607666015625e+01
6.230844497680664062e+01
4.034293365478515625e+01
6.548091888427734375e+01
5.421491622924804688e+01
3.902267456054687500e+01
6.876603698730468750e+01
4.483739471435546875e+01
6.962971496582031250e+01
4.924253463745117188e+01
3.814787673950195312e+01
1.541364135742187500e+02
5.979936981201171875e+01
4.534369277954101562e+01
3.673433303833007812e+01
3.000000000000000000e+01
4.658454132080078125e+01
7.680400848388671875e+01
4.771313476562500000e+01
4.664786911010742188e+01
6.540601348876953125e+01
5.601174163818359375e+01
5.759977340698242188e+01
5.942680740356445312e+01
6.974584960937500000e+01
6.058766937255859375e+01
4.234705734252929688e+01
6.372780227661132812e+01
3.000000000000000000e+01
8.625315856933593750e+01
4.441100692749023438e+01
4.995093917846679688e+01
5.660781097412109375e+01
6.436447906494140625e+01
5.506355285644531250e+01
4.321037292480468750e+01
5.263615417480468750e+01
4.603489303588867188e+01
5.426999664306640625e+01
6.488138580322265625e+01
1.031947631835937500e+02
6.821113586425781250e+01
6.852044677734375000e+01
9.205012512207031250e+01
5.540859603881835938e+01
3.000000000000000000e+01
6.166205978393554688e+01
4.143497085571289062e+01
5.428127288818359375e+01
8.679903411865234375e+01
1.498823699951171875e+02
4.108564376831054688e+01
4.832604217529296875e+01
7.884893798828125000e+01
4.785800933837890625e+01
4.480757141113281250e+01
3.725407791137695312e+01
3.762985992431640625e+01
7.193302917480468750e+01
5.356178665161132812e+01
5.240267181396484375e+01
4.024396514892578125e+01
3.915716934204101562e+01
5.560186386108398438e+01
9.574477386474609375e+01
4.310311508178710938e+01
4.224312973022460938e+01
3.765763473510742188e+01
5.655475997924804688e+01
8.439260864257812500e+01
5.731040573120117188e+01
1.008671798706054688e+02
3.625923919677734375e+01
4.599845123291015625e+01
5.076120758056640625e+01
6.948602294921875000e+01
4.674012756347656250e+01
6.395681381225585938e+01
4.335362243652343750e+01
4.931026458740234375e+01
6.750186157226562500e+01
5.593819808959960938e+01
4.285950088500976562e+01
1.265451889038085938e+02
6.908816528320312500e+01
6.006363677978515625e+01
9.311434936523437500e+01
4.556299591064453125e+01
5.928760528564453125e+01
1.231457519531250000e+02
1.791390533447265625e+02
4.772872543334960938e+01
5.208376312255859375e+01
3.646066665649414062e+01
5.427769851684570312e+01
9.879437255859375000e+01
4.113064193725585938e+01
7.127462768554687500e+01
4.515645217895507812e+01
3.804545974731445312e+01
3.333218002319335938e+01
1.477049713134765625e+02
4.947208786010742188e+01
6.233250427246093750e+01
5.130504608154296875e+01
3.813914489746093750e+01
1.542947692871093750e+02
5.926964187622070312e+01
1.275513610839843750e+02
7.082761383056640625e+01
4.579240798950195312e+01
8.055378723144531250e+01
6.317674255371093750e+01
5.488412475585937500e+01
6.006363677978515625e+01
6.314001464843750000e+01
9.552935791015625000e+01
3.000000000000000000e+01
5.467824554443359375e+01
7.582984924316406250e+01
8.553594207763671875e+01
8.728294372558593750e+01
8.119525909423828125e+01
6.195948410034179688e+01
6.576684570312500000e+01
4.126881408691406250e+01
6.085425567626953125e+01
3.777210235595703125e+01
5.135477447509765625e+01
5.672129058837890625e+01
4.733636093139648438e+01
4.653518295288085938e+01
4.385427474975585938e+01
5.625602340698242188e+01
3.958453369140625000e+01
8.111437988281250000e+01
4.385777282714843750e+01
4.102117919921875000e+01
5.171754455566406250e+01
6.528518676757812500e+01
6.270634841918945312e+01
5.904222869873046875e+01
6.950331115722656250e+01
3.223609924316406250e+01
3.366138458251953125e+01
7.432546234130859375e+01
6.531840515136718750e+01
4.123620223999023438e+01
7.622990417480468750e+01
8.085526275634765625e+01
6.856658935546875000e+01
9.865762329101562500e+01
1.234565429687500000e+02
4.490408706665039062e+01
8.667842102050781250e+01
7.294117736816406250e+01
9.389633178710937500e+01
4.130469131469726562e+01
3.766877365112304688e+01
1.152025146484375000e+02
5.938798141479492188e+01
9.863236999511718750e+01
4.539216995239257812e+01
4.418147277832031250e+01
4.393813705444335938e+01
4.634125518798828125e+01
3.670394515991210938e+01
3.870301818847656250e+01
3.943600463867187500e+01
3.805448532104492188e+01
1.362996520996093750e+02
3.570275497436523438e+01
7.672724914550781250e+01
4.611383056640625000e+01
6.419203948974609375e+01
4.419279479980468750e+01
4.627381896972656250e+01
4.791819000244140625e+01
8.533592224121093750e+01
5.876854705810546875e+01
3.000000000000000000e+01
3.389987182617187500e+01
4.692558670043945312e+01
9.685025024414062500e+01
3.887591552734375000e+01
6.856658935546875000e+01
4.343672943115234375e+01
5.316127014160156250e+01
1.035074386596679688e+02
4.474375915527343750e+01
4.910230255126953125e+01
8.936833190917968750e+01
1.341829376220703125e+02
1.515275268554687500e+02
6.592230987548828125e+01
6.819882202148437500e+01
4.346193695068359375e+01
7.470378875732421875e+01
5.327822113037109375e+01
3.680316925048828125e+01
9.576419067382812500e+01
4.878860473632812500e+01
8.246263885498046875e+01
1.178964004516601562e+02
6.667985534667968750e+01
7.358956909179687500e+01
7.499346923828125000e+01
3.966164779663085938e+01
6.940737152099609375e+01
1.227830657958984375e+02
4.806705856323242188e+01
6.987239074707031250e+01
6.282765960693359375e+01
4.391328430175781250e+01
9.743753051757812500e+01
1.178152999877929688e+02
7.049668884277343750e+01
1.000181579589843750e+02
7.418294525146484375e+01
7.413321685791015625e+01
8.118948364257812500e+01
6.480458831787109375e+01
4.973077392578125000e+01
3.365172195434570312e+01
4.569089889526367188e+01
6.629091644287109375e+01
5.761410522460937500e+01
6.908816528320312500e+01
4.694697189331054688e+01
4.298428344726562500e+01
4.070000457763671875e+01
2.478740081787109375e+02
4.734298324584960938e+01
4.824779891967773438e+01
3.630220794677734375e+01
3.172771644592285156e+01
4.048465728759765625e+01
6.216907882690429688e+01
6.922854614257812500e+01
8.577369689941406250e+01
7.638748931884765625e+01
4.370683288574218750e+01
5.036851119995117188e+01
4.671972656250000000e+01
1.445438079833984375e+02
4.442676162719726562e+01
3.896604537963867188e+01
7.874339294433593750e+01
4.975704193115234375e+01
6.235025405883789062e+01
8.827162933349609375e+01
1.319650878906250000e+02
6.615139770507812500e+01
7.512887573242187500e+01
6.064447021484375000e+01
5.969495010375976562e+01
6.388331604003906250e+01
3.983704757690429688e+01
9.575760650634765625e+01
9.872784423828125000e+01
4.479442596435546875e+01
3.878130722045898438e+01
7.098237609863281250e+01
3.000000000000000000e+01
3.899140167236328125e+01
1.182651672363281250e+02
6.803889465332031250e+01
5.689071655273437500e+01
6.351464080810546875e+01
4.294622421264648438e+01
5.446370315551757812e+01
9.014958190917968750e+01
4.828744888305664062e+01
7.672724914550781250e+01
1.810643463134765625e+02
4.634125518798828125e+01
1.102775039672851562e+02
4.555495834350585938e+01
5.681867980957031250e+01
9.170146179199218750e+01
7.785920715332031250e+01
4.990908050537109375e+01
6.981243896484375000e+01
3.000000000000000000e+01
5.126672744750976562e+01
4.990988540649414062e+01
5.279471969604492188e+01
3.927005004882812500e+01
5.953674316406250000e+01
5.574201965332031250e+01
1.791950836181640625e+02
7.782414245605468750e+01
4.578060913085937500e+01
5.070132827758789062e+01
5.183576202392578125e+01
5.324385452270507812e+01
7.549999237060546875e+01
3.000000000000000000e+01
7.477342987060546875e+01
9.349227905273437500e+01
5.156423568725585938e+01
1.059227294921875000e+02
8.604748535156250000e+01
5.698465728759765625e+01
4.938961410522460938e+01
4.834495925903320312e+01
4.420344543457031250e+01
1.887120361328125000e+02
3.939731979370117188e+01
5.040462493896484375e+01
4.610405731201171875e+01
4.258939361572265625e+01
1.019744796752929688e+02
4.344514465332031250e+01
4.253438568115234375e+01
1.369654541015625000e+02
6.531840515136718750e+01
7.610899353027343750e+01
7.321486663818359375e+01
6.015348815917968750e+01
5.270738601684570312e+01
7.780770874023437500e+01
7.046478271484375000e+01
8.112271881103515625e+01
7.625920867919921875e+01
3.775470733642578125e+01
5.872871780395507812e+01
8.512411499023437500e+01
5.721751022338867188e+01
4.480757141113281250e+01
6.283728790283203125e+01
9.200925445556640625e+01
6.212391662597656250e+01
5.124324035644531250e+01
4.669005203247070312e+01
3.000000000000000000e+01
4.327240753173828125e+01
3.000000000000000000e+01
3.945396423339843750e+01
3.916109466552734375e+01
6.330886077880859375e+01
4.853715896606445312e+01
5.233289718627929688e+01
4.384835433959960938e+01
8.041175842285156250e+01
6.028035736083984375e+01
4.478100967407226562e+01
4.056649017333984375e+01
5.508889389038085938e+01
4.795396423339843750e+01
3.514611816406250000e+01
3.700065612792968750e+01
8.066812133789062500e+01
3.510714340209960938e+01
5.166544342041015625e+01
3.023846435546875000e+01
5.550466156005859375e+01
4.524116516113281250e+01
3.001558685302734375e+01
1.125250244140625000e+02
5.759869384765625000e+01
6.229713821411132812e+01
8.191093444824218750e+01
3.896604537963867188e+01
6.618913269042968750e+01
5.832246017456054688e+01
5.354759979248046875e+01
1.004886779785156250e+02
4.580804443359375000e+01
1.421528015136718750e+02
8.192906951904296875e+01
3.637727737426757812e+01
4.458994293212890625e+01
8.512913513183593750e+01
6.273287963867187500e+01
6.190836334228515625e+01
5.130504608154296875e+01
1.952850952148437500e+02
4.415055465698242188e+01
6.615465545654296875e+01
5.771200561523437500e+01
6.745417785644531250e+01
5.208489227294921875e+01
8.547159576416015625e+01
4.706519317626953125e+01
7.249076843261718750e+01
5.146466064453125000e+01
4.825040435791015625e+01
5.061049652099609375e+01
4.135453414916992188e+01
4.256666564941406250e+01
4.057370376586914062e+01
3.853613281250000000e+01
3.661777114868164062e+01
3.796778106689453125e+01
4.570553588867187500e+01
4.941009902954101562e+01
4.635882568359375000e+01
4.816414260864257812e+01
5.870134353637695312e+01
6.625589752197265625e+01
1.498823699951171875e+02
7.400914764404296875e+01
9.969444274902343750e+01
7.356995391845703125e+01
1.062627563476562500e+02
3.564395141601562500e+01
5.212451553344726562e+01
5.212630462646484375e+01
4.453372573852539062e+01
5.225417327880859375e+01
8.200949859619140625e+01
6.947011566162109375e+01
6.055628204345703125e+01
4.107434463500976562e+01
4.451898956298828125e+01
6.219816589355468750e+01
1.002827453613281250e+02
4.222509765625000000e+01
5.451729202270507812e+01
3.952805328369140625e+01
3.860389328002929688e+01
9.209808349609375000e+01
4.933116149902343750e+01
4.317651367187500000e+01
4.184021377563476562e+01
4.601593017578125000e+01
7.441653442382812500e+01
1.080815582275390625e+02
3.604079055786132812e+01
3.930449295043945312e+01
5.501870727539062500e+01
8.577369689941406250e+01
6.856888580322265625e+01
5.427668762207031250e+01
4.893888854980468750e+01
6.716668701171875000e+01
4.807723617553710938e+01
4.574961471557617188e+01
5.200688171386718750e+01
6.523854064941406250e+01
3.632449722290039062e+01
9.228939819335937500e+01
5.823294067382812500e+01
7.609315490722656250e+01
6.289173126220703125e+01
3.965124511718750000e+01
3.846294784545898438e+01
5.835460281372070312e+01
7.333275604248046875e+01
4.819876098632812500e+01
6.772864532470703125e+01
5.068502807617187500e+01
3.965431594848632812e+01
5.342542648315429688e+01
6.395927429199218750e+01
3.269306564331054688e+01
5.012358093261718750e+01
6.041897964477539062e+01
5.574201965332031250e+01
5.458770751953125000e+01
5.645480346679687500e+01
3.537790679931640625e+01
6.312617111206054688e+01
1.241831054687500000e+02
6.101180267333984375e+01
5.697572326660156250e+01
1.062627487182617188e+02
6.592230987548828125e+01
6.626067352294921875e+01
9.200926208496093750e+01
4.193689346313476562e+01
3.780498886108398438e+01
7.582539367675781250e+01
3.000000000000000000e+01
3.878376007080078125e+01
1.626611785888671875e+02
6.036417388916015625e+01
3.000000000000000000e+01
4.038004302978515625e+01
1.152062225341796875e+02
7.842691802978515625e+01
4.623958587646484375e+01
1.113686828613281250e+02
4.401480484008789062e+01
1.092093048095703125e+02
7.737665557861328125e+01
1.169799880981445312e+02
6.113000488281250000e+01
4.861577606201171875e+01
9.475671386718750000e+01
7.958774566650390625e+01
7.315177917480468750e+01
5.876854705810546875e+01
4.313858032226562500e+01
3.000000000000000000e+01
4.301391601562500000e+01
5.752718353271484375e+01
4.757131958007812500e+01
4.630002975463867188e+01
7.073461914062500000e+01
7.717265319824218750e+01
4.580681610107421875e+01
3.411468887329101562e+01
4.909621047973632812e+01
5.306508636474609375e+01
4.770251846313476562e+01
1.260239715576171875e+02
5.644762039184570312e+01
7.909791564941406250e+01
4.985511016845703125e+01
4.268795776367187500e+01
3.657575988769531250e+01
9.885713195800781250e+01
6.323696136474609375e+01
7.215441131591796875e+01
8.093378448486328125e+01
5.985803604125976562e+01
4.039792633056640625e+01
4.005429077148437500e+01
4.903671264648437500e+01
6.164022064208984375e+01
5.849773025512695312e+01
1.887120208740234375e+02
4.745112609863281250e+01
6.331411743164062500e+01
7.439379882812500000e+01
8.754026794433593750e+01
4.929898834228515625e+01
4.912927627563476562e+01
5.126268005371093750e+01
7.288844299316406250e+01
8.241396331787109375e+01
3.722408294677734375e+01
4.374639129638671875e+01
5.139018249511718750e+01
8.904715728759765625e+01
5.499835968017578125e+01
1.421528015136718750e+02
6.423468017578125000e+01
3.000000000000000000e+01
4.898182296752929688e+01
5.795381164550781250e+01
1.643818359375000000e+02
8.850060272216796875e+01
5.388638687133789062e+01
8.268664550781250000e+01
3.000000000000000000e+01
5.031771469116210938e+01
1.016128540039062500e+02
3.730216598510742188e+01
3.906809616088867188e+01
7.616499328613281250e+01
8.018778991699218750e+01
6.042252349853515625e+01
1.110743255615234375e+02
4.001367187500000000e+01
4.534974288940429688e+01
5.938798141479492188e+01
9.479479980468750000e+01
6.213785171508789062e+01
4.484282684326171875e+01
4.094853973388671875e+01
3.981526184082031250e+01
3.154125022888183594e+01
4.442676162719726562e+01
4.421520233154296875e+01
6.562042236328125000e+01
6.803889465332031250e+01
3.688103103637695312e+01
5.034524536132812500e+01
4.242833328247070312e+01
4.824779891967773438e+01
3.694115066528320312e+01
8.431979370117187500e+01
4.136550140380859375e+01
6.661985778808593750e+01
7.829331970214843750e+01
4.444366073608398438e+01
3.277146911621093750e+01
4.680286407470703125e+01
6.230844116210937500e+01
7.571560668945312500e+01
5.172538757324218750e+01
6.454553985595703125e+01
4.992367553710937500e+01
7.416559600830078125e+01
4.851208114624023438e+01
4.208913421630859375e+01
5.253565216064453125e+01
6.515629577636718750e+01
5.270738601684570312e+01
6.677667999267578125e+01
4.287551879882812500e+01
5.801874542236328125e+01
5.428234100341796875e+01
5.982686233520507812e+01
4.869031143188476562e+01
6.270634841918945312e+01
5.343870162963867188e+01
4.584899902343750000e+01
7.082368469238281250e+01
6.912512207031250000e+01
4.569524765014648438e+01
8.220852661132812500e+01
4.202703094482421875e+01
5.593819808959960938e+01
6.439170837402343750e+01
5.254153823852539062e+01
6.965066528320312500e+01
6.123824691772460938e+01
7.205502319335937500e+01
4.064459991455078125e+01
7.403012084960937500e+01
5.188034057617187500e+01
4.971276092529296875e+01
7.941156768798828125e+01
1.309043121337890625e+02
1.389834594726562500e+02
4.895885086059570312e+01
3.306237792968750000e+01
4.531554794311523438e+01
6.198204421997070312e+01
7.782414245605468750e+01
8.230632019042968750e+01
6.834629058837890625e+01
1.005711822509765625e+02
4.909621047973632812e+01
4.868666076660156250e+01
3.282238388061523438e+01
5.410862731933593750e+01
6.159203338623046875e+01
3.301647186279296875e+01
4.491205596923828125e+01
7.157099914550781250e+01
5.431670379638671875e+01
4.690644073486328125e+01
9.870263671875000000e+01
4.210089874267578125e+01
5.430231475830078125e+01
6.090899276733398438e+01
6.034541702270507812e+01
4.494723892211914062e+01
4.484283065795898438e+01
2.076828308105468750e+02
8.042790985107421875e+01
4.268422698974609375e+01
5.173059844970703125e+01
5.056700897216796875e+01
1.192964782714843750e+02
4.097929000854492188e+01
4.695444488525390625e+01
6.506799316406250000e+01
4.630002975463867188e+01
6.440616607666015625e+01
5.299481201171875000e+01
5.240332031250000000e+01
5.728639221191406250e+01
6.360354232788085938e+01
4.157299041748046875e+01
4.971611022949218750e+01
5.952315902709960938e+01
6.285476684570312500e+01
1.948720855712890625e+02
5.972008132934570312e+01
4.848956680297851562e+01
6.168611907958984375e+01
6.489762878417968750e+01
4.371700286865234375e+01
7.900720214843750000e+01
5.635328674316406250e+01
5.240590667724609375e+01
4.390018081665039062e+01
7.270074462890625000e+01
6.857699584960937500e+01
3.721032714843750000e+01
3.870493316650390625e+01
6.194979858398437500e+01
3.637727737426757812e+01
3.656925964355468750e+01
3.322256088256835938e+01
6.560980987548828125e+01
5.819298553466796875e+01
3.193287849426269531e+01
5.487756347656250000e+01
5.171754837036132812e+01
8.140866851806640625e+01
7.746737670898437500e+01
9.537358856201171875e+01
4.317189788818359375e+01
8.112271118164062500e+01
7.841984558105468750e+01
4.018018722534179688e+01
7.941156768798828125e+01
4.894071960449218750e+01
4.737601089477539062e+01
4.043492126464843750e+01
4.092232513427734375e+01
1.113364562988281250e+02
6.335738754272460938e+01
3.732574081420898438e+01
6.955460357666015625e+01
3.784747314453125000e+01
1.140648345947265625e+02
6.305110549926757812e+01
4.323863220214843750e+01
4.949813079833984375e+01
8.545564270019531250e+01
7.878630828857421875e+01
7.694792175292968750e+01
4.999833297729492188e+01
3.364646530151367188e+01
3.900147628784179688e+01
5.634204483032226562e+01
6.267760467529296875e+01
1.234852676391601562e+02
9.664989471435546875e+01
1.335091094970703125e+02
6.359696960449218750e+01
3.952174758911132812e+01
5.853468322753906250e+01
3.538871383666992188e+01
5.519260406494140625e+01
3.000000000000000000e+01
3.000000000000000000e+01
5.934754943847656250e+01
1.139484710693359375e+02
5.132684707641601562e+01
3.484690856933593750e+01
5.641371536254882812e+01
5.689356231689453125e+01
4.355479431152343750e+01
4.906696701049804688e+01
5.849773406982421875e+01
4.397311019897460938e+01
7.663662719726562500e+01
5.031771469116210938e+01
5.004479980468750000e+01
5.382698822021484375e+01
3.228306579589843750e+01
5.651373672485351562e+01
5.104221725463867188e+01
4.809541320800781250e+01
6.891766357421875000e+01
8.689588928222656250e+01
5.451459503173828125e+01
9.311434936523437500e+01
5.647620391845703125e+01
3.347401428222656250e+01
5.651971054077148438e+01
5.019189453125000000e+01
4.698748016357421875e+01
4.404318237304687500e+01
3.836727523803710938e+01
3.692832183837890625e+01
8.570263671875000000e+01
4.370683288574218750e+01
3.912526702880859375e+01
1.791950836181640625e+02
8.444455718994140625e+01
4.525550460815429688e+01
5.927193832397460938e+01
6.666662597656250000e+01
4.384835433959960938e+01
4.851270294189453125e+01
1.088599548339843750e+02
4.635060119628906250e+01
5.967243957519531250e+01
4.431857299804687500e+01
3.815391159057617188e+01
5.051921463012695312e+01
7.234974670410156250e+01
4.433615112304687500e+01
4.771498107910156250e+01
4.186262130737304688e+01
4.448079681396484375e+01
4.921036529541015625e+01
4.878860473632812500e+01
3.762680053710937500e+01
3.930511474609375000e+01
6.113533020019531250e+01
8.096327972412109375e+01
4.938301849365234375e+01
9.389076995849609375e+01
4.482497787475585938e+01
4.524853897094726562e+01
7.073364257812500000e+01
7.026703643798828125e+01
4.261145019531250000e+01
5.157829284667968750e+01
3.000000000000000000e+01
4.948849487304687500e+01
4.374873352050781250e+01
9.039602661132812500e+01
5.122084045410156250e+01
3.647261428833007812e+01
7.321485900878906250e+01
4.933557891845703125e+01
5.504966735839843750e+01
3.271170043945312500e+01
5.388881301879882812e+01
5.037310791015625000e+01
5.076501464843750000e+01
6.656121063232421875e+01
7.536466217041015625e+01
4.075294494628906250e+01
4.804155731201171875e+01
3.899950408935546875e+01
5.259409332275390625e+01
7.108012390136718750e+01
7.907394409179687500e+01
5.240332031250000000e+01
5.371011734008789062e+01
6.674057006835937500e+01
5.388881683349609375e+01
4.387410736083984375e+01
5.097413635253906250e+01
3.000000000000000000e+01
4.082947921752929688e+01
5.429370117187500000e+01
5.772244262695312500e+01
3.868269348144531250e+01
4.947208786010742188e+01
5.343665313720703125e+01
7.902216339111328125e+01
3.499479675292968750e+01
6.211914825439453125e+01
3.682903289794921875e+01
5.232453155517578125e+01
5.965625000000000000e+01
4.497089767456054688e+01
6.275356674194335938e+01
3.383122634887695312e+01
6.991371154785156250e+01
6.304878997802734375e+01
5.652716445922851562e+01
4.547613525390625000e+01
4.099820709228515625e+01
7.457186126708984375e+01
7.428938293457031250e+01
4.511064147949218750e+01
4.124029541015625000e+01
6.422309875488281250e+01
6.652874755859375000e+01
6.852044677734375000e+01
3.393869400024414062e+01
8.818701171875000000e+01
4.451311492919921875e+01
4.615796661376953125e+01
4.997505187988281250e+01
4.390074157714843750e+01
5.938196945190429688e+01
4.870866775512695312e+01
9.170146179199218750e+01
4.863156127929687500e+01
4.832604217529296875e+01
4.032772827148437500e+01
5.427212905883789062e+01
7.113979339599609375e+01
7.337342834472656250e+01
3.306237792968750000e+01
4.046865844726562500e+01
3.885885620117187500e+01
4.639054870605468750e+01
7.285576629638671875e+01
4.758249664306640625e+01
6.836093139648437500e+01
6.951548767089843750e+01
5.247287750244140625e+01
4.165357208251953125e+01
4.916728210449218750e+01
3.000000000000000000e+01
5.427212905883789062e+01
7.205502319335937500e+01
4.111771392822265625e+01
4.682587432861328125e+01
4.066991424560546875e+01
8.744068908691406250e+01
5.697351455688476562e+01
6.034197616577148438e+01
5.445530700683593750e+01
3.253412246704101562e+01
7.708203887939453125e+01
3.000000000000000000e+01
7.269352722167968750e+01
3.287318038940429688e+01
5.294216918945312500e+01
4.570996093750000000e+01
3.000000000000000000e+01
4.684701538085937500e+01
4.106090545654296875e+01
7.407349395751953125e+01
4.606328582763671875e+01
7.907394409179687500e+01
4.938808441162109375e+01
4.041349792480468750e+01
3.768007278442382812e+01
4.932514190673828125e+01
3.500604248046875000e+01
3.795230865478515625e+01
6.423357391357421875e+01
6.922854614257812500e+01
5.354759979248046875e+01
4.310793304443359375e+01
4.529956817626953125e+01
6.967324066162109375e+01
5.023876953125000000e+01
4.918333053588867188e+01
5.183292770385742188e+01
4.264226531982421875e+01
4.447989273071289062e+01
4.287551879882812500e+01
4.475883865356445312e+01
4.380267333984375000e+01
3.768630218505859375e+01
5.228753662109375000e+01
3.872590637207031250e+01
3.890106964111328125e+01
4.027632141113281250e+01
3.726114273071289062e+01
5.742672729492187500e+01
6.335815048217773438e+01
6.553258514404296875e+01
4.938808441162109375e+01
7.484770202636718750e+01
4.383095550537109375e+01
4.904730987548828125e+01
6.052024078369140625e+01
3.295017242431640625e+01
4.538163757324218750e+01
7.098999023437500000e+01
3.000000000000000000e+01
6.120822525024414062e+01
4.544675064086914062e+01
4.458994293212890625e+01
4.265222549438476562e+01
7.638748931884765625e+01
3.109895515441894531e+01
3.965909957885742188e+01
6.636653137207031250e+01
4.430791091918945312e+01
8.545564270019531250e+01
7.979417419433593750e+01
3.000000000000000000e+01
6.838632965087890625e+01
7.715524291992187500e+01
4.990908050537109375e+01
5.364870071411132812e+01
5.728827667236328125e+01
6.395681381225585938e+01
8.827163696289062500e+01
5.435476684570312500e+01
6.168368911743164062e+01
6.689209747314453125e+01
4.421451568603515625e+01
8.448669433593750000e+01
3.260087585449218750e+01
4.713516998291015625e+01
3.431426239013671875e+01
4.891019821166992188e+01
3.229343795776367188e+01
7.551144409179687500e+01
5.329672622680664062e+01
4.848956680297851562e+01
4.117654800415039062e+01
4.829531478881835938e+01
4.361012268066406250e+01
5.051861572265625000e+01
7.259897613525390625e+01
5.792405700683593750e+01
4.738852691650390625e+01
5.511263275146484375e+01
5.289445495605468750e+01
4.309940338134765625e+01
4.312748718261718750e+01
4.547613525390625000e+01
3.401165008544921875e+01
3.714089202880859375e+01
4.765234375000000000e+01
4.734520339965820312e+01
3.027113533020019531e+01
4.087399673461914062e+01
5.139018249511718750e+01
4.421153259277343750e+01
4.057370376586914062e+01
4.683504104614257812e+01
7.057939147949218750e+01
4.864293670654296875e+01
7.083332061767578125e+01
1.004983367919921875e+02
5.030162429809570312e+01
4.534369277954101562e+01
4.704084396362304688e+01
5.169843292236328125e+01
3.000000000000000000e+01
4.269621658325195312e+01
6.295158767700195312e+01
8.093378448486328125e+01
5.141329956054687500e+01
3.605644989013671875e+01
4.378457641601562500e+01
5.811516189575195312e+01
3.125757408142089844e+01
5.208489227294921875e+01
6.034541702270507812e+01
5.170592498779296875e+01
4.136550140380859375e+01
5.639225006103515625e+01
3.394606018066406250e+01
5.748169708251953125e+01
5.342542266845703125e+01
3.180160522460937500e+01
4.499487686157226562e+01
4.015310287475585938e+01
3.148852348327636719e+01
5.502679824829101562e+01
5.094182586669921875e+01
4.109095764160156250e+01
5.499835968017578125e+01
4.095259857177734375e+01
3.878424835205078125e+01
4.929898834228515625e+01
4.210341262817382812e+01
3.000000000000000000e+01
7.990042877197265625e+01
4.572880554199218750e+01
5.794142913818359375e+01
3.948000335693359375e+01
4.723322296142578125e+01
6.224517440795898438e+01
6.788069915771484375e+01
5.501643753051757812e+01
5.366330718994140625e+01
4.079305267333984375e+01
4.855593109130859375e+01
4.947293472290039062e+01
3.564395141601562500e+01
4.688343048095703125e+01
4.823091125488281250e+01
6.475170898437500000e+01
4.245341110229492188e+01
5.328553390502929688e+01
4.189236450195312500e+01
7.553901672363281250e+01
3.745246505737304688e+01
8.236616516113281250e+01
7.882170867919921875e+01
5.396001052856445312e+01
4.064090728759765625e+01
4.849927520751953125e+01
8.244171142578125000e+01
6.268960571289062500e+01
3.860211944580078125e+01
6.490545654296875000e+01
4.848194885253906250e+01
4.011824417114257812e+01
5.320691680908203125e+01
9.190715789794921875e+01
4.989511871337890625e+01
5.644749069213867188e+01
3.270900726318359375e+01
5.914254760742187500e+01
4.059162139892578125e+01
3.409960556030273438e+01
4.622184371948242188e+01
1.005073928833007812e+02
4.921746063232421875e+01
5.030231475830078125e+01
4.098208618164062500e+01
7.086854553222656250e+01
4.199055480957031250e+01
5.066175079345703125e+01
5.444777679443359375e+01
9.537358856201171875e+01
5.031567382812500000e+01
5.672046661376953125e+01
9.345392608642578125e+01
6.593371582031250000e+01
7.094478607177734375e+01
3.000000000000000000e+01
3.819017791748046875e+01
5.459867095947265625e+01
3.953096771240234375e+01
4.787944412231445312e+01
3.779584503173828125e+01
3.884225845336914062e+01
4.140205764770507812e+01
3.256962966918945312e+01
3.585150146484375000e+01
4.645200729370117188e+01
7.624878692626953125e+01
4.622298431396484375e+01
3.487167739868164062e+01
3.982036972045898438e+01
3.319575500488281250e+01
3.000000000000000000e+01
5.144288635253906250e+01
6.700930786132812500e+01
4.414435958862304688e+01
4.120570373535156250e+01
3.000000000000000000e+01
5.872871780395507812e+01
6.632529449462890625e+01
3.640789031982421875e+01
7.457186126708984375e+01
4.476768493652343750e+01
8.270381164550781250e+01
4.106790924072265625e+01
4.491556549072265625e+01
5.825449752807617188e+01
4.576103210449218750e+01
3.535891723632812500e+01
5.567470550537109375e+01
4.960253524780273438e+01
5.969494628906250000e+01
4.419217681884765625e+01
4.248284912109375000e+01
6.110779953002929688e+01
4.389526367187500000e+01
6.440616607666015625e+01
7.590667724609375000e+01
8.085526275634765625e+01
5.654159545898437500e+01
4.479811096191406250e+01
4.633734130859375000e+01
4.140206146240234375e+01
4.516607666015625000e+01
5.186003875732421875e+01
5.245508956909179688e+01
5.482593154907226562e+01
4.416481018066406250e+01
4.631573486328125000e+01
3.904254531860351562e+01
4.595536041259765625e+01
7.300034332275390625e+01
3.610277557373046875e+01
3.717719268798828125e+01
3.912392044067382812e+01
4.325193786621093750e+01
4.536145782470703125e+01
3.629708862304687500e+01
5.316127014160156250e+01
4.819568252563476562e+01
3.000000000000000000e+01
6.058766937255859375e+01
6.955460357666015625e+01
3.000000000000000000e+01
5.316543960571289062e+01
4.799853897094726562e+01
4.249550628662109375e+01
4.068347930908203125e+01
4.865155029296875000e+01
4.504910278320312500e+01
4.180235671997070312e+01
4.111074829101562500e+01
4.418676376342773438e+01
5.337359619140625000e+01
5.199342346191406250e+01
4.469223785400390625e+01
3.706680297851562500e+01
3.598023223876953125e+01
3.744493865966796875e+01
3.413148880004882812e+01
4.871070861816406250e+01
5.469539642333984375e+01
9.190716552734375000e+01
5.171545028686523438e+01
3.000000000000000000e+01
3.116633605957031250e+01
8.989488220214843750e+01
6.745417785644531250e+01
3.992698287963867188e+01
7.300034332275390625e+01
5.138108062744140625e+01
4.702713012695312500e+01
3.665412139892578125e+01
4.853715896606445312e+01
1.075442276000976562e+02
7.889645385742187500e+01
5.103842163085937500e+01
8.634432220458984375e+01
3.703787994384765625e+01
3.000000000000000000e+01
8.707469177246093750e+01
4.038887786865234375e+01
4.720286560058593750e+01
5.712581634521484375e+01
3.632549285888671875e+01
3.130190467834472656e+01
6.507749938964843750e+01
3.289227676391601562e+01
4.523719406127929688e+01
5.363938140869140625e+01
4.602048110961914062e+01
3.005198287963867188e+01
5.697572326660156250e+01
7.715523529052734375e+01
3.841480636596679688e+01
3.748035049438476562e+01
7.778333282470703125e+01
4.729009628295898438e+01
3.000000000000000000e+01
7.245558929443359375e+01
4.643500518798828125e+01
4.519692230224609375e+01
3.519554901123046875e+01
4.465216827392578125e+01
4.859025573730468750e+01
4.369205474853515625e+01
4.427524566650390625e+01
4.620243072509765625e+01
6.143074417114257812e+01
5.534014129638671875e+01
4.350296783447265625e+01
3.809573364257812500e+01
5.712081909179687500e+01
4.275566482543945312e+01
5.101269149780273438e+01
5.759940338134765625e+01
5.798163604736328125e+01
4.233055877685546875e+01
3.598027420043945312e+01
3.609119796752929688e+01
3.000000000000000000e+01
4.496738815307617188e+01
5.534095764160156250e+01
4.072670745849609375e+01
5.141329956054687500e+01
4.494723892211914062e+01
4.559304809570312500e+01
5.623154449462890625e+01
4.827768707275390625e+01
5.911399841308593750e+01
7.253121948242187500e+01
5.267169189453125000e+01
4.187760925292968750e+01
4.273818206787109375e+01
8.140866851806640625e+01
5.268161773681640625e+01
3.202872085571289062e+01
3.000000000000000000e+01
5.344977569580078125e+01
6.420381927490234375e+01
3.834452819824218750e+01
4.349112701416015625e+01
3.000000000000000000e+01
3.458150482177734375e+01
4.408074188232421875e+01
4.050931549072265625e+01
5.411715316772460938e+01
4.418674468994140625e+01
5.455897521972656250e+01
4.577414703369140625e+01
5.410269165039062500e+01
4.514267349243164062e+01
4.312424468994140625e+01
7.013506317138671875e+01
3.265081405639648438e+01
5.015078353881835938e+01
3.541057968139648438e+01
3.000000000000000000e+01
4.637987899780273438e+01
4.703646469116210938e+01
3.478372192382812500e+01
4.579121017456054688e+01
3.000000000000000000e+01
3.789780807495117188e+01
4.408919525146484375e+01
3.537682342529296875e+01
