5.139697265625000000e+01
5.509582519531250000e+01
3.133423614501953125e+01
3.975392913818359375e+01
7.059468078613281250e+01
8.094646453857421875e+01
3.000000000000000000e+01
7.790812683105468750e+01
5.325467681884765625e+01
1.172190475463867188e+02
5.217187500000000000e+01
1.573089904785156250e+02
4.962536621093750000e+01
4.248941040039062500e+01
3.000000000000000000e+01
7.047941589355468750e+01
6.379586791992187500e+01
4.091725921630859375e+01
4.305215072631835938e+01
1.292772827148437500e+02
3.707492446899414062e+01
8.379702758789062500e+01
3.000000000000000000e+01
3.822908401489257812e+01
5.658884048461914062e+01
7.888143920898437500e+01
3.197576904296875000e+01
7.453350830078125000e+01
1.940054779052734375e+02
6.918546295166015625e+01
6.648252868652343750e+01
4.731422424316406250e+01
5.018295288085937500e+01
1.274496002197265625e+02
7.169284820556640625e+01
7.728083038330078125e+01
6.582849121093750000e+01
5.202989196777343750e+01
4.303292846679687500e+01
5.918451690673828125e+01
3.931604766845703125e+01
3.181923294067382812e+01
4.698511123657226562e+01
3.972957229614257812e+01
3.151848983764648438e+01
4.385242462158203125e+01
4.817416381835937500e+01
6.224799728393554688e+01
1.253631668090820312e+02
5.781816101074218750e+01
4.162555694580078125e+01
3.000000000000000000e+01
6.047212982177734375e+01
4.862575531005859375e+01
9.072917175292968750e+01
4.057547378540039062e+01
7.738857269287109375e+01
4.821174621582031250e+01
5.842710113525390625e+01
5.902227020263671875e+01
5.799228286743164062e+01
7.860877990722656250e+01
4.113487243652343750e+01
6.808744049072265625e+01
8.697544860839843750e+01
5.536909103393554688e+01
5.471903610229492188e+01
3.000000000000000000e+01
4.243040466308593750e+01
5.891701126098632812e+01
6.423765563964843750e+01
3.380604171752929688e+01
1.316327819824218750e+02
3.689794921875000000e+01
7.294314575195312500e+01
6.133059692382812500e+01
5.382917022705078125e+01
4.305463409423828125e+01
4.366798782348632812e+01
6.670691680908203125e+01
3.546224212646484375e+01
6.379586791992187500e+01
5.520132446289062500e+01
8.991647338867187500e+01
7.923140716552734375e+01
4.169279479980468750e+01
3.928758239746093750e+01
4.932372283935546875e+01
4.962536621093750000e+01
5.296297836303710938e+01
4.831610488891601562e+01
5.167024993896484375e+01
7.069385528564453125e+01
5.346903228759765625e+01
1.000910415649414062e+02
9.597306823730468750e+01
6.437850952148437500e+01
4.181114959716796875e+01
1.188426361083984375e+02
4.588068008422851562e+01
9.629642486572265625e+01
8.272793579101562500e+01
1.355018157958984375e+02
3.751380157470703125e+01
4.623567199707031250e+01
7.466017913818359375e+01
3.266781234741210938e+01
5.075177764892578125e+01
4.883811187744140625e+01
3.000000000000000000e+01
4.639160537719726562e+01
4.176912689208984375e+01
7.089876556396484375e+01
9.906970977783203125e+01
3.860840606689453125e+01
3.831579971313476562e+01
9.414351654052734375e+01
5.284695053100585938e+01
6.823141479492187500e+01
4.859349060058593750e+01
4.821725082397460938e+01
5.434865570068359375e+01
4.690854644775390625e+01
4.591629409790039062e+01
3.874267959594726562e+01
4.593095397949218750e+01
6.670040893554687500e+01
6.666558074951171875e+01
4.550600814819335938e+01
4.769717407226562500e+01
5.548876953125000000e+01
9.933624267578125000e+01
7.063316345214843750e+01
4.790729904174804688e+01
6.159936141967773438e+01
5.199676513671875000e+01
9.720428466796875000e+01
4.727162551879882812e+01
4.393528747558593750e+01
7.088383483886718750e+01
4.876102447509765625e+01
9.183979797363281250e+01
8.045426940917968750e+01
5.704732131958007812e+01
7.825774383544921875e+01
4.311812591552734375e+01
1.043616790771484375e+02
1.095900192260742188e+02
6.712834930419921875e+01
1.393663787841796875e+02
6.202816390991210938e+01
7.867593383789062500e+01
4.960363769531250000e+01
8.704090118408203125e+01
4.745043945312500000e+01
1.148784866333007812e+02
3.715336990356445312e+01
1.239681930541992188e+02
4.399631500244140625e+01
6.790761566162109375e+01
3.908414459228515625e+01
5.681247329711914062e+01
5.163462448120117188e+01
3.946941375732421875e+01
6.944664764404296875e+01
4.295045852661132812e+01
7.430012512207031250e+01
5.418887329101562500e+01
3.659415435791015625e+01
1.493742370605468750e+02
5.448115158081054688e+01
3.970689773559570312e+01
3.205489730834960938e+01
3.000000000000000000e+01
5.138253784179687500e+01
7.299400329589843750e+01
4.454931640625000000e+01
4.909862899780273438e+01
6.301617431640625000e+01
6.516041564941406250e+01
6.125347900390625000e+01
5.841693496704101562e+01
7.049694824218750000e+01
5.952881622314453125e+01
4.424456787109375000e+01
4.268222045898437500e+01
3.010405349731445312e+01
8.918394470214843750e+01
4.945351028442382812e+01
5.114435577392578125e+01
5.180312728881835938e+01
7.166731262207031250e+01
6.091186904907226562e+01
4.459684753417968750e+01
4.963010406494140625e+01
5.192490386962890625e+01
3.952794647216796875e+01
7.417819976806640625e+01
1.111728820800781250e+02
7.050523376464843750e+01
6.197547912597656250e+01
1.037861480712890625e+02
6.432488250732421875e+01
3.000000000000000000e+01
5.999787521362304688e+01
4.487777328491210938e+01
7.023510742187500000e+01
7.352239990234375000e+01
1.353361816406250000e+02
3.264897537231445312e+01
4.493015289306640625e+01
8.885256958007812500e+01
5.122797775268554688e+01
4.038831710815429688e+01
4.131481170654296875e+01
3.905639648437500000e+01
5.406623840332031250e+01
5.600993347167968750e+01
4.919022369384765625e+01
4.027873992919921875e+01
3.993045806884765625e+01
6.716814422607421875e+01
9.158739471435546875e+01
4.132062149047851562e+01
4.224151992797851562e+01
3.722277069091796875e+01
5.437484741210937500e+01
9.404376983642578125e+01
5.918263244628906250e+01
8.378443908691406250e+01
3.668423461914062500e+01
4.945151519775390625e+01
5.650562286376953125e+01
3.769694519042968750e+01
4.689485168457031250e+01
6.499815368652343750e+01
4.625408554077148438e+01
4.814190673828125000e+01
7.087274169921875000e+01
6.514598846435546875e+01
4.871688461303710938e+01
1.228018188476562500e+02
8.017229461669921875e+01
6.498406982421875000e+01
9.045032501220703125e+01
4.692327880859375000e+01
5.152270889282226562e+01
1.202046203613281250e+02
1.755651397705078125e+02
4.853651809692382812e+01
5.428934097290039062e+01
3.916145706176757812e+01
5.808961105346679688e+01
1.041681823730468750e+02
4.329159545898437500e+01
6.170529174804687500e+01
4.341040802001953125e+01
3.736222076416015625e+01
3.131204414367675781e+01
1.641282043457031250e+02
6.574933624267578125e+01
6.326013946533203125e+01
4.471184158325195312e+01
3.719027709960937500e+01
1.558638153076171875e+02
5.972277832031250000e+01
1.401276702880859375e+02
7.685314941406250000e+01
4.938999938964843750e+01
6.947233581542968750e+01
6.011242294311523438e+01
4.547534179687500000e+01
6.498406982421875000e+01
6.777899169921875000e+01
1.165498352050781250e+02
3.000000000000000000e+01
5.996459960937500000e+01
8.086413574218750000e+01
9.558243560791015625e+01
8.839269256591796875e+01
5.382383728027343750e+01
5.566141510009765625e+01
7.983819580078125000e+01
3.915972900390625000e+01
6.117502212524414062e+01
3.879224395751953125e+01
3.212144851684570312e+01
5.923294830322265625e+01
3.797186279296875000e+01
3.769239807128906250e+01
4.336400604248046875e+01
4.554475402832031250e+01
3.000000000000000000e+01
9.259516906738281250e+01
3.980908584594726562e+01
3.097173881530761719e+01
5.493078613281250000e+01
5.803882598876953125e+01
6.030265426635742188e+01
5.760929870605468750e+01
6.473863220214843750e+01
3.318588256835937500e+01
3.422301483154296875e+01
7.219883728027343750e+01
7.287961578369140625e+01
4.275497436523437500e+01
8.385671997070312500e+01
7.895860290527343750e+01
6.809057617187500000e+01
1.020210418701171875e+02
1.452057189941406250e+02
4.033297729492187500e+01
9.019945526123046875e+01
8.726229858398437500e+01
9.754901123046875000e+01
4.108938598632812500e+01
4.284084701538085938e+01
1.449499511718750000e+02
6.104213714599609375e+01
1.188426361083984375e+02
4.292558288574218750e+01
4.126271057128906250e+01
4.636116790771484375e+01
4.817241668701171875e+01
3.618293762207031250e+01
3.557923126220703125e+01
3.595993041992187500e+01
3.986221694946289062e+01
1.316327819824218750e+02
3.654273986816406250e+01
7.713561248779296875e+01
5.092890167236328125e+01
5.656174468994140625e+01
4.283555603027343750e+01
4.414070129394531250e+01
4.425496673583984375e+01
9.116434478759765625e+01
5.714274597167968750e+01
3.000000000000000000e+01
3.792765426635742188e+01
5.297540283203125000e+01
8.606331634521484375e+01
4.345696258544921875e+01
6.809057617187500000e+01
4.281892395019531250e+01
5.163897323608398438e+01
1.264007186889648438e+02
4.140390014648437500e+01
4.250251770019531250e+01
1.030071411132812500e+02
1.486471557617187500e+02
1.652189025878906250e+02
5.292111206054687500e+01
7.860877990722656250e+01
4.008608245849609375e+01
8.492204284667968750e+01
5.543534851074218750e+01
3.484807205200195312e+01
1.247590637207031250e+02
5.524019241333007812e+01
6.966065979003906250e+01
1.129879379272460938e+02
6.578935241699218750e+01
7.456268310546875000e+01
9.969658660888671875e+01
3.492761230468750000e+01
6.621769714355468750e+01
1.152331314086914062e+02
3.363056945800781250e+01
7.023007202148437500e+01
6.649021911621093750e+01
4.859315872192382812e+01
9.276518249511718750e+01
1.225992202758789062e+02
6.796714782714843750e+01
1.074053039550781250e+02
8.148886871337890625e+01
6.918545532226562500e+01
8.077020263671875000e+01
6.723416137695312500e+01
4.182872009277343750e+01
3.000000000000000000e+01
3.506484985351562500e+01
6.005835723876953125e+01
5.578182220458984375e+01
8.017229461669921875e+01
4.856311798095703125e+01
4.587216949462890625e+01
4.255083084106445312e+01
2.734975280761718750e+02
4.338177108764648438e+01
5.205808639526367188e+01
3.661114883422851562e+01
3.000000000000000000e+01
3.901156997680664062e+01
6.530169677734375000e+01
7.523913574218750000e+01
9.209737396240234375e+01
7.182231903076171875e+01
4.336632156372070312e+01
5.286036682128906250e+01
5.009321975708007812e+01
1.437371063232421875e+02
4.591163253784179688e+01
3.859156799316406250e+01
7.692794036865234375e+01
4.561118316650390625e+01
5.734777832031250000e+01
7.051920318603515625e+01
1.439647216796875000e+02
6.881906890869140625e+01
8.395764923095703125e+01
5.797935104370117188e+01
5.118276977539062500e+01
6.806083679199218750e+01
3.583482360839843750e+01
8.109671783447265625e+01
9.052378845214843750e+01
3.523831558227539062e+01
3.272191619873046875e+01
7.874298858642578125e+01
3.000000000000000000e+01
4.142264175415039062e+01
1.250503082275390625e+02
7.020957946777343750e+01
5.442338943481445312e+01
6.506565093994140625e+01
4.467413711547851562e+01
5.656272125244140625e+01
9.057752990722656250e+01
5.163506698608398438e+01
7.713561248779296875e+01
2.075270385742187500e+02
4.817241668701171875e+01
1.103416900634765625e+02
4.802701950073242188e+01
4.673394012451171875e+01
9.121620941162109375e+01
7.453350830078125000e+01
5.351516723632812500e+01
6.909642791748046875e+01
3.599306488037109375e+01
5.000431060791015625e+01
5.238314819335937500e+01
6.300532913208007812e+01
3.825619125366210938e+01
6.087360382080078125e+01
6.531584930419921875e+01
1.771243896484375000e+02
9.031381225585937500e+01
5.110097885131835938e+01
4.960363769531250000e+01
4.925308227539062500e+01
5.356054687500000000e+01
7.720693206787109375e+01
3.000000000000000000e+01
8.995736694335937500e+01
9.875229644775390625e+01
5.058266448974609375e+01
1.065414962768554688e+02
7.981555938720703125e+01
5.595212936401367188e+01
5.122259521484375000e+01
4.842646026611328125e+01
4.554903030395507812e+01
2.137592010498046875e+02
3.407273864746093750e+01
5.061624908447265625e+01
4.704828262329101562e+01
4.476422119140625000e+01
1.035145645141601562e+02
3.689553833007812500e+01
4.316242980957031250e+01
1.476703948974609375e+02
7.287961578369140625e+01
7.483885192871093750e+01
4.323653411865234375e+01
4.582363128662109375e+01
5.223786163330078125e+01
8.436634063720703125e+01
8.273587036132812500e+01
8.180859375000000000e+01
7.375122070312500000e+01
3.000000000000000000e+01
7.913229370117187500e+01
8.706871032714843750e+01
5.010670089721679688e+01
4.038831329345703125e+01
6.332653808593750000e+01
9.927748107910156250e+01
6.915335845947265625e+01
5.468872070312500000e+01
3.628320693969726562e+01
3.000000000000000000e+01
3.771430587768554688e+01
3.034631156921386719e+01
4.958053588867187500e+01
4.347008132934570312e+01
4.289681243896484375e+01
5.163440704345703125e+01
5.308438491821289062e+01
4.656904983520507812e+01
8.275532531738281250e+01
6.382842636108398438e+01
4.942845535278320312e+01
3.870309448242187500e+01
5.042091751098632812e+01
5.020452880859375000e+01
3.000000000000000000e+01
3.760318756103515625e+01
7.907061767578125000e+01
3.704764556884765625e+01
5.501463317871093750e+01
3.000000000000000000e+01
5.726177597045898438e+01
3.689760971069335938e+01
3.000000000000000000e+01
1.108964080810546875e+02
5.468860626220703125e+01
3.130537986755371094e+01
6.994580078125000000e+01
3.859156799316406250e+01
6.899796295166015625e+01
5.331251525878906250e+01
4.932849121093750000e+01
1.097048797607421875e+02
4.600604248046875000e+01
1.596696472167968750e+02
1.072488098144531250e+02
3.656687545776367188e+01
4.145092391967773438e+01
9.316293334960937500e+01
4.900970077514648438e+01
5.949190521240234375e+01
4.471184158325195312e+01
2.100070800781250000e+02
4.109487152099609375e+01
6.373205566406250000e+01
5.339353179931640625e+01
5.105968475341796875e+01
4.852962493896484375e+01
1.077647857666015625e+02
4.617514801025390625e+01
7.151481628417968750e+01
6.787568664550781250e+01
4.931877136230468750e+01
4.113759613037109375e+01
4.471171569824218750e+01
3.771926498413085938e+01
4.011655807495117188e+01
3.955099487304687500e+01
3.634329986572265625e+01
4.008777999877929688e+01
4.478287506103515625e+01
4.253917312622070312e+01
4.445578384399414062e+01
5.716492843627929688e+01
5.075177764892578125e+01
7.144493865966796875e+01
1.353361816406250000e+02
6.881651306152343750e+01
1.036993713378906250e+02
7.937408447265625000e+01
1.076262283325195312e+02
3.423609924316406250e+01
5.197867584228515625e+01
5.033374786376953125e+01
3.986532211303710938e+01
6.094129180908203125e+01
7.313882446289062500e+01
7.244309997558593750e+01
5.789289093017578125e+01
3.860840606689453125e+01
4.643544006347656250e+01
6.091077423095703125e+01
1.049093475341796875e+02
4.606993103027343750e+01
5.582744979858398438e+01
4.120071792602539062e+01
4.095511627197265625e+01
9.235690307617187500e+01
4.831610488891601562e+01
4.239891052246093750e+01
4.355949401855468750e+01
4.650635147094726562e+01
7.867555236816406250e+01
9.557862854003906250e+01
3.394837188720703125e+01
3.941093444824218750e+01
3.923077392578125000e+01
9.209737396240234375e+01
6.872650909423828125e+01
4.499697113037109375e+01
4.516601562500000000e+01
5.292240905761718750e+01
4.563918304443359375e+01
5.021752166748046875e+01
5.157933044433593750e+01
6.298207092285156250e+01
3.769317245483398438e+01
8.092158508300781250e+01
6.729594421386718750e+01
8.397470092773437500e+01
7.226187133789062500e+01
4.540180206298828125e+01
3.736737060546875000e+01
6.835226440429687500e+01
7.583779144287109375e+01
4.928348159790039062e+01
6.560846710205078125e+01
5.446473693847656250e+01
3.768857192993164062e+01
5.726365661621093750e+01
5.193970108032226562e+01
3.389813232421875000e+01
4.648483276367187500e+01
6.670295715332031250e+01
6.531584930419921875e+01
6.002225875854492188e+01
4.725013732910156250e+01
3.479912567138671875e+01
7.352536010742187500e+01
1.121330871582031250e+02
6.195537567138671875e+01
4.073522186279296875e+01
1.076262283325195312e+02
5.292111206054687500e+01
7.615166473388671875e+01
9.927748107910156250e+01
4.194943237304687500e+01
3.424370956420898438e+01
7.876435852050781250e+01
3.000000000000000000e+01
3.980801010131835938e+01
2.190564575195312500e+02
4.188837432861328125e+01
3.240123748779296875e+01
3.998399734497070312e+01
1.212726287841796875e+02
7.563447570800781250e+01
5.044416809082031250e+01
1.074108428955078125e+02
4.551084136962890625e+01
1.166695480346679688e+02
7.545545196533203125e+01
1.115061492919921875e+02
5.278995895385742188e+01
4.687575531005859375e+01
8.775286865234375000e+01
6.834651947021484375e+01
7.190135192871093750e+01
5.714274215698242188e+01
4.485864257812500000e+01
3.000000000000000000e+01
4.755629730224609375e+01
5.958375930786132812e+01
4.936859130859375000e+01
4.278133392333984375e+01
6.691252136230468750e+01
7.504405212402343750e+01
5.266538238525390625e+01
3.375629425048828125e+01
5.529770278930664062e+01
3.787786102294921875e+01
4.365739059448242188e+01
1.372066345214843750e+02
6.015910339355468750e+01
9.092494201660156250e+01
4.898632049560546875e+01
4.140036773681640625e+01
3.391500091552734375e+01
9.183980560302734375e+01
5.726236343383789062e+01
7.535615539550781250e+01
9.472538757324218750e+01
5.601887893676757812e+01
3.974942779541015625e+01
3.939376068115234375e+01
3.573024749755859375e+01
6.443267822265625000e+01
4.855794143676757812e+01
2.137592010498046875e+02
5.179201126098632812e+01
6.084654617309570312e+01
7.117266082763671875e+01
7.750623321533203125e+01
5.468068313598632812e+01
5.228814697265625000e+01
5.434457015991210938e+01
7.536786651611328125e+01
1.028227462768554688e+02
3.446121978759765625e+01
3.755543518066406250e+01
5.508074188232421875e+01
9.320195007324218750e+01
5.206265640258789062e+01
1.596696777343750000e+02
5.374297714233398438e+01
3.450082397460937500e+01
5.202583312988281250e+01
6.202069854736328125e+01
1.655565185546875000e+02
7.633285522460937500e+01
5.639189910888671875e+01
8.738323974609375000e+01
3.000000000000000000e+01
5.499567794799804688e+01
9.109175109863281250e+01
3.319381713867187500e+01
3.934795761108398438e+01
7.721437072753906250e+01
8.441339111328125000e+01
5.813532257080078125e+01
1.062079925537109375e+02
4.358830261230468750e+01
4.342584991455078125e+01
6.104213714599609375e+01
8.505657958984375000e+01
6.869879913330078125e+01
4.356161499023437500e+01
4.179661560058593750e+01
3.703759002685546875e+01
3.483693313598632812e+01
4.591163253784179688e+01
4.134594726562500000e+01
6.335083007812500000e+01
7.020957946777343750e+01
3.172870445251464844e+01
3.000000000000000000e+01
4.020163726806640625e+01
5.205808639526367188e+01
3.405658721923828125e+01
1.023007278442382812e+02
3.000000000000000000e+01
6.474142456054687500e+01
8.339598083496093750e+01
4.150433349609375000e+01
3.846764373779296875e+01
4.325875473022460938e+01
6.790762329101562500e+01
6.968766784667968750e+01
5.902050018310546875e+01
6.381084060668945312e+01
5.061548614501953125e+01
7.749891662597656250e+01
5.353593444824218750e+01
3.868334197998046875e+01
6.096041107177734375e+01
4.154623794555664062e+01
5.223786544799804688e+01
6.365512466430664062e+01
3.812649536132812500e+01
5.976725769042968750e+01
5.081158447265625000e+01
6.334634399414062500e+01
4.237822341918945312e+01
6.030265426635742188e+01
4.629315948486328125e+01
4.524356460571289062e+01
6.997551727294921875e+01
6.764721679687500000e+01
4.741152191162109375e+01
8.485731506347656250e+01
4.528500747680664062e+01
6.514599609375000000e+01
5.973690795898437500e+01
6.274660491943359375e+01
6.935226440429687500e+01
6.432126617431640625e+01
6.924926757812500000e+01
3.702830886840820312e+01
7.907886505126953125e+01
5.119183731079101562e+01
4.611791992187500000e+01
8.525313568115234375e+01
1.292772827148437500e+02
1.339466705322265625e+02
3.926890945434570312e+01
3.059456062316894531e+01
4.414592742919921875e+01
6.158216476440429688e+01
9.031381225585937500e+01
7.480374145507812500e+01
7.168072509765625000e+01
1.002002868652343750e+02
5.529770278930664062e+01
4.523233795166015625e+01
3.091844940185546875e+01
5.609386444091796875e+01
5.871763229370117188e+01
3.238725280761718750e+01
4.408787536621093750e+01
7.586195373535156250e+01
4.777987670898437500e+01
4.171614456176757812e+01
8.368353271484375000e+01
4.032100296020507812e+01
3.753142547607421875e+01
5.891700744628906250e+01
5.799493408203125000e+01
5.155718994140625000e+01
4.356161499023437500e+01
2.149560394287109375e+02
8.029968261718750000e+01
4.769631958007812500e+01
4.733470916748046875e+01
4.953668975830078125e+01
1.388111572265625000e+02
4.202749252319335938e+01
5.187143707275390625e+01
6.603523254394531250e+01
4.278133392333984375e+01
6.094231414794921875e+01
4.824695587158203125e+01
5.883547973632812500e+01
5.545491027832031250e+01
5.523515701293945312e+01
3.746492385864257812e+01
3.000000000000000000e+01
4.335438156127929688e+01
4.946796417236328125e+01
2.111631317138671875e+02
6.034034729003906250e+01
4.564135742187500000e+01
5.904122924804687500e+01
6.192170715332031250e+01
4.892111206054687500e+01
5.733919906616210938e+01
5.544878005981445312e+01
5.320278930664062500e+01
4.926059722900390625e+01
6.218721771240234375e+01
5.824414443969726562e+01
3.671697998046875000e+01
4.370315933227539062e+01
4.564938354492187500e+01
3.656687927246093750e+01
3.858333969116210938e+01
3.229183197021484375e+01
6.418064880371093750e+01
6.184040069580078125e+01
3.000000000000000000e+01
5.045816802978515625e+01
5.493078613281250000e+01
8.223119354248046875e+01
6.671835327148437500e+01
9.510417175292968750e+01
3.428528594970703125e+01
8.180859375000000000e+01
8.462971496582031250e+01
4.280775833129882812e+01
8.525313568115234375e+01
4.466265106201171875e+01
4.787821960449218750e+01
3.803844833374023438e+01
4.464232635498046875e+01
1.150220489501953125e+02
5.923790359497070312e+01
5.444793701171875000e+01
7.178259277343750000e+01
4.737828063964843750e+01
1.194914627075195312e+02
4.776401138305664062e+01
3.920877075195312500e+01
4.674776458740234375e+01
8.171900939941406250e+01
8.326850891113281250e+01
7.085262298583984375e+01
5.560665893554687500e+01
3.027485084533691406e+01
3.673118591308593750e+01
4.880623245239257812e+01
6.375360107421875000e+01
1.133705139160156250e+02
8.717562866210937500e+01
1.330644836425781250e+02
6.311731719970703125e+01
3.759708404541015625e+01
5.976581954956054688e+01
3.128923606872558594e+01
5.363049316406250000e+01
3.000000000000000000e+01
3.000000000000000000e+01
5.952482604980468750e+01
1.222002105712890625e+02
5.589104843139648438e+01
3.689235687255859375e+01
6.050263977050781250e+01
6.073352050781250000e+01
4.095617675781250000e+01
4.752455139160156250e+01
4.855794143676757812e+01
3.975606536865234375e+01
7.347821807861328125e+01
5.499567794799804688e+01
5.388851165771484375e+01
5.361083221435546875e+01
3.133078765869140625e+01
4.226538848876953125e+01
5.375621795654296875e+01
4.266841125488281250e+01
6.550671386718750000e+01
8.100197601318359375e+01
5.051484680175781250e+01
9.045032501220703125e+01
4.987606811523437500e+01
3.560695648193359375e+01
4.854573440551757812e+01
4.320919799804687500e+01
4.201317214965820312e+01
4.700566864013671875e+01
3.970333862304687500e+01
4.179368209838867188e+01
8.169210815429687500e+01
4.336632156372070312e+01
4.049271774291992188e+01
1.771243896484375000e+02
7.750919342041015625e+01
4.445848846435546875e+01
5.888100433349609375e+01
7.599662780761718750e+01
4.656904983520507812e+01
5.276673126220703125e+01
1.057467193603515625e+02
4.305322647094726562e+01
6.668611907958984375e+01
4.366798782348632812e+01
3.000000000000000000e+01
5.296297836303710938e+01
6.354146575927734375e+01
4.063748168945312500e+01
4.618102264404296875e+01
3.969205856323242188e+01
4.304726028442382812e+01
4.357055282592773438e+01
5.524019241333007812e+01
3.663762664794921875e+01
4.149584960937500000e+01
6.712899780273437500e+01
8.554309082031250000e+01
4.291858673095703125e+01
9.937809753417968750e+01
4.934308242797851562e+01
3.540735244750976562e+01
7.518691253662109375e+01
7.816577148437500000e+01
4.120010757446289062e+01
5.802559661865234375e+01
3.091428947448730469e+01
4.076394271850585938e+01
3.000000000000000000e+01
9.917499542236328125e+01
5.048358154296875000e+01
3.776073837280273438e+01
4.323653030395507812e+01
5.337524795532226562e+01
5.359941864013671875e+01
3.312649536132812500e+01
4.359938812255859375e+01
5.394117736816406250e+01
4.859349060058593750e+01
7.789971923828125000e+01
7.145601654052734375e+01
4.158684921264648438e+01
4.890091705322265625e+01
3.339466476440429688e+01
5.041603088378906250e+01
6.670040893554687500e+01
8.713134002685546875e+01
5.883547973632812500e+01
4.881772613525390625e+01
6.598276519775390625e+01
4.359939193725585938e+01
4.569342041015625000e+01
4.552860260009765625e+01
3.000000000000000000e+01
3.985662460327148438e+01
5.798044204711914062e+01
5.877589416503906250e+01
3.627566909790039062e+01
6.574934387207031250e+01
4.751900100708007812e+01
5.546616744995117188e+01
3.020644378662109375e+01
5.809602355957031250e+01
3.382023239135742188e+01
4.885977172851562500e+01
6.031890106201171875e+01
4.522626495361328125e+01
6.706507873535156250e+01
3.238451385498046875e+01
6.996951293945312500e+01
6.105177688598632812e+01
4.896558380126953125e+01
5.153963851928710938e+01
4.301392745971679688e+01
8.573345184326171875e+01
7.026533508300781250e+01
4.199277496337890625e+01
4.299886703491210938e+01
5.765051651000976562e+01
6.578187561035156250e+01
6.197547912597656250e+01
3.166554832458496094e+01
9.242945861816406250e+01
4.494625473022460938e+01
3.990782546997070312e+01
4.564370727539062500e+01
4.662904739379882812e+01
6.004354858398437500e+01
3.510976028442382812e+01
9.121621704101562500e+01
5.335476684570312500e+01
4.493015289306640625e+01
4.427512741088867188e+01
5.732946014404296875e+01
6.204045867919921875e+01
6.856664276123046875e+01
3.059456062316894531e+01
3.884331512451171875e+01
3.549029922485351562e+01
4.189907073974609375e+01
6.863484191894531250e+01
5.202989196777343750e+01
7.254089355468750000e+01
6.377598953247070312e+01
5.099877929687500000e+01
4.103505706787109375e+01
3.797499847412109375e+01
4.060321807861328125e+01
5.732946014404296875e+01
6.924926757812500000e+01
4.633773422241210938e+01
5.176621246337890625e+01
3.348803710937500000e+01
7.110069274902343750e+01
6.116922760009765625e+01
6.546443176269531250e+01
4.814852523803710938e+01
3.382131576538085938e+01
6.742990112304687500e+01
3.000000000000000000e+01
7.105889129638671875e+01
3.049079513549804688e+01
5.012482070922851562e+01
3.674866104125976562e+01
3.000000000000000000e+01
4.371464538574218750e+01
4.001270294189453125e+01
6.894683837890625000e+01
4.513894653320312500e+01
8.713134765625000000e+01
5.075492858886718750e+01
4.334365081787109375e+01
3.806081390380859375e+01
4.358253097534179688e+01
3.000000000000000000e+01
3.912293243408203125e+01
6.647897338867187500e+01
7.523913574218750000e+01
4.932849121093750000e+01
4.333137512207031250e+01
4.176486206054687500e+01
7.001019287109375000e+01
5.100220870971679688e+01
4.670545196533203125e+01
4.506014251708984375e+01
3.000000000000000000e+01
4.184175872802734375e+01
3.812649536132812500e+01
4.576336669921875000e+01
3.404631805419921875e+01
4.036108016967773438e+01
4.509777832031250000e+01
4.027023315429687500e+01
4.047140121459960938e+01
4.138246154785156250e+01
3.239635467529296875e+01
4.681351852416992188e+01
6.154193115234375000e+01
7.088383483886718750e+01
5.075492858886718750e+01
7.262763977050781250e+01
3.000000000000000000e+01
4.057889938354492188e+01
4.986008453369140625e+01
3.284945678710937500e+01
4.654012298583984375e+01
7.164936065673828125e+01
3.000000000000000000e+01
6.955854797363281250e+01
4.497587585449218750e+01
4.145092391967773438e+01
4.568659973144531250e+01
7.182231903076171875e+01
3.000000000000000000e+01
3.806059265136718750e+01
7.163842773437500000e+01
4.825585174560546875e+01
8.171900939941406250e+01
8.041939544677734375e+01
3.000000000000000000e+01
7.107221221923828125e+01
9.829939270019531250e+01
5.351516723632812500e+01
5.056996917724609375e+01
4.339841461181640625e+01
6.499815368652343750e+01
7.051921081542968750e+01
5.618713378906250000e+01
6.442165374755859375e+01
7.634283447265625000e+01
3.724124908447265625e+01
7.513752746582031250e+01
4.080064392089843750e+01
3.852186584472656250e+01
4.070159149169921875e+01
5.388742065429687500e+01
3.000000000000000000e+01
7.408943176269531250e+01
5.294542694091796875e+01
4.564135742187500000e+01
4.557443237304687500e+01
4.828594207763671875e+01
3.148547935485839844e+01
4.518564224243164062e+01
7.430780029296875000e+01
4.585446929931640625e+01
4.130334091186523438e+01
6.117922210693359375e+01
4.643505859375000000e+01
4.590325927734375000e+01
4.631150817871093750e+01
5.153963851928710938e+01
3.000000000000000000e+01
3.636724090576171875e+01
4.573763275146484375e+01
4.763322067260742188e+01
3.320259475708007812e+01
4.747705841064453125e+01
5.508074188232421875e+01
3.959298324584960938e+01
4.011655807495117188e+01
4.742814636230468750e+01
7.625112915039062500e+01
5.615666198730468750e+01
7.571505737304687500e+01
1.169790649414062500e+02
5.235144805908203125e+01
3.970689773559570312e+01
4.811959075927734375e+01
5.005605316162109375e+01
3.504049682617187500e+01
4.431902313232421875e+01
6.776544189453125000e+01
9.472538757324218750e+01
4.326987075805664062e+01
3.476931762695312500e+01
4.745052337646484375e+01
5.815913009643554688e+01
3.094495391845703125e+01
4.852962493896484375e+01
5.799493408203125000e+01
5.278076934814453125e+01
3.000000000000000000e+01
5.984027862548828125e+01
3.588441848754882812e+01
5.835680389404296875e+01
5.726365661621093750e+01
3.000000000000000000e+01
5.169557952880859375e+01
4.181356048583984375e+01
3.000000000000000000e+01
5.040850067138671875e+01
4.950356674194335938e+01
4.615329360961914062e+01
5.206265640258789062e+01
4.032014465332031250e+01
4.096961212158203125e+01
5.468068313598632812e+01
5.138318252563476562e+01
3.000000000000000000e+01
6.854763793945312500e+01
3.000000000000000000e+01
5.358482360839843750e+01
4.230080032348632812e+01
3.531508255004882812e+01
6.295819854736328125e+01
5.543529891967773438e+01
5.990867614746093750e+01
3.000000000000000000e+01
3.849652099609375000e+01
5.551758575439453125e+01
5.463012695312500000e+01
3.423609924316406250e+01
4.668231582641601562e+01
5.222768402099609375e+01
6.155675506591796875e+01
4.143814468383789062e+01
5.600745010375976562e+01
3.840399551391601562e+01
7.217066192626953125e+01
4.120355987548828125e+01
9.047782897949218750e+01
8.256056976318359375e+01
4.781533050537109375e+01
3.848525238037109375e+01
3.636338424682617188e+01
7.475961303710937500e+01
4.840606689453125000e+01
3.754684829711914062e+01
7.658052062988281250e+01
4.402020263671875000e+01
3.877352905273437500e+01
5.335444259643554688e+01
1.094661483764648438e+02
4.893123245239257812e+01
5.255090713500976562e+01
3.000000000000000000e+01
5.680296707153320312e+01
3.994947052001953125e+01
3.737259292602539062e+01
5.075262451171875000e+01
1.107831573486328125e+02
5.855798339843750000e+01
5.213022994995117188e+01
3.396287155151367188e+01
5.965448379516601562e+01
4.037821578979492188e+01
5.007613754272460938e+01
5.818106079101562500e+01
9.510417175292968750e+01
5.419746398925781250e+01
6.688765716552734375e+01
7.325708007812500000e+01
7.498164367675781250e+01
6.560969543457031250e+01
3.000000000000000000e+01
3.959882736206054688e+01
4.848657226562500000e+01
3.756639099121093750e+01
3.375623321533203125e+01
4.356206512451171875e+01
4.356196212768554688e+01
3.000000000000000000e+01
3.308964920043945312e+01
3.000000000000000000e+01
4.572481536865234375e+01
7.324835968017578125e+01
5.071894073486328125e+01
3.359410858154296875e+01
4.411450958251953125e+01
3.040945816040039062e+01
3.681613159179687500e+01
4.840761566162109375e+01
8.045427703857421875e+01
4.490496063232421875e+01
4.248941040039062500e+01
3.000000000000000000e+01
7.913229370117187500e+01
6.388573074340820312e+01
3.000000000000000000e+01
8.573345184326171875e+01
4.313058090209960938e+01
8.970327758789062500e+01
4.289580917358398438e+01
4.829190826416015625e+01
6.279947662353515625e+01
4.352456283569335938e+01
3.223879241943359375e+01
4.219106292724609375e+01
4.927137756347656250e+01
5.118276977539062500e+01
4.626836395263671875e+01
4.229508209228515625e+01
4.862839126586914062e+01
4.046223068237304688e+01
6.094231414794921875e+01
6.368557739257812500e+01
7.895860290527343750e+01
5.325998687744140625e+01
5.061505508422851562e+01
5.657887268066406250e+01
3.000000000000000000e+01
5.002392578125000000e+01
4.905064773559570312e+01
5.378446960449218750e+01
5.253768539428710938e+01
4.510880279541015625e+01
4.827378845214843750e+01
4.370980834960937500e+01
3.950754165649414062e+01
7.838464355468750000e+01
3.874451065063476562e+01
4.114344406127929688e+01
3.703384780883789062e+01
4.613531494140625000e+01
5.067647552490234375e+01
3.034125709533691406e+01
5.163897323608398438e+01
4.488320159912109375e+01
3.000000000000000000e+01
5.952881622314453125e+01
7.178259277343750000e+01
3.000000000000000000e+01
5.206214523315429688e+01
4.507706451416015625e+01
4.152907562255859375e+01
4.504512023925781250e+01
4.799443817138671875e+01
4.676986694335937500e+01
4.194641113281250000e+01
4.638478088378906250e+01
4.317359924316406250e+01
3.617267990112304688e+01
5.648841857910156250e+01
4.258774948120117188e+01
3.741286087036132812e+01
3.577672195434570312e+01
3.607868194580078125e+01
3.439638137817382812e+01
5.090040588378906250e+01
5.450809478759765625e+01
1.094661483764648438e+02
5.835118865966796875e+01
3.000000000000000000e+01
3.171955299377441406e+01
9.368911743164062500e+01
5.105968475341796875e+01
3.912010955810546875e+01
7.838464355468750000e+01
5.307683563232421875e+01
4.381798553466796875e+01
3.662759399414062500e+01
5.163440704345703125e+01
1.098031768798828125e+02
8.494041442871093750e+01
5.327640914916992188e+01
7.727460479736328125e+01
3.751380157470703125e+01
3.000000000000000000e+01
7.303044128417968750e+01
4.401985931396484375e+01
4.990897369384765625e+01
5.991022872924804688e+01
3.669924926757812500e+01
3.000000000000000000e+01
5.109856414794921875e+01
3.100042533874511719e+01
4.365304183959960938e+01
5.585722732543945312e+01
4.926457977294921875e+01
3.000000000000000000e+01
4.073522186279296875e+01
9.829939270019531250e+01
3.428945922851562500e+01
4.254386901855468750e+01
8.036372375488281250e+01
4.477887344360351562e+01
3.970184707641601562e+01
7.272101593017578125e+01
5.355093383789062500e+01
4.148716735839843750e+01
3.371658706665039062e+01
4.723313522338867188e+01
4.603583526611328125e+01
3.828879165649414062e+01
3.824731445312500000e+01
4.375189971923828125e+01
6.667646026611328125e+01
5.940259933471679688e+01
4.327011489868164062e+01
3.359833526611328125e+01
5.299710083007812500e+01
4.475231933593750000e+01
3.000000000000000000e+01
6.404004669189453125e+01
5.128721618652343750e+01
4.488726043701171875e+01
3.000000000000000000e+01
3.001872253417968750e+01
3.207098007202148438e+01
3.000000000000000000e+01
5.071663665771484375e+01
4.045637893676757812e+01
4.326987075805664062e+01
5.155718994140625000e+01
4.279034042358398438e+01
5.215081787109375000e+01
5.084502410888671875e+01
5.078075790405273438e+01
6.837089538574218750e+01
4.830034637451171875e+01
4.366626739501953125e+01
4.207160949707031250e+01
8.223119354248046875e+01
5.441045379638671875e+01
3.085457992553710938e+01
3.000000000000000000e+01
5.150808715820312500e+01
6.604785156250000000e+01
3.852693176269531250e+01
4.048978805541992188e+01
3.148127937316894531e+01
3.407089233398437500e+01
3.651705169677734375e+01
3.982416534423828125e+01
5.118657302856445312e+01
3.926926422119140625e+01
5.961797332763671875e+01
4.749977493286132812e+01
5.886688613891601562e+01
4.498682785034179688e+01
4.570426940917968750e+01
4.216820526123046875e+01
3.137780761718750000e+01
4.409817886352539062e+01
3.381345367431640625e+01
3.000000000000000000e+01
4.812200927734375000e+01
4.675022888183593750e+01
3.000000000000000000e+01
4.475361251831054688e+01
3.014378929138183594e+01
3.790023422241210938e+01
3.903761291503906250e+01
3.579749298095703125e+01
