5.565508270263671875e+01
5.831337738037109375e+01
3.637937164306640625e+01
3.944441604614257812e+01
7.117683410644531250e+01
6.050989532470703125e+01
3.000000000000000000e+01
6.289814376831054688e+01
5.431661987304687500e+01
1.136658172607421875e+02
4.784642028808593750e+01
1.198554687500000000e+02
4.982187652587890625e+01
4.632518005371093750e+01
3.120880889892578125e+01
6.645960235595703125e+01
7.273072814941406250e+01
4.411389923095703125e+01
4.286630630493164062e+01
1.449594879150390625e+02
3.946266937255859375e+01
8.364521789550781250e+01
3.289568710327148438e+01
3.314012527465820312e+01
3.521935653686523438e+01
6.368602752685546875e+01
3.000000000000000000e+01
5.560005950927734375e+01
1.738802185058593750e+02
4.689862060546875000e+01
6.154759979248046875e+01
4.683433532714843750e+01
4.373314285278320312e+01
1.048425292968750000e+02
5.552925491333007812e+01
6.370921325683593750e+01
7.207912445068359375e+01
4.932099533081054688e+01
4.503411102294921875e+01
3.024223899841308594e+01
3.749536514282226562e+01
3.094319343566894531e+01
6.362164306640625000e+01
4.506488800048828125e+01
3.000000000000000000e+01
3.000000000000000000e+01
3.889158630371093750e+01
6.728971099853515625e+01
1.274875946044921875e+02
5.606598663330078125e+01
4.441407012939453125e+01
3.732917022705078125e+01
7.244883728027343750e+01
4.464228820800781250e+01
1.262497100830078125e+02
5.386170959472656250e+01
7.296762084960937500e+01
4.601336669921875000e+01
5.891738891601562500e+01
7.696773529052734375e+01
5.513198852539062500e+01
9.136236572265625000e+01
4.021864318847656250e+01
9.277308654785156250e+01
9.948895263671875000e+01
5.628382873535156250e+01
4.743010711669921875e+01
3.000000000000000000e+01
4.751449203491210938e+01
4.411223602294921875e+01
5.813850402832031250e+01
3.649607086181640625e+01
9.491088104248046875e+01
3.244285202026367188e+01
5.323310852050781250e+01
3.100571250915527344e+01
4.981606292724609375e+01
4.900257873535156250e+01
4.150232696533203125e+01
5.959078216552734375e+01
3.715877914428710938e+01
7.273072814941406250e+01
5.491649627685546875e+01
1.194587020874023438e+02
1.068286437988281250e+02
3.000000000000000000e+01
4.024212646484375000e+01
5.084365844726562500e+01
4.982187652587890625e+01
5.906990814208984375e+01
4.653848266601562500e+01
5.836682891845703125e+01
6.734583282470703125e+01
5.220040130615234375e+01
1.036306457519531250e+02
8.785461425781250000e+01
6.651045227050781250e+01
4.383937835693359375e+01
8.442153930664062500e+01
3.946154403686523438e+01
1.045709991455078125e+02
6.768517303466796875e+01
1.492543792724609375e+02
3.000000000000000000e+01
4.613001251220703125e+01
8.246195983886718750e+01
3.000000000000000000e+01
6.561073303222656250e+01
5.587248229980468750e+01
3.000000000000000000e+01
4.303312683105468750e+01
3.228273010253906250e+01
6.929547119140625000e+01
1.235317077636718750e+02
3.902986526489257812e+01
3.979038238525390625e+01
1.021623992919921875e+02
4.947010803222656250e+01
8.055303192138671875e+01
5.633129882812500000e+01
4.646500778198242188e+01
6.139952850341796875e+01
4.076216506958007812e+01
4.673365020751953125e+01
4.352165603637695312e+01
5.117858123779296875e+01
7.215478515625000000e+01
5.819466018676757812e+01
4.684067535400390625e+01
4.352105712890625000e+01
4.731150817871093750e+01
1.065215911865234375e+02
5.670936965942382812e+01
3.000000000000000000e+01
5.826530456542968750e+01
4.562501525878906250e+01
1.153283538818359375e+02
4.808503723144531250e+01
4.744666290283203125e+01
6.643583679199218750e+01
5.425576019287109375e+01
8.751033020019531250e+01
6.798542785644531250e+01
6.153911590576171875e+01
7.250187683105468750e+01
4.385003662109375000e+01
8.479086303710937500e+01
9.893928527832031250e+01
4.402468872070312500e+01
1.284786987304687500e+02
6.026585388183593750e+01
7.260787963867187500e+01
5.436709594726562500e+01
8.553523254394531250e+01
3.654542922973632812e+01
1.143856124877929688e+02
3.000000000000000000e+01
1.404347534179687500e+02
4.614584732055664062e+01
6.223392868041992188e+01
3.523587799072265625e+01
6.111319351196289062e+01
4.780579376220703125e+01
3.800735473632812500e+01
7.737339782714843750e+01
3.535377502441406250e+01
6.356107711791992188e+01
5.285799026489257812e+01
3.582992553710937500e+01
1.086198043823242188e+02
4.428490447998046875e+01
4.661045837402343750e+01
3.508804321289062500e+01
3.127943038940429688e+01
5.946934890747070312e+01
6.527630615234375000e+01
4.393382263183593750e+01
4.886068725585937500e+01
7.379825592041015625e+01
5.743978881835937500e+01
6.424372863769531250e+01
6.459587097167968750e+01
7.194051361083984375e+01
5.897786712646484375e+01
4.405102920532226562e+01
3.075661468505859375e+01
3.706306457519531250e+01
7.752352905273437500e+01
5.369013214111328125e+01
4.530977630615234375e+01
4.291566467285156250e+01
4.966590881347656250e+01
5.323585891723632812e+01
4.389543914794921875e+01
4.713197708129882812e+01
5.007958984375000000e+01
3.440427398681640625e+01
7.987437438964843750e+01
1.567958679199218750e+02
7.218744659423828125e+01
4.878833389282226562e+01
1.191484832763671875e+02
6.724217987060546875e+01
3.000000000000000000e+01
4.244257354736328125e+01
4.579359817504882812e+01
5.427455139160156250e+01
4.158898925781250000e+01
8.879081726074218750e+01
3.978306961059570312e+01
4.224287796020507812e+01
1.042482757568359375e+02
4.154479217529296875e+01
4.142868041992187500e+01
4.210295867919921875e+01
4.249371337890625000e+01
4.496996688842773438e+01
5.500143432617187500e+01
4.342451095581054688e+01
4.561099243164062500e+01
3.559480667114257812e+01
5.775546646118164062e+01
7.950773620605468750e+01
4.048672485351562500e+01
4.415333175659179688e+01
4.652353668212890625e+01
6.354823684692382812e+01
1.084079589843750000e+02
6.632985687255859375e+01
1.234626312255859375e+02
3.612847518920898438e+01
5.487878417968750000e+01
4.934568023681640625e+01
5.906096649169921875e+01
3.723245239257812500e+01
6.533299255371093750e+01
4.678839874267578125e+01
4.599505615234375000e+01
7.821777343750000000e+01
5.829318618774414062e+01
4.806020355224609375e+01
1.238257598876953125e+02
1.121420135498046875e+02
7.389806365966796875e+01
9.508145904541015625e+01
3.715750122070312500e+01
5.235911560058593750e+01
1.444608612060546875e+02
1.824147033691406250e+02
4.406507492065429688e+01
6.773805999755859375e+01
4.137643814086914062e+01
5.272643280029296875e+01
8.978152465820312500e+01
4.388416671752929688e+01
5.106977462768554688e+01
4.596489715576171875e+01
4.315541458129882812e+01
5.024773406982421875e+01
1.645317230224609375e+02
3.638769149780273438e+01
5.395492935180664062e+01
4.275866317749023438e+01
4.344020080566406250e+01
1.139672698974609375e+02
4.964923477172851562e+01
1.518574218750000000e+02
6.437842559814453125e+01
6.396881866455078125e+01
4.433187484741210938e+01
5.776560592651367188e+01
4.339546203613281250e+01
7.389806365966796875e+01
6.646454620361328125e+01
1.753209991455078125e+02
4.346673583984375000e+01
6.762212371826171875e+01
8.099529266357421875e+01
1.060740051269531250e+02
1.006380004882812500e+02
7.696044158935546875e+01
7.409453582763671875e+01
6.571506500244140625e+01
4.054961776733398438e+01
6.322153091430664062e+01
3.841946029663085938e+01
3.000000000000000000e+01
6.260055541992187500e+01
3.710843658447265625e+01
3.609913253784179688e+01
4.270413970947265625e+01
4.338573455810546875e+01
3.456512069702148438e+01
1.140386886596679688e+02
3.024822425842285156e+01
3.378912353515625000e+01
4.052055740356445312e+01
6.667499542236328125e+01
4.660444641113281250e+01
6.332928466796875000e+01
5.619087982177734375e+01
3.257752990722656250e+01
3.948937606811523438e+01
7.250415039062500000e+01
5.898192214965820312e+01
4.121813583374023438e+01
8.241735839843750000e+01
6.734169006347656250e+01
6.694522857666015625e+01
1.321749877929687500e+02
1.367634277343750000e+02
3.000000000000000000e+01
9.490313720703125000e+01
1.157132873535156250e+02
9.423166656494140625e+01
4.275900268554687500e+01
4.133409118652343750e+01
1.228805236816406250e+02
6.072882843017578125e+01
8.442153930664062500e+01
4.328320312500000000e+01
4.164871978759765625e+01
3.375719451904296875e+01
5.340194320678710938e+01
3.524405670166015625e+01
3.145334625244140625e+01
3.358702087402343750e+01
3.745496749877929688e+01
9.491088104248046875e+01
4.598541641235351562e+01
7.600177764892578125e+01
4.768145751953125000e+01
5.302800750732421875e+01
4.505327224731445312e+01
4.455844879150390625e+01
4.836292266845703125e+01
6.374042129516601562e+01
5.269525146484375000e+01
5.300830841064453125e+01
3.722397613525390625e+01
6.861665344238281250e+01
8.992694091796875000e+01
4.588756561279296875e+01
6.694523620605468750e+01
4.380568695068359375e+01
4.987366867065429688e+01
1.750611877441406250e+02
3.427494812011718750e+01
4.315165328979492188e+01
1.198569793701171875e+02
1.576835632324218750e+02
2.024939880371093750e+02
5.493204879760742188e+01
9.136236572265625000e+01
3.934616088867187500e+01
1.094437103271484375e+02
6.118658065795898438e+01
3.341265487670898438e+01
1.470991973876953125e+02
6.159238433837890625e+01
6.040298461914062500e+01
1.251375198364257812e+02
5.865496826171875000e+01
6.066836929321289062e+01
1.038313598632812500e+02
3.473741912841796875e+01
7.106305694580078125e+01
1.011159515380859375e+02
3.561663055419921875e+01
7.043676757812500000e+01
6.270594024658203125e+01
4.670135116577148438e+01
9.178205871582031250e+01
1.315746154785156250e+02
7.035736846923828125e+01
1.397812194824218750e+02
8.261243438720703125e+01
4.689862060546875000e+01
9.507226562500000000e+01
7.683044433593750000e+01
3.000000000000000000e+01
3.723507308959960938e+01
3.622544860839843750e+01
4.016614913940429688e+01
6.450888061523437500e+01
1.121420135498046875e+02
4.850286102294921875e+01
4.728145980834960938e+01
3.635353851318359375e+01
2.606234741210937500e+02
4.859915924072265625e+01
4.223029708862304688e+01
3.614588165283203125e+01
3.000000000000000000e+01
4.693535995483398438e+01
6.275450897216796875e+01
6.890367126464843750e+01
1.115809783935546875e+02
5.480834197998046875e+01
3.821423339843750000e+01
5.381767272949218750e+01
4.453461456298828125e+01
1.610227355957031250e+02
4.332019805908203125e+01
3.792136383056640625e+01
5.134432220458984375e+01
3.662116241455078125e+01
6.111541366577148438e+01
7.499952697753906250e+01
1.250161209106445312e+02
8.225881958007812500e+01
9.512804412841796875e+01
4.554805374145507812e+01
4.209841918945312500e+01
7.593508148193359375e+01
3.741796875000000000e+01
5.943592453002929688e+01
6.906794738769531250e+01
3.000000000000000000e+01
3.566504669189453125e+01
1.001184005737304688e+02
3.000000000000000000e+01
4.189621734619140625e+01
1.420365295410156250e+02
6.670287322998046875e+01
4.251465225219726562e+01
7.282022094726562500e+01
4.919893646240234375e+01
6.774503326416015625e+01
9.381497192382812500e+01
5.254902267456054688e+01
7.600177764892578125e+01
2.240984191894531250e+02
5.340194320678710938e+01
1.273031158447265625e+02
4.280213928222656250e+01
5.020317840576171875e+01
8.545116424560546875e+01
5.560005950927734375e+01
5.469332122802734375e+01
6.767829895019531250e+01
3.000000000000000000e+01
6.197835540771484375e+01
4.879312515258789062e+01
7.831821441650390625e+01
4.026530838012695312e+01
5.013610458374023438e+01
6.837140655517578125e+01
8.845595550537109375e+01
8.561366271972656250e+01
4.818444061279296875e+01
5.436709594726562500e+01
5.096949005126953125e+01
5.689588165283203125e+01
7.350188446044921875e+01
3.121832466125488281e+01
1.113583526611328125e+02
8.959978485107421875e+01
3.000000000000000000e+01
1.167987518310546875e+02
8.507857513427734375e+01
4.771140670776367188e+01
5.099681472778320312e+01
4.283169937133789062e+01
4.446131896972656250e+01
1.754696807861328125e+02
3.783979415893554688e+01
5.480895996093750000e+01
5.150833892822265625e+01
3.977553558349609375e+01
8.684362030029296875e+01
4.262475967407226562e+01
3.981002807617187500e+01
1.401168365478515625e+02
5.898192214965820312e+01
9.518778991699218750e+01
6.472997283935546875e+01
5.677394104003906250e+01
5.714369583129882812e+01
9.698764801025390625e+01
9.746415710449218750e+01
8.233245849609375000e+01
7.625131225585937500e+01
3.832817840576171875e+01
6.050434112548828125e+01
7.109466552734375000e+01
4.587313079833984375e+01
4.142868041992187500e+01
8.298271179199218750e+01
8.823103332519531250e+01
5.754653930664062500e+01
6.041581726074218750e+01
5.034812164306640625e+01
3.000000000000000000e+01
4.238903427124023438e+01
3.000000000000000000e+01
4.917251586914062500e+01
3.000000000000000000e+01
4.218598937988281250e+01
4.400346374511718750e+01
5.346495056152343750e+01
4.540066146850585938e+01
7.841400146484375000e+01
6.310212326049804688e+01
4.724187469482421875e+01
4.187210845947265625e+01
5.103844451904296875e+01
6.030794143676757812e+01
3.000000000000000000e+01
3.600682067871093750e+01
6.198299026489257812e+01
3.167430496215820312e+01
5.900861740112304688e+01
3.000000000000000000e+01
5.314356231689453125e+01
3.000000000000000000e+01
3.120881080627441406e+01
9.987905883789062500e+01
4.095376968383789062e+01
3.016850280761718750e+01
7.066258239746093750e+01
3.792136383056640625e+01
7.424526977539062500e+01
3.000000000000000000e+01
5.058098602294921875e+01
1.283958740234375000e+02
4.467337417602539062e+01
1.365190277099609375e+02
1.178820648193359375e+02
3.905140686035156250e+01
3.866695022583007812e+01
9.143602752685546875e+01
4.517946243286132812e+01
5.106007003784179688e+01
4.275866699218750000e+01
1.159204254150390625e+02
3.973109436035156250e+01
5.240791320800781250e+01
5.732717895507812500e+01
3.602867507934570312e+01
4.089542388916015625e+01
1.143867950439453125e+02
3.863820648193359375e+01
7.184239196777343750e+01
4.275440979003906250e+01
3.475535583496093750e+01
3.131501770019531250e+01
4.704517745971679688e+01
4.011671447753906250e+01
4.375822448730468750e+01
3.511514282226562500e+01
3.545690155029296875e+01
4.057503128051757812e+01
4.776222991943359375e+01
4.637848663330078125e+01
4.491539001464843750e+01
5.750382995605468750e+01
6.561073303222656250e+01
7.007652282714843750e+01
8.879081726074218750e+01
5.903012084960937500e+01
9.972689056396484375e+01
8.706358337402343750e+01
1.215991821289062500e+02
3.689328002929687500e+01
4.920661544799804688e+01
3.741956710815429688e+01
3.308507537841796875e+01
6.883194732666015625e+01
7.799470520019531250e+01
8.569860839843750000e+01
8.503867340087890625e+01
3.902986526489257812e+01
4.721239852905273438e+01
6.775392150878906250e+01
1.014831542968750000e+02
4.727814483642578125e+01
5.499264907836914062e+01
4.404334259033203125e+01
3.671033859252929688e+01
9.402078247070312500e+01
4.653848266601562500e+01
4.396801757812500000e+01
4.388717651367187500e+01
4.893021392822265625e+01
5.850025558471679688e+01
8.965644073486328125e+01
4.650062561035156250e+01
3.429469299316406250e+01
3.389691925048828125e+01
1.115809783935546875e+02
4.765332031250000000e+01
4.363708114624023438e+01
5.680592727661132812e+01
5.685003662109375000e+01
4.674831390380859375e+01
5.581889343261718750e+01
5.134168243408203125e+01
7.055913543701171875e+01
4.116669464111328125e+01
5.649832916259765625e+01
7.163932800292968750e+01
7.836311340332031250e+01
7.247288513183593750e+01
4.988676452636718750e+01
3.000000000000000000e+01
7.238372039794921875e+01
7.024422454833984375e+01
4.852288818359375000e+01
4.931986618041992188e+01
5.596761703491210938e+01
4.458804321289062500e+01
6.580300903320312500e+01
4.821383666992187500e+01
3.206079483032226562e+01
4.526386642456054688e+01
7.543629455566406250e+01
6.837140655517578125e+01
5.626971435546875000e+01
5.156860351562500000e+01
3.721359252929687500e+01
7.712283325195312500e+01
1.100844879150390625e+02
7.183131408691406250e+01
3.814667510986328125e+01
1.215991821289062500e+02
5.493204879760742188e+01
6.845107269287109375e+01
8.823103332519531250e+01
4.124241638183593750e+01
3.351435470581054688e+01
7.201789855957031250e+01
3.000000000000000000e+01
4.078675842285156250e+01
2.411522827148437500e+02
4.684299468994140625e+01
4.470575714111328125e+01
3.519052505493164062e+01
1.287553405761718750e+02
5.570011138916015625e+01
5.217140197753906250e+01
8.481159973144531250e+01
4.657510375976562500e+01
1.370352478027343750e+02
7.566774749755859375e+01
1.008857498168945312e+02
3.000000000000000000e+01
4.046675491333007812e+01
5.927911376953125000e+01
7.852777099609375000e+01
6.046739959716796875e+01
5.269525146484375000e+01
5.035514068603515625e+01
3.000000000000000000e+01
5.077948760986328125e+01
5.585951614379882812e+01
5.512178039550781250e+01
3.581842422485351562e+01
7.961095428466796875e+01
7.714582824707031250e+01
3.414603424072265625e+01
3.275429916381835938e+01
5.813187026977539062e+01
3.000000000000000000e+01
5.091455078125000000e+01
9.795594787597656250e+01
5.485633850097656250e+01
7.507127380371093750e+01
5.077172088623046875e+01
4.238489913940429688e+01
3.414503097534179688e+01
8.751033020019531250e+01
6.503163909912109375e+01
8.016442871093750000e+01
1.020517730712890625e+02
5.489311218261718750e+01
4.476149749755859375e+01
4.369053649902343750e+01
3.058208084106445312e+01
5.778513717651367188e+01
5.276291656494140625e+01
1.754696655273437500e+02
5.309253692626953125e+01
4.867153930664062500e+01
5.359653854370117188e+01
5.414965820312500000e+01
5.000819396972656250e+01
5.646044921875000000e+01
5.402674865722656250e+01
6.192358779907226562e+01
8.744174957275390625e+01
3.000000000000000000e+01
3.000000000000000000e+01
5.828582000732421875e+01
1.021971282958984375e+02
6.484696960449218750e+01
1.365190277099609375e+02
4.016520309448242188e+01
3.842461395263671875e+01
5.269751358032226562e+01
6.428933715820312500e+01
1.649401245117187500e+02
6.178324890136718750e+01
5.637066268920898438e+01
4.763582611083984375e+01
3.259008026123046875e+01
3.730059432983398438e+01
8.673883819580078125e+01
3.000000000000000000e+01
3.610305023193359375e+01
6.040059280395507812e+01
8.575702667236328125e+01
4.870845794677734375e+01
9.841372680664062500e+01
4.194454574584960938e+01
4.475740814208984375e+01
6.072882843017578125e+01
6.531932067871093750e+01
5.153775024414062500e+01
4.174468231201171875e+01
4.562050247192382812e+01
3.000000000000000000e+01
4.059206771850585938e+01
4.332019805908203125e+01
3.785292053222656250e+01
6.118309783935546875e+01
6.670287322998046875e+01
3.978055191040039062e+01
3.000000000000000000e+01
3.794009017944335938e+01
4.223029708862304688e+01
3.435338211059570312e+01
1.335778656005859375e+02
3.000000000000000000e+01
6.472081756591796875e+01
9.728500366210937500e+01
4.404039382934570312e+01
3.322734069824218750e+01
3.930981826782226562e+01
6.223392486572265625e+01
6.683672332763671875e+01
5.862094879150390625e+01
5.215616607666015625e+01
7.084057617187500000e+01
5.303950500488281250e+01
6.086663818359375000e+01
3.983205413818359375e+01
7.416502380371093750e+01
3.426892089843750000e+01
5.714369201660156250e+01
5.435929107666015625e+01
3.654346847534179688e+01
3.557111740112304688e+01
5.781900024414062500e+01
5.576170349121093750e+01
4.734403991699218750e+01
4.660444641113281250e+01
5.291675186157226562e+01
4.836341476440429688e+01
6.430789184570312500e+01
7.885323333740234375e+01
5.060153198242187500e+01
9.038761138916015625e+01
4.646528625488281250e+01
5.829318618774414062e+01
4.487920761108398438e+01
6.322545242309570312e+01
6.601835632324218750e+01
5.962563323974609375e+01
7.221138000488281250e+01
3.929072189331054688e+01
7.841098785400390625e+01
4.432580184936523438e+01
4.871985244750976562e+01
8.782405853271484375e+01
1.449594879150390625e+02
1.168232574462890625e+02
4.537288665771484375e+01
3.726136016845703125e+01
4.321117401123046875e+01
4.933407211303710938e+01
8.561366271972656250e+01
7.506198120117187500e+01
5.833002853393554688e+01
1.019243621826171875e+02
5.813187026977539062e+01
4.500269699096679688e+01
3.373860931396484375e+01
6.106468963623046875e+01
4.561476898193359375e+01
3.619920730590820312e+01
4.204298782348632812e+01
8.007087707519531250e+01
6.252706909179687500e+01
4.914205932617187500e+01
9.549568939208984375e+01
4.409700012207031250e+01
3.645194244384765625e+01
4.411223602294921875e+01
4.785602188110351562e+01
4.777197647094726562e+01
4.174468231201171875e+01
2.087584533691406250e+02
6.868303680419921875e+01
5.082266998291015625e+01
3.712961196899414062e+01
5.283499145507812500e+01
1.113482971191406250e+02
4.715002822875976562e+01
3.941637420654296875e+01
6.333872985839843750e+01
3.581842422485351562e+01
7.498973083496093750e+01
4.704109573364257812e+01
5.847151565551757812e+01
5.116229248046875000e+01
4.839477157592773438e+01
3.618906784057617188e+01
3.089568901062011719e+01
4.150767517089843750e+01
5.978989028930664062e+01
2.089092712402343750e+02
3.508471679687500000e+01
4.972463226318359375e+01
6.589059448242187500e+01
5.958915328979492188e+01
4.819770812988281250e+01
3.786096191406250000e+01
3.240984725952148438e+01
5.644934463500976562e+01
3.755641555786132812e+01
4.766522216796875000e+01
5.252870178222656250e+01
4.232220458984375000e+01
4.395443725585937500e+01
5.330813598632812500e+01
3.905140686035156250e+01
5.444823455810546875e+01
3.449053192138671875e+01
5.283845520019531250e+01
7.162157440185546875e+01
3.000000000000000000e+01
4.433272171020507812e+01
4.052055740356445312e+01
7.215123748779296875e+01
4.224719238281250000e+01
9.424878692626953125e+01
3.271297073364257812e+01
8.233246612548828125e+01
8.392505645751953125e+01
3.805474472045898438e+01
8.782405853271484375e+01
3.000000000000000000e+01
4.215174102783203125e+01
3.710530853271484375e+01
4.310713958740234375e+01
1.153551559448242188e+02
5.098094940185546875e+01
3.863470077514648438e+01
7.235868072509765625e+01
4.893799591064453125e+01
1.051220550537109375e+02
6.780953979492187500e+01
4.325805664062500000e+01
6.097453689575195312e+01
7.808693695068359375e+01
7.400046539306640625e+01
7.543034362792968750e+01
7.463433837890625000e+01
3.679298019409179688e+01
3.401222991943359375e+01
3.713708496093750000e+01
7.421533203125000000e+01
1.126244812011718750e+02
8.509548950195312500e+01
1.099123840332031250e+02
5.518970489501953125e+01
4.285095214843750000e+01
4.066377639770507812e+01
3.000000000000000000e+01
5.179376983642578125e+01
3.000000000000000000e+01
3.000000000000000000e+01
6.687925720214843750e+01
1.138263931274414062e+02
5.371775054931640625e+01
3.249120712280273438e+01
5.020064544677734375e+01
6.851856994628906250e+01
4.006342697143554688e+01
4.694464492797851562e+01
5.276291656494140625e+01
4.097734832763671875e+01
7.620327758789062500e+01
3.730059432983398438e+01
5.862043762207031250e+01
5.819599914550781250e+01
3.227357101440429688e+01
3.910717010498046875e+01
6.071378707885742188e+01
3.780995941162109375e+01
6.282948684692382812e+01
6.743421936035156250e+01
4.725658416748046875e+01
9.508145904541015625e+01
5.861711883544921875e+01
3.607152938842773438e+01
4.085507965087890625e+01
3.271044158935546875e+01
3.207554244995117188e+01
4.583099365234375000e+01
3.006108665466308594e+01
4.469593429565429688e+01
9.989073944091796875e+01
3.821423339843750000e+01
3.672845840454101562e+01
8.845594787597656250e+01
7.881333923339843750e+01
4.526864624023437500e+01
6.308871459960937500e+01
7.932579803466796875e+01
4.540066146850585938e+01
4.962689971923828125e+01
8.895710754394531250e+01
4.666072082519531250e+01
8.282520294189453125e+01
4.150232696533203125e+01
3.140389633178710938e+01
5.906990814208984375e+01
4.331499481201171875e+01
4.540448379516601562e+01
5.059986114501953125e+01
5.096665954589843750e+01
5.784188842773437500e+01
4.502638626098632812e+01
6.159238433837890625e+01
3.702895736694335938e+01
3.807494354248046875e+01
7.402352905273437500e+01
8.814717102050781250e+01
3.270087814331054688e+01
9.029931640625000000e+01
5.152183532714843750e+01
3.000000000000000000e+01
9.588868713378906250e+01
9.720020294189453125e+01
4.153954315185546875e+01
6.027488708496093750e+01
6.196802902221679688e+01
5.495179367065429688e+01
4.069787216186523438e+01
6.573551940917968750e+01
5.720466613769531250e+01
3.954466247558593750e+01
6.472997283935546875e+01
5.570063018798828125e+01
5.888106155395507812e+01
3.086695289611816406e+01
5.172556686401367188e+01
6.275243759155273438e+01
5.633129882812500000e+01
7.506625366210937500e+01
7.336976623535156250e+01
3.924392700195312500e+01
5.568724441528320312e+01
3.527458572387695312e+01
5.863714599609375000e+01
7.215478515625000000e+01
8.166964721679687500e+01
5.847151565551757812e+01
5.068785476684570312e+01
6.843891143798828125e+01
5.172556686401367188e+01
4.683237075805664062e+01
4.665055084228515625e+01
4.119705581665039062e+01
4.019472122192382812e+01
6.617683410644531250e+01
5.222043609619140625e+01
3.669521331787109375e+01
3.638769149780273438e+01
3.904216003417968750e+01
4.753571319580078125e+01
3.000000000000000000e+01
6.489451599121093750e+01
4.266969299316406250e+01
4.756119537353515625e+01
6.366665649414062500e+01
3.525133895874023438e+01
5.931787109375000000e+01
3.744989776611328125e+01
7.729260253906250000e+01
6.797183227539062500e+01
4.468380737304687500e+01
4.903557205200195312e+01
4.119456481933593750e+01
4.868695068359375000e+01
7.553076171875000000e+01
3.331098175048828125e+01
4.588749694824218750e+01
5.864276123046875000e+01
5.783242416381835938e+01
4.878833389282226562e+01
3.509235763549804688e+01
6.765883636474609375e+01
3.958753204345703125e+01
3.000000000000000000e+01
3.917608642578125000e+01
4.088471221923828125e+01
7.090678405761718750e+01
3.981019210815429688e+01
8.545116424560546875e+01
5.330103302001953125e+01
4.224287796020507812e+01
4.130313873291015625e+01
4.545515441894531250e+01
4.774782562255859375e+01
5.387119293212890625e+01
3.726136016845703125e+01
4.014549636840820312e+01
3.389739990234375000e+01
5.015248870849609375e+01
6.555117797851562500e+01
4.932099151611328125e+01
6.955889892578125000e+01
5.764252090454101562e+01
5.625190353393554688e+01
4.825643920898437500e+01
3.000000000000000000e+01
3.836820983886718750e+01
4.545515441894531250e+01
7.221138000488281250e+01
4.546112060546875000e+01
4.425131607055664062e+01
3.478076934814453125e+01
6.953947448730468750e+01
5.654121398925781250e+01
7.647727966308593750e+01
3.867396926879882812e+01
3.140503501892089844e+01
5.328219604492187500e+01
3.272910308837890625e+01
4.019837188720703125e+01
3.022782897949218750e+01
5.021166992187500000e+01
3.073743057250976562e+01
3.000000000000000000e+01
3.792793273925781250e+01
3.858813095092773438e+01
6.163052749633789062e+01
4.782551574707031250e+01
8.166964721679687500e+01
5.877439880371093750e+01
4.308948516845703125e+01
3.820050811767578125e+01
4.037379074096679688e+01
3.000000000000000000e+01
4.282063674926757812e+01
5.058766174316406250e+01
6.890367126464843750e+01
5.058098602294921875e+01
4.285367202758789062e+01
3.895602416992187500e+01
8.167592620849609375e+01
5.447095489501953125e+01
4.008972930908203125e+01
3.000000000000000000e+01
3.000000000000000000e+01
3.864516067504882812e+01
3.654346847534179688e+01
5.968706512451171875e+01
4.142814636230468750e+01
4.711078643798828125e+01
3.486915206909179688e+01
3.227628707885742188e+01
3.448971176147460938e+01
4.579052734375000000e+01
3.833656692504882812e+01
6.364643096923828125e+01
3.639015197753906250e+01
6.643583679199218750e+01
5.877439498901367188e+01
6.363743972778320312e+01
3.000000000000000000e+01
3.165026664733886719e+01
4.545504379272460938e+01
3.000000000000000000e+01
4.236661529541015625e+01
7.423243713378906250e+01
3.000000000000000000e+01
3.936751556396484375e+01
4.746302413940429688e+01
3.866695022583007812e+01
4.805716705322265625e+01
5.480834197998046875e+01
4.004508972167968750e+01
4.034653091430664062e+01
7.699375915527343750e+01
5.013635253906250000e+01
7.808694458007812500e+01
8.813208007812500000e+01
3.000000000000000000e+01
6.606016540527343750e+01
7.910260772705078125e+01
5.469332122802734375e+01
4.648855209350585938e+01
4.082043457031250000e+01
6.533299255371093750e+01
7.499952697753906250e+01
4.419488143920898438e+01
6.438579559326171875e+01
6.741159057617187500e+01
3.000000000000000000e+01
7.503137969970703125e+01
4.038284683227539062e+01
3.178867340087890625e+01
4.245927047729492188e+01
5.286328506469726562e+01
3.000000000000000000e+01
7.062229919433593750e+01
4.618117904663085938e+01
4.972463226318359375e+01
4.454449462890625000e+01
4.782918930053710938e+01
3.754010009765625000e+01
3.601481628417968750e+01
7.835810089111328125e+01
3.964663314819335938e+01
4.242892456054687500e+01
5.476694107055664062e+01
4.264963531494140625e+01
4.878688049316406250e+01
5.301747512817382812e+01
4.903556823730468750e+01
3.000000000000000000e+01
3.566941452026367188e+01
4.145172882080078125e+01
5.060817718505859375e+01
4.234307861328125000e+01
4.600476074218750000e+01
5.828582000732421875e+01
4.362050247192382812e+01
4.375822448730468750e+01
4.340621185302734375e+01
8.126411437988281250e+01
4.788129043579101562e+01
6.746801757812500000e+01
1.144901580810546875e+02
5.354864883422851562e+01
4.661045837402343750e+01
4.131823730468750000e+01
4.472524261474609375e+01
4.782301712036132812e+01
3.923195648193359375e+01
4.997053909301757812e+01
1.020517730712890625e+02
5.344230651855468750e+01
3.643007659912109375e+01
4.637528991699218750e+01
5.147594070434570312e+01
3.049304580688476562e+01
4.089542388916015625e+01
4.785602188110351562e+01
5.900008773803710938e+01
3.000000000000000000e+01
4.841164779663085938e+01
3.648701095581054688e+01
5.143929290771484375e+01
6.580300903320312500e+01
3.000000000000000000e+01
4.865602493286132812e+01
4.812734222412109375e+01
3.050736999511718750e+01
5.355913925170898438e+01
5.104850387573242188e+01
4.474412918090820312e+01
6.484696960449218750e+01
4.111557769775390625e+01
3.000000000000000000e+01
5.000819396972656250e+01
4.932295989990234375e+01
3.000000000000000000e+01
4.394400024414062500e+01
3.268949890136718750e+01
4.687394714355468750e+01
3.934036254882812500e+01
5.486201858520507812e+01
5.678577041625976562e+01
4.567010879516601562e+01
5.682170867919921875e+01
4.797444915771484375e+01
4.733659744262695312e+01
5.155762863159179688e+01
5.301617050170898438e+01
3.689328002929687500e+01
4.357663726806640625e+01
4.907604980468750000e+01
5.095918655395507812e+01
4.043667221069335938e+01
6.083796310424804688e+01
3.748062896728515625e+01
6.002737426757812500e+01
4.134406280517578125e+01
1.021649093627929688e+02
8.529406738281250000e+01
3.838903427124023438e+01
4.462900924682617188e+01
3.459091567993164062e+01
5.757142639160156250e+01
3.000000000000000000e+01
3.373383331298828125e+01
8.670480346679687500e+01
4.595848846435546875e+01
3.781625366210937500e+01
4.720666122436523438e+01
8.705347442626953125e+01
4.464739608764648438e+01
5.210788726806640625e+01
3.000000000000000000e+01
4.469353103637695312e+01
3.921928405761718750e+01
3.658056259155273438e+01
5.423943328857421875e+01
8.468011474609375000e+01
5.502890014648437500e+01
3.749225234985351562e+01
3.947695159912109375e+01
5.355962371826171875e+01
4.082160949707031250e+01
4.530530929565429688e+01
5.672524261474609375e+01
9.424878692626953125e+01
5.333162307739257812e+01
8.564980316162109375e+01
6.928276824951171875e+01
7.139880371093750000e+01
5.986797332763671875e+01
3.592394256591796875e+01
4.031394195556640625e+01
5.329584503173828125e+01
4.174795532226562500e+01
5.486957550048828125e+01
3.441340637207031250e+01
3.324594116210937500e+01
3.000000000000000000e+01
3.083737945556640625e+01
3.488494110107421875e+01
4.680099487304687500e+01
7.387504577636718750e+01
5.376540374755859375e+01
3.646797943115234375e+01
4.713816833496093750e+01
3.400608825683593750e+01
4.375008010864257812e+01
5.295870971679687500e+01
6.798542785644531250e+01
4.833872222900390625e+01
4.632518005371093750e+01
3.000000000000000000e+01
6.050433731079101562e+01
5.094191741943359375e+01
3.000000000000000000e+01
4.868695068359375000e+01
3.480754852294921875e+01
7.849871826171875000e+01
4.684066009521484375e+01
5.232359695434570312e+01
6.320735168457031250e+01
4.040808486938476562e+01
3.000000000000000000e+01
3.956314849853515625e+01
5.535597991943359375e+01
4.209841918945312500e+01
4.872193908691406250e+01
4.470156097412109375e+01
4.098065185546875000e+01
3.896041107177734375e+01
7.498973083496093750e+01
5.855548858642578125e+01
6.734169006347656250e+01
3.911802673339843750e+01
4.026325988769531250e+01
5.745907592773437500e+01
3.000000000000000000e+01
6.038821411132812500e+01
5.205757522583007812e+01
5.461067199707031250e+01
4.769792556762695312e+01
4.877187728881835938e+01
4.008420181274414062e+01
4.247230911254882812e+01
3.183598709106445312e+01
7.315159606933593750e+01
3.373031234741210938e+01
4.283448410034179688e+01
3.406973266601562500e+01
4.209092712402343750e+01
5.280854415893554688e+01
3.000000000000000000e+01
4.987366867065429688e+01
4.542962646484375000e+01
3.886569976806640625e+01
5.897786712646484375e+01
7.235868072509765625e+01
3.000000000000000000e+01
5.521226501464843750e+01
4.264034271240234375e+01
4.090979766845703125e+01
4.525377273559570312e+01
4.693083190917968750e+01
3.000000000000000000e+01
4.093402481079101562e+01
4.690338516235351562e+01
4.384794616699218750e+01
3.000000000000000000e+01
4.018173599243164062e+01
3.087470626831054688e+01
3.000000000000000000e+01
3.000000000000000000e+01
3.245394897460937500e+01
3.489622497558593750e+01
5.472137451171875000e+01
4.763074493408203125e+01
8.705347442626953125e+01
3.000000000000000000e+01
3.867437362670898438e+01
3.059020042419433594e+01
7.223539733886718750e+01
3.602867507934570312e+01
4.405904388427734375e+01
7.315158843994140625e+01
4.384336853027343750e+01
4.375756072998046875e+01
3.887655258178710938e+01
4.400346374511718750e+01
9.171646118164062500e+01
7.680354309082031250e+01
5.739174270629882812e+01
7.015979003906250000e+01
3.000000000000000000e+01
3.000000000000000000e+01
4.726515960693359375e+01
3.753354263305664062e+01
4.554113769531250000e+01
5.516313934326171875e+01
3.723625183105468750e+01
3.000000000000000000e+01
5.942003631591796875e+01
3.083754539489746094e+01
5.881002807617187500e+01
4.926449584960937500e+01
4.553394317626953125e+01
3.000000000000000000e+01
3.814667510986328125e+01
7.910260009765625000e+01
3.555009078979492188e+01
4.287398529052734375e+01
7.763016510009765625e+01
3.922246170043945312e+01
4.309814071655273438e+01
7.247821044921875000e+01
5.148816680908203125e+01
3.283509826660156250e+01
3.781006240844726562e+01
5.045388031005859375e+01
4.593492889404296875e+01
3.859680938720703125e+01
4.234112548828125000e+01
4.181625366210937500e+01
6.678576660156250000e+01
6.445439910888671875e+01
4.659329986572265625e+01
3.267965698242187500e+01
4.089370727539062500e+01
3.586436080932617188e+01
3.000000000000000000e+01
6.313462829589843750e+01
4.728499603271484375e+01
4.382665252685546875e+01
4.230822753906250000e+01
3.804585266113281250e+01
3.421659851074218750e+01
3.194872474670410156e+01
5.317193603515625000e+01
4.021184921264648438e+01
5.344230651855468750e+01
4.777197647094726562e+01
4.114787292480468750e+01
3.771570587158203125e+01
4.396677398681640625e+01
3.000000000000000000e+01
6.758872222900390625e+01
4.469430160522460938e+01
3.984699630737304688e+01
4.112215042114257812e+01
7.215123748779296875e+01
4.590235137939453125e+01
3.761959838867187500e+01
3.467979812622070312e+01
3.041626930236816406e+01
5.838876724243164062e+01
4.370624542236328125e+01
4.054511642456054688e+01
3.466135025024414062e+01
3.363959884643554688e+01
3.000000000000000000e+01
4.249980926513671875e+01
5.178107070922851562e+01
3.956705474853515625e+01
5.400991058349609375e+01
3.515618515014648438e+01
5.960718154907226562e+01
4.508379364013671875e+01
5.158743667602539062e+01
3.613445281982421875e+01
3.000000000000000000e+01
5.943595886230468750e+01
3.000000000000000000e+01
3.000000000000000000e+01
4.491648864746093750e+01
4.513520812988281250e+01
3.338827133178710938e+01
3.870601654052734375e+01
3.748188781738281250e+01
3.775968551635742188e+01
3.807585144042968750e+01
4.454342269897460938e+01
