5.341818237304687500e+01
6.435375213623046875e+01
3.416984558105468750e+01
3.973335266113281250e+01
7.136373138427734375e+01
5.644573211669921875e+01
3.000000000000000000e+01
7.335995483398437500e+01
5.747622680664062500e+01
1.260488967895507812e+02
4.799571228027343750e+01
1.322166748046875000e+02
4.893021392822265625e+01
4.383598327636718750e+01
3.000000000000000000e+01
6.522518157958984375e+01
7.920481109619140625e+01
4.451192474365234375e+01
4.066677856445312500e+01
1.447815246582031250e+02
4.140170288085937500e+01
8.723757934570312500e+01
3.414649581909179688e+01
3.000000000000000000e+01
4.159069061279296875e+01
6.598043823242187500e+01
3.000000000000000000e+01
5.916318130493164062e+01
1.963769531250000000e+02
5.360375213623046875e+01
4.472649002075195312e+01
4.676402282714843750e+01
4.594507980346679688e+01
9.224018859863281250e+01
5.046293258666992188e+01
6.069179916381835938e+01
7.233189392089843750e+01
5.067635345458984375e+01
4.428627395629882812e+01
3.013592338562011719e+01
3.868522644042968750e+01
3.534960937500000000e+01
5.805597686767578125e+01
4.463961029052734375e+01
3.000000000000000000e+01
3.333281326293945312e+01
3.667919158935546875e+01
6.716839599609375000e+01
1.321140747070312500e+02
7.828806304931640625e+01
4.667872619628906250e+01
3.429601669311523438e+01
8.062014770507812500e+01
4.480374145507812500e+01
1.235148086547851562e+02
4.614529418945312500e+01
7.411745452880859375e+01
5.068119430541992188e+01
5.778006362915039062e+01
7.607009887695312500e+01
5.161989593505859375e+01
8.665455627441406250e+01
3.845088195800781250e+01
9.382389831542968750e+01
1.096479949951171875e+02
5.456101989746093750e+01
5.814958190917968750e+01
3.000000000000000000e+01
4.569141769409179688e+01
5.068039703369140625e+01
6.098017501831054688e+01
3.765923690795898438e+01
8.136717224121093750e+01
3.603101730346679688e+01
4.868331909179687500e+01
3.094077110290527344e+01
5.146199798583984375e+01
5.523373031616210938e+01
4.211224365234375000e+01
6.275819015502929688e+01
3.577659988403320312e+01
7.920481109619140625e+01
5.508984375000000000e+01
1.224576873779296875e+02
1.094925231933593750e+02
3.759883499145507812e+01
4.235551452636718750e+01
5.004192733764648438e+01
4.893021392822265625e+01
5.630287551879882812e+01
4.362531661987304688e+01
5.838798522949218750e+01
6.275031280517578125e+01
4.956473541259765625e+01
1.081399078369140625e+02
9.898368072509765625e+01
6.148319244384765625e+01
4.163338470458984375e+01
7.980944061279296875e+01
3.949038314819335938e+01
1.052298431396484375e+02
6.378735351562500000e+01
1.548612060546875000e+02
3.000000000000000000e+01
4.478498840332031250e+01
9.121917724609375000e+01
3.000000000000000000e+01
6.521461486816406250e+01
5.722747802734375000e+01
3.000000000000000000e+01
4.348635864257812500e+01
3.000000000000000000e+01
6.890513610839843750e+01
1.219262084960937500e+02
3.973456573486328125e+01
4.131153869628906250e+01
1.053603515625000000e+02
5.011823272705078125e+01
7.940702056884765625e+01
5.692901611328125000e+01
4.886739349365234375e+01
6.259908294677734375e+01
5.032354736328125000e+01
4.821438217163085938e+01
4.076971817016601562e+01
5.090986251831054688e+01
7.593637084960937500e+01
6.090084075927734375e+01
4.670429992675781250e+01
3.000000000000000000e+01
4.747649383544921875e+01
1.123692550659179688e+02
5.005944442749023438e+01
3.000000000000000000e+01
5.884004211425781250e+01
4.777068328857421875e+01
1.248433456420898438e+02
4.549216461181640625e+01
4.840997695922851562e+01
7.402914428710937500e+01
4.808735275268554688e+01
8.740772247314453125e+01
6.428717803955078125e+01
5.658699798583984375e+01
7.153176879882812500e+01
3.488879013061523438e+01
8.649107360839843750e+01
9.818512725830078125e+01
4.521351623535156250e+01
1.160318679809570312e+02
5.704620742797851562e+01
7.208798980712890625e+01
5.367551422119140625e+01
7.685004425048828125e+01
5.012461853027343750e+01
1.092655181884765625e+02
3.290402603149414062e+01
1.405736236572265625e+02
4.600518798828125000e+01
5.954473876953125000e+01
4.289212417602539062e+01
5.800116729736328125e+01
4.374071502685546875e+01
3.720385360717773438e+01
7.665837860107421875e+01
3.341893005371093750e+01
6.282056427001953125e+01
5.336477279663085938e+01
3.714614486694335938e+01
1.155477752685546875e+02
4.531586074829101562e+01
4.349851989746093750e+01
3.536371231079101562e+01
3.000000000000000000e+01
5.954887008666992188e+01
5.520686340332031250e+01
4.365556716918945312e+01
5.086605072021484375e+01
7.028392028808593750e+01
5.922087860107421875e+01
6.392672348022460938e+01
6.119677734375000000e+01
6.725628662109375000e+01
5.525841522216796875e+01
4.184135437011718750e+01
3.000000000000000000e+01
3.821718597412109375e+01
6.219243621826171875e+01
5.274819946289062500e+01
4.658341979980468750e+01
3.859996032714843750e+01
6.231782150268554688e+01
5.322882843017578125e+01
4.499024200439453125e+01
4.305215454101562500e+01
5.569046401977539062e+01
3.080812835693359375e+01
8.032514953613281250e+01
1.486199645996093750e+02
7.120626831054687500e+01
3.635778045654296875e+01
1.177934722900390625e+02
6.033055877685546875e+01
3.564296340942382812e+01
5.768348693847656250e+01
4.355310440063476562e+01
4.732768249511718750e+01
3.842867279052734375e+01
9.964013671875000000e+01
3.822184753417968750e+01
4.314362716674804688e+01
1.089732284545898438e+02
3.998399734497070312e+01
4.113914871215820312e+01
3.945359420776367188e+01
4.420457839965820312e+01
4.765141296386718750e+01
5.586256790161132812e+01
4.387210464477539062e+01
4.170250701904296875e+01
3.331901550292968750e+01
6.203824615478515625e+01
8.629290771484375000e+01
4.116962051391601562e+01
4.581684112548828125e+01
4.515946960449218750e+01
6.407362365722656250e+01
1.103665847778320312e+02
6.322863769531250000e+01
1.190445861816406250e+02
3.410692214965820312e+01
5.471768951416015625e+01
5.336713409423828125e+01
5.476462554931640625e+01
4.077833557128906250e+01
6.432798767089843750e+01
4.431884384155273438e+01
4.967129516601562500e+01
8.839312744140625000e+01
6.186336517333984375e+01
4.620592117309570312e+01
1.281788940429687500e+02
1.115950317382812500e+02
6.586632537841796875e+01
9.277427673339843750e+01
3.650009536743164062e+01
4.915882110595703125e+01
1.353724060058593750e+02
1.886467895507812500e+02
4.113348007202148438e+01
6.837725830078125000e+01
3.808132171630859375e+01
5.256268692016601562e+01
7.437329101562500000e+01
5.007535552978515625e+01
5.081045532226562500e+01
4.674681854248046875e+01
4.437693786621093750e+01
4.345834350585937500e+01
1.721018676757812500e+02
6.008549499511718750e+01
5.601970672607421875e+01
5.021459197998046875e+01
4.954194259643554688e+01
1.127865524291992188e+02
5.848997497558593750e+01
1.540771789550781250e+02
6.803711700439453125e+01
5.353762817382812500e+01
5.519266510009765625e+01
5.794121170043945312e+01
5.560117721557617188e+01
6.586632537841796875e+01
7.468329620361328125e+01
1.847341003417968750e+02
4.061644744873046875e+01
6.870730590820312500e+01
8.747125244140625000e+01
1.063758697509765625e+02
9.935230255126953125e+01
6.856729125976562500e+01
7.739552307128906250e+01
6.800868225097656250e+01
4.063886642456054688e+01
6.502267456054687500e+01
3.882564163208007812e+01
3.000000000000000000e+01
6.336139678955078125e+01
3.684092330932617188e+01
3.539630889892578125e+01
3.890378189086914062e+01
4.592010879516601562e+01
3.499789810180664062e+01
1.128591918945312500e+02
3.919142150878906250e+01
3.337179565429687500e+01
4.380786895751953125e+01
6.347983932495117188e+01
4.793777465820312500e+01
5.212537765502929688e+01
5.297241592407226562e+01
3.492224884033203125e+01
4.080021667480468750e+01
7.006520080566406250e+01
6.523277282714843750e+01
3.961209869384765625e+01
8.476332092285156250e+01
7.488041687011718750e+01
6.702591705322265625e+01
1.317090454101562500e+02
1.546829833984375000e+02
3.000000000000000000e+01
1.050709152221679688e+02
1.148430862426757812e+02
9.497718048095703125e+01
4.331678009033203125e+01
3.959989929199218750e+01
1.486206054687500000e+02
5.983224487304687500e+01
7.980944061279296875e+01
4.723940277099609375e+01
4.643862152099609375e+01
3.994436645507812500e+01
5.064229202270507812e+01
3.522471237182617188e+01
3.414870834350585938e+01
3.404564666748046875e+01
3.570400619506835938e+01
8.136717224121093750e+01
4.284699249267578125e+01
7.469660949707031250e+01
4.532451248168945312e+01
4.743617630004882812e+01
4.392459487915039062e+01
4.452889633178710938e+01
4.691828918457031250e+01
7.795726013183593750e+01
4.993210220336914062e+01
3.646764755249023438e+01
3.736092376708984375e+01
6.026029586791992188e+01
1.013563385009765625e+02
5.035835266113281250e+01
6.702591705322265625e+01
4.389854431152343750e+01
4.774073791503906250e+01
1.665221862792968750e+02
3.177885055541992188e+01
4.200402450561523438e+01
1.205950546264648438e+02
1.614457397460937500e+02
1.892545623779296875e+02
4.455635452270507812e+01
8.665455627441406250e+01
3.144622611999511719e+01
9.335331726074218750e+01
6.013629150390625000e+01
3.479587173461914062e+01
1.437890167236328125e+02
6.049357223510742188e+01
5.225228881835937500e+01
1.489661407470703125e+02
5.692033386230468750e+01
6.478982543945312500e+01
9.781885528564453125e+01
3.901939392089843750e+01
6.772281646728515625e+01
1.300858764648437500e+02
3.530238723754882812e+01
6.797261047363281250e+01
6.172007751464843750e+01
4.399330139160156250e+01
8.982995605468750000e+01
1.382858276367187500e+02
6.906970214843750000e+01
1.471742553710937500e+02
8.486680603027343750e+01
5.360375595092773438e+01
7.445920562744140625e+01
8.658327484130859375e+01
3.000000000000000000e+01
3.432311630249023438e+01
3.000000000000000000e+01
4.472723770141601562e+01
6.400749206542968750e+01
1.115950317382812500e+02
4.569791412353515625e+01
4.698704910278320312e+01
3.691606140136718750e+01
2.783253173828125000e+02
3.880299377441406250e+01
4.486572265625000000e+01
3.867352676391601562e+01
3.000000000000000000e+01
4.957228088378906250e+01
7.500820922851562500e+01
7.236977386474609375e+01
1.003965072631835938e+02
5.158708953857421875e+01
4.050022506713867188e+01
5.146231079101562500e+01
4.323242187500000000e+01
1.468476562500000000e+02
4.610940170288085938e+01
3.692812347412109375e+01
6.586171722412109375e+01
3.782852935791015625e+01
5.588459777832031250e+01
6.285623550415039062e+01
1.303645324707031250e+02
7.444648742675781250e+01
9.070406341552734375e+01
5.341578674316406250e+01
3.788666152954101562e+01
7.592361450195312500e+01
3.722700500488281250e+01
6.809250640869140625e+01
7.789266204833984375e+01
3.000000000000000000e+01
3.483522033691406250e+01
9.078679656982421875e+01
3.000000000000000000e+01
4.042079544067382812e+01
1.331573791503906250e+02
6.849254608154296875e+01
4.558891296386718750e+01
6.701326751708984375e+01
5.074722290039062500e+01
6.910398864746093750e+01
9.282143402099609375e+01
5.630001831054687500e+01
7.469660949707031250e+01
2.222256164550781250e+02
5.064229202270507812e+01
1.286746520996093750e+02
4.131114196777343750e+01
4.825811767578125000e+01
9.043202972412109375e+01
5.916318130493164062e+01
5.315502929687500000e+01
7.398002624511718750e+01
3.000000000000000000e+01
6.736030578613281250e+01
5.439191436767578125e+01
7.531566619873046875e+01
3.943556976318359375e+01
5.269207382202148438e+01
6.960839080810546875e+01
1.003699493408203125e+02
8.973536682128906250e+01
5.133971405029296875e+01
5.367551422119140625e+01
5.122740173339843750e+01
5.304244995117187500e+01
7.416471862792968750e+01
3.775035476684570312e+01
1.113726043701171875e+02
9.465229034423828125e+01
3.000000000000000000e+01
1.120606079101562500e+02
8.254644775390625000e+01
4.480383682250976562e+01
5.158101654052734375e+01
3.929887771606445312e+01
4.403205490112304688e+01
1.830054168701171875e+02
4.699778747558593750e+01
5.106455993652343750e+01
5.322334671020507812e+01
3.802398300170898438e+01
8.495016479492187500e+01
3.610071182250976562e+01
4.197165679931640625e+01
1.603303222656250000e+02
6.523277282714843750e+01
9.360935211181640625e+01
5.270057678222656250e+01
4.330223083496093750e+01
5.780748367309570312e+01
9.834703063964843750e+01
9.677047729492187500e+01
8.088443756103515625e+01
7.196879577636718750e+01
3.778390502929687500e+01
6.429964447021484375e+01
8.691167449951171875e+01
4.807355499267578125e+01
4.113914871215820312e+01
8.289981079101562500e+01
8.729299163818359375e+01
5.470505523681640625e+01
5.940946197509765625e+01
4.631225967407226562e+01
3.000000000000000000e+01
4.064427185058593750e+01
3.000000000000000000e+01
4.100837326049804688e+01
3.276319122314453125e+01
4.313980865478515625e+01
4.871351623535156250e+01
5.562163543701171875e+01
4.547768402099609375e+01
9.540298461914062500e+01
6.141798400878906250e+01
4.565309143066406250e+01
4.028938674926757812e+01
4.910852813720703125e+01
6.068536376953125000e+01
3.000000000000000000e+01
3.532763671875000000e+01
6.668524932861328125e+01
3.534485626220703125e+01
5.838327407836914062e+01
3.000000000000000000e+01
5.028062820434570312e+01
3.000000000000000000e+01
3.000000000000000000e+01
1.112406234741210938e+02
5.555351638793945312e+01
3.267910766601562500e+01
6.869624328613281250e+01
3.692812347412109375e+01
7.900434875488281250e+01
3.000000000000000000e+01
5.091427612304687500e+01
1.275450439453125000e+02
4.259899520874023438e+01
1.260440292358398438e+02
1.106017150878906250e+02
3.919591903686523438e+01
4.304096603393554688e+01
9.352238464355468750e+01
3.916601562500000000e+01
5.216610717773437500e+01
5.021459197998046875e+01
1.394099884033203125e+02
4.429268264770507812e+01
4.951107788085937500e+01
5.813024520874023438e+01
3.815782165527343750e+01
4.255574035644531250e+01
1.130597991943359375e+02
4.896779632568359375e+01
6.891232299804687500e+01
6.621702575683593750e+01
3.903332138061523438e+01
3.000000000000000000e+01
5.110514068603515625e+01
3.826453018188476562e+01
4.340690612792968750e+01
3.996829986572265625e+01
3.715298080444335938e+01
3.847618103027343750e+01
5.358359527587890625e+01
5.399912261962890625e+01
4.375959777832031250e+01
5.693605804443359375e+01
6.521461486816406250e+01
6.947315979003906250e+01
9.964013671875000000e+01
6.896659851074218750e+01
1.125825119018554688e+02
8.666929626464843750e+01
1.198872528076171875e+02
4.290593719482421875e+01
4.972244262695312500e+01
3.787526702880859375e+01
3.639573669433593750e+01
7.090476989746093750e+01
7.281632232666015625e+01
8.574316406250000000e+01
8.903919219970703125e+01
3.973456573486328125e+01
4.804821014404296875e+01
6.545778656005859375e+01
1.067950973510742188e+02
5.059140777587890625e+01
5.232733535766601562e+01
4.254159927368164062e+01
3.702036666870117188e+01
9.724367523193359375e+01
4.362531661987304688e+01
4.902029418945312500e+01
4.390094375610351562e+01
4.547673797607421875e+01
6.404373168945312500e+01
8.174139404296875000e+01
4.913786315917968750e+01
3.615299224853515625e+01
3.592763137817382812e+01
1.003965072631835938e+02
4.973386001586914062e+01
3.828770065307617188e+01
5.545489120483398438e+01
5.602453613281250000e+01
4.620540618896484375e+01
5.861546707153320312e+01
5.344309234619140625e+01
7.813670349121093750e+01
4.071743011474609375e+01
6.894132232666015625e+01
7.764434814453125000e+01
8.599632263183593750e+01
7.978690338134765625e+01
5.110835647583007812e+01
3.262053298950195312e+01
7.489312744140625000e+01
7.078250122070312500e+01
4.812131118774414062e+01
5.488439178466796875e+01
5.519699096679687500e+01
4.428805541992187500e+01
6.166012573242187500e+01
4.861475372314453125e+01
3.611878967285156250e+01
4.927225875854492188e+01
7.201086425781250000e+01
6.960839080810546875e+01
5.675482559204101562e+01
5.580053710937500000e+01
3.703013229370117188e+01
7.932659912109375000e+01
1.066066665649414062e+02
7.384811401367187500e+01
3.268923568725585938e+01
1.198872375488281250e+02
4.455635452270507812e+01
6.637893676757812500e+01
8.729299163818359375e+01
4.140975189208984375e+01
3.511170196533203125e+01
7.309992218017578125e+01
3.000000000000000000e+01
4.385361480712890625e+01
2.282562866210937500e+02
3.941412353515625000e+01
3.834980773925781250e+01
4.169871139526367188e+01
1.323172454833984375e+02
6.113392639160156250e+01
5.337122344970703125e+01
1.026755371093750000e+02
4.239767456054687500e+01
1.374057006835937500e+02
7.928663635253906250e+01
1.033411178588867188e+02
3.898541259765625000e+01
4.687728881835937500e+01
6.126795196533203125e+01
7.797127532958984375e+01
5.639437866210937500e+01
4.993210220336914062e+01
4.879251098632812500e+01
3.000000000000000000e+01
5.015606689453125000e+01
5.567926406860351562e+01
5.694074249267578125e+01
4.118397521972656250e+01
7.270298767089843750e+01
7.704043579101562500e+01
4.069127655029296875e+01
3.089151000976562500e+01
5.765818786621093750e+01
3.000000000000000000e+01
5.089105224609375000e+01
1.102371368408203125e+02
5.433012390136718750e+01
7.686510467529296875e+01
4.954783630371093750e+01
4.432165527343750000e+01
3.406165313720703125e+01
8.740771484375000000e+01
6.188530349731445312e+01
8.373352050781250000e+01
1.020346984863281250e+02
5.229414749145507812e+01
5.170680999755859375e+01
4.625309371948242188e+01
3.000000000000000000e+01
6.150901031494140625e+01
6.534471130371093750e+01
1.830054168701171875e+02
5.439594268798828125e+01
5.386857986450195312e+01
4.508790588378906250e+01
6.422808074951171875e+01
4.912060546875000000e+01
5.739384460449218750e+01
5.140449523925781250e+01
6.146443176269531250e+01
8.179719543457031250e+01
3.000000000000000000e+01
3.000000000000000000e+01
5.467946243286132812e+01
1.040496673583984375e+02
7.334739685058593750e+01
1.260440368652343750e+02
3.915528106689453125e+01
3.978574371337890625e+01
5.450516891479492188e+01
6.635861206054687500e+01
1.804702758789062500e+02
5.726277542114257812e+01
5.551703643798828125e+01
5.030838775634765625e+01
3.348898315429687500e+01
4.036753845214843750e+01
8.901683807373046875e+01
3.163437652587890625e+01
3.397935104370117188e+01
6.477404022216796875e+01
9.307142639160156250e+01
5.568214797973632812e+01
9.962530517578125000e+01
4.047298812866210938e+01
5.311028289794921875e+01
5.983224487304687500e+01
6.229287338256835938e+01
5.486667633056640625e+01
4.128866195678710938e+01
4.254114532470703125e+01
3.051757049560546875e+01
4.638629913330078125e+01
4.610940170288085938e+01
3.731519317626953125e+01
6.220205307006835938e+01
6.849254608154296875e+01
4.401929092407226562e+01
3.000000000000000000e+01
3.955669403076171875e+01
4.486572265625000000e+01
3.645733261108398438e+01
1.357363281250000000e+02
3.278149414062500000e+01
6.891781616210937500e+01
9.894563293457031250e+01
4.413021850585937500e+01
3.702957153320312500e+01
4.734344100952148438e+01
5.954473876953125000e+01
6.294783782958984375e+01
6.024392318725585938e+01
5.254374694824218750e+01
6.435465240478515625e+01
6.206919860839843750e+01
6.218125534057617188e+01
4.061132049560546875e+01
7.406732940673828125e+01
4.480989074707031250e+01
5.780748367309570312e+01
5.244102478027343750e+01
3.612012863159179688e+01
3.746240997314453125e+01
5.522738265991210938e+01
5.646865844726562500e+01
4.583726501464843750e+01
4.793777084350585938e+01
5.556883239746093750e+01
4.809725952148437500e+01
6.293149566650390625e+01
8.616947937011718750e+01
5.813101196289062500e+01
8.983384704589843750e+01
4.817681121826171875e+01
6.186336517333984375e+01
4.211386108398437500e+01
6.227994537353515625e+01
6.512036132812500000e+01
5.853037261962890625e+01
7.110025024414062500e+01
3.707067489624023438e+01
7.529505157470703125e+01
4.551767349243164062e+01
4.711258697509765625e+01
9.125993347167968750e+01
1.447815399169921875e+02
1.331137390136718750e+02
4.489841461181640625e+01
3.727087783813476562e+01
4.674615859985351562e+01
6.075855636596679688e+01
8.973536682128906250e+01
8.012145996093750000e+01
6.002699661254882812e+01
1.007419662475585938e+02
5.765818786621093750e+01
4.366051864624023438e+01
3.248256301879882812e+01
5.718247604370117188e+01
4.610360717773437500e+01
3.469916915893554688e+01
3.926862716674804688e+01
7.881412506103515625e+01
6.390824127197265625e+01
4.416667938232421875e+01
1.036248016357421875e+02
3.667787933349609375e+01
3.685293579101562500e+01
5.068039703369140625e+01
4.981501770019531250e+01
3.807689666748046875e+01
4.128866195678710938e+01
2.218674621582031250e+02
7.337437438964843750e+01
4.905028533935546875e+01
3.253359222412109375e+01
5.086492919921875000e+01
1.256961822509765625e+02
4.612721633911132812e+01
3.712813568115234375e+01
6.182979583740234375e+01
4.118397521972656250e+01
8.307871246337890625e+01
4.694411849975585938e+01
6.297264480590820312e+01
5.583688354492187500e+01
4.565957641601562500e+01
4.138553619384765625e+01
3.000000000000000000e+01
5.095359039306640625e+01
5.794067382812500000e+01
2.107570495605468750e+02
4.139988708496093750e+01
4.951599121093750000e+01
6.582487487792968750e+01
5.813633728027343750e+01
4.768978118896484375e+01
4.013571166992187500e+01
3.000000000000000000e+01
5.726121520996093750e+01
3.937005615234375000e+01
5.823062515258789062e+01
5.293555450439453125e+01
4.094811248779296875e+01
4.246956634521484375e+01
4.204677200317382812e+01
3.919591903686523438e+01
4.721261215209960938e+01
3.260264205932617188e+01
5.530564117431640625e+01
7.164796447753906250e+01
3.000000000000000000e+01
4.283742523193359375e+01
4.380787277221679688e+01
7.604423522949218750e+01
4.633364105224609375e+01
9.922476196289062500e+01
3.215316772460937500e+01
8.088443756103515625e+01
8.252466583251953125e+01
3.810396575927734375e+01
9.125993347167968750e+01
3.664768981933593750e+01
3.531080245971679688e+01
3.863598632812500000e+01
4.317660903930664062e+01
1.304275512695312500e+02
4.956188964843750000e+01
4.418029403686523438e+01
7.167565155029296875e+01
5.006793975830078125e+01
1.127834243774414062e+02
7.211598205566406250e+01
4.440627670288085938e+01
6.579220581054687500e+01
8.105144500732421875e+01
7.355113220214843750e+01
7.456789398193359375e+01
7.209620666503906250e+01
3.537222290039062500e+01
3.551665496826171875e+01
4.982096862792968750e+01
7.092778778076171875e+01
1.134073486328125000e+02
9.139867401123046875e+01
1.225331420898437500e+02
5.447281646728515625e+01
3.827295684814453125e+01
4.167484664916992188e+01
4.023692321777343750e+01
5.730295562744140625e+01
3.000000000000000000e+01
3.000000000000000000e+01
6.820677947998046875e+01
1.148292236328125000e+02
4.805142974853515625e+01
3.453194427490234375e+01
5.413963699340820312e+01
6.652708435058593750e+01
4.158169555664062500e+01
4.769168090820312500e+01
6.534471130371093750e+01
4.187647247314453125e+01
7.032010650634765625e+01
4.036753463745117188e+01
6.003465270996093750e+01
5.631915664672851562e+01
3.406104278564453125e+01
3.889269256591796875e+01
6.250183105468750000e+01
3.874289703369140625e+01
7.025173950195312500e+01
7.099182891845703125e+01
4.523247146606445312e+01
9.277427673339843750e+01
5.363848495483398438e+01
3.888138580322265625e+01
4.774317932128906250e+01
3.478410720825195312e+01
3.268324279785156250e+01
4.513948440551757812e+01
3.361959075927734375e+01
4.402382659912109375e+01
9.512940979003906250e+01
4.050022506713867188e+01
3.597660446166992188e+01
1.003699493408203125e+02
7.669198608398437500e+01
4.277735519409179688e+01
6.295993804931640625e+01
7.025958251953125000e+01
4.547768402099609375e+01
4.592646026611328125e+01
9.818118286132812500e+01
5.879507064819335938e+01
8.694424438476562500e+01
4.211224365234375000e+01
3.077219200134277344e+01
5.630287551879882812e+01
4.523889541625976562e+01
4.252486801147460938e+01
5.351120376586914062e+01
4.732730865478515625e+01
5.118161010742187500e+01
4.189610290527343750e+01
6.049357223510742188e+01
3.955771255493164062e+01
3.459152984619140625e+01
6.631882476806640625e+01
8.658216094970703125e+01
4.152122497558593750e+01
9.635565185546875000e+01
4.954007720947265625e+01
3.000000000000000000e+01
9.333677673339843750e+01
9.375567626953125000e+01
4.328309631347656250e+01
6.084185791015625000e+01
4.748029327392578125e+01
5.377042770385742188e+01
3.324458312988281250e+01
7.954444122314453125e+01
5.299244689941406250e+01
4.094666290283203125e+01
5.270057678222656250e+01
5.538090515136718750e+01
6.001919937133789062e+01
3.121603012084960938e+01
4.937076950073242188e+01
6.209404754638671875e+01
5.692901992797851562e+01
7.324850463867187500e+01
7.577250671386718750e+01
4.028428649902343750e+01
5.739209747314453125e+01
3.332818222045898438e+01
5.992331314086914062e+01
7.593637084960937500e+01
7.137101745605468750e+01
6.297264099121093750e+01
5.008724212646484375e+01
7.036811065673828125e+01
4.937076950073242188e+01
4.197326660156250000e+01
4.591082763671875000e+01
4.683342742919921875e+01
4.404433441162109375e+01
6.582266235351562500e+01
5.407013702392578125e+01
3.883495712280273438e+01
6.008549118041992188e+01
3.676880645751953125e+01
5.197361373901367188e+01
3.168435096740722656e+01
6.020233917236328125e+01
4.088605499267578125e+01
5.415811538696289062e+01
7.549552917480468750e+01
3.476041030883789062e+01
6.039007949829101562e+01
3.472550582885742188e+01
8.464921569824218750e+01
6.496173095703125000e+01
3.845344161987304688e+01
3.836163330078125000e+01
3.971005249023437500e+01
4.875931549072265625e+01
7.376535034179687500e+01
3.637705993652343750e+01
4.701938629150390625e+01
6.664326477050781250e+01
5.501209259033203125e+01
3.635778045654296875e+01
3.000000000000000000e+01
5.435278320312500000e+01
4.306282424926757812e+01
3.000000000000000000e+01
4.021353149414062500e+01
4.583980941772460938e+01
6.878578948974609375e+01
3.485370635986328125e+01
9.043202972412109375e+01
4.716131973266601562e+01
4.314362716674804688e+01
4.473375320434570312e+01
4.501753616333007812e+01
3.990510177612304688e+01
5.091337585449218750e+01
3.727087783813476562e+01
4.258144760131835938e+01
3.864603042602539062e+01
5.407567596435546875e+01
6.799662017822265625e+01
5.067635345458984375e+01
7.012039947509765625e+01
5.687480926513671875e+01
5.476437759399414062e+01
4.447513198852539062e+01
3.012482833862304688e+01
3.566604232788085938e+01
4.501753616333007812e+01
7.110025024414062500e+01
4.434998321533203125e+01
4.324587249755859375e+01
3.000000000000000000e+01
6.650277709960937500e+01
5.752109909057617188e+01
7.815249633789062500e+01
3.459870147705078125e+01
3.214594650268554688e+01
5.877257156372070312e+01
3.529511642456054688e+01
4.526567077636718750e+01
3.000000000000000000e+01
5.094418334960937500e+01
3.454510116577148438e+01
3.000000000000000000e+01
3.996691131591796875e+01
4.035860061645507812e+01
7.437359619140625000e+01
4.824520874023437500e+01
7.137101745605468750e+01
6.064683914184570312e+01
4.160972213745117188e+01
4.098679351806640625e+01
4.065737152099609375e+01
3.315613555908203125e+01
3.641267395019531250e+01
5.383153152465820312e+01
7.236977386474609375e+01
5.091427612304687500e+01
4.301232147216796875e+01
3.988238525390625000e+01
8.188266754150390625e+01
5.331305694580078125e+01
4.670198822021484375e+01
3.000000000000000000e+01
3.000000000000000000e+01
3.232417297363281250e+01
3.612012863159179688e+01
6.080596542358398438e+01
4.390847778320312500e+01
4.878095245361328125e+01
3.900036621093750000e+01
3.179513549804687500e+01
3.544293594360351562e+01
4.849743270874023438e+01
3.811694335937500000e+01
6.014636993408203125e+01
3.409452438354492188e+01
7.402914428710937500e+01
6.064684295654296875e+01
6.396706390380859375e+01
3.000000000000000000e+01
3.000000000000000000e+01
5.291006088256835938e+01
3.000000000000000000e+01
4.576669692993164062e+01
7.574487304687500000e+01
3.526447677612304688e+01
4.374234008789062500e+01
5.234957885742187500e+01
4.304096603393554688e+01
5.148289489746093750e+01
5.158708953857421875e+01
3.606906890869140625e+01
4.019833374023437500e+01
7.728663635253906250e+01
5.453791046142578125e+01
8.105144500732421875e+01
8.924516296386718750e+01
3.000000000000000000e+01
5.965935516357421875e+01
6.112364196777343750e+01
5.315502929687500000e+01
4.871521759033203125e+01
4.622576904296875000e+01
6.432798004150390625e+01
6.285623550415039062e+01
4.637735748291015625e+01
6.955297851562500000e+01
6.933646392822265625e+01
3.000000000000000000e+01
7.262338256835937500e+01
5.348057174682617188e+01
3.000000000000000000e+01
4.508364868164062500e+01
5.362943267822265625e+01
3.125350952148437500e+01
6.371281433105468750e+01
5.681016159057617188e+01
4.951599121093750000e+01
4.335438919067382812e+01
4.791739273071289062e+01
3.725477218627929688e+01
3.501752471923828125e+01
7.541413116455078125e+01
3.000000000000000000e+01
4.606843566894531250e+01
5.299858093261718750e+01
4.270004272460937500e+01
4.857220077514648438e+01
4.365873336791992188e+01
3.836163330078125000e+01
3.000000000000000000e+01
3.589101409912109375e+01
3.598235702514648438e+01
6.013405609130859375e+01
4.361724472045898438e+01
4.408419418334960938e+01
5.467946243286132812e+01
3.971221923828125000e+01
4.340690612792968750e+01
4.106588745117187500e+01
7.350614166259765625e+01
4.716978073120117188e+01
6.880607604980468750e+01
1.098078002929687500e+02
5.272943496704101562e+01
4.349851989746093750e+01
3.863054656982421875e+01
4.533512115478515625e+01
4.406629180908203125e+01
3.678733062744140625e+01
4.845783996582031250e+01
1.020347061157226562e+02
6.677750396728515625e+01
3.765171051025390625e+01
4.487540435791015625e+01
5.252998352050781250e+01
3.867803955078125000e+01
4.255574035644531250e+01
4.981501770019531250e+01
5.761883544921875000e+01
3.278149795532226562e+01
5.211711883544921875e+01
3.878612518310546875e+01
5.045016098022460938e+01
6.166012573242187500e+01
3.922615814208984375e+01
5.108052444458007812e+01
5.164655303955078125e+01
3.379061889648437500e+01
6.112817764282226562e+01
4.820152282714843750e+01
4.667124176025390625e+01
7.334739685058593750e+01
4.052193069458007812e+01
3.000000000000000000e+01
4.912060546875000000e+01
5.023008728027343750e+01
3.564296340942382812e+01
4.250499343872070312e+01
3.353908157348632812e+01
4.521736145019531250e+01
3.804536056518554688e+01
5.302036666870117188e+01
6.239793777465820312e+01
4.915607452392578125e+01
5.743061828613281250e+01
4.882536315917968750e+01
4.197121047973632812e+01
5.165535736083984375e+01
5.230826568603515625e+01
4.290593719482421875e+01
4.302297210693359375e+01
5.555898666381835938e+01
5.017704010009765625e+01
4.078561019897460938e+01
6.248212432861328125e+01
3.681271362304687500e+01
4.929732894897460938e+01
4.026968765258789062e+01
1.156842269897460938e+02
8.609663391113281250e+01
3.520510482788085938e+01
4.784691238403320312e+01
3.126846694946289062e+01
5.765914535522460938e+01
3.000000000000000000e+01
3.748719024658203125e+01
8.609002685546875000e+01
4.842393112182617188e+01
4.208340454101562500e+01
4.292227935791015625e+01
1.051123352050781250e+02
4.647482299804687500e+01
4.899790954589843750e+01
3.000000000000000000e+01
4.475967407226562500e+01
4.170084381103515625e+01
3.809364318847656250e+01
5.573173904418945312e+01
9.146916198730468750e+01
5.182442855834960938e+01
3.750054931640625000e+01
3.278762817382812500e+01
5.263158798217773438e+01
4.536402130126953125e+01
3.990735626220703125e+01
5.442372894287109375e+01
9.922475433349609375e+01
5.230860137939453125e+01
8.365416717529296875e+01
7.312338256835937500e+01
7.986908721923828125e+01
5.751457595825195312e+01
3.414313888549804688e+01
3.890539169311523438e+01
5.587344360351562500e+01
4.165189361572265625e+01
5.460317230224609375e+01
3.534476470947265625e+01
3.363233566284179688e+01
4.362841796875000000e+01
3.000000000000000000e+01
3.200773620605468750e+01
4.797470092773437500e+01
7.235072326660156250e+01
5.208347320556640625e+01
3.760364913940429688e+01
4.370249176025390625e+01
4.094738388061523438e+01
5.331459045410156250e+01
6.003543853759765625e+01
6.428717803955078125e+01
4.880416107177734375e+01
4.383598327636718750e+01
3.000000000000000000e+01
6.429965209960937500e+01
4.567628479003906250e+01
3.000000000000000000e+01
4.875931549072265625e+01
3.719543838500976562e+01
7.817445373535156250e+01
4.464630126953125000e+01
5.352193450927734375e+01
6.611854553222656250e+01
3.592842102050781250e+01
3.000000000000000000e+01
3.979120635986328125e+01
5.578568649291992188e+01
3.788666152954101562e+01
4.448158264160156250e+01
4.381628417968750000e+01
3.000000000000000000e+01
3.898141098022460938e+01
8.307871246337890625e+01
6.947379302978515625e+01
7.488041687011718750e+01
4.003274536132812500e+01
4.063328552246093750e+01
4.555154418945312500e+01
4.362841796875000000e+01
5.005897903442382812e+01
5.816483688354492188e+01
6.535550689697265625e+01
4.776157760620117188e+01
4.610515975952148438e+01
3.923202514648437500e+01
4.178149414062500000e+01
3.417437744140625000e+01
7.352622985839843750e+01
3.416772460937500000e+01
4.157269287109375000e+01
3.295190429687500000e+01
4.176511383056640625e+01
5.104027557373046875e+01
3.000000000000000000e+01
4.774073791503906250e+01
3.650282669067382812e+01
3.658336639404296875e+01
5.525841522216796875e+01
7.167565155029296875e+01
3.502393341064453125e+01
5.856593322753906250e+01
4.489873123168945312e+01
4.162811660766601562e+01
4.363714981079101562e+01
4.718799591064453125e+01
3.558169555664062500e+01
4.211266326904296875e+01
4.796332550048828125e+01
4.434430694580078125e+01
3.000000000000000000e+01
4.252474212646484375e+01
3.326017379760742188e+01
3.302774047851562500e+01
3.000000000000000000e+01
3.345234680175781250e+01
3.899173355102539062e+01
5.353157043457031250e+01
5.057706832885742188e+01
1.051123275756835938e+02
3.285793304443359375e+01
3.577666854858398438e+01
3.296761703491210938e+01
7.987011718750000000e+01
3.815781784057617188e+01
4.362258529663085938e+01
7.352622222900390625e+01
4.445775604248046875e+01
4.586722946166992188e+01
3.876284027099609375e+01
4.871351623535156250e+01
9.442613983154296875e+01
6.877301025390625000e+01
5.634122848510742188e+01
7.667179107666015625e+01
3.000000000000000000e+01
3.000000000000000000e+01
3.657839965820312500e+01
3.748757171630859375e+01
4.612269592285156250e+01
5.689086151123046875e+01
4.046143341064453125e+01
3.310303497314453125e+01
5.638851165771484375e+01
3.048217964172363281e+01
5.553663253784179688e+01
4.824428558349609375e+01
4.391118621826171875e+01
3.000000000000000000e+01
3.268923568725585938e+01
6.112364196777343750e+01
3.530957031250000000e+01
4.298403549194335938e+01
7.883879089355468750e+01
4.413847732543945312e+01
4.377936172485351562e+01
7.470149230957031250e+01
5.499863052368164062e+01
5.232342910766601562e+01
4.010601806640625000e+01
4.854048919677734375e+01
4.991902923583984375e+01
3.651772689819335938e+01
4.123799896240234375e+01
3.916273498535156250e+01
6.406757354736328125e+01
6.811938476562500000e+01
4.917470169067382812e+01
3.735317230224609375e+01
4.214662933349609375e+01
3.873093414306640625e+01
3.000000000000000000e+01
6.374263763427734375e+01
5.211761474609375000e+01
4.205680084228515625e+01
4.108340454101562500e+01
4.837093353271484375e+01
4.022128295898437500e+01
4.045592117309570312e+01
5.605780029296875000e+01
3.636975860595703125e+01
6.677750396728515625e+01
3.807689666748046875e+01
4.336439514160156250e+01
3.483801269531250000e+01
4.420428085327148438e+01
3.000000000000000000e+01
7.100313568115234375e+01
4.481930541992187500e+01
3.319292068481445312e+01
4.224816894531250000e+01
7.604423522949218750e+01
4.625968551635742188e+01
3.476658630371093750e+01
3.495244216918945312e+01
3.046884727478027344e+01
6.060071563720703125e+01
4.434381484985351562e+01
4.157977294921875000e+01
3.185095214843750000e+01
3.000000000000000000e+01
3.000000000000000000e+01
4.175799560546875000e+01
4.944426345825195312e+01
3.961916732788085938e+01
4.273273468017578125e+01
4.150629806518554688e+01
6.356470489501953125e+01
4.619518280029296875e+01
4.969586181640625000e+01
4.972640228271484375e+01
3.057977104187011719e+01
5.860084915161132812e+01
3.109150695800781250e+01
3.000000000000000000e+01
3.806652069091796875e+01
4.595751953125000000e+01
3.149410057067871094e+01
3.762387847900390625e+01
3.990121459960937500e+01
3.781633758544921875e+01
3.646218872070312500e+01
4.237133789062500000e+01
