5.309418106079101562e+01
6.487939453125000000e+01
3.788908004760742188e+01
3.953137969970703125e+01
7.054988098144531250e+01
4.837314605712890625e+01
3.000000000000000000e+01
5.898128509521484375e+01
6.078578186035156250e+01
1.299947204589843750e+02
4.946871185302734375e+01
1.041856994628906250e+02
5.293271636962890625e+01
4.468127059936523438e+01
3.000000000000000000e+01
5.961871337890625000e+01
7.096730804443359375e+01
4.402921295166015625e+01
4.060039520263671875e+01
1.262721939086914062e+02
4.040512084960937500e+01
8.398538208007812500e+01
3.000000000000000000e+01
3.076508712768554688e+01
3.380218124389648438e+01
6.893779754638671875e+01
3.000000000000000000e+01
5.341143417358398438e+01
1.729439697265625000e+02
3.953459930419921875e+01
6.663016510009765625e+01
4.132548522949218750e+01
3.929793930053710938e+01
9.549003601074218750e+01
5.035512542724609375e+01
6.135102844238281250e+01
6.988995361328125000e+01
5.077186584472656250e+01
4.293143463134765625e+01
3.000000000000000000e+01
4.739208221435546875e+01
3.472609329223632812e+01
5.648074340820312500e+01
4.634415817260742188e+01
3.319051361083984375e+01
3.757417678833007812e+01
3.000000000000000000e+01
6.710754394531250000e+01
1.143091506958007812e+02
6.492622375488281250e+01
4.527631759643554688e+01
3.417593002319335938e+01
6.429427337646484375e+01
4.566236114501953125e+01
1.202287292480468750e+02
4.169843292236328125e+01
6.988410949707031250e+01
4.412194824218750000e+01
5.809106063842773438e+01
7.470998382568359375e+01
5.585722351074218750e+01
8.836110687255859375e+01
3.903730392456054688e+01
9.965000915527343750e+01
1.134349060058593750e+02
5.500527954101562500e+01
4.368103408813476562e+01
3.000000000000000000e+01
4.650642013549804688e+01
4.636606979370117188e+01
6.119324874877929688e+01
3.608010864257812500e+01
8.732807922363281250e+01
3.365593719482421875e+01
4.679301071166992188e+01
3.563860702514648438e+01
4.510544586181640625e+01
4.561898040771484375e+01
4.145111846923828125e+01
5.882295608520507812e+01
3.590332031250000000e+01
7.096730041503906250e+01
5.526822280883789062e+01
1.328569335937500000e+02
1.069304962158203125e+02
3.680620574951171875e+01
3.673428726196289062e+01
4.944554519653320312e+01
5.293271636962890625e+01
6.412894439697265625e+01
5.606960678100585938e+01
5.475303268432617188e+01
5.744093704223632812e+01
5.150643920898437500e+01
1.082632064819335938e+02
9.390890502929687500e+01
6.587656402587890625e+01
3.947998046875000000e+01
8.439820861816406250e+01
3.846954345703125000e+01
1.069216156005859375e+02
5.538059997558593750e+01
1.503431701660156250e+02
3.000000000000000000e+01
4.435258102416992188e+01
9.070509338378906250e+01
3.000000000000000000e+01
6.690495300292968750e+01
5.364486312866210938e+01
3.000000000000000000e+01
4.348399734497070312e+01
3.251885986328125000e+01
7.323829650878906250e+01
1.327987976074218750e+02
3.987447357177734375e+01
4.048380279541015625e+01
1.027189788818359375e+02
4.850100708007812500e+01
9.185378265380859375e+01
6.002422332763671875e+01
4.639233398437500000e+01
6.386222457885742188e+01
5.544716262817382812e+01
4.422796630859375000e+01
4.330408096313476562e+01
5.178491973876953125e+01
6.192277145385742188e+01
5.431986618041992188e+01
4.649239349365234375e+01
3.982209396362304688e+01
4.386589050292968750e+01
1.089366455078125000e+02
5.122591400146484375e+01
3.000000000000000000e+01
6.107540893554687500e+01
4.167560195922851562e+01
1.227975616455078125e+02
4.507568740844726562e+01
4.618851852416992188e+01
6.683732604980468750e+01
5.503336334228515625e+01
8.234514617919921875e+01
5.762986755371093750e+01
5.129183197021484375e+01
6.805549621582031250e+01
4.043887329101562500e+01
8.222850036621093750e+01
8.732455444335937500e+01
3.592372512817382812e+01
1.024023513793945312e+02
5.313718795776367188e+01
7.499443054199218750e+01
5.167702484130859375e+01
6.747753906250000000e+01
4.192519760131835938e+01
1.124020996093750000e+02
3.000000000000000000e+01
1.449531097412109375e+02
4.332981872558593750e+01
5.111288452148437500e+01
4.008568572998046875e+01
5.342002487182617188e+01
4.937788009643554688e+01
3.960825347900390625e+01
7.316300964355468750e+01
3.879042816162109375e+01
5.678700256347656250e+01
5.219514465332031250e+01
3.249600219726562500e+01
1.076402664184570312e+02
4.450819778442382812e+01
4.432482147216796875e+01
3.000000000000000000e+01
3.000000000000000000e+01
6.031678390502929688e+01
7.255528259277343750e+01
3.548098754882812500e+01
5.040963745117187500e+01
7.621348571777343750e+01
5.684679031372070312e+01
6.953917694091796875e+01
6.186977386474609375e+01
5.582716751098632812e+01
5.897747802734375000e+01
4.263084793090820312e+01
3.000000000000000000e+01
4.359275817871093750e+01
6.270301055908203125e+01
4.760356140136718750e+01
4.538726806640625000e+01
4.468621444702148438e+01
4.383558654785156250e+01
5.063946533203125000e+01
4.110446929931640625e+01
3.895935821533203125e+01
4.679698181152343750e+01
3.000000000000000000e+01
7.964643859863281250e+01
1.538450927734375000e+02
5.146559906005859375e+01
5.247199630737304688e+01
1.218256988525390625e+02
6.753965759277343750e+01
4.217975997924804688e+01
4.038037490844726562e+01
4.309721374511718750e+01
4.464147186279296875e+01
4.732149887084960938e+01
9.100984191894531250e+01
3.869209289550781250e+01
4.204190826416015625e+01
1.107476654052734375e+02
3.568524932861328125e+01
3.976587677001953125e+01
4.176424789428710938e+01
4.463808059692382812e+01
4.692497253417968750e+01
5.479839324951171875e+01
3.893895721435546875e+01
4.561086273193359375e+01
3.630789184570312500e+01
5.735131835937500000e+01
9.220845031738281250e+01
4.126192092895507812e+01
4.183766937255859375e+01
4.380274963378906250e+01
6.121296691894531250e+01
1.044781188964843750e+02
6.715527343750000000e+01
1.091588973999023438e+02
3.680100250244140625e+01
5.097385025024414062e+01
5.882173538208007812e+01
5.133348846435546875e+01
3.661425399780273438e+01
6.677369689941406250e+01
4.283881759643554688e+01
4.461908340454101562e+01
7.408712768554687500e+01
5.814751434326171875e+01
4.390113449096679688e+01
1.222287673950195312e+02
1.154882812500000000e+02
6.430018615722656250e+01
9.039167785644531250e+01
3.120219421386718750e+01
5.134379959106445312e+01
1.255266189575195312e+02
1.920691070556640625e+02
4.297801208496093750e+01
7.058986663818359375e+01
4.515920639038085938e+01
5.431375885009765625e+01
7.243584442138671875e+01
4.612237548828125000e+01
4.563265991210937500e+01
4.674938201904296875e+01
4.445578765869140625e+01
3.911085510253906250e+01
1.458520660400390625e+02
6.058764648437500000e+01
5.293102645874023438e+01
6.214270782470703125e+01
4.516286849975585938e+01
1.001271438598632812e+02
4.062883377075195312e+01
1.591235809326171875e+02
5.559394836425781250e+01
6.561759185791015625e+01
4.821177291870117188e+01
5.324192047119140625e+01
4.021875762939453125e+01
6.430018615722656250e+01
7.561962890625000000e+01
1.888807983398437500e+02
4.102072906494140625e+01
6.615983581542968750e+01
8.253703308105468750e+01
9.779053497314453125e+01
9.784368896484375000e+01
7.043983459472656250e+01
6.911242675781250000e+01
6.582283020019531250e+01
4.744578552246093750e+01
6.211053848266601562e+01
4.314099121093750000e+01
3.000000000000000000e+01
6.149302673339843750e+01
3.661204528808593750e+01
3.954092025756835938e+01
4.177173614501953125e+01
3.000000000000000000e+01
3.000000000000000000e+01
1.140064315795898438e+02
3.257093048095703125e+01
3.554365539550781250e+01
4.344552993774414062e+01
5.613993072509765625e+01
4.032798385620117188e+01
5.856067657470703125e+01
4.552256011962890625e+01
3.000000000000000000e+01
4.074716186523437500e+01
6.054871368408203125e+01
5.930464935302734375e+01
4.383140563964843750e+01
7.742919158935546875e+01
7.957010650634765625e+01
5.600300216674804688e+01
1.280111389160156250e+02
1.654189453125000000e+02
3.000000000000000000e+01
9.339016723632812500e+01
1.187049713134765625e+02
8.543135070800781250e+01
4.074231719970703125e+01
4.187269210815429688e+01
1.509577484130859375e+02
6.210346603393554688e+01
8.439820861816406250e+01
5.167501068115234375e+01
4.521089935302734375e+01
4.622077560424804688e+01
5.356438827514648438e+01
3.394694519042968750e+01
3.000000000000000000e+01
4.042456817626953125e+01
3.723740005493164062e+01
8.732807159423828125e+01
4.434951019287109375e+01
8.103261566162109375e+01
4.765855407714843750e+01
5.267998886108398438e+01
4.321664428710937500e+01
3.576598358154296875e+01
4.442531204223632812e+01
7.702082824707031250e+01
5.425790786743164062e+01
4.668751144409179688e+01
3.571546173095703125e+01
5.659435653686523438e+01
8.190888214111328125e+01
4.848547744750976562e+01
5.600300216674804688e+01
4.365665435791015625e+01
4.688884735107421875e+01
1.831733093261718750e+02
3.334931564331054688e+01
3.581646728515625000e+01
1.145088119506835938e+02
1.539360961914062500e+02
1.862611083984375000e+02
5.198321914672851562e+01
8.836111450195312500e+01
3.412635803222656250e+01
1.141002273559570312e+02
7.037051391601562500e+01
4.056093597412109375e+01
1.497750854492187500e+02
6.101919937133789062e+01
4.643302536010742188e+01
1.346299896240234375e+02
5.835472869873046875e+01
5.930628204345703125e+01
9.821598052978515625e+01
3.305545425415039062e+01
6.165635299682617188e+01
1.034089965820312500e+02
3.303570556640625000e+01
5.819644927978515625e+01
6.613907623291015625e+01
4.396208190917968750e+01
7.906977081298828125e+01
1.379095458984375000e+02
5.958361434936523438e+01
1.355126953125000000e+02
8.791503143310546875e+01
3.953459930419921875e+01
8.993505096435546875e+01
8.700952148437500000e+01
3.000000000000000000e+01
3.000000000000000000e+01
3.287936019897460938e+01
3.762923431396484375e+01
6.484513092041015625e+01
1.154882812500000000e+02
4.805221939086914062e+01
4.729921340942382812e+01
3.463487243652343750e+01
2.667792358398437500e+02
3.187461853027343750e+01
3.493391799926757812e+01
3.853416061401367188e+01
3.000000000000000000e+01
5.029512786865234375e+01
7.000003051757812500e+01
6.180908966064453125e+01
9.529261779785156250e+01
5.123383331298828125e+01
4.200785446166992188e+01
5.047535705566406250e+01
4.080672454833984375e+01
1.353289489746093750e+02
4.042499542236328125e+01
3.483254241943359375e+01
4.155162048339843750e+01
3.533026504516601562e+01
5.859352111816406250e+01
7.982329559326171875e+01
1.274459991455078125e+02
7.190388488769531250e+01
9.737054443359375000e+01
4.668579864501953125e+01
4.177207565307617188e+01
7.142745971679687500e+01
3.516854476928710938e+01
6.796278381347656250e+01
6.214288711547851562e+01
3.000000000000000000e+01
3.456723403930664062e+01
9.996098327636718750e+01
3.000000000000000000e+01
4.183337402343750000e+01
1.208396530151367188e+02
6.295074462890625000e+01
4.807295608520507812e+01
7.896864318847656250e+01
5.146421813964843750e+01
6.476190185546875000e+01
8.973068237304687500e+01
5.753667068481445312e+01
8.103261566162109375e+01
2.275729064941406250e+02
5.356438446044921875e+01
1.271608428955078125e+02
3.938361358642578125e+01
5.139100265502929688e+01
8.228243255615234375e+01
5.341143417358398438e+01
6.163461303710937500e+01
5.761871337890625000e+01
3.000000000000000000e+01
6.617605590820312500e+01
5.191125106811523438e+01
8.025072479248046875e+01
4.026070404052734375e+01
4.766484069824218750e+01
6.982199096679687500e+01
8.206525421142578125e+01
9.010592651367187500e+01
5.556893539428710938e+01
5.167702484130859375e+01
5.088359069824218750e+01
5.653221130371093750e+01
6.494720458984375000e+01
3.782806396484375000e+01
1.151172637939453125e+02
8.949159240722656250e+01
3.000000000000000000e+01
1.208191528320312500e+02
8.053427886962890625e+01
4.742826080322265625e+01
5.004861450195312500e+01
4.127262115478515625e+01
5.577650451660156250e+01
1.671473999023437500e+02
3.932740783691406250e+01
5.829925155639648438e+01
6.017710876464843750e+01
4.398053741455078125e+01
8.241102600097656250e+01
4.088607406616210938e+01
4.095466613769531250e+01
1.532820587158203125e+02
5.930464935302734375e+01
9.472523498535156250e+01
5.139239501953125000e+01
4.875004959106445312e+01
5.543235015869140625e+01
9.802040100097656250e+01
9.549594879150390625e+01
7.000867462158203125e+01
6.299245452880859375e+01
3.801282119750976562e+01
5.256649398803710938e+01
7.199752807617187500e+01
4.901071929931640625e+01
3.976587677001953125e+01
8.580447387695312500e+01
7.997351837158203125e+01
5.031814956665039062e+01
5.936509704589843750e+01
4.574571990966796875e+01
3.056514549255371094e+01
4.059729003906250000e+01
3.000000000000000000e+01
5.793868255615234375e+01
3.000000000000000000e+01
4.214830017089843750e+01
4.008667755126953125e+01
5.082329559326171875e+01
4.531299591064453125e+01
7.950868225097656250e+01
6.427363586425781250e+01
4.690513229370117188e+01
4.036561584472656250e+01
4.574241256713867188e+01
6.238623809814453125e+01
3.000000000000000000e+01
3.539152145385742188e+01
5.748092269897460938e+01
3.454691696166992188e+01
5.913824844360351562e+01
3.000000000000000000e+01
5.107618331909179688e+01
3.000000000000000000e+01
3.000000000000000000e+01
9.942224121093750000e+01
3.912387847900390625e+01
3.401273727416992188e+01
5.812390136718750000e+01
3.483254241943359375e+01
7.150888061523437500e+01
3.385152816772460938e+01
4.838301849365234375e+01
1.320687866210937500e+02
4.462446594238281250e+01
1.243812713623046875e+02
1.162526397705078125e+02
3.678969573974609375e+01
3.384220886230468750e+01
8.223518371582031250e+01
4.025408935546875000e+01
4.699885559082031250e+01
6.214270782470703125e+01
1.130018310546875000e+02
4.953502273559570312e+01
4.770919799804687500e+01
5.102410888671875000e+01
3.541964340209960938e+01
4.432972335815429688e+01
1.141321640014648438e+02
4.710042572021484375e+01
7.030835723876953125e+01
6.445449066162109375e+01
3.033055877685546875e+01
3.032131767272949219e+01
5.176463317871093750e+01
4.093167877197265625e+01
4.284339904785156250e+01
3.901911544799804688e+01
3.774864959716796875e+01
4.401444625854492188e+01
5.220128631591796875e+01
4.697112274169921875e+01
4.321723556518554688e+01
5.448162078857421875e+01
6.690495300292968750e+01
7.040653991699218750e+01
9.100984954833984375e+01
4.890441513061523438e+01
9.907080078125000000e+01
8.881759643554687500e+01
1.142656860351562500e+02
4.203217697143554688e+01
4.996928405761718750e+01
3.710501861572265625e+01
3.000571441650390625e+01
7.122131347656250000e+01
7.406468200683593750e+01
8.498233032226562500e+01
9.850692749023437500e+01
3.987447357177734375e+01
4.437162780761718750e+01
6.897401428222656250e+01
9.505256652832031250e+01
4.581362152099609375e+01
5.531322860717773438e+01
4.525460052490234375e+01
3.894124603271484375e+01
8.471985626220703125e+01
5.606960678100585938e+01
4.792917251586914062e+01
4.335809326171875000e+01
4.889591979980468750e+01
4.904776382446289062e+01
7.950294494628906250e+01
4.404365539550781250e+01
3.202269363403320312e+01
4.104124450683593750e+01
9.529261779785156250e+01
4.202239990234375000e+01
3.771500015258789062e+01
4.802322387695312500e+01
5.646858215332031250e+01
4.576514434814453125e+01
4.883469009399414062e+01
5.009508895874023438e+01
6.344234848022460938e+01
4.114904022216796875e+01
5.425150299072265625e+01
7.017393493652343750e+01
7.670245361328125000e+01
7.722531127929687500e+01
5.200465393066406250e+01
3.000000000000000000e+01
7.082353973388671875e+01
6.599182128906250000e+01
4.507279586791992188e+01
4.878451156616210938e+01
5.154406356811523438e+01
4.163757324218750000e+01
5.579230880737304688e+01
4.304690933227539062e+01
3.386770629882812500e+01
5.043165969848632812e+01
7.109030151367187500e+01
6.982199096679687500e+01
5.644010162353515625e+01
4.739261627197265625e+01
3.728699111938476562e+01
8.028503417968750000e+01
1.120622024536132812e+02
8.035272216796875000e+01
3.428319549560546875e+01
1.142656860351562500e+02
5.198321533203125000e+01
5.670317077636718750e+01
7.997351837158203125e+01
4.134236907958984375e+01
3.324615097045898438e+01
6.916534423828125000e+01
3.000000000000000000e+01
4.031414031982421875e+01
2.438619079589843750e+02
4.073931884765625000e+01
3.876763916015625000e+01
3.874525451660156250e+01
1.279237442016601562e+02
5.519859695434570312e+01
5.397257614135742188e+01
8.699407958984375000e+01
5.403097152709960938e+01
1.393600311279296875e+02
7.272224426269531250e+01
8.925909423828125000e+01
3.000000000000000000e+01
3.774391937255859375e+01
5.286245727539062500e+01
6.366948699951171875e+01
6.021133804321289062e+01
5.425790786743164062e+01
4.969856262207031250e+01
3.000000000000000000e+01
4.840208435058593750e+01
5.640605163574218750e+01
5.890733337402343750e+01
3.328812026977539062e+01
7.780032348632812500e+01
7.227438354492187500e+01
3.820495986938476562e+01
3.949180603027343750e+01
5.811907196044921875e+01
3.000000000000000000e+01
4.962382125854492188e+01
9.314440917968750000e+01
5.176705169677734375e+01
7.142814636230468750e+01
5.357385635375976562e+01
3.837595748901367188e+01
3.427375793457031250e+01
8.234515380859375000e+01
6.546328735351562500e+01
8.107460784912109375e+01
9.904643249511718750e+01
5.652664566040039062e+01
5.001936721801757812e+01
4.485553741455078125e+01
3.000000000000000000e+01
5.866252517700195312e+01
6.228186798095703125e+01
1.671473999023437500e+02
5.324948883056640625e+01
4.985501861572265625e+01
4.494055938720703125e+01
4.740351867675781250e+01
4.309719848632812500e+01
5.764036560058593750e+01
5.543743133544921875e+01
5.728995132446289062e+01
8.381465911865234375e+01
3.000000000000000000e+01
3.000000000000000000e+01
5.223807144165039062e+01
9.033566284179687500e+01
5.933511352539062500e+01
1.243812713623046875e+02
3.470343780517578125e+01
3.551684570312500000e+01
4.486769104003906250e+01
6.953906250000000000e+01
1.692220611572265625e+02
5.694470977783203125e+01
5.382932281494140625e+01
4.135797882080078125e+01
3.000000000000000000e+01
4.614366531372070312e+01
8.937731170654296875e+01
3.000000000000000000e+01
3.507643127441406250e+01
5.256938171386718750e+01
8.119172668457031250e+01
4.899671554565429688e+01
9.602091979980468750e+01
4.064186477661132812e+01
5.040927505493164062e+01
6.210346603393554688e+01
5.929167175292968750e+01
5.554817199707031250e+01
4.356089782714843750e+01
4.558106613159179688e+01
3.000000000000000000e+01
3.912999725341796875e+01
4.042499542236328125e+01
3.715410995483398438e+01
4.101908874511718750e+01
6.295074462890625000e+01
3.276029205322265625e+01
3.000000000000000000e+01
4.138690185546875000e+01
3.493391799926757812e+01
3.338434600830078125e+01
1.369362030029296875e+02
3.000000000000000000e+01
6.168431854248046875e+01
1.061200942993164062e+02
4.671252441406250000e+01
3.000000000000000000e+01
3.000000000000000000e+01
5.111288070678710938e+01
6.240580368041992188e+01
5.916826248168945312e+01
4.995524597167968750e+01
6.186480712890625000e+01
6.358518981933593750e+01
6.104050827026367188e+01
3.970018768310546875e+01
7.872821044921875000e+01
3.332368469238281250e+01
5.543235015869140625e+01
5.477204513549804688e+01
3.365107727050781250e+01
3.668726348876953125e+01
5.948526763916015625e+01
4.856671142578125000e+01
4.300224304199218750e+01
4.032798004150390625e+01
5.210648345947265625e+01
4.730944061279296875e+01
6.323254394531250000e+01
8.793630981445312500e+01
5.894176483154296875e+01
9.199652099609375000e+01
4.581359481811523438e+01
5.814751434326171875e+01
4.284196090698242188e+01
6.562760162353515625e+01
7.206648254394531250e+01
6.095545959472656250e+01
6.191217803955078125e+01
3.772834777832031250e+01
7.904576110839843750e+01
4.476118087768554688e+01
5.164921569824218750e+01
8.805757904052734375e+01
1.262721939086914062e+02
1.211731491088867188e+02
4.729148101806640625e+01
3.321457672119140625e+01
4.766601562500000000e+01
6.475764465332031250e+01
9.010592651367187500e+01
7.519322204589843750e+01
6.268822479248046875e+01
1.023178558349609375e+02
5.811907196044921875e+01
4.752551269531250000e+01
3.000000000000000000e+01
5.937729644775390625e+01
4.459015655517578125e+01
3.463849258422851562e+01
3.513503646850585938e+01
8.271614074707031250e+01
6.322542953491210938e+01
4.507232666015625000e+01
7.957785797119140625e+01
3.623110198974609375e+01
3.611267089843750000e+01
4.636607360839843750e+01
4.826753616333007812e+01
5.438028717041015625e+01
4.356089782714843750e+01
2.092388916015625000e+02
5.826264190673828125e+01
4.983809661865234375e+01
3.853527450561523438e+01
5.442373657226562500e+01
1.298192443847656250e+02
4.635601806640625000e+01
3.886112976074218750e+01
6.622640991210937500e+01
3.328812408447265625e+01
8.324606323242187500e+01
3.934498596191406250e+01
6.025529479980468750e+01
5.029794311523437500e+01
4.823162841796875000e+01
3.399450302124023438e+01
3.000000000000000000e+01
6.304858398437500000e+01
5.655195617675781250e+01
2.002239685058593750e+02
3.139760398864746094e+01
4.651468658447265625e+01
6.841156768798828125e+01
5.901039886474609375e+01
4.640963363647460938e+01
4.593602752685546875e+01
3.000000000000000000e+01
5.618453216552734375e+01
3.664477539062500000e+01
4.401688385009765625e+01
4.513785552978515625e+01
3.488613510131835938e+01
4.246784210205078125e+01
4.793248748779296875e+01
3.678969573974609375e+01
4.538328933715820312e+01
3.000000000000000000e+01
5.055524063110351562e+01
7.562430572509765625e+01
3.000000000000000000e+01
4.758247375488281250e+01
4.344552993774414062e+01
6.976985168457031250e+01
4.117946243286132812e+01
7.878054046630859375e+01
3.000000000000000000e+01
7.000867462158203125e+01
8.424746704101562500e+01
3.892226409912109375e+01
8.805757904052734375e+01
3.477803039550781250e+01
3.699603271484375000e+01
3.873180389404296875e+01
4.175884628295898438e+01
1.182859649658203125e+02
4.823469161987304688e+01
4.063898849487304688e+01
7.412656402587890625e+01
4.455153274536132812e+01
9.906069946289062500e+01
6.149495697021484375e+01
4.087759780883789062e+01
6.241475677490234375e+01
6.848191833496093750e+01
7.556655883789062500e+01
7.102631378173828125e+01
8.036363220214843750e+01
3.171366882324218750e+01
3.152433776855468750e+01
6.233179092407226562e+01
6.924879455566406250e+01
1.151075134277343750e+02
7.793672180175781250e+01
1.114200668334960938e+02
4.608842849731445312e+01
3.386313629150390625e+01
3.613880920410156250e+01
3.000000000000000000e+01
5.252331542968750000e+01
3.000000000000000000e+01
3.000000000000000000e+01
7.043746948242187500e+01
1.019051208496093750e+02
4.119575119018554688e+01
3.245335388183593750e+01
5.237187194824218750e+01
6.999927520751953125e+01
3.389522171020507812e+01
4.552104187011718750e+01
6.228186798095703125e+01
3.809840393066406250e+01
6.283704376220703125e+01
4.614366149902343750e+01
5.608404922485351562e+01
5.510599136352539062e+01
3.575304412841796875e+01
3.539133453369140625e+01
6.035975265502929688e+01
3.214690399169921875e+01
5.994047164916992188e+01
6.652310180664062500e+01
4.879369354248046875e+01
9.039167785644531250e+01
4.840319824218750000e+01
3.428605270385742188e+01
3.646498489379882812e+01
3.379998779296875000e+01
3.616087341308593750e+01
4.493606185913085938e+01
3.161097526550292969e+01
4.259823608398437500e+01
9.943833923339843750e+01
4.200785446166992188e+01
3.538827896118164062e+01
8.206526184082031250e+01
7.607685089111328125e+01
4.348480224609375000e+01
6.560395812988281250e+01
7.009218597412109375e+01
4.531299591064453125e+01
4.911989593505859375e+01
7.957484436035156250e+01
4.441262817382812500e+01
8.489790344238281250e+01
4.145111846923828125e+01
3.007998657226562500e+01
6.412894439697265625e+01
4.191220474243164062e+01
4.775179672241210938e+01
4.737827301025390625e+01
3.507839202880859375e+01
5.136613464355468750e+01
4.113337707519531250e+01
6.101919937133789062e+01
3.414143753051757812e+01
3.703370666503906250e+01
6.014056015014648438e+01
9.056723785400390625e+01
4.324829864501953125e+01
8.930623626708984375e+01
4.947819519042968750e+01
3.000000000000000000e+01
9.622113800048828125e+01
9.464276123046875000e+01
4.087267303466796875e+01
6.000628662109375000e+01
5.407751464843750000e+01
4.381516265869140625e+01
3.908251190185546875e+01
7.852429199218750000e+01
5.012824630737304688e+01
4.034708786010742188e+01
5.139239501953125000e+01
5.425150299072265625e+01
5.669917678833007812e+01
3.309770965576171875e+01
3.966176986694335938e+01
6.374295043945312500e+01
6.002422332763671875e+01
6.997158813476562500e+01
7.259967041015625000e+01
3.504246902465820312e+01
4.750632476806640625e+01
3.393963623046875000e+01
6.048369979858398438e+01
6.192276763916015625e+01
6.483943176269531250e+01
6.025529479980468750e+01
5.279874038696289062e+01
6.574816894531250000e+01
3.966176986694335938e+01
3.924498748779296875e+01
4.656352233886718750e+01
3.513667678833007812e+01
4.369402694702148438e+01
6.668161010742187500e+01
5.113032531738281250e+01
3.471552276611328125e+01
6.058764648437500000e+01
3.897746276855468750e+01
4.135044860839843750e+01
3.138321685791015625e+01
6.408981323242187500e+01
3.628614044189453125e+01
4.462587738037109375e+01
7.868185424804687500e+01
3.201527023315429688e+01
6.387360382080078125e+01
3.736475372314453125e+01
6.838507080078125000e+01
5.751553344726562500e+01
3.844421005249023438e+01
3.995919036865234375e+01
4.248745346069335938e+01
5.150720214843750000e+01
7.609153747558593750e+01
3.157481956481933594e+01
4.708698272705078125e+01
5.168771362304687500e+01
5.322974395751953125e+01
5.247199630737304688e+01
3.000000000000000000e+01
4.810491180419921875e+01
4.406385803222656250e+01
3.000000000000000000e+01
4.246456146240234375e+01
4.179750823974609375e+01
7.739359283447265625e+01
3.541278457641601562e+01
8.228243255615234375e+01
4.430696868896484375e+01
4.204190826416015625e+01
4.219195556640625000e+01
4.240410995483398438e+01
3.803000640869140625e+01
5.050404357910156250e+01
3.321457672119140625e+01
3.991278076171875000e+01
3.810425186157226562e+01
3.376655960083007812e+01
5.125236129760742188e+01
5.077186965942382812e+01
6.951181030273437500e+01
4.790431213378906250e+01
5.717590713500976562e+01
3.910254669189453125e+01
3.175788688659667969e+01
3.999678039550781250e+01
4.240410995483398438e+01
6.191217803955078125e+01
3.787760162353515625e+01
3.725230026245117188e+01
3.072546195983886719e+01
6.495201873779296875e+01
6.083441925048828125e+01
7.388343811035156250e+01
3.994317626953125000e+01
3.389859771728515625e+01
5.195195770263671875e+01
3.113325500488281250e+01
4.851435852050781250e+01
3.212351989746093750e+01
4.782694244384765625e+01
3.764249801635742188e+01
3.000000000000000000e+01
3.969046020507812500e+01
3.622215652465820312e+01
6.726761627197265625e+01
4.870792770385742188e+01
6.483943176269531250e+01
5.655775451660156250e+01
4.365325164794921875e+01
4.415377807617187500e+01
3.829006195068359375e+01
3.000000000000000000e+01
3.279676437377929688e+01
4.920854187011718750e+01
6.180908966064453125e+01
4.838301849365234375e+01
4.481525039672851562e+01
4.023075866699218750e+01
8.061830139160156250e+01
4.817797088623046875e+01
3.484974670410156250e+01
3.000000000000000000e+01
3.000000000000000000e+01
3.289746475219726562e+01
3.365107727050781250e+01
6.249552917480468750e+01
3.376452636718750000e+01
4.228680038452148438e+01
4.199277496337890625e+01
3.000000000000000000e+01
3.139537048339843750e+01
4.929152679443359375e+01
4.121609497070312500e+01
5.817825317382812500e+01
3.407847595214843750e+01
6.683732604980468750e+01
5.655775451660156250e+01
6.225700378417968750e+01
3.000000000000000000e+01
3.000000000000000000e+01
4.003977203369140625e+01
3.000000000000000000e+01
5.151849746704101562e+01
7.165861511230468750e+01
3.076984214782714844e+01
4.442636108398437500e+01
5.024201202392578125e+01
3.384220886230468750e+01
5.316945648193359375e+01
5.123383331298828125e+01
3.054348945617675781e+01
4.229565048217773438e+01
7.847458648681640625e+01
5.344657516479492188e+01
6.848192596435546875e+01
7.770962524414062500e+01
3.000000000000000000e+01
6.442631530761718750e+01
6.121307373046875000e+01
6.163461303710937500e+01
4.745693206787109375e+01
5.110688400268554688e+01
6.677369689941406250e+01
7.982328796386718750e+01
4.289720153808593750e+01
6.218334960937500000e+01
7.045694732666015625e+01
3.000000000000000000e+01
8.935031127929687500e+01
4.458524322509765625e+01
3.000000000000000000e+01
4.354647827148437500e+01
5.206849288940429688e+01
3.098814392089843750e+01
5.429222869873046875e+01
3.819178009033203125e+01
4.651468658447265625e+01
4.097264862060546875e+01
5.050073242187500000e+01
3.479100036621093750e+01
3.721408081054687500e+01
8.109924316406250000e+01
3.000000000000000000e+01
3.146290016174316406e+01
5.304587554931640625e+01
3.000000000000000000e+01
4.544942474365234375e+01
3.936888122558593750e+01
3.995919036865234375e+01
3.000000000000000000e+01
3.464642333984375000e+01
4.554827117919921875e+01
4.575235366821289062e+01
3.015290260314941406e+01
4.594857025146484375e+01
5.223807144165039062e+01
3.688644409179687500e+01
4.284339904785156250e+01
4.266785430908203125e+01
7.581071472167968750e+01
4.643569183349609375e+01
6.285855865478515625e+01
1.165435485839843750e+02
5.579212951660156250e+01
4.432482147216796875e+01
3.727849578857421875e+01
4.774569320678710938e+01
4.567103195190429688e+01
3.995333099365234375e+01
4.686843872070312500e+01
9.904642486572265625e+01
5.857334899902343750e+01
3.576125335693359375e+01
4.412252807617187500e+01
5.981839752197265625e+01
3.000000000000000000e+01
4.432972335815429688e+01
4.826753616333007812e+01
5.986814880371093750e+01
3.000000000000000000e+01
5.619865417480468750e+01
3.705292510986328125e+01
5.355596160888671875e+01
5.579230880737304688e+01
3.067423248291015625e+01
4.266061019897460938e+01
4.771658706665039062e+01
3.000000000000000000e+01
5.365777969360351562e+01
4.847501754760742188e+01
4.590694427490234375e+01
5.933511352539062500e+01
3.964652252197265625e+01
3.000000000000000000e+01
4.309719848632812500e+01
4.680978775024414062e+01
4.217976379394531250e+01
3.732343292236328125e+01
3.035235786437988281e+01
4.508786773681640625e+01
3.720188140869140625e+01
5.085845947265625000e+01
5.032608795166015625e+01
3.669081497192382812e+01
5.526636123657226562e+01
3.155489730834960938e+01
5.439638137817382812e+01
4.778514099121093750e+01
5.433273696899414062e+01
4.203217697143554688e+01
3.950753784179687500e+01
5.525561904907226562e+01
5.027256774902343750e+01
3.976539230346679688e+01
6.390945434570312500e+01
3.329988861083984375e+01
5.258172607421875000e+01
4.129018783569335938e+01
9.817486572265625000e+01
8.037623596191406250e+01
3.837763214111328125e+01
6.192945861816406250e+01
3.138955688476562500e+01
5.228379821777343750e+01
3.000000000000000000e+01
3.930506896972656250e+01
8.671553039550781250e+01
5.168709945678710938e+01
4.036022186279296875e+01
4.731757736206054688e+01
8.610546112060546875e+01
4.553864288330078125e+01
5.436314010620117188e+01
3.064008140563964844e+01
4.538091278076171875e+01
3.882904815673828125e+01
3.010816192626953125e+01
5.827775955200195312e+01
7.493782043457031250e+01
4.952923583984375000e+01
3.000000000000000000e+01
3.210191345214843750e+01
4.232448577880859375e+01
4.244104385375976562e+01
3.305915069580078125e+01
5.617332458496093750e+01
7.878054046630859375e+01
5.324723052978515625e+01
8.503742980957031250e+01
6.211698913574218750e+01
7.310079956054687500e+01
5.250177001953125000e+01
3.561940002441406250e+01
3.802002716064453125e+01
5.203219604492187500e+01
4.056859970092773438e+01
5.156492614746093750e+01
3.721941375732421875e+01
3.183469772338867188e+01
3.000000000000000000e+01
3.192802047729492188e+01
3.022663497924804688e+01
4.833186340332031250e+01
6.129499053955078125e+01
5.416474533081054688e+01
3.513920974731445312e+01
4.701348876953125000e+01
3.779154968261718750e+01
5.117700576782226562e+01
4.804193878173828125e+01
5.762986373901367188e+01
4.646167755126953125e+01
4.468127059936523438e+01
3.000000000000000000e+01
5.256649398803710938e+01
4.049562454223632812e+01
3.000000000000000000e+01
5.150719833374023438e+01
3.344825744628906250e+01
7.036601257324218750e+01
4.526885223388671875e+01
4.919754028320312500e+01
6.084115219116210938e+01
3.649766540527343750e+01
3.000000000000000000e+01
3.140969276428222656e+01
5.781977081298828125e+01
4.177207565307617188e+01
4.657938003540039062e+01
4.250857925415039062e+01
3.739070129394531250e+01
3.766905212402343750e+01
8.324606323242187500e+01
6.117958831787109375e+01
7.957009887695312500e+01
3.000000000000000000e+01
3.592391586303710938e+01
5.992229461669921875e+01
3.000000000000000000e+01
5.119249343872070312e+01
4.976079559326171875e+01
6.888349914550781250e+01
4.868717956542968750e+01
4.771302795410156250e+01
3.755850982666015625e+01
3.939599990844726562e+01
3.761329269409179688e+01
7.937591552734375000e+01
3.290636444091796875e+01
4.118978881835937500e+01
3.766775512695312500e+01
3.935067367553710938e+01
5.034999465942382812e+01
3.000000000000000000e+01
4.688884735107421875e+01
4.335444641113281250e+01
3.000000000000000000e+01
5.897747802734375000e+01
7.412656402587890625e+01
3.000000000000000000e+01
5.740905761718750000e+01
4.322074127197265625e+01
4.110435485839843750e+01
4.371635437011718750e+01
4.275221633911132812e+01
3.259349060058593750e+01
3.931164550781250000e+01
4.516875457763671875e+01
3.693412399291992188e+01
3.000000000000000000e+01
3.513536834716796875e+01
3.576939773559570312e+01
3.226435470581054688e+01
3.118979072570800781e+01
3.246275711059570312e+01
3.770503997802734375e+01
5.853243255615234375e+01
5.000139617919921875e+01
8.610546112060546875e+01
3.135460662841796875e+01
3.788212966918945312e+01
3.000000000000000000e+01
6.835792541503906250e+01
3.541964340209960938e+01
4.345545959472656250e+01
7.937591552734375000e+01
4.682012176513671875e+01
3.968401336669921875e+01
4.115937805175781250e+01
4.008667755126953125e+01
8.080992126464843750e+01
6.935929107666015625e+01
5.622811126708984375e+01
6.941246032714843750e+01
3.000000000000000000e+01
3.000000000000000000e+01
3.924390792846679688e+01
3.416744995117187500e+01
4.679469299316406250e+01
5.358513641357421875e+01
4.206239318847656250e+01
3.143525123596191406e+01
5.522845840454101562e+01
3.303996276855468750e+01
5.490506744384765625e+01
5.290310668945312500e+01
4.170954513549804688e+01
3.000000000000000000e+01
3.428319168090820312e+01
6.121307373046875000e+01
3.033425521850585938e+01
4.664145660400390625e+01
6.987813568115234375e+01
3.947452545166015625e+01
4.435903549194335938e+01
6.492862701416015625e+01
5.053743743896484375e+01
4.885790252685546875e+01
3.735095214843750000e+01
4.816659927368164062e+01
3.760838317871093750e+01
3.787602233886718750e+01
3.953808593750000000e+01
3.519288635253906250e+01
6.195364379882812500e+01
6.403111267089843750e+01
4.800933456420898438e+01
3.601608276367187500e+01
3.656956100463867188e+01
3.815478134155273438e+01
3.000000000000000000e+01
6.048122787475585938e+01
4.514025497436523438e+01
3.609209060668945312e+01
3.811426925659179688e+01
3.715128326416015625e+01
3.000000000000000000e+01
3.797061157226562500e+01
5.157454681396484375e+01
3.898217391967773438e+01
5.857334899902343750e+01
5.438028717041015625e+01
4.072795486450195312e+01
3.535900115966796875e+01
4.524880218505859375e+01
3.000000000000000000e+01
7.054454040527343750e+01
4.862730407714843750e+01
3.088327598571777344e+01
4.066918182373046875e+01
6.976984405517578125e+01
4.397545242309570312e+01
3.551123046875000000e+01
3.000000000000000000e+01
3.000000000000000000e+01
5.477067184448242188e+01
4.449475097656250000e+01
4.176414489746093750e+01
3.141196060180664062e+01
3.000000000000000000e+01
3.000000000000000000e+01
4.019909667968750000e+01
4.776472091674804688e+01
3.783095550537109375e+01
4.998220825195312500e+01
4.192586517333984375e+01
5.706037902832031250e+01
4.599044799804687500e+01
4.987273788452148438e+01
4.494306564331054688e+01
3.000000000000000000e+01
5.925152206420898438e+01
3.000000000000000000e+01
3.000000000000000000e+01
4.019834518432617188e+01
4.898689270019531250e+01
3.581507110595703125e+01
3.843967437744140625e+01
3.852929687500000000e+01
3.857391738891601562e+01
3.439306640625000000e+01
4.157343292236328125e+01
