5.523305130004882812e+01
6.058330154418945312e+01
3.714974212646484375e+01
4.190361022949218750e+01
6.852406311035156250e+01
6.386220550537109375e+01
3.755657196044921875e+01
5.051734924316406250e+01
5.510494995117187500e+01
1.185304260253906250e+02
4.829028320312500000e+01
1.356965942382812500e+02
4.751126098632812500e+01
4.530651473999023438e+01
3.182317733764648438e+01
7.132061767578125000e+01
6.386427307128906250e+01
4.001430892944335938e+01
4.486265563964843750e+01
1.428708343505859375e+02
3.927009582519531250e+01
7.572215270996093750e+01
3.388226318359375000e+01
3.682265090942382812e+01
4.002524948120117188e+01
5.943363189697265625e+01
3.000000000000000000e+01
7.316089630126953125e+01
2.018927917480468750e+02
5.677870941162109375e+01
4.860884857177734375e+01
5.297731781005859375e+01
5.296293640136718750e+01
9.770765686035156250e+01
6.748609161376953125e+01
7.143192291259765625e+01
7.008406829833984375e+01
4.454076004028320312e+01
4.796031188964843750e+01
3.432733917236328125e+01
3.805060958862304688e+01
3.863719177246093750e+01
5.559881973266601562e+01
4.256686782836914062e+01
3.014354705810546875e+01
3.000000000000000000e+01
5.223276519775390625e+01
6.550074768066406250e+01
1.287111968994140625e+02
5.828542327880859375e+01
4.126802825927734375e+01
3.191888999938964844e+01
6.782008361816406250e+01
4.340814971923828125e+01
1.193339309692382812e+02
4.799161911010742188e+01
7.655503082275390625e+01
4.887910461425781250e+01
5.819412994384765625e+01
6.266158294677734375e+01
5.690302658081054688e+01
8.829663085937500000e+01
3.985570526123046875e+01
7.787508392333984375e+01
1.006462707519531250e+02
5.603032684326171875e+01
5.243780899047851562e+01
3.000000000000000000e+01
5.044642257690429688e+01
5.724935913085937500e+01
5.785962677001953125e+01
3.615937423706054688e+01
1.019906387329101562e+02
3.493516159057617188e+01
6.063575744628906250e+01
4.667675399780273438e+01
4.538576507568359375e+01
4.790796279907226562e+01
3.963040542602539062e+01
6.503239440917968750e+01
3.577740859985351562e+01
6.386427307128906250e+01
5.140747833251953125e+01
1.022724151611328125e+02
1.012302856445312500e+02
3.878662109375000000e+01
4.299701309204101562e+01
5.148280334472656250e+01
4.751126098632812500e+01
5.308180999755859375e+01
4.320063781738281250e+01
4.724919509887695312e+01
7.079583740234375000e+01
5.760316085815429688e+01
1.030064773559570312e+02
9.678009033203125000e+01
6.947724914550781250e+01
4.045433807373046875e+01
9.603453063964843750e+01
4.603175735473632812e+01
9.862358093261718750e+01
7.184095001220703125e+01
1.456523437500000000e+02
3.000000000000000000e+01
4.356103515625000000e+01
7.910119628906250000e+01
3.000000000000000000e+01
5.622565460205078125e+01
5.026649475097656250e+01
3.000000000000000000e+01
4.421315002441406250e+01
3.863194274902343750e+01
6.960403442382812500e+01
1.169022903442382812e+02
4.055233383178710938e+01
3.998846435546875000e+01
1.018277969360351562e+02
4.910410308837890625e+01
7.625126647949218750e+01
5.212204360961914062e+01
4.879346466064453125e+01
5.534259033203125000e+01
3.789220428466796875e+01
4.753886795043945312e+01
4.103496932983398438e+01
4.937780761718750000e+01
7.370204162597656250e+01
6.230984497070312500e+01
4.763619995117187500e+01
4.003342056274414062e+01
4.981879806518554688e+01
9.916522979736328125e+01
6.424175262451171875e+01
3.000000000000000000e+01
5.885535812377929688e+01
4.643425750732421875e+01
1.130356674194335938e+02
4.761493682861328125e+01
4.575553131103515625e+01
6.644699096679687500e+01
5.274169158935546875e+01
9.952003479003906250e+01
6.974237060546875000e+01
6.631634521484375000e+01
7.271574401855468750e+01
4.384299468994140625e+01
9.220645904541015625e+01
9.901206970214843750e+01
5.229501342773437500e+01
1.523117370605468750e+02
6.064567947387695312e+01
7.685151672363281250e+01
5.780097961425781250e+01
9.868954467773437500e+01
3.688779067993164062e+01
1.193310394287109375e+02
3.877549743652343750e+01
1.325825500488281250e+02
4.254811096191406250e+01
5.968573760986328125e+01
3.378183364868164062e+01
5.627622222900390625e+01
4.607798385620117188e+01
3.698933410644531250e+01
7.973399353027343750e+01
4.071140670776367188e+01
7.091286468505859375e+01
4.819525909423828125e+01
3.864139175415039062e+01
1.220382995605468750e+02
4.128543090820312500e+01
4.579667663574218750e+01
5.244999694824218750e+01
3.000000000000000000e+01
5.237604522705078125e+01
5.938506317138671875e+01
5.522166442871093750e+01
4.676098251342773438e+01
6.760304260253906250e+01
5.616984939575195312e+01
6.464495849609375000e+01
6.208942413330078125e+01
8.935195922851562500e+01
5.907605743408203125e+01
4.011875915527343750e+01
3.257245635986328125e+01
3.770478057861328125e+01
8.718880462646484375e+01
5.957558441162109375e+01
4.720181655883789062e+01
4.744299316406250000e+01
4.645441436767578125e+01
6.403902435302734375e+01
4.858826446533203125e+01
6.246190261840820312e+01
5.920544433593750000e+01
4.619365692138671875e+01
8.198298645019531250e+01
1.397624664306640625e+02
8.041152191162109375e+01
5.945470428466796875e+01
1.090719985961914062e+02
7.442768096923828125e+01
3.906864166259765625e+01
5.265677261352539062e+01
4.429428100585937500e+01
5.981307983398437500e+01
5.334366607666015625e+01
1.050439453125000000e+02
3.589411926269531250e+01
4.319414901733398438e+01
1.013659439086914062e+02
4.939612960815429688e+01
3.960661697387695312e+01
4.018304443359375000e+01
4.042702102661132812e+01
4.532810592651367188e+01
5.332946777343750000e+01
4.489416503906250000e+01
3.987904739379882812e+01
3.710971832275390625e+01
6.746524047851562500e+01
8.314441680908203125e+01
4.255738067626953125e+01
4.662267684936523438e+01
4.167501831054687500e+01
5.848361206054687500e+01
1.191969070434570312e+02
5.913503265380859375e+01
1.293212280273437500e+02
3.855608367919921875e+01
5.453856277465820312e+01
4.820306396484375000e+01
6.274606323242187500e+01
4.433153915405273438e+01
6.380727386474609375e+01
4.410106277465820312e+01
5.117482757568359375e+01
8.607369232177734375e+01
5.494532012939453125e+01
4.636394882202148438e+01
1.330008544921875000e+02
9.366902923583984375e+01
8.096298980712890625e+01
9.496927642822265625e+01
4.045688629150390625e+01
5.830734634399414062e+01
1.579526367187500000e+02
1.870283813476562500e+02
4.902288055419921875e+01
6.526906585693359375e+01
3.621421813964843750e+01
5.575604248046875000e+01
1.015939331054687500e+02
5.122434997558593750e+01
6.078258514404296875e+01
4.508790588378906250e+01
4.451476287841796875e+01
4.597939300537109375e+01
1.686275634765625000e+02
5.516232299804687500e+01
5.139833450317382812e+01
4.984166336059570312e+01
4.730021667480468750e+01
1.356919708251953125e+02
5.403989410400390625e+01
1.401284484863281250e+02
7.189812469482421875e+01
7.033126068115234375e+01
4.914247894287109375e+01
6.074933242797851562e+01
4.295641708374023438e+01
8.096298980712890625e+01
6.522965240478515625e+01
1.533350830078125000e+02
3.768607330322265625e+01
7.222619628906250000e+01
7.736542510986328125e+01
1.063289108276367188e+02
9.920695495605468750e+01
6.961083221435546875e+01
7.411019897460937500e+01
6.878170776367187500e+01
3.944360351562500000e+01
6.358804702758789062e+01
3.740164566040039062e+01
3.000000000000000000e+01
6.298656082153320312e+01
3.657757568359375000e+01
3.372136688232421875e+01
4.058341979980468750e+01
4.166495513916015625e+01
3.000000000000000000e+01
1.085824432373046875e+02
4.596138000488281250e+01
3.409103012084960938e+01
4.635039138793945312e+01
6.500766754150390625e+01
5.143084716796875000e+01
5.985840225219726562e+01
4.922882080078125000e+01
3.244274139404296875e+01
3.993200302124023438e+01
5.697053146362304688e+01
6.462821960449218750e+01
3.970207977294921875e+01
8.516426086425781250e+01
6.906130981445312500e+01
7.314894866943359375e+01
1.355233306884765625e+02
1.453397216796875000e+02
3.000000000000000000e+01
9.691378784179687500e+01
1.072783508300781250e+02
1.000570373535156250e+02
4.148319244384765625e+01
3.786528015136718750e+01
1.429068450927734375e+02
5.938039398193359375e+01
9.603453063964843750e+01
4.159908676147460938e+01
4.783382415771484375e+01
4.411174011230468750e+01
4.956150054931640625e+01
3.677205276489257812e+01
3.000000000000000000e+01
3.415108489990234375e+01
4.112987518310546875e+01
1.019906387329101562e+02
3.846497344970703125e+01
7.636143493652343750e+01
5.155230331420898438e+01
5.901386642456054688e+01
4.737272644042968750e+01
5.002898406982421875e+01
4.660022735595703125e+01
7.048732757568359375e+01
5.638341903686523438e+01
3.763830947875976562e+01
3.522120666503906250e+01
6.310138320922851562e+01
9.203739929199218750e+01
4.417883300781250000e+01
7.314894866943359375e+01
4.570198059082031250e+01
5.042118072509765625e+01
1.583587341308593750e+02
3.912796020507812500e+01
4.184598541259765625e+01
1.088081359863281250e+02
1.562301330566406250e+02
1.943580627441406250e+02
5.901987075805664062e+01
8.829663085937500000e+01
4.629773712158203125e+01
8.685850524902343750e+01
5.715634155273437500e+01
3.337004470825195312e+01
1.366842041015625000e+02
5.419223785400390625e+01
6.442943572998046875e+01
1.252663040161132812e+02
6.150059509277343750e+01
6.993202972412109375e+01
1.018289031982421875e+02
3.000000000000000000e+01
8.134762573242187500e+01
1.172528839111328125e+02
3.162583541870117188e+01
7.888185882568359375e+01
6.099831008911132812e+01
5.095237731933593750e+01
9.141307830810546875e+01
1.455617675781250000e+02
7.087511444091796875e+01
1.392533721923828125e+02
8.096612548828125000e+01
5.677871322631835938e+01
8.060617828369140625e+01
7.493074798583984375e+01
3.000000000000000000e+01
3.000000000000000000e+01
3.585930252075195312e+01
4.680418395996093750e+01
6.083895111083984375e+01
9.366902923583984375e+01
4.988463592529296875e+01
4.415963745117187500e+01
4.741613006591796875e+01
2.887215270996093750e+02
4.289398956298828125e+01
4.014994049072265625e+01
3.711814880371093750e+01
3.000000000000000000e+01
4.316940307617187500e+01
6.992189025878906250e+01
7.604891967773437500e+01
1.261676940917968750e+02
6.194963455200195312e+01
4.620151519775390625e+01
5.193113327026367188e+01
4.205245971679687500e+01
1.747474670410156250e+02
4.953378677368164062e+01
3.996804809570312500e+01
5.048082351684570312e+01
4.266468048095703125e+01
6.050423431396484375e+01
7.447560119628906250e+01
1.449670257568359375e+02
8.021223449707031250e+01
9.232328796386718750e+01
5.610839080810546875e+01
4.020838165283203125e+01
7.231824493408203125e+01
3.285834884643554688e+01
5.344414520263671875e+01
9.019531250000000000e+01
3.000000000000000000e+01
3.737302398681640625e+01
9.932320404052734375e+01
3.000000000000000000e+01
4.044171142578125000e+01
1.466019287109375000e+02
7.058972930908203125e+01
5.013742446899414062e+01
6.386448669433593750e+01
4.568791198730468750e+01
5.976467132568359375e+01
8.814141082763671875e+01
5.157081604003906250e+01
7.636143493652343750e+01
2.141842346191406250e+02
4.956150054931640625e+01
1.232254257202148438e+02
4.733395767211914062e+01
4.825444793701171875e+01
8.674214172363281250e+01
7.316089630126953125e+01
5.394181442260742188e+01
7.542555236816406250e+01
3.000000000000000000e+01
6.252698516845703125e+01
4.955088806152343750e+01
7.115721130371093750e+01
4.061304473876953125e+01
5.016707229614257812e+01
6.177051162719726562e+01
1.427030334472656250e+02
8.095899963378906250e+01
4.561293792724609375e+01
5.780097961425781250e+01
5.175414276123046875e+01
5.317366790771484375e+01
7.159916687011718750e+01
4.149577331542968750e+01
1.042454452514648438e+02
1.020013809204101562e+02
4.566137695312500000e+01
8.704048919677734375e+01
8.872538757324218750e+01
5.615545654296875000e+01
5.040320205688476562e+01
4.931438064575195312e+01
4.182538223266601562e+01
2.054712829589843750e+02
3.553759002685546875e+01
5.070195007324218750e+01
4.812016296386718750e+01
3.793007278442382812e+01
9.604604339599609375e+01
4.237546539306640625e+01
4.023532867431640625e+01
1.423365783691406250e+02
6.462821960449218750e+01
8.739451599121093750e+01
6.751813507080078125e+01
5.458785247802734375e+01
5.672413253784179688e+01
8.910671997070312500e+01
9.307904052734375000e+01
7.727647399902343750e+01
7.891114807128906250e+01
3.722122573852539062e+01
8.477064514160156250e+01
8.706608581542968750e+01
4.473608398437500000e+01
3.960661697387695312e+01
7.673690032958984375e+01
9.604916381835937500e+01
6.111842727661132812e+01
6.113732910156250000e+01
5.367686462402343750e+01
3.000000000000000000e+01
4.122026824951171875e+01
3.000000000000000000e+01
5.150459289550781250e+01
4.181235885620117188e+01
3.354818725585937500e+01
5.084140777587890625e+01
5.382403945922851562e+01
4.562102127075195312e+01
7.480879211425781250e+01
6.282675933837890625e+01
4.632073211669921875e+01
4.251039123535156250e+01
5.136648178100585938e+01
5.997626495361328125e+01
3.000000000000000000e+01
3.591280746459960938e+01
6.641441345214843750e+01
3.863913345336914062e+01
6.032467269897460938e+01
3.000000000000000000e+01
5.246391296386718750e+01
3.000000000000000000e+01
3.182317924499511719e+01
1.183133316040039062e+02
4.617807769775390625e+01
3.000000000000000000e+01
6.576654052734375000e+01
3.996804809570312500e+01
7.160546875000000000e+01
4.752580261230468750e+01
5.666773986816406250e+01
1.144177932739257812e+02
4.767205429077148438e+01
1.363137359619140625e+02
1.126936492919921875e+02
3.776396942138671875e+01
3.620890045166015625e+01
9.740871429443359375e+01
3.757224655151367188e+01
4.899589157104492188e+01
4.984166336059570312e+01
1.712197113037109375e+02
4.593871307373046875e+01
5.662362670898437500e+01
4.972680664062500000e+01
4.144612121582031250e+01
4.798217010498046875e+01
1.098800048828125000e+02
5.079650115966796875e+01
6.585354614257812500e+01
5.921228790283203125e+01
3.934193420410156250e+01
3.718258666992187500e+01
4.472812652587890625e+01
4.800554275512695312e+01
4.185521316528320312e+01
4.046743774414062500e+01
3.631832885742187500e+01
3.573049163818359375e+01
4.648927307128906250e+01
5.075289154052734375e+01
4.268155670166015625e+01
5.912365341186523438e+01
5.622565460205078125e+01
7.290241241455078125e+01
1.050439453125000000e+02
6.797348022460937500e+01
1.086880493164062500e+02
8.554932403564453125e+01
1.228076019287109375e+02
3.975757217407226562e+01
5.155437469482421875e+01
3.833887100219726562e+01
5.791173934936523438e+01
6.392373657226562500e+01
7.991634368896484375e+01
8.267887878417968750e+01
7.640310668945312500e+01
4.055233383178710938e+01
4.892119598388671875e+01
6.299197006225585938e+01
1.046864395141601562e+02
3.860637664794921875e+01
5.920748138427734375e+01
4.161685180664062500e+01
3.717430496215820312e+01
1.081234741210937500e+02
4.320063781738281250e+01
4.554852294921875000e+01
4.748359298706054688e+01
4.426143646240234375e+01
6.535758972167968750e+01
9.318002319335937500e+01
4.171208190917968750e+01
3.883766555786132812e+01
3.208335876464843750e+01
1.261676940917968750e+02
4.936632537841796875e+01
4.523304748535156250e+01
4.716488647460937500e+01
5.643973159790039062e+01
4.428050613403320312e+01
4.917037963867187500e+01
5.823694610595703125e+01
6.835754394531250000e+01
4.051838302612304688e+01
6.029473876953125000e+01
7.306761169433593750e+01
8.496387481689453125e+01
6.967420959472656250e+01
4.652915573120117188e+01
3.446012878417968750e+01
6.837153625488281250e+01
7.022692108154296875e+01
4.747341918945312500e+01
5.654169845581054688e+01
5.642317581176757812e+01
4.115441131591796875e+01
6.622999572753906250e+01
4.398791503906250000e+01
3.532075881958007812e+01
4.950916671752929688e+01
7.231136322021484375e+01
6.177051162719726562e+01
5.762982177734375000e+01
5.323564529418945312e+01
3.700856781005859375e+01
7.332167816162109375e+01
1.090264205932617188e+02
6.241584014892578125e+01
3.304898834228515625e+01
1.228076019287109375e+02
5.901987075805664062e+01
6.817253875732421875e+01
9.604916381835937500e+01
3.685879135131835938e+01
3.851972579956054688e+01
7.025319671630859375e+01
3.000000000000000000e+01
4.279231262207031250e+01
2.432318725585937500e+02
4.176699066162109375e+01
3.848082733154296875e+01
4.028574752807617188e+01
1.327552642822265625e+02
5.696524810791015625e+01
5.072710418701171875e+01
1.124514312744140625e+02
4.193147277832031250e+01
1.272381515502929688e+02
7.311976623535156250e+01
1.019997406005859375e+02
3.472707748413085938e+01
4.271789932250976562e+01
7.408223724365234375e+01
7.666320037841796875e+01
6.694309997558593750e+01
5.638341903686523438e+01
4.591656494140625000e+01
3.188762092590332031e+01
4.862256622314453125e+01
6.739349365234375000e+01
5.147381210327148438e+01
4.126881408691406250e+01
7.885002136230468750e+01
7.206422424316406250e+01
4.101535034179687500e+01
3.170880508422851562e+01
5.267338180541992188e+01
3.000000000000000000e+01
4.651633834838867188e+01
1.112276000976562500e+02
5.232212829589843750e+01
7.874383544921875000e+01
5.260137176513671875e+01
6.298601150512695312e+01
3.498665618896484375e+01
9.952003479003906250e+01
6.325366210937500000e+01
7.211500549316406250e+01
1.020381393432617188e+02
5.400787353515625000e+01
4.518150329589843750e+01
4.018991851806640625e+01
3.523361968994140625e+01
5.661461639404296875e+01
5.771690750122070312e+01
2.054712982177734375e+02
4.837805938720703125e+01
6.405528259277343750e+01
6.770793151855468750e+01
5.788369369506835938e+01
4.988812255859375000e+01
5.270124435424804688e+01
5.213190460205078125e+01
6.808947753906250000e+01
1.016614074707031250e+02
3.356801605224609375e+01
3.000000000000000000e+01
6.257622528076171875e+01
1.201924896240234375e+02
5.619569015502929688e+01
1.363137359619140625e+02
3.961656570434570312e+01
5.019851684570312500e+01
5.623793792724609375e+01
6.035585021972656250e+01
1.788806304931640625e+02
6.934479522705078125e+01
5.729101562500000000e+01
6.199534606933593750e+01
3.278133773803710938e+01
5.294533538818359375e+01
8.292523193359375000e+01
3.413327789306640625e+01
3.635061264038085938e+01
6.401645660400390625e+01
8.927847290039062500e+01
5.638693618774414062e+01
1.069288253784179688e+02
4.577802658081054688e+01
4.460088348388671875e+01
5.938039398193359375e+01
7.195104980468750000e+01
5.233750534057617188e+01
4.497624969482421875e+01
4.342668151855468750e+01
3.699579620361328125e+01
4.390091705322265625e+01
4.953379058837890625e+01
3.853518295288085938e+01
6.955088806152343750e+01
7.058972930908203125e+01
3.018904304504394531e+01
3.000000000000000000e+01
3.581595993041992188e+01
4.014994049072265625e+01
4.370815658569335938e+01
1.240666503906250000e+02
3.000000000000000000e+01
6.916690063476562500e+01
8.585736846923828125e+01
4.453171157836914062e+01
3.371349334716796875e+01
3.466983795166015625e+01
5.968573760986328125e+01
6.559226989746093750e+01
5.937612533569335938e+01
5.949976348876953125e+01
7.017149353027343750e+01
6.840146636962890625e+01
5.319779586791992188e+01
3.987648391723632812e+01
6.983872222900390625e+01
3.000000000000000000e+01
5.672413253784179688e+01
5.031126022338867188e+01
3.338122558593750000e+01
3.789311981201171875e+01
5.402177429199218750e+01
6.079563522338867188e+01
4.526963424682617188e+01
5.143084716796875000e+01
5.036388397216796875e+01
5.152311325073242188e+01
6.061591339111328125e+01
7.658235168457031250e+01
5.381650161743164062e+01
8.506744384765625000e+01
4.548451232910156250e+01
5.494532012939453125e+01
5.142974472045898438e+01
5.608017730712890625e+01
6.852854156494140625e+01
5.897455596923828125e+01
7.077551269531250000e+01
4.085646057128906250e+01
8.523365783691406250e+01
4.866665267944335938e+01
4.942845153808593750e+01
9.027320861816406250e+01
1.428708496093750000e+02
1.155810623168945312e+02
3.817796325683593750e+01
3.932968902587890625e+01
4.686227035522460938e+01
5.136154174804687500e+01
8.095899963378906250e+01
9.089111328125000000e+01
6.520671081542968750e+01
1.033733215332031250e+02
5.267338180541992188e+01
4.658534240722656250e+01
4.260309219360351562e+01
5.905420684814453125e+01
5.592616271972656250e+01
3.528415298461914062e+01
4.558818817138671875e+01
7.633840942382812500e+01
5.803273773193359375e+01
4.737889099121093750e+01
9.621399688720703125e+01
4.738394927978515625e+01
4.836483001708984375e+01
5.724936294555664062e+01
4.778440856933593750e+01
5.269900131225585938e+01
4.497624969482421875e+01
2.224319152832031250e+02
7.315670013427734375e+01
4.856948089599609375e+01
4.131254959106445312e+01
5.166416168212890625e+01
1.352028198242187500e+02
4.717594146728515625e+01
4.197307205200195312e+01
6.227570343017578125e+01
4.126881408691406250e+01
7.302847290039062500e+01
4.971424102783203125e+01
5.912232971191406250e+01
5.410610580444335938e+01
5.230505752563476562e+01
3.000000000000000000e+01
3.866301345825195312e+01
5.071682739257812500e+01
6.101156234741210938e+01
2.150223693847656250e+02
4.123883056640625000e+01
5.157226181030273438e+01
6.275621032714843750e+01
5.311944198608398438e+01
4.511783599853515625e+01
3.689788818359375000e+01
4.139928436279296875e+01
5.382352066040039062e+01
3.801953125000000000e+01
5.349121856689453125e+01
5.023964691162109375e+01
4.586959075927734375e+01
4.169086456298828125e+01
4.671563339233398438e+01
3.776396942138671875e+01
5.282118225097656250e+01
3.560575485229492188e+01
5.905678176879882812e+01
7.148743438720703125e+01
3.000000000000000000e+01
4.254518890380859375e+01
4.635039138793945312e+01
7.995167541503906250e+01
4.837087631225585938e+01
1.030069046020507812e+02
3.761117553710937500e+01
7.727646636962890625e+01
8.232012939453125000e+01
4.342716217041015625e+01
9.027320861816406250e+01
3.220127105712890625e+01
4.100791168212890625e+01
3.912178039550781250e+01
4.304875946044921875e+01
1.047283935546875000e+02
5.000114822387695312e+01
4.137751770019531250e+01
7.642442321777343750e+01
4.232221603393554688e+01
1.164705200195312500e+02
6.586819458007812500e+01
4.397953033447265625e+01
5.769747161865234375e+01
7.935786437988281250e+01
8.357776641845703125e+01
7.059177398681640625e+01
6.487538909912109375e+01
4.210783386230468750e+01
4.830155181884765625e+01
5.044853973388671875e+01
7.521073913574218750e+01
1.181317749023437500e+02
8.667499542236328125e+01
1.386078643798828125e+02
5.188085937500000000e+01
4.908122634887695312e+01
5.071133422851562500e+01
3.000000000000000000e+01
5.308491516113281250e+01
3.000000000000000000e+01
3.093809127807617188e+01
7.035670471191406250e+01
1.303645019531250000e+02
6.473239898681640625e+01
3.000000000000000000e+01
5.214252471923828125e+01
6.225582122802734375e+01
3.967323303222656250e+01
4.759954071044921875e+01
5.771690750122070312e+01
4.212981033325195312e+01
6.724098205566406250e+01
5.294533538818359375e+01
5.692242431640625000e+01
6.260232925415039062e+01
3.525138854980468750e+01
3.536077880859375000e+01
5.908970260620117188e+01
4.149705505371093750e+01
6.934845733642578125e+01
7.056648254394531250e+01
4.810636901855468750e+01
9.496927642822265625e+01
5.942853927612304688e+01
4.011715316772460938e+01
5.018027496337890625e+01
3.956731033325195312e+01
3.000000000000000000e+01
4.042869186401367188e+01
3.753016662597656250e+01
4.157576751708984375e+01
9.769760894775390625e+01
4.620151519775390625e+01
4.065328216552734375e+01
1.427030334472656250e+02
7.732963562011718750e+01
4.460104370117187500e+01
6.319274902343750000e+01
8.736235046386718750e+01
4.562102127075195312e+01
5.618820953369140625e+01
1.185672912597656250e+02
5.312297058105468750e+01
8.974897003173828125e+01
3.963040542602539062e+01
3.003502273559570312e+01
5.308180999755859375e+01
4.537980270385742188e+01
4.103521728515625000e+01
4.619993972778320312e+01
4.290933990478515625e+01
5.929759979248046875e+01
4.215568161010742188e+01
5.419223785400390625e+01
4.026557159423828125e+01
3.857798767089843750e+01
8.713977813720703125e+01
8.569955444335937500e+01
3.061985778808593750e+01
8.256564331054687500e+01
4.993163299560546875e+01
3.578379821777343750e+01
8.907810211181640625e+01
9.097436523437500000e+01
4.033134078979492188e+01
6.271194839477539062e+01
4.349027633666992188e+01
4.727906036376953125e+01
3.890093612670898438e+01
9.850865173339843750e+01
5.587962341308593750e+01
4.252829360961914062e+01
6.751813507080078125e+01
5.179817199707031250e+01
5.672549438476562500e+01
3.191672897338867188e+01
4.783932495117187500e+01
5.817576980590820312e+01
5.212204360961914062e+01
7.308448028564453125e+01
7.576585388183593750e+01
4.112905120849609375e+01
5.585440063476562500e+01
3.092482757568359375e+01
5.616262435913085938e+01
7.370204162597656250e+01
9.880474853515625000e+01
5.912232971191406250e+01
4.404512786865234375e+01
6.418928527832031250e+01
4.783932495117187500e+01
4.739788055419921875e+01
4.562133789062500000e+01
3.401876831054687500e+01
4.237922286987304688e+01
5.919649887084960938e+01
5.253217315673828125e+01
3.511332702636718750e+01
5.516232299804687500e+01
4.270917129516601562e+01
3.958819961547851562e+01
3.656717681884765625e+01
5.872999191284179688e+01
3.239907073974609375e+01
5.432488250732421875e+01
6.156355667114257812e+01
4.137401962280273438e+01
5.580466461181640625e+01
3.358139801025390625e+01
7.386436462402343750e+01
6.808090209960937500e+01
4.801532745361328125e+01
5.322689437866210938e+01
4.058445358276367188e+01
6.731348419189453125e+01
7.587154388427734375e+01
3.509730911254882812e+01
4.309468841552734375e+01
6.003154754638671875e+01
6.746011352539062500e+01
5.945470428466796875e+01
5.104060745239257812e+01
8.166284179687500000e+01
4.191882324218750000e+01
3.034099006652832031e+01
4.204140472412109375e+01
4.245483398437500000e+01
6.446425628662109375e+01
3.667737579345703125e+01
8.674214172363281250e+01
5.466053771972656250e+01
4.319414901733398438e+01
4.333960342407226562e+01
4.581697463989257812e+01
3.956586456298828125e+01
5.867860412597656250e+01
3.932968902587890625e+01
3.966015625000000000e+01
3.691228485107421875e+01
4.798439025878906250e+01
6.401283264160156250e+01
4.454076004028320312e+01
6.757517242431640625e+01
4.774604415893554688e+01
5.498442077636718750e+01
5.029715728759765625e+01
3.482814407348632812e+01
4.346207046508789062e+01
4.581697463989257812e+01
7.077551269531250000e+01
4.766550445556640625e+01
4.435137176513671875e+01
3.833411407470703125e+01
7.489468383789062500e+01
6.393483734130859375e+01
7.244768524169921875e+01
3.839277267456054688e+01
3.258949279785156250e+01
4.989472961425781250e+01
3.405244064331054688e+01
4.142169189453125000e+01
3.015820312500000000e+01
5.152632904052734375e+01
3.000000000000000000e+01
3.000000000000000000e+01
4.532804489135742188e+01
5.108446502685546875e+01
7.333512878417968750e+01
4.710964965820312500e+01
9.880474853515625000e+01
5.418231964111328125e+01
3.989965057373046875e+01
3.661256408691406250e+01
4.316914367675781250e+01
3.663965225219726562e+01
3.553835678100585938e+01
5.432896423339843750e+01
7.604891967773437500e+01
5.666773986816406250e+01
4.431192779541015625e+01
4.151681518554687500e+01
7.820828247070312500e+01
7.087989807128906250e+01
6.273669815063476562e+01
3.660038757324218750e+01
3.000000000000000000e+01
3.677045059204101562e+01
3.338122558593750000e+01
5.057685852050781250e+01
3.892688751220703125e+01
4.200665283203125000e+01
4.714951324462890625e+01
3.737629318237304688e+01
4.045822906494140625e+01
5.301869201660156250e+01
3.597140884399414062e+01
6.318652343750000000e+01
4.248506164550781250e+01
6.644699096679687500e+01
5.418231964111328125e+01
6.337699127197265625e+01
3.000000000000000000e+01
3.907917022705078125e+01
3.999761962890625000e+01
3.000000000000000000e+01
4.330390167236328125e+01
6.459584808349609375e+01
3.000000000000000000e+01
5.050478744506835938e+01
4.707975006103515625e+01
3.620890045166015625e+01
4.267511367797851562e+01
6.194963455200195312e+01
3.175617218017578125e+01
4.083864212036132812e+01
8.090847778320312500e+01
4.765862274169921875e+01
7.935786437988281250e+01
8.975669860839843750e+01
3.000000000000000000e+01
8.162811279296875000e+01
7.885115051269531250e+01
5.394181442260742188e+01
4.278206634521484375e+01
5.218633270263671875e+01
6.380727386474609375e+01
7.447560119628906250e+01
5.417079925537109375e+01
5.676275253295898438e+01
7.589744567871093750e+01
3.318574142456054688e+01
8.021437072753906250e+01
3.300542068481445312e+01
3.000000000000000000e+01
3.898062133789062500e+01
5.634726715087890625e+01
3.000000000000000000e+01
8.334897613525390625e+01
4.430771255493164062e+01
5.157226181030273438e+01
4.399079132080078125e+01
5.053684234619140625e+01
4.338644409179687500e+01
4.241176223754882812e+01
7.630346679687500000e+01
3.570834732055664062e+01
3.107977485656738281e+01
5.193854522705078125e+01
5.566503906250000000e+01
4.439525222778320312e+01
4.850153350830078125e+01
5.322689437866210938e+01
3.000000000000000000e+01
3.936694335937500000e+01
3.842174911499023438e+01
5.613858032226562500e+01
3.511940765380859375e+01
4.281428909301757812e+01
6.257622528076171875e+01
3.833611297607421875e+01
4.185521316528320312e+01
4.548153305053710938e+01
8.223727416992187500e+01
4.807390594482421875e+01
7.260452270507812500e+01
1.166513824462890625e+02
4.866358184814453125e+01
4.579667282104492188e+01
4.678030014038085938e+01
4.927874755859375000e+01
4.107577514648437500e+01
4.156948852539062500e+01
6.019237136840820312e+01
1.020381393432617188e+02
5.514531707763671875e+01
3.584930038452148438e+01
4.389875793457031250e+01
5.918445587158203125e+01
3.505735778808593750e+01
4.798217010498046875e+01
4.778440856933593750e+01
5.789116668701171875e+01
3.000000000000000000e+01
4.907016754150390625e+01
3.697761535644531250e+01
6.015911865234375000e+01
6.622999572753906250e+01
3.000000000000000000e+01
5.144579315185546875e+01
4.628238677978515625e+01
3.296366500854492188e+01
5.069782257080078125e+01
5.219417953491210938e+01
4.359002304077148438e+01
5.619569015502929688e+01
4.351629257202148438e+01
3.676589965820312500e+01
4.988812255859375000e+01
5.225143051147460938e+01
3.906864166259765625e+01
5.118879699707031250e+01
3.377146911621093750e+01
5.618231201171875000e+01
4.301404953002929688e+01
4.858499908447265625e+01
5.582427215576171875e+01
4.428918457031250000e+01
5.258127593994140625e+01
5.104360961914062500e+01
4.097618865966796875e+01
5.121134948730468750e+01
6.192189407348632812e+01
3.975757217407226562e+01
4.489484405517578125e+01
5.396118545532226562e+01
5.927564620971679688e+01
4.469131469726562500e+01
5.802724075317382812e+01
4.356234359741210938e+01
6.010995483398437500e+01
4.159597015380859375e+01
9.872103118896484375e+01
8.508138275146484375e+01
4.488341140747070312e+01
4.710925292968750000e+01
3.266711807250976562e+01
6.241247558593750000e+01
3.000000000000000000e+01
3.915544891357421875e+01
8.648560333251953125e+01
4.695751953125000000e+01
4.202419662475585938e+01
5.346289443969726562e+01
9.531768798828125000e+01
4.803399276733398438e+01
6.015146255493164062e+01
3.000000000000000000e+01
4.868344116210937500e+01
4.080587005615234375e+01
3.745826721191406250e+01
5.473383712768554688e+01
9.948830413818359375e+01
4.979681396484375000e+01
3.912438201904296875e+01
3.301773834228515625e+01
5.904763031005859375e+01
4.389317703247070312e+01
5.235593414306640625e+01
6.339326477050781250e+01
1.030069046020507812e+02
5.359695434570312500e+01
7.589434051513671875e+01
7.119834899902343750e+01
7.529680633544921875e+01
6.209388732910156250e+01
3.000000000000000000e+01
3.805629348754882812e+01
5.194802474975585938e+01
3.925731658935546875e+01
4.824680328369140625e+01
3.023257637023925781e+01
3.388591003417968750e+01
3.000000000000000000e+01
3.189526939392089844e+01
3.233082962036132812e+01
4.750587463378906250e+01
7.330894470214843750e+01
5.353038024902343750e+01
3.719367218017578125e+01
4.285281372070312500e+01
3.000000000000000000e+01
5.604113769531250000e+01
4.890031051635742188e+01
6.974237060546875000e+01
5.038431930541992188e+01
4.530651473999023438e+01
3.000000000000000000e+01
8.477064514160156250e+01
6.032145690917968750e+01
3.000000000000000000e+01
6.731349182128906250e+01
4.031079483032226562e+01
9.281174468994140625e+01
4.365172958374023438e+01
4.981252288818359375e+01
5.868037796020507812e+01
4.291444396972656250e+01
3.000000000000000000e+01
3.765658187866210938e+01
5.220020675659179688e+01
4.020838165283203125e+01
4.633884429931640625e+01
4.462927246093750000e+01
4.417289352416992188e+01
4.106173324584960938e+01
7.302847290039062500e+01
6.447114562988281250e+01
6.906130981445312500e+01
4.747154235839843750e+01
4.176782226562500000e+01
5.751048660278320312e+01
3.000000000000000000e+01
5.391813659667968750e+01
5.890462493896484375e+01
5.554094314575195312e+01
5.365628051757812500e+01
4.883562088012695312e+01
3.876486968994140625e+01
3.964334869384765625e+01
3.648937225341796875e+01
7.068624877929687500e+01
3.666966247558593750e+01
3.983049011230468750e+01
3.827870178222656250e+01
4.544633865356445312e+01
5.128151702880859375e+01
3.000000000000000000e+01
5.042118072509765625e+01
4.488204956054687500e+01
4.052691650390625000e+01
5.907605361938476562e+01
7.642442321777343750e+01
4.554093170166015625e+01
5.505700683593750000e+01
4.668534851074218750e+01
4.352847290039062500e+01
4.402383804321289062e+01
4.641532897949218750e+01
3.604155731201171875e+01
4.162904357910156250e+01
4.815058898925781250e+01
4.425247955322265625e+01
3.110691833496093750e+01
4.419954681396484375e+01
3.892266082763671875e+01
3.533127975463867188e+01
3.332790756225585938e+01
3.863419342041015625e+01
3.388744354248046875e+01
4.971022796630859375e+01
4.924246978759765625e+01
9.531768798828125000e+01
6.047673797607421875e+01
3.584307861328125000e+01
3.696739959716796875e+01
9.337315368652343750e+01
4.144612121582031250e+01
3.984340667724609375e+01
7.068624877929687500e+01
5.623298645019531250e+01
4.644510269165039062e+01
3.793502807617187500e+01
5.084140777587890625e+01
8.067987060546875000e+01
9.002750396728515625e+01
5.997109603881835938e+01
8.259745788574218750e+01
3.000000000000000000e+01
3.000000000000000000e+01
4.117946624755859375e+01
3.928012847900390625e+01
4.799581146240234375e+01
5.911204147338867188e+01
3.424682617187500000e+01
3.612261962890625000e+01
5.411524963378906250e+01
3.000000000000000000e+01
5.606536865234375000e+01
5.932232666015625000e+01
4.433670043945312500e+01
3.000000000000000000e+01
3.304898834228515625e+01
7.885115814208984375e+01
5.056338500976562500e+01
4.100131225585937500e+01
8.302307891845703125e+01
3.595726013183593750e+01
3.981385421752929688e+01
7.370007324218750000e+01
5.213108062744140625e+01
3.000000000000000000e+01
3.565488433837890625e+01
4.893421936035156250e+01
5.182021713256835938e+01
3.526737594604492188e+01
3.796973419189453125e+01
3.746279525756835938e+01
6.379276275634765625e+01
6.338528823852539062e+01
5.419538497924804688e+01
3.894622802734375000e+01
5.334345245361328125e+01
4.209594726562500000e+01
3.000000000000000000e+01
6.728547668457031250e+01
4.401541519165039062e+01
5.264323425292968750e+01
3.795696258544921875e+01
3.804594039916992188e+01
3.917345428466796875e+01
3.181137275695800781e+01
5.874709320068359375e+01
3.989057922363281250e+01
5.514531707763671875e+01
5.269900131225585938e+01
4.596924591064453125e+01
4.782111740112304688e+01
4.739613342285156250e+01
3.000000000000000000e+01
7.045323181152343750e+01
4.596977996826171875e+01
4.884812545776367188e+01
4.359854125976562500e+01
7.995167541503906250e+01
4.504668807983398438e+01
3.382979965209960938e+01
3.000000000000000000e+01
3.000000000000000000e+01
6.107353973388671875e+01
4.317646026611328125e+01
4.148759841918945312e+01
3.430568695068359375e+01
3.334099578857421875e+01
3.000000000000000000e+01
4.310548400878906250e+01
5.156652069091796875e+01
4.206912612915039062e+01
6.124882888793945312e+01
3.773021316528320312e+01
6.936566925048828125e+01
4.645329666137695312e+01
5.164214706420898438e+01
5.514139938354492188e+01
3.330175018310546875e+01
5.175823974609375000e+01
3.000000000000000000e+01
3.000000000000000000e+01
4.594019317626953125e+01
4.366481781005859375e+01
3.000000000000000000e+01
4.101171493530273438e+01
3.850177001953125000e+01
4.028725433349609375e+01
4.285509490966796875e+01
4.194400024414062500e+01
