5.036740112304687500e+01
5.831940460205078125e+01
3.110341262817382812e+01
4.112491989135742188e+01
6.705546569824218750e+01
6.653483581542968750e+01
3.086843490600585938e+01
9.289090728759765625e+01
5.694964599609375000e+01
1.236866455078125000e+02
4.766027832031250000e+01
1.443059844970703125e+02
5.383613967895507812e+01
4.209344100952148438e+01
3.000000000000000000e+01
6.191688156127929688e+01
6.167724609375000000e+01
4.099852752685546875e+01
4.236280822753906250e+01
1.289473876953125000e+02
3.885035705566406250e+01
8.205357360839843750e+01
3.000000000000000000e+01
3.575758361816406250e+01
4.945513534545898438e+01
7.640164184570312500e+01
3.000000000000000000e+01
7.727407073974609375e+01
1.959217224121093750e+02
5.623386383056640625e+01
5.954349136352539062e+01
4.812404632568359375e+01
5.254187011718750000e+01
1.243626022338867188e+02
6.572909545898437500e+01
7.979944610595703125e+01
6.182030487060546875e+01
4.942847442626953125e+01
4.618709945678710938e+01
4.162596130371093750e+01
3.763864517211914062e+01
3.208950424194335938e+01
4.406333160400390625e+01
4.457715606689453125e+01
3.525454330444335938e+01
4.177145767211914062e+01
4.900615692138671875e+01
5.950987625122070312e+01
1.262878265380859375e+02
5.443701171875000000e+01
4.061521911621093750e+01
3.000000000000000000e+01
5.623288726806640625e+01
4.582309341430664062e+01
8.705102539062500000e+01
3.857667541503906250e+01
7.148426818847656250e+01
4.638066101074218750e+01
5.872367095947265625e+01
5.720182418823242188e+01
5.770146560668945312e+01
8.183303833007812500e+01
4.086293792724609375e+01
6.785489654541015625e+01
9.318473052978515625e+01
5.520191955566406250e+01
5.599352264404296875e+01
3.000000000000000000e+01
4.261881256103515625e+01
4.978769302368164062e+01
6.169684600830078125e+01
3.262410736083984375e+01
1.053576049804687500e+02
3.706416702270507812e+01
7.421229553222656250e+01
6.232627868652343750e+01
5.614934539794921875e+01
3.930789184570312500e+01
3.950374221801757812e+01
6.516970825195312500e+01
3.512066650390625000e+01
6.167724609375000000e+01
5.288669204711914062e+01
9.335789489746093750e+01
8.835787963867187500e+01
3.078569793701171875e+01
4.223843765258789062e+01
4.845422363281250000e+01
5.383613967895507812e+01
5.802633285522460938e+01
5.004364395141601562e+01
5.722031021118164062e+01
7.292118835449218750e+01
5.427583312988281250e+01
1.028580322265625000e+02
9.350293731689453125e+01
6.360744476318359375e+01
4.169033813476562500e+01
1.056496505737304688e+02
3.940288543701171875e+01
9.708291625976562500e+01
8.539039611816406250e+01
1.435525360107421875e+02
3.000000000000000000e+01
4.254677581787109375e+01
7.407723999023437500e+01
3.217892456054687500e+01
5.714166259765625000e+01
4.784045410156250000e+01
3.000000000000000000e+01
4.292715454101562500e+01
3.800376129150390625e+01
6.675308990478515625e+01
1.052210083007812500e+02
3.897090530395507812e+01
4.068878936767578125e+01
8.932402038574218750e+01
5.333022308349609375e+01
7.657366180419921875e+01
5.251991653442382812e+01
4.875753021240234375e+01
5.648295211791992188e+01
4.487858963012695312e+01
4.116387176513671875e+01
4.026631164550781250e+01
4.846312713623046875e+01
7.018996429443359375e+01
6.463091278076171875e+01
4.300707626342773438e+01
4.756423950195312500e+01
5.160931015014648438e+01
9.096107482910156250e+01
6.423171997070312500e+01
4.110055541992187500e+01
5.568058013916015625e+01
4.474620056152343750e+01
9.787623596191406250e+01
4.770971298217773438e+01
4.317451477050781250e+01
6.545505523681640625e+01
4.835918807983398438e+01
9.499758148193359375e+01
8.206400299072265625e+01
5.541484832763671875e+01
7.748976135253906250e+01
3.944295120239257812e+01
9.854174804687500000e+01
1.036164016723632812e+02
5.941125869750976562e+01
1.434411315917968750e+02
6.253661346435546875e+01
8.159744262695312500e+01
5.316603851318359375e+01
8.590542602539062500e+01
4.702160644531250000e+01
1.135671997070312500e+02
3.769365310668945312e+01
1.197460937500000000e+02
4.204903411865234375e+01
7.376603698730468750e+01
3.713906478881835938e+01
4.730292510986328125e+01
5.393738555908203125e+01
3.850752639770507812e+01
7.475702667236328125e+01
4.048655319213867188e+01
6.414485168457031250e+01
5.227535247802734375e+01
3.000000000000000000e+01
1.354961547851562500e+02
4.967169570922851562e+01
4.339997863769531250e+01
3.170605087280273438e+01
3.000000000000000000e+01
5.112701797485351562e+01
6.388187408447265625e+01
4.830862426757812500e+01
4.558152389526367188e+01
6.898455810546875000e+01
6.013973999023437500e+01
6.539653778076171875e+01
5.273145294189453125e+01
7.482029724121093750e+01
6.127766418457031250e+01
4.354816818237304688e+01
4.189263153076171875e+01
3.000000000000000000e+01
8.123497009277343750e+01
5.382046508789062500e+01
4.415624237060546875e+01
5.112469482421875000e+01
6.799163055419921875e+01
6.579612731933593750e+01
5.094786834716796875e+01
4.758573150634765625e+01
4.851324462890625000e+01
3.563310241699218750e+01
7.482745361328125000e+01
1.224545135498046875e+02
7.085035705566406250e+01
4.938547134399414062e+01
1.077688446044921875e+02
5.175378417968750000e+01
3.708761978149414062e+01
6.025952148437500000e+01
4.202577972412109375e+01
6.091483688354492188e+01
6.438947296142578125e+01
1.255383605957031250e+02
3.448208999633789062e+01
4.572427368164062500e+01
9.136376190185546875e+01
5.010874176025390625e+01
3.859328842163085938e+01
4.093870162963867188e+01
4.274505615234375000e+01
5.947033309936523438e+01
5.097335052490234375e+01
4.180484008789062500e+01
4.091663360595703125e+01
3.762322235107421875e+01
6.139756011962890625e+01
9.503779602050781250e+01
3.989230346679687500e+01
4.759180450439453125e+01
3.897751998901367188e+01
5.342228698730468750e+01
9.990812683105468750e+01
6.281348419189453125e+01
9.215390014648437500e+01
3.604740142822265625e+01
5.027215194702148438e+01
4.963085174560546875e+01
3.717805862426757812e+01
4.956454849243164062e+01
6.718792724609375000e+01
4.597505187988281250e+01
5.233845138549804688e+01
7.324035644531250000e+01
6.360828018188476562e+01
4.443713378906250000e+01
1.204593048095703125e+02
8.139875030517578125e+01
6.906525421142578125e+01
9.367895507812500000e+01
4.415028381347656250e+01
5.218516921997070312e+01
1.344446258544921875e+02
1.616686401367187500e+02
5.638716125488281250e+01
5.490848541259765625e+01
4.202618408203125000e+01
5.828370666503906250e+01
1.061349029541015625e+02
4.451246643066406250e+01
6.340536880493164062e+01
4.229046249389648438e+01
3.920585632324218750e+01
3.256279754638671875e+01
1.503373870849609375e+02
6.879246520996093750e+01
5.674206542968750000e+01
4.926293182373046875e+01
3.924586105346679688e+01
1.278804016113281250e+02
5.516232299804687500e+01
1.292656707763671875e+02
6.816893768310546875e+01
5.361756896972656250e+01
5.985070037841796875e+01
5.410232543945312500e+01
4.944660568237304688e+01
6.906525421142578125e+01
6.692132568359375000e+01
1.192840728759765625e+02
3.000000000000000000e+01
6.019750976562500000e+01
8.139407348632812500e+01
9.388254547119140625e+01
8.542568969726562500e+01
5.480410003662109375e+01
6.049876785278320312e+01
7.675429534912109375e+01
4.173452758789062500e+01
6.026670074462890625e+01
4.069483566284179688e+01
3.000000000000000000e+01
6.164335632324218750e+01
3.564083480834960938e+01
3.627165985107421875e+01
4.237210083007812500e+01
3.863602828979492188e+01
3.000000000000000000e+01
9.461751556396484375e+01
4.514255142211914062e+01
3.261087799072265625e+01
4.951449584960937500e+01
6.248559951782226562e+01
5.602931213378906250e+01
5.635055160522460938e+01
4.423731231689453125e+01
3.000000000000000000e+01
3.513991165161132812e+01
7.413175964355468750e+01
7.345976257324218750e+01
4.079339218139648438e+01
7.540264892578125000e+01
8.122264099121093750e+01
6.832696533203125000e+01
1.127616119384765625e+02
1.503548278808593750e+02
3.000000000000000000e+01
9.540718078613281250e+01
9.507861328125000000e+01
9.448976135253906250e+01
3.741347503662109375e+01
4.295108795166015625e+01
1.528251953125000000e+02
6.273774719238281250e+01
1.056496505737304688e+02
4.154835891723632812e+01
4.325304412841796875e+01
5.044013595581054688e+01
4.791558837890625000e+01
3.629729461669921875e+01
3.698546981811523438e+01
3.550470733642578125e+01
3.847200012207031250e+01
1.053576126098632812e+02
3.717702865600585938e+01
8.103658294677734375e+01
5.327892684936523438e+01
3.934195709228515625e+01
4.583090591430664062e+01
4.600582504272460938e+01
4.419863128662109375e+01
9.438865661621093750e+01
5.609642028808593750e+01
3.000000000000000000e+01
3.879712677001953125e+01
5.316425323486328125e+01
6.835141754150390625e+01
4.482115936279296875e+01
6.832696533203125000e+01
4.224403762817382812e+01
4.295695495605468750e+01
1.346468505859375000e+02
3.879627990722656250e+01
3.827854156494140625e+01
1.132255249023437500e+02
1.469517822265625000e+02
1.732359008789062500e+02
4.967758941650390625e+01
8.183303070068359375e+01
3.781506347656250000e+01
8.365541839599609375e+01
6.075059890747070312e+01
3.672566604614257812e+01
1.300632781982421875e+02
5.409332656860351562e+01
7.109619903564453125e+01
1.195411987304687500e+02
5.613267135620117188e+01
6.299262619018554688e+01
9.671720886230468750e+01
3.265815734863281250e+01
6.946261596679687500e+01
1.168160705566406250e+02
3.515563583374023438e+01
7.537989044189453125e+01
6.374901580810546875e+01
5.182215118408203125e+01
8.118150329589843750e+01
1.349752197265625000e+02
6.302072906494140625e+01
1.146526107788085938e+02
8.111639404296875000e+01
5.623386383056640625e+01
7.783885192871093750e+01
7.060492706298828125e+01
4.143429565429687500e+01
3.000000000000000000e+01
3.000000000000000000e+01
5.018619155883789062e+01
5.976126861572265625e+01
8.139875030517578125e+01
4.749698638916015625e+01
4.908899307250976562e+01
5.169921112060546875e+01
2.678900146484375000e+02
4.016882324218750000e+01
4.860537338256835938e+01
3.500119400024414062e+01
3.000000000000000000e+01
4.280156326293945312e+01
6.132001495361328125e+01
7.414900207519531250e+01
1.000353698730468750e+02
6.912039184570312500e+01
4.399198150634765625e+01
5.278281021118164062e+01
4.660759735107421875e+01
1.459645690917968750e+02
4.912910461425781250e+01
4.213534545898437500e+01
8.519733428955078125e+01
3.344483566284179688e+01
5.500255966186523438e+01
7.343966674804687500e+01
1.452582244873046875e+02
7.242903900146484375e+01
7.613662719726562500e+01
5.371920776367187500e+01
4.851514434814453125e+01
6.390933227539062500e+01
3.167544555664062500e+01
8.877823638916015625e+01
9.465477752685546875e+01
3.255231094360351562e+01
3.219533538818359375e+01
7.502016448974609375e+01
3.000000000000000000e+01
4.176331710815429688e+01
1.316304321289062500e+02
6.320114898681640625e+01
4.762934875488281250e+01
6.965753936767578125e+01
4.545565795898437500e+01
5.534005737304687500e+01
9.135923767089843750e+01
5.293451690673828125e+01
8.103658294677734375e+01
1.842688293457031250e+02
4.791558837890625000e+01
1.093271026611328125e+02
4.599701690673828125e+01
5.223190307617187500e+01
9.422781372070312500e+01
7.727407836914062500e+01
5.706503295898437500e+01
7.124782562255859375e+01
3.193745994567871094e+01
5.625556564331054688e+01
4.898963165283203125e+01
6.261233520507812500e+01
3.591349411010742188e+01
5.406808471679687500e+01
5.846569442749023438e+01
1.420020446777343750e+02
8.582746887207031250e+01
4.661351776123046875e+01
5.316603851318359375e+01
5.229383850097656250e+01
5.297276306152343750e+01
8.418572998046875000e+01
3.000000000000000000e+01
9.700495147705078125e+01
1.045939559936523438e+02
5.479434585571289062e+01
1.113919296264648438e+02
8.471627807617187500e+01
5.638822555541992188e+01
5.191081237792968750e+01
4.790981292724609375e+01
4.771833038330078125e+01
2.063195800781250000e+02
3.633162307739257812e+01
5.374739837646484375e+01
5.016115951538085938e+01
4.645397949218750000e+01
9.133847045898437500e+01
3.803041839599609375e+01
4.374720001220703125e+01
1.240636596679687500e+02
7.345976257324218750e+01
7.995764923095703125e+01
6.160218429565429688e+01
4.455400466918945312e+01
5.104711914062500000e+01
8.732087707519531250e+01
8.048171997070312500e+01
8.214759063720703125e+01
7.526734924316406250e+01
3.697935867309570312e+01
8.195470428466796875e+01
9.318426513671875000e+01
4.921435546875000000e+01
3.859328842163085938e+01
6.487651062011718750e+01
1.006372833251953125e+02
5.959618377685546875e+01
5.487548828125000000e+01
3.776768493652343750e+01
3.000000000000000000e+01
3.913600158691406250e+01
3.000000000000000000e+01
4.768322372436523438e+01
5.066021347045898438e+01
3.456829833984375000e+01
5.282886886596679688e+01
5.310913085937500000e+01
4.582361602783203125e+01
6.994638061523437500e+01
6.435242462158203125e+01
4.609459304809570312e+01
4.139458465576171875e+01
5.153747558593750000e+01
5.348210906982421875e+01
3.387129592895507812e+01
3.381996154785156250e+01
7.342913818359375000e+01
3.897066879272460938e+01
5.929375457763671875e+01
3.000000000000000000e+01
5.566870498657226562e+01
3.434058380126953125e+01
3.000000000000000000e+01
1.147055969238281250e+02
5.568093109130859375e+01
3.203715133666992188e+01
7.220726776123046875e+01
4.213534545898437500e+01
7.575096893310546875e+01
5.347108840942382812e+01
5.695072937011718750e+01
1.113625564575195312e+02
4.483724975585937500e+01
1.347229156494140625e+02
1.032985534667968750e+02
3.825083160400390625e+01
4.284271621704101562e+01
8.758049011230468750e+01
4.681115722656250000e+01
5.189653015136718750e+01
4.926293182373046875e+01
1.755444488525390625e+02
4.362191009521484375e+01
6.264414978027343750e+01
5.185718154907226562e+01
4.546994018554687500e+01
4.660805130004882812e+01
1.057632980346679688e+02
4.626460647583007812e+01
6.999410247802734375e+01
6.931706237792968750e+01
4.560653686523437500e+01
3.992306518554687500e+01
4.581652832031250000e+01
3.865750885009765625e+01
4.242834472656250000e+01
3.947732543945312500e+01
3.824854278564453125e+01
4.347514343261718750e+01
4.515634155273437500e+01
4.642334747314453125e+01
4.370158386230468750e+01
6.166484451293945312e+01
5.714166259765625000e+01
6.330870819091796875e+01
1.255383605957031250e+02
7.380879211425781250e+01
1.070296783447265625e+02
8.755967712402343750e+01
1.061498565673828125e+02
3.502003860473632812e+01
6.175974655151367188e+01
3.647552108764648438e+01
3.732559585571289062e+01
5.978932189941406250e+01
7.562071990966796875e+01
7.235408782958984375e+01
6.590422821044921875e+01
3.897090530395507812e+01
4.593811798095703125e+01
6.475769042968750000e+01
1.017058334350585938e+02
4.579249572753906250e+01
5.578342437744140625e+01
4.315711593627929688e+01
4.281827926635742188e+01
9.941475677490234375e+01
5.004364395141601562e+01
4.376036071777343750e+01
4.436547851562500000e+01
4.824316406250000000e+01
6.969199371337890625e+01
9.353944396972656250e+01
3.074443626403808594e+01
3.930366134643554688e+01
3.000000000000000000e+01
1.000353698730468750e+02
5.704266738891601562e+01
3.692225646972656250e+01
5.405509185791015625e+01
5.000804519653320312e+01
4.299513244628906250e+01
5.781881332397460938e+01
5.622718048095703125e+01
6.443333435058593750e+01
3.559484863281250000e+01
6.759391784667968750e+01
6.983059692382812500e+01
8.199229431152343750e+01
6.737638854980468750e+01
4.272053527832031250e+01
3.902135848999023438e+01
6.327572631835937500e+01
7.095209503173828125e+01
4.780084228515625000e+01
6.471423339843750000e+01
5.510730361938476562e+01
4.248876953125000000e+01
5.405635452270507812e+01
5.614075088500976562e+01
3.422485351562500000e+01
4.804826354980468750e+01
6.904742431640625000e+01
5.846569442749023438e+01
5.564598083496093750e+01
4.508841323852539062e+01
3.272386932373046875e+01
6.697722625732421875e+01
9.706121826171875000e+01
5.976156234741210938e+01
4.202477264404296875e+01
1.061498565673828125e+02
4.967758941650390625e+01
6.393399429321289062e+01
1.006372756958007812e+02
3.984337997436523438e+01
3.483689880371093750e+01
7.412277984619140625e+01
3.000000000000000000e+01
4.035625457763671875e+01
2.220557708740234375e+02
3.088012123107910156e+01
3.766622924804687500e+01
3.953625869750976562e+01
1.212304077148437500e+02
6.155869674682617188e+01
4.945724487304687500e+01
1.129299316406250000e+02
4.744381713867187500e+01
1.115057983398437500e+02
7.233592987060546875e+01
1.096165161132812500e+02
4.582112121582031250e+01
4.171357345581054688e+01
7.076688385009765625e+01
7.402049255371093750e+01
7.128929901123046875e+01
5.609642028808593750e+01
4.713702011108398438e+01
3.000000000000000000e+01
4.811466217041015625e+01
6.208657073974609375e+01
4.130609512329101562e+01
4.554173278808593750e+01
6.877297973632812500e+01
6.929584503173828125e+01
5.173152923583984375e+01
3.266956710815429688e+01
5.410317993164062500e+01
3.330932235717773438e+01
4.656536865234375000e+01
1.364788055419921875e+02
5.103806304931640625e+01
8.940353393554687500e+01
4.957581710815429688e+01
4.224030303955078125e+01
3.437321090698242188e+01
9.499758148193359375e+01
5.787374496459960938e+01
7.060361480712890625e+01
9.663714599609375000e+01
5.540934371948242188e+01
4.177088928222656250e+01
4.247780609130859375e+01
3.000000000000000000e+01
6.331564331054687500e+01
5.107899856567382812e+01
2.063195800781250000e+02
5.208384704589843750e+01
6.943867492675781250e+01
6.797556304931640625e+01
6.239566802978515625e+01
4.684317779541015625e+01
4.857602691650390625e+01
5.259359359741210938e+01
7.318806457519531250e+01
9.367402648925781250e+01
3.000000000000000000e+01
3.223289489746093750e+01
5.556925201416015625e+01
1.015417938232421875e+02
4.661637115478515625e+01
1.347229156494140625e+02
4.496607208251953125e+01
3.000000000000000000e+01
5.083492660522460938e+01
5.776300048828125000e+01
1.619655303955078125e+02
7.029768371582031250e+01
5.511325073242187500e+01
7.902359008789062500e+01
3.000000000000000000e+01
4.145381164550781250e+01
8.954698944091796875e+01
3.120775985717773438e+01
3.762221145629882812e+01
7.377047729492187500e+01
8.291137695312500000e+01
5.323523712158203125e+01
8.796721649169921875e+01
4.398948669433593750e+01
4.331024932861328125e+01
6.273774719238281250e+01
7.913822937011718750e+01
6.556678771972656250e+01
4.195197296142578125e+01
4.258480453491210938e+01
3.707438659667968750e+01
3.978866195678710938e+01
4.912910461425781250e+01
3.823826599121093750e+01
6.962686157226562500e+01
6.320114898681640625e+01
4.032559585571289062e+01
3.000000000000000000e+01
3.688772201538085938e+01
4.860537338256835938e+01
4.224619293212890625e+01
1.054540863037109375e+02
3.000000000000000000e+01
6.807493591308593750e+01
8.117593383789062500e+01
4.050524902343750000e+01
3.000000000000000000e+01
4.879592132568359375e+01
7.376603698730468750e+01
7.078134918212890625e+01
6.001044464111328125e+01
6.117055511474609375e+01
5.091442489624023438e+01
8.135785675048828125e+01
4.980107879638671875e+01
4.171236419677734375e+01
6.210504150390625000e+01
5.607153320312500000e+01
5.104711914062500000e+01
5.969155883789062500e+01
3.429713439941406250e+01
4.581540679931640625e+01
5.099859619140625000e+01
5.351979446411132812e+01
4.273153686523437500e+01
5.602931213378906250e+01
4.968770599365234375e+01
4.795397186279296875e+01
6.682004547119140625e+01
6.910202789306640625e+01
4.900522232055664062e+01
8.523225402832031250e+01
4.638436126708984375e+01
6.360828018188476562e+01
5.360213851928710938e+01
5.700173187255859375e+01
6.932996368408203125e+01
6.134005355834960938e+01
7.504954528808593750e+01
3.718584442138671875e+01
8.026148986816406250e+01
4.993496704101562500e+01
4.701232528686523438e+01
9.055070495605468750e+01
1.289473876953125000e+02
1.323076019287109375e+02
3.845703125000000000e+01
3.000000000000000000e+01
4.736415100097656250e+01
6.082842254638671875e+01
8.582746887207031250e+01
7.550270080566406250e+01
7.040791320800781250e+01
9.743540954589843750e+01
5.410317993164062500e+01
4.456882476806640625e+01
3.988607025146484375e+01
5.600531387329101562e+01
5.973487854003906250e+01
3.322337722778320312e+01
4.046625518798828125e+01
7.212018585205078125e+01
4.735169982910156250e+01
3.611049270629882812e+01
7.357959747314453125e+01
3.915512847900390625e+01
3.762142181396484375e+01
4.978769302368164062e+01
5.655335617065429688e+01
4.686823654174804688e+01
4.195197296142578125e+01
1.935950622558593750e+02
7.538909912109375000e+01
4.882747650146484375e+01
4.525153350830078125e+01
4.892810058593750000e+01
1.443027496337890625e+02
4.067253875732421875e+01
4.930809783935546875e+01
6.544792938232421875e+01
4.554173660278320312e+01
6.298063659667968750e+01
4.725078582763671875e+01
5.643207550048828125e+01
5.799164581298828125e+01
5.299702453613281250e+01
3.138465499877929688e+01
3.000000000000000000e+01
4.549119949340820312e+01
5.053329467773437500e+01
2.184053649902343750e+02
5.132005691528320312e+01
4.621769332885742188e+01
5.922883987426757812e+01
5.941635131835937500e+01
4.793820953369140625e+01
5.188217926025390625e+01
5.298781967163085938e+01
5.557394027709960938e+01
4.213502502441406250e+01
5.264633941650390625e+01
5.219588470458984375e+01
3.862173843383789062e+01
4.160955429077148438e+01
4.746118927001953125e+01
3.825083160400390625e+01
4.284798431396484375e+01
3.444410705566406250e+01
6.984736633300781250e+01
6.323501586914062500e+01
3.150345039367675781e+01
4.740218734741210938e+01
4.951449584960937500e+01
9.060359191894531250e+01
5.148505020141601562e+01
9.526237487792968750e+01
3.000000000000000000e+01
8.214759063720703125e+01
8.295589447021484375e+01
4.254425811767578125e+01
9.055071258544921875e+01
3.517633056640625000e+01
4.652402877807617188e+01
3.789039230346679688e+01
4.412361907958984375e+01
1.083954925537109375e+02
5.666326522827148438e+01
4.539515686035156250e+01
7.575561523437500000e+01
5.059816360473632812e+01
1.082082443237304688e+02
4.968415832519531250e+01
3.996901321411132812e+01
4.558573913574218750e+01
7.164235687255859375e+01
8.502238464355468750e+01
7.068750000000000000e+01
5.521632766723632812e+01
3.426312637329101562e+01
3.689485549926757812e+01
5.061174774169921875e+01
6.157672882080078125e+01
1.173531723022460938e+02
7.702712249755859375e+01
1.338612365722656250e+02
6.448951721191406250e+01
3.889188385009765625e+01
5.654598236083984375e+01
3.000000000000000000e+01
5.727536010742187500e+01
3.000000000000000000e+01
3.000000000000000000e+01
6.459688568115234375e+01
1.153463287353515625e+02
5.927321624755859375e+01
3.545494842529296875e+01
5.291744995117187500e+01
6.682122802734375000e+01
3.626802825927734375e+01
4.781414413452148438e+01
5.107899856567382812e+01
3.542280960083007812e+01
6.191345977783203125e+01
4.145381164550781250e+01
5.272005081176757812e+01
5.596205902099609375e+01
3.479497528076171875e+01
4.001003265380859375e+01
5.443139648437500000e+01
3.189645195007324219e+01
6.532028198242187500e+01
6.184894943237304688e+01
4.837500000000000000e+01
9.367895507812500000e+01
4.956313705444335938e+01
3.738335418701171875e+01
3.770439147949218750e+01
3.675047683715820312e+01
4.103326797485351562e+01
4.404063796997070312e+01
3.744050598144531250e+01
3.952846908569335938e+01
6.421659851074218750e+01
4.399198150634765625e+01
3.778221893310546875e+01
1.420020294189453125e+02
8.120415496826171875e+01
4.391155242919921875e+01
5.692668151855468750e+01
8.078717803955078125e+01
4.582361221313476562e+01
5.914188766479492188e+01
1.071006546020507812e+02
4.461598968505859375e+01
6.953437805175781250e+01
3.950373840332031250e+01
3.000000000000000000e+01
5.802633285522460938e+01
5.949853515625000000e+01
3.827854537963867188e+01
4.259934234619140625e+01
4.204439163208007812e+01
4.456967544555664062e+01
4.021425247192382812e+01
5.409332656860351562e+01
3.684941482543945312e+01
4.253060913085937500e+01
7.065382385253906250e+01
8.807509613037109375e+01
4.233645629882812500e+01
9.670515441894531250e+01
4.966897201538085938e+01
3.270138549804687500e+01
7.812754821777343750e+01
7.973742675781250000e+01
4.263159179687500000e+01
5.916729736328125000e+01
3.353456115722656250e+01
4.208574295043945312e+01
3.000000000000000000e+01
1.030265731811523438e+02
4.753302001953125000e+01
3.830986022949218750e+01
6.160218429565429688e+01
4.919363021850585938e+01
5.567661285400390625e+01
3.580538940429687500e+01
5.021319198608398438e+01
5.295643997192382812e+01
5.251991653442382812e+01
7.495137023925781250e+01
6.266304779052734375e+01
4.151525497436523438e+01
4.794141387939453125e+01
3.254430389404296875e+01
5.575063323974609375e+01
7.018996429443359375e+01
9.181232452392578125e+01
5.643207550048828125e+01
4.848257064819335938e+01
6.305654144287109375e+01
5.021319198608398438e+01
4.385305023193359375e+01
4.716290664672851562e+01
3.313714218139648438e+01
4.115248107910156250e+01
5.930955505371093750e+01
4.972975921630859375e+01
3.576784515380859375e+01
6.879245758056640625e+01
4.413054656982421875e+01
5.080585098266601562e+01
3.100489234924316406e+01
6.114727783203125000e+01
4.058999252319335938e+01
5.555716705322265625e+01
6.186773300170898438e+01
4.232030868530273438e+01
6.490467071533203125e+01
3.145173835754394531e+01
7.088320159912109375e+01
6.173713684082031250e+01
3.775961303710937500e+01
5.182865905761718750e+01
4.052141571044921875e+01
7.754590606689453125e+01
6.948043823242187500e+01
3.908501815795898438e+01
3.956127166748046875e+01
6.340096282958984375e+01
5.907908248901367188e+01
4.938547515869140625e+01
3.145921707153320312e+01
9.254096984863281250e+01
4.481691360473632812e+01
3.468640136718750000e+01
3.937563323974609375e+01
4.817543029785156250e+01
6.021424865722656250e+01
3.000000000000000000e+01
9.422781372070312500e+01
5.252214050292968750e+01
4.572427368164062500e+01
4.105403900146484375e+01
4.938936614990234375e+01
6.099809265136718750e+01
6.446393585205078125e+01
3.000000000000000000e+01
3.982262802124023438e+01
3.673675537109375000e+01
4.058688354492187500e+01
5.629156494140625000e+01
4.942847442626953125e+01
6.527642822265625000e+01
5.406164550781250000e+01
5.075679779052734375e+01
4.196979904174804688e+01
4.066621017456054688e+01
3.520109558105468750e+01
4.938936614990234375e+01
7.504954528808593750e+01
4.186528015136718750e+01
4.663011932373046875e+01
3.000000000000000000e+01
7.377708435058593750e+01
6.034955215454101562e+01
6.363274765014648438e+01
4.475352859497070312e+01
3.585944747924804688e+01
6.011040878295898438e+01
3.000000000000000000e+01
6.033331298828125000e+01
3.325347518920898438e+01
5.467525482177734375e+01
3.377821350097656250e+01
3.000000000000000000e+01
4.127644348144531250e+01
5.000767135620117188e+01
6.959721374511718750e+01
4.607355117797851562e+01
9.181232452392578125e+01
4.931748962402343750e+01
4.351688766479492188e+01
4.064865112304687500e+01
4.213190078735351562e+01
3.000000000000000000e+01
3.825105285644531250e+01
5.647875595092773438e+01
7.414900207519531250e+01
5.695072937011718750e+01
4.132479476928710938e+01
4.144454956054687500e+01
7.030835723876953125e+01
5.408309936523437500e+01
5.257134628295898438e+01
4.200757980346679688e+01
3.000000000000000000e+01
4.060955429077148438e+01
3.429713439941406250e+01
4.908583068847656250e+01
3.160383987426757812e+01
3.485119628906250000e+01
4.257949829101562500e+01
3.886572265625000000e+01
4.198368072509765625e+01
4.670797729492187500e+01
3.157982444763183594e+01
5.099831390380859375e+01
6.041257476806640625e+01
6.545505523681640625e+01
4.931748962402343750e+01
6.959503936767578125e+01
3.000000000000000000e+01
4.234254455566406250e+01
6.059981155395507812e+01
3.068515014648437500e+01
4.530393981933593750e+01
6.445870208740234375e+01
3.000000000000000000e+01
5.978963470458984375e+01
4.284632110595703125e+01
4.284271621704101562e+01
4.376923751831054688e+01
6.912039184570312500e+01
3.000000000000000000e+01
3.865529632568359375e+01
7.226364135742187500e+01
4.697185134887695312e+01
7.164235687255859375e+01
7.633643341064453125e+01
3.000000000000000000e+01
7.162398529052734375e+01
7.310133361816406250e+01
5.706503295898437500e+01
4.888809967041015625e+01
4.551164245605468750e+01
6.718792724609375000e+01
7.343966674804687500e+01
5.461364746093750000e+01
6.246686935424804688e+01
6.921732330322265625e+01
3.463104248046875000e+01
8.600202941894531250e+01
4.505673599243164062e+01
3.000000000000000000e+01
4.062287139892578125e+01
5.315143966674804688e+01
3.000000000000000000e+01
7.645803833007812500e+01
4.942172241210937500e+01
4.621769332885742188e+01
4.398460388183593750e+01
4.901346206665039062e+01
3.401594924926757812e+01
3.980261993408203125e+01
7.286793518066406250e+01
4.785915374755859375e+01
3.943472290039062500e+01
5.352993774414062500e+01
4.131072616577148438e+01
4.170464706420898438e+01
4.477093505859375000e+01
5.182865905761718750e+01
3.000000000000000000e+01
3.710735321044921875e+01
4.818248748779296875e+01
4.909291076660156250e+01
3.000000000000000000e+01
4.566455078125000000e+01
5.556925201416015625e+01
3.233858108520507812e+01
4.242834472656250000e+01
4.815761566162109375e+01
6.964496612548828125e+01
5.312540817260742188e+01
7.864168548583984375e+01
1.075257720947265625e+02
5.038599777221679688e+01
4.339997863769531250e+01
4.730764007568359375e+01
4.971669387817382812e+01
3.684420776367187500e+01
4.071547698974609375e+01
6.519013977050781250e+01
9.663713836669921875e+01
4.158443832397460938e+01
3.576411437988281250e+01
4.251161956787109375e+01
6.093293762207031250e+01
3.466602706909179688e+01
4.660805130004882812e+01
5.655335235595703125e+01
5.325761413574218750e+01
3.000000000000000000e+01
4.684037017822265625e+01
3.717331695556640625e+01
6.071324157714843750e+01
5.405635452270507812e+01
3.000000000000000000e+01
5.423647308349609375e+01
3.829470062255859375e+01
3.000000000000000000e+01
5.261497497558593750e+01
4.599443054199218750e+01
4.665178298950195312e+01
4.661637115478515625e+01
4.195506286621093750e+01
3.446293640136718750e+01
4.684317779541015625e+01
5.102770233154296875e+01
3.708762359619140625e+01
5.839131927490234375e+01
3.000000000000000000e+01
3.747274017333984375e+01
4.085242843627929688e+01
4.119563674926757812e+01
5.881052398681640625e+01
5.471286010742187500e+01
5.352895736694335938e+01
3.065538978576660156e+01
3.145963859558105469e+01
5.465613174438476562e+01
5.698966598510742188e+01
3.502003860473632812e+01
4.296214675903320312e+01
5.095249938964843750e+01
6.133399200439453125e+01
4.315421676635742188e+01
5.765571594238281250e+01
3.934090042114257812e+01
6.396186447143554688e+01
3.947765731811523438e+01
9.159448242187500000e+01
7.247640991210937500e+01
4.643077850341796875e+01
4.249671173095703125e+01
3.572335052490234375e+01
7.007163238525390625e+01
4.650821685791015625e+01
3.681467819213867188e+01
8.305154418945312500e+01
4.478801727294921875e+01
3.992432022094726562e+01
5.215084075927734375e+01
1.114159698486328125e+02
4.997242736816406250e+01
4.840660858154296875e+01
3.000000000000000000e+01
5.347703933715820312e+01
4.172942733764648438e+01
3.562139129638671875e+01
5.025220489501953125e+01
1.058515777587890625e+02
5.246419525146484375e+01
5.345669555664062500e+01
3.224587631225585938e+01
6.268431472778320312e+01
4.172167968750000000e+01
4.830676269531250000e+01
5.511241912841796875e+01
9.526237487792968750e+01
5.233049011230468750e+01
7.186077880859375000e+01
7.275793457031250000e+01
7.371202850341796875e+01
5.966024398803710938e+01
3.000000000000000000e+01
3.838711547851562500e+01
5.203909683227539062e+01
3.905411148071289062e+01
3.915557861328125000e+01
4.301979064941406250e+01
3.434458923339843750e+01
3.571273803710937500e+01
3.518350982666015625e+01
3.000000000000000000e+01
4.713488769531250000e+01
7.002026367187500000e+01
5.073996734619140625e+01
3.259351348876953125e+01
4.320437622070312500e+01
3.000000000000000000e+01
3.686015701293945312e+01
4.350413131713867188e+01
8.206400299072265625e+01
4.581531524658203125e+01
4.209344100952148438e+01
3.000000000000000000e+01
8.195470428466796875e+01
6.253749847412109375e+01
3.000000000000000000e+01
7.754590606689453125e+01
4.248330688476562500e+01
9.561254882812500000e+01
4.078193283081054688e+01
4.768537902832031250e+01
5.747269058227539062e+01
4.516757583618164062e+01
3.000000000000000000e+01
4.033770370483398438e+01
5.031209564208984375e+01
4.851514434814453125e+01
4.356637573242187500e+01
4.150564575195312500e+01
4.334523773193359375e+01
4.075944519042968750e+01
6.298063659667968750e+01
6.607864379882812500e+01
8.122264099121093750e+01
4.710803222656250000e+01
4.434063339233398438e+01
5.732073974609375000e+01
3.571273803710937500e+01
4.959199523925781250e+01
4.592053222656250000e+01
5.487996673583984375e+01
4.656032562255859375e+01
4.734090805053710938e+01
4.269638061523437500e+01
3.948385620117187500e+01
4.172842407226562500e+01
7.957148742675781250e+01
3.622391891479492188e+01
3.820410919189453125e+01
3.511038970947265625e+01
4.420866775512695312e+01
5.177793884277343750e+01
3.000000000000000000e+01
4.295695495605468750e+01
3.000000000000000000e+01
3.446003723144531250e+01
6.127766418457031250e+01
7.575561523437500000e+01
3.047470855712890625e+01
5.686238861083984375e+01
4.693932342529296875e+01
4.307174682617187500e+01
4.515938186645507812e+01
4.618144226074218750e+01
4.047439193725585938e+01
4.034080505371093750e+01
4.477392578125000000e+01
4.388286209106445312e+01
3.000000000000000000e+01
5.299433898925781250e+01
4.121223068237304688e+01
3.737535095214843750e+01
3.696192169189453125e+01
3.685425186157226562e+01
3.586206817626953125e+01
5.576050567626953125e+01
5.338990783691406250e+01
1.114159774780273438e+02
6.136695098876953125e+01
3.000000000000000000e+01
3.229553604125976562e+01
9.148637390136718750e+01
4.546994018554687500e+01
3.685941696166992188e+01
7.957147979736328125e+01
5.753925323486328125e+01
4.652098083496093750e+01
3.824242019653320312e+01
5.282886886596679688e+01
1.036950378417968750e+02
8.843710327148437500e+01
5.575122451782226562e+01
8.218893432617187500e+01
3.000000000000000000e+01
3.000000000000000000e+01
5.161965179443359375e+01
4.302898406982421875e+01
4.665587615966796875e+01
5.179917907714843750e+01
3.363969039916992188e+01
3.000000000000000000e+01
5.347609329223632812e+01
3.613974761962890625e+01
4.533911132812500000e+01
5.314719009399414062e+01
4.834244537353515625e+01
3.000000000000000000e+01
4.202477264404296875e+01
7.310133361816406250e+01
3.643301010131835938e+01
4.060330200195312500e+01
7.230455017089843750e+01
4.087500000000000000e+01
3.776897048950195312e+01
6.537680053710937500e+01
4.970581436157226562e+01
3.654238128662109375e+01
3.587050628662109375e+01
4.867138290405273438e+01
4.760348510742187500e+01
3.795781326293945312e+01
3.602925109863281250e+01
4.510626220703125000e+01
6.338732910156250000e+01
5.497699356079101562e+01
4.434638214111328125e+01
3.237902069091796875e+01
5.133564758300781250e+01
4.168754196166992188e+01
3.000000000000000000e+01
6.500764465332031250e+01
4.187569808959960938e+01
4.955286026000976562e+01
3.000000000000000000e+01
3.000000000000000000e+01
3.318941497802734375e+01
3.401788711547851562e+01
4.827362823486328125e+01
4.048531341552734375e+01
4.158443832397460938e+01
4.686823272705078125e+01
4.317990875244140625e+01
5.081816864013671875e+01
4.765243530273437500e+01
4.608153915405273438e+01
6.388092803955078125e+01
4.194313812255859375e+01
4.538784790039062500e+01
4.356275558471679688e+01
9.060359191894531250e+01
4.958242034912109375e+01
3.318320846557617188e+01
3.632362747192382812e+01
4.106483840942382812e+01
5.771206665039062500e+01
3.871828460693359375e+01
4.097872924804687500e+01
3.000000000000000000e+01
3.239975357055664062e+01
3.100242996215820312e+01
4.023339462280273438e+01
4.593992614746093750e+01
4.066144561767578125e+01
6.300160980224609375e+01
4.335971832275390625e+01
5.884542846679687500e+01
4.668315505981445312e+01
5.089204025268554688e+01
5.939645385742187500e+01
3.021147346496582031e+01
4.570808029174804688e+01
3.634341049194335938e+01
3.818611907958984375e+01
5.168002700805664062e+01
5.045308685302734375e+01
3.000000000000000000e+01
4.312491607666015625e+01
3.204898452758789062e+01
4.313670730590820312e+01
3.828330612182617188e+01
3.568854522705078125e+01
