5.130631256103515625e+01
5.212246704101562500e+01
3.774505615234375000e+01
3.754265213012695312e+01
6.854383850097656250e+01
7.853846740722656250e+01
3.545653533935546875e+01
7.892320251464843750e+01
5.116750335693359375e+01
1.257507858276367188e+02
4.927177047729492188e+01
1.410746307373046875e+02
4.680895233154296875e+01
4.158116149902343750e+01
3.000000000000000000e+01
7.126497650146484375e+01
5.593931579589843750e+01
4.139942932128906250e+01
4.171667098999023438e+01
1.209483718872070312e+02
3.571039962768554688e+01
7.987075042724609375e+01
3.000000000000000000e+01
5.452167129516601562e+01
4.748696136474609375e+01
7.194300842285156250e+01
3.568515777587890625e+01
7.051449584960937500e+01
1.716689453125000000e+02
7.475778198242187500e+01
6.284486770629882812e+01
4.981041717529296875e+01
5.160871887207031250e+01
1.345282592773437500e+02
7.968762207031250000e+01
6.895045471191406250e+01
6.580763244628906250e+01
4.610907745361328125e+01
4.244123077392578125e+01
6.241500473022460938e+01
3.660790252685546875e+01
3.681398010253906250e+01
5.273106765747070312e+01
3.911486816406250000e+01
3.818634796142578125e+01
5.035987091064453125e+01
5.345588684082031250e+01
6.284189605712890625e+01
1.389001159667968750e+02
6.372255325317382812e+01
4.123307800292968750e+01
3.000000000000000000e+01
6.144045257568359375e+01
4.739712142944335938e+01
9.811082458496093750e+01
4.703222656250000000e+01
8.055866241455078125e+01
4.584555435180664062e+01
5.839663314819335938e+01
5.667493438720703125e+01
5.750151824951171875e+01
8.306163787841796875e+01
3.999285507202148438e+01
6.466181182861328125e+01
9.120790100097656250e+01
5.508287048339843750e+01
5.168601989746093750e+01
3.075157546997070312e+01
4.181455612182617188e+01
7.107130432128906250e+01
6.502301025390625000e+01
3.434665298461914062e+01
1.496777191162109375e+02
3.916301345825195312e+01
7.839804077148437500e+01
6.499883270263671875e+01
4.390612411499023438e+01
4.351080703735351562e+01
3.983512496948242188e+01
8.139216613769531250e+01
3.434725570678710938e+01
5.593931579589843750e+01
5.077502059936523438e+01
8.479526519775390625e+01
8.101840209960937500e+01
5.131193542480468750e+01
4.097285461425781250e+01
4.968687057495117188e+01
4.680895233154296875e+01
5.035824584960937500e+01
4.641412353515625000e+01
4.778126525878906250e+01
8.104118347167968750e+01
5.224089050292968750e+01
1.054930114746093750e+02
1.005244903564453125e+02
6.493177032470703125e+01
3.852391052246093750e+01
1.142091445922851562e+02
4.853673553466796875e+01
8.980686950683593750e+01
7.361078643798828125e+01
1.477247467041015625e+02
3.407257843017578125e+01
4.572015762329101562e+01
7.079087829589843750e+01
3.368347167968750000e+01
5.103053283691406250e+01
4.849814987182617188e+01
5.011095428466796875e+01
4.622649383544921875e+01
4.244682693481445312e+01
6.749744415283203125e+01
9.430349731445312500e+01
3.716381835937500000e+01
3.618314743041992188e+01
1.028798522949218750e+02
4.973277282714843750e+01
6.673049926757812500e+01
4.555213928222656250e+01
4.606574249267578125e+01
5.256163024902343750e+01
4.364575958251953125e+01
4.523694610595703125e+01
3.925055694580078125e+01
4.656666564941406250e+01
7.104556274414062500e+01
6.312181091308593750e+01
4.193463516235351562e+01
5.320689392089843750e+01
5.696731567382812500e+01
9.322082519531250000e+01
7.170328521728515625e+01
4.331961059570312500e+01
6.002967834472656250e+01
4.915194702148437500e+01
1.020843734741210938e+02
4.556130599975585938e+01
4.282721710205078125e+01
6.723547363281250000e+01
4.830661010742187500e+01
1.026941986083984375e+02
7.362350463867187500e+01
5.652386093139648438e+01
7.815837860107421875e+01
4.402816009521484375e+01
1.003276977539062500e+02
1.024589157104492188e+02
6.560664367675781250e+01
1.540081787109375000e+02
6.626672363281250000e+01
8.017945861816406250e+01
4.861812210083007812e+01
9.303573608398437500e+01
4.377015686035156250e+01
1.124767303466796875e+02
4.417038726806640625e+01
1.269299087524414062e+02
4.189900588989257812e+01
6.472370147705078125e+01
4.084323883056640625e+01
5.631045913696289062e+01
5.038587188720703125e+01
3.811535263061523438e+01
7.266624450683593750e+01
4.213165283203125000e+01
7.076619720458984375e+01
5.058324432373046875e+01
4.002263259887695312e+01
1.641903686523437500e+02
5.997639465332031250e+01
4.287765502929687500e+01
4.512996673583984375e+01
3.000000000000000000e+01
4.779645156860351562e+01
8.265253448486328125e+01
4.796419525146484375e+01
4.394326019287109375e+01
6.221881866455078125e+01
6.016688919067382812e+01
5.979821014404296875e+01
6.172551345825195312e+01
7.736289978027343750e+01
6.244158172607421875e+01
4.405270385742187500e+01
5.139001846313476562e+01
3.000000000000000000e+01
8.809047698974609375e+01
5.415732574462890625e+01
5.084634017944335938e+01
5.320083999633789062e+01
7.008209228515625000e+01
5.746537399291992188e+01
4.296411895751953125e+01
6.013109588623046875e+01
4.405693817138671875e+01
5.077548217773437500e+01
8.038913726806640625e+01
1.239639129638671875e+02
7.625355529785156250e+01
5.753017425537109375e+01
9.458164978027343750e+01
6.551599121093750000e+01
3.000000000000000000e+01
5.590895843505859375e+01
4.495537948608398438e+01
6.939309692382812500e+01
7.694046783447265625e+01
1.340134582519531250e+02
3.468835830688476562e+01
4.596807098388671875e+01
8.852125549316406250e+01
4.941220474243164062e+01
3.987516021728515625e+01
3.945184326171875000e+01
3.498475646972656250e+01
6.072321319580078125e+01
5.449467849731445312e+01
4.901281738281250000e+01
3.820176696777343750e+01
3.774005126953125000e+01
7.096742248535156250e+01
8.606369781494140625e+01
4.351889038085937500e+01
4.097370910644531250e+01
3.782619857788085938e+01
5.463805007934570312e+01
9.690710449218750000e+01
5.609710693359375000e+01
9.509455871582031250e+01
3.676734924316406250e+01
4.811634445190429688e+01
5.289862823486328125e+01
4.712953567504882812e+01
4.961237716674804688e+01
6.523422241210937500e+01
4.310946273803710938e+01
5.074453735351562500e+01
7.365655517578125000e+01
6.005833053588867188e+01
4.709908294677734375e+01
1.289661102294921875e+02
7.503260803222656250e+01
7.278643035888671875e+01
9.464721679687500000e+01
4.777742385864257812e+01
5.551863861083984375e+01
1.261283721923828125e+02
1.836654663085937500e+02
5.237414550781250000e+01
5.589537048339843750e+01
3.740024566650390625e+01
5.630847930908203125e+01
1.085986022949218750e+02
4.416939544677734375e+01
7.065405273437500000e+01
4.741789245605468750e+01
3.795544433593750000e+01
4.233365631103515625e+01
1.605794677734375000e+02
6.069230651855468750e+01
6.127404785156250000e+01
5.168247985839843750e+01
3.916825103759765625e+01
1.424664611816406250e+02
5.840670394897460938e+01
1.447160034179687500e+02
8.329920959472656250e+01
5.718725585937500000e+01
6.011534881591796875e+01
5.625185394287109375e+01
4.156547164916992188e+01
7.278643035888671875e+01
6.838690185546875000e+01
1.104585113525390625e+02
3.000000000000000000e+01
6.484804534912109375e+01
7.892802429199218750e+01
1.017616577148437500e+02
9.282668304443359375e+01
6.921981811523437500e+01
6.417910766601562500e+01
7.431713104248046875e+01
3.958530426025390625e+01
6.562412261962890625e+01
3.734664154052734375e+01
4.060541534423828125e+01
5.945398330688476562e+01
4.264907455444335938e+01
3.913453674316406250e+01
4.171837997436523438e+01
5.092389678955078125e+01
3.000000000000000000e+01
9.510971069335937500e+01
4.431440734863281250e+01
3.631912994384765625e+01
4.864526367187500000e+01
6.573265075683593750e+01
5.907581329345703125e+01
7.010679626464843750e+01
6.222254943847656250e+01
3.000000000000000000e+01
3.742247009277343750e+01
6.467772674560546875e+01
6.178464508056640625e+01
3.942392730712890625e+01
8.042478179931640625e+01
7.725401306152343750e+01
7.252853393554687500e+01
1.072575073242187500e+02
1.395906372070312500e+02
3.773321533203125000e+01
8.367543792724609375e+01
8.056680297851562500e+01
1.057645111083984375e+02
4.028610992431640625e+01
3.903052902221679688e+01
1.340633850097656250e+02
6.418450164794921875e+01
1.142091445922851562e+02
4.326511383056640625e+01
4.201126098632812500e+01
5.212981796264648438e+01
4.538730621337890625e+01
3.442075729370117188e+01
3.637646484375000000e+01
3.712737274169921875e+01
3.976045227050781250e+01
1.496777191162109375e+02
3.785887908935546875e+01
7.930446624755859375e+01
4.874157714843750000e+01
5.762598419189453125e+01
4.246096801757812500e+01
4.682560729980468750e+01
4.603488540649414062e+01
8.666409301757812500e+01
5.771885681152343750e+01
3.000000000000000000e+01
3.536296081542968750e+01
5.998320007324218750e+01
8.186119079589843750e+01
4.062067794799804688e+01
7.252853393554687500e+01
4.262247085571289062e+01
5.391889572143554688e+01
1.228362197875976562e+02
4.169324493408203125e+01
4.081801605224609375e+01
9.705539703369140625e+01
1.524538726806640625e+02
1.754300231933593750e+02
5.791942214965820312e+01
8.306163787841796875e+01
4.072367095947265625e+01
7.752962493896484375e+01
5.235122299194335938e+01
3.579018402099609375e+01
1.138439254760742188e+02
5.089044570922851562e+01
7.953237915039062500e+01
1.234716796875000000e+02
7.288037872314453125e+01
7.434505462646484375e+01
9.327131652832031250e+01
3.000000000000000000e+01
8.102583312988281250e+01
1.236058807373046875e+02
3.791068267822265625e+01
6.703623962402343750e+01
6.481211853027343750e+01
5.088291549682617188e+01
8.881737518310546875e+01
1.195413742065429688e+02
7.135273742675781250e+01
1.120446014404296875e+02
7.488257598876953125e+01
7.475778198242187500e+01
7.664341735839843750e+01
6.723098754882812500e+01
3.849067687988281250e+01
3.000000000000000000e+01
3.564663696289062500e+01
5.523604965209960938e+01
5.702023696899414062e+01
7.503260803222656250e+01
4.551471710205078125e+01
4.133969497680664062e+01
4.555204772949218750e+01
2.434994812011718750e+02
4.017175292968750000e+01
4.730237579345703125e+01
3.499535369873046875e+01
3.000000000000000000e+01
3.766954421997070312e+01
6.323507690429687500e+01
6.741282653808593750e+01
9.699389648437500000e+01
6.916738891601562500e+01
4.761890792846679688e+01
5.333131408691406250e+01
4.760884857177734375e+01
1.581898498535156250e+02
4.504819488525390625e+01
4.167391586303710938e+01
7.127313232421875000e+01
4.228564453125000000e+01
6.121652603149414062e+01
7.857805633544921875e+01
1.330600585937500000e+02
8.356932830810546875e+01
8.630288696289062500e+01
5.799982833862304688e+01
5.405808639526367188e+01
7.310712432861328125e+01
4.163636016845703125e+01
6.456649017333984375e+01
8.872401428222656250e+01
3.701701354980468750e+01
3.759283065795898438e+01
8.650563049316406250e+01
3.000000000000000000e+01
3.973332595825195312e+01
1.327886199951171875e+02
6.839774322509765625e+01
5.729431152343750000e+01
6.308727264404296875e+01
4.253886032104492188e+01
6.534783172607421875e+01
9.139326477050781250e+01
5.017917633056640625e+01
7.930445861816406250e+01
2.219284973144531250e+02
4.538730621337890625e+01
1.150001525878906250e+02
4.887210083007812500e+01
4.697509384155273438e+01
8.181787109375000000e+01
7.051449584960937500e+01
5.134557342529296875e+01
7.206164550781250000e+01
3.555312347412109375e+01
5.072476196289062500e+01
4.970344543457031250e+01
6.147814941406250000e+01
3.762400054931640625e+01
6.042396163940429688e+01
5.981469345092773438e+01
1.751748962402343750e+02
8.237861633300781250e+01
4.835994720458984375e+01
4.861812210083007812e+01
4.980562210083007812e+01
4.925416183471679688e+01
7.160905456542968750e+01
3.238331985473632812e+01
8.486132812500000000e+01
9.531584167480468750e+01
4.958785247802734375e+01
1.284786376953125000e+02
9.068281555175781250e+01
5.579007720947265625e+01
5.002373504638671875e+01
4.712215423583984375e+01
4.320088958740234375e+01
1.865007171630859375e+02
3.541942977905273438e+01
4.812911224365234375e+01
4.693381500244140625e+01
4.143350982666015625e+01
9.732419586181640625e+01
4.103530120849609375e+01
4.314105987548828125e+01
1.480434570312500000e+02
6.178464508056640625e+01
7.817405700683593750e+01
6.874723815917968750e+01
5.788465881347656250e+01
5.598604965209960938e+01
8.673510742187500000e+01
7.783727264404296875e+01
7.072415161132812500e+01
7.918672180175781250e+01
3.885339355468750000e+01
5.951543045043945312e+01
8.382816314697265625e+01
5.287228012084960938e+01
3.987516403198242188e+01
6.947563934326171875e+01
9.982063293457031250e+01
6.648349761962890625e+01
5.530033874511718750e+01
4.391168212890625000e+01
3.000000000000000000e+01
4.356926345825195312e+01
3.000000000000000000e+01
4.759512329101562500e+01
4.551672744750976562e+01
5.194444274902343750e+01
5.324667739868164062e+01
5.171325683593750000e+01
4.596835327148437500e+01
8.264075469970703125e+01
6.201821899414062500e+01
4.667874145507812500e+01
3.856336975097656250e+01
5.237169265747070312e+01
5.012768554687500000e+01
3.000000000000000000e+01
3.677991867065429688e+01
7.610797119140625000e+01
3.603964996337890625e+01
5.289202117919921875e+01
3.000000000000000000e+01
5.777226257324218750e+01
3.889599227905273438e+01
3.000000000000000000e+01
1.052150955200195312e+02
5.050494766235351562e+01
3.827368164062500000e+01
8.040183258056640625e+01
4.167391586303710938e+01
6.615868377685546875e+01
5.746746444702148438e+01
5.255651092529296875e+01
1.118188629150390625e+02
4.558139419555664062e+01
1.627468566894531250e+02
1.001913909912109375e+02
3.540277481079101562e+01
4.029051589965820312e+01
9.115873718261718750e+01
5.527207946777343750e+01
5.900054931640625000e+01
5.168247985839843750e+01
2.062907409667968750e+02
4.724598693847656250e+01
6.510474395751953125e+01
5.619477081298828125e+01
5.203000259399414062e+01
5.122632598876953125e+01
1.006739501953125000e+02
4.619390106201171875e+01
7.179418182373046875e+01
6.379195404052734375e+01
4.500414657592773438e+01
4.479911804199218750e+01
4.304638671875000000e+01
4.464402389526367188e+01
4.069335937500000000e+01
3.859675979614257812e+01
3.592479324340820312e+01
3.780172729492187500e+01
4.313381958007812500e+01
4.741525650024414062e+01
4.191741180419921875e+01
5.054319381713867188e+01
5.103053283691406250e+01
7.000392150878906250e+01
1.340134582519531250e+02
6.400830078125000000e+01
9.449682617187500000e+01
8.104574584960937500e+01
1.136399765014648438e+02
3.454798126220703125e+01
5.374204635620117188e+01
3.364669799804687500e+01
4.995473098754882812e+01
5.777634048461914062e+01
7.979148101806640625e+01
7.136456298828125000e+01
6.364239120483398438e+01
3.716381835937500000e+01
4.551037597656250000e+01
5.790272140502929688e+01
1.003102645874023438e+02
4.451836776733398438e+01
5.357096099853515625e+01
3.967176437377929688e+01
3.901703643798828125e+01
1.001912078857421875e+02
4.641412353515625000e+01
4.354245758056640625e+01
4.276357650756835938e+01
4.422347259521484375e+01
8.582257843017578125e+01
8.977754211425781250e+01
4.546194839477539062e+01
3.975324630737304688e+01
4.127231979370117188e+01
9.699389648437500000e+01
6.488906097412109375e+01
4.646312713623046875e+01
4.718489074707031250e+01
6.503755187988281250e+01
4.399187469482421875e+01
4.843395614624023438e+01
5.430249786376953125e+01
6.624706268310546875e+01
3.631715393066406250e+01
6.650254058837890625e+01
6.660224151611328125e+01
7.700944519042968750e+01
6.696236419677734375e+01
4.233011245727539062e+01
3.962317276000976562e+01
6.242765808105468750e+01
7.113718414306640625e+01
5.020405578613281250e+01
6.047041320800781250e+01
5.455498886108398438e+01
3.814350891113281250e+01
5.840974426269531250e+01
5.819626617431640625e+01
3.395268630981445312e+01
4.694287490844726562e+01
6.949765014648437500e+01
5.981469345092773438e+01
5.980790710449218750e+01
5.980282592773437500e+01
3.445760345458984375e+01
6.940231323242187500e+01
1.184914245605468750e+02
6.087209320068359375e+01
4.950701141357421875e+01
1.136399765014648438e+02
5.791942214965820312e+01
7.138157653808593750e+01
9.982063293457031250e+01
4.105650329589843750e+01
3.557526779174804688e+01
7.331214904785156250e+01
3.164748573303222656e+01
3.986397552490234375e+01
2.072338104248046875e+02
5.319362640380859375e+01
3.000000000000000000e+01
4.049172592163085938e+01
1.288382415771484375e+02
7.443572998046875000e+01
4.760375595092773438e+01
1.055026473999023438e+02
4.368230056762695312e+01
1.211326751708984375e+02
6.860337066650390625e+01
1.188438110351562500e+02
4.034999847412109375e+01
4.614282989501953125e+01
8.374466705322265625e+01
7.629049682617187500e+01
7.208395385742187500e+01
5.771885681152343750e+01
4.269079589843750000e+01
3.000000000000000000e+01
4.385256195068359375e+01
6.024433135986328125e+01
4.581440734863281250e+01
4.053192901611328125e+01
7.080087280273437500e+01
7.310472106933593750e+01
4.667808914184570312e+01
3.337616348266601562e+01
5.265756988525390625e+01
3.448390579223632812e+01
4.459372711181640625e+01
1.279855270385742188e+02
5.528771972656250000e+01
9.034461212158203125e+01
4.830387878417968750e+01
4.985116577148437500e+01
3.306967544555664062e+01
1.026941986083984375e+02
6.088204193115234375e+01
6.903872680664062500e+01
8.142405700683593750e+01
5.791340637207031250e+01
3.983760833740234375e+01
4.273128509521484375e+01
3.004037094116210938e+01
6.047262191772460938e+01
5.204463195800781250e+01
1.865007171630859375e+02
4.854624938964843750e+01
6.370055007934570312e+01
8.778851318359375000e+01
7.419670867919921875e+01
4.896163940429687500e+01
4.828097534179687500e+01
5.338156509399414062e+01
6.712622833251953125e+01
1.052972717285156250e+02
3.214183425903320312e+01
3.650888442993164062e+01
6.296091461181640625e+01
9.889299774169921875e+01
5.293927001953125000e+01
1.627468566894531250e+02
6.145713043212890625e+01
3.000000000000000000e+01
5.559996414184570312e+01
5.895700836181640625e+01
1.708201141357421875e+02
9.509349822998046875e+01
5.529885864257812500e+01
8.282918548583984375e+01
3.000000000000000000e+01
4.888099670410156250e+01
9.696078491210937500e+01
3.780002212524414062e+01
4.094628906250000000e+01
7.728171539306640625e+01
8.644781494140625000e+01
5.646305847167968750e+01
1.104647979736328125e+02
4.154194641113281250e+01
4.453694152832031250e+01
6.418450164794921875e+01
8.702840423583984375e+01
7.031137084960937500e+01
4.335034942626953125e+01
3.978516769409179688e+01
3.937328338623046875e+01
3.539438247680664062e+01
4.504819488525390625e+01
3.996783447265625000e+01
6.873521423339843750e+01
6.839774322509765625e+01
3.661796951293945312e+01
3.771493911743164062e+01
4.006504058837890625e+01
4.730237579345703125e+01
3.863491821289062500e+01
9.934624481201171875e+01
3.000000000000000000e+01
6.117224502563476562e+01
7.913671875000000000e+01
4.614213562011718750e+01
3.413404846191406250e+01
4.840896606445312500e+01
6.472370147705078125e+01
7.551815795898437500e+01
5.682173538208007812e+01
6.655758666992187500e+01
5.916833496093750000e+01
7.421560668945312500e+01
4.708407211303710938e+01
3.878276824951171875e+01
5.963543701171875000e+01
3.836839675903320312e+01
5.598604965209960938e+01
6.257946014404296875e+01
3.917609786987304688e+01
5.739347076416015625e+01
5.311431503295898438e+01
6.052573013305664062e+01
4.568791580200195312e+01
5.907580947875976562e+01
4.759762954711914062e+01
4.453367233276367188e+01
6.763658142089843750e+01
6.906858825683593750e+01
4.732376098632812500e+01
8.067045593261718750e+01
4.436145782470703125e+01
6.005833435058593750e+01
6.039338684082031250e+01
5.808800888061523438e+01
6.842899322509765625e+01
6.367185974121093750e+01
7.038961791992187500e+01
4.029272079467773438e+01
7.756781768798828125e+01
5.184599304199218750e+01
4.768816375732421875e+01
8.432109069824218750e+01
1.209483718872070312e+02
1.250853195190429688e+02
4.620387268066406250e+01
3.000000000000000000e+01
4.349777221679687500e+01
6.461778259277343750e+01
8.237861633300781250e+01
8.900630950927734375e+01
6.941178131103515625e+01
1.073928680419921875e+02
5.265756988525390625e+01
4.605534362792968750e+01
3.284951782226562500e+01
5.695739746093750000e+01
6.037821960449218750e+01
3.230401611328125000e+01
4.542515182495117188e+01
7.750901031494140625e+01
5.298734283447265625e+01
4.586631393432617188e+01
8.095207214355468750e+01
5.012731170654296875e+01
4.913983535766601562e+01
7.107130432128906250e+01
5.329209136962890625e+01
4.403082275390625000e+01
4.335034942626953125e+01
2.001064910888671875e+02
8.836494445800781250e+01
4.494924163818359375e+01
4.850214385986328125e+01
4.804865264892578125e+01
1.402423706054687500e+02
4.021434783935546875e+01
5.070731735229492188e+01
6.314076232910156250e+01
4.053192901611328125e+01
6.318483734130859375e+01
5.349180603027343750e+01
5.484891891479492188e+01
5.192849731445312500e+01
6.032309722900390625e+01
3.306491851806640625e+01
3.000000000000000000e+01
4.879151535034179688e+01
5.816203689575195312e+01
1.937094726562500000e+02
5.603376770019531250e+01
4.830512237548828125e+01
6.027352523803710938e+01
6.175240325927734375e+01
4.552030563354492188e+01
6.760166931152343750e+01
5.623863220214843750e+01
5.178906250000000000e+01
4.662202453613281250e+01
6.645449829101562500e+01
6.145878601074218750e+01
3.937386322021484375e+01
4.077499008178710938e+01
6.109997940063476562e+01
3.540277481079101562e+01
4.674980926513671875e+01
3.288098526000976562e+01
6.314881896972656250e+01
6.070238113403320312e+01
3.000000000000000000e+01
4.833995437622070312e+01
4.864526367187500000e+01
7.834080505371093750e+01
7.451811981201171875e+01
1.028603210449218750e+02
3.000000000000000000e+01
7.072415161132812500e+01
8.006397247314453125e+01
3.977494812011718750e+01
8.432109069824218750e+01
3.907435607910156250e+01
5.322213745117187500e+01
3.633298492431640625e+01
4.459045410156250000e+01
1.287914123535156250e+02
6.064506530761718750e+01
5.022251892089843750e+01
7.127462005615234375e+01
4.075357818603515625e+01
1.238248367309570312e+02
5.632150650024414062e+01
4.113392257690429688e+01
5.537405395507812500e+01
8.259782409667968750e+01
8.262363433837890625e+01
7.047341918945312500e+01
5.582072830200195312e+01
3.899212646484375000e+01
4.440904235839843750e+01
5.218460083007812500e+01
6.186624908447265625e+01
1.251650009155273438e+02
1.007159576416015625e+02
1.249627990722656250e+02
5.450110626220703125e+01
3.882754135131835938e+01
5.860603713989257812e+01
3.861486816406250000e+01
5.120709228515625000e+01
3.378242874145507812e+01
3.000000000000000000e+01
6.304199600219726562e+01
1.294047088623046875e+02
6.004561614990234375e+01
3.540399169921875000e+01
5.725237274169921875e+01
5.778627777099609375e+01
3.780417633056640625e+01
4.989286422729492188e+01
5.204463195800781250e+01
3.780875396728515625e+01
6.971905517578125000e+01
4.888099670410156250e+01
5.422625732421875000e+01
5.286752700805664062e+01
3.002695655822753906e+01
4.622977828979492188e+01
5.278089141845703125e+01
4.208200836181640625e+01
6.968258666992187500e+01
8.368347167968750000e+01
5.131678009033203125e+01
9.464721679687500000e+01
4.201905822753906250e+01
3.662483978271484375e+01
5.955998229980468750e+01
4.261657333374023438e+01
3.768408203125000000e+01
4.494608688354492188e+01
4.414614105224609375e+01
3.924211502075195312e+01
9.736917114257812500e+01
4.761890792846679688e+01
3.781412887573242188e+01
1.751748962402343750e+02
8.382180786132812500e+01
4.488746261596679688e+01
5.920135116577148438e+01
7.903388977050781250e+01
4.596835327148437500e+01
5.516817092895507812e+01
1.142837677001953125e+02
4.399260330200195312e+01
6.890887451171875000e+01
3.983512496948242188e+01
3.050430679321289062e+01
5.035824966430664062e+01
6.929194641113281250e+01
4.466675186157226562e+01
4.665549087524414062e+01
4.932425689697265625e+01
5.105046844482421875e+01
4.534004974365234375e+01
5.089044570922851562e+01
4.272695922851562500e+01
4.047991561889648438e+01
6.664405059814453125e+01
7.899128723144531250e+01
3.987934494018554688e+01
8.691548919677734375e+01
4.737744522094726562e+01
4.375556182861328125e+01
7.645030212402343750e+01
7.505583953857421875e+01
4.088185882568359375e+01
5.303108596801757812e+01
3.607878494262695312e+01
4.754396820068359375e+01
3.391549682617187500e+01
9.545758056640625000e+01
4.808190536499023438e+01
4.205389022827148438e+01
6.874723815917968750e+01
5.193157196044921875e+01
5.539048004150390625e+01
3.410498046875000000e+01
4.655603027343750000e+01
5.134929656982421875e+01
4.555213928222656250e+01
7.219541168212890625e+01
7.081165313720703125e+01
4.401620864868164062e+01
5.680641555786132812e+01
3.453985595703125000e+01
4.865925979614257812e+01
7.104556274414062500e+01
8.498336791992187500e+01
5.484891891479492188e+01
4.994413757324218750e+01
6.325601577758789062e+01
4.655603027343750000e+01
4.798038101196289062e+01
4.764991378784179688e+01
3.000000000000000000e+01
4.141811370849609375e+01
5.651135253906250000e+01
6.257576370239257812e+01
3.613970184326171875e+01
6.069230651855468750e+01
4.876276016235351562e+01
7.178279113769531250e+01
3.691861724853515625e+01
6.132282638549804688e+01
3.365398025512695312e+01
5.033617782592773438e+01
5.983634948730468750e+01
4.525681686401367188e+01
6.574868774414062500e+01
3.220461654663085938e+01
7.263844299316406250e+01
6.352330780029296875e+01
5.667686080932617188e+01
5.178326416015625000e+01
4.026921081542968750e+01
9.297927856445312500e+01
7.215209960937500000e+01
4.169531631469726562e+01
3.867297363281250000e+01
5.210558319091796875e+01
7.001341247558593750e+01
5.753017425537109375e+01
4.096479034423828125e+01
9.913306427001953125e+01
4.478340530395507812e+01
4.173497009277343750e+01
4.475695800781250000e+01
4.428033065795898438e+01
6.149851226806640625e+01
4.508965682983398438e+01
8.181787109375000000e+01
5.944086074829101562e+01
4.596807098388671875e+01
4.455431365966796875e+01
5.764109039306640625e+01
6.388386535644531250e+01
7.020143127441406250e+01
3.000000000000000000e+01
3.776421737670898438e+01
3.000000000000000000e+01
3.802808380126953125e+01
6.551841735839843750e+01
4.610907745361328125e+01
6.936817932128906250e+01
6.296887207031250000e+01
5.203076934814453125e+01
4.184167098999023438e+01
4.616426849365234375e+01
3.971005249023437500e+01
5.764109039306640625e+01
7.038961791992187500e+01
5.449639511108398438e+01
4.785971832275390625e+01
4.128541183471679688e+01
8.043206024169921875e+01
5.902404022216796875e+01
6.892715454101562500e+01
4.947190475463867188e+01
3.446349716186523438e+01
5.985867309570312500e+01
3.035121154785156250e+01
6.836125183105468750e+01
3.090654373168945312e+01
4.779814910888671875e+01
4.062693023681640625e+01
3.000000000000000000e+01
4.413668441772460938e+01
4.641835021972656250e+01
7.228051757812500000e+01
4.314776611328125000e+01
8.498336791992187500e+01
5.063954162597656250e+01
4.024220275878906250e+01
3.889188766479492188e+01
4.891164016723632812e+01
3.845148468017578125e+01
3.387842178344726562e+01
6.385376739501953125e+01
6.741282653808593750e+01
5.255651092529296875e+01
4.374730682373046875e+01
4.098153686523437500e+01
7.177292633056640625e+01
5.821636962890625000e+01
5.020429229736328125e+01
4.644661712646484375e+01
3.000000000000000000e+01
4.238108444213867188e+01
3.917609786987304688e+01
4.569816589355468750e+01
3.971187973022460938e+01
4.769990921020507812e+01
4.755741882324218750e+01
3.775270843505859375e+01
3.910324478149414062e+01
4.648049926757812500e+01
3.250234222412109375e+01
5.841926193237304688e+01
5.657572937011718750e+01
6.723547363281250000e+01
5.063953781127929688e+01
7.038725280761718750e+01
3.530569839477539062e+01
4.871734237670898438e+01
3.976115417480468750e+01
3.013504028320312500e+01
4.665076828002929688e+01
6.766526031494140625e+01
3.000000000000000000e+01
6.665261077880859375e+01
4.459422683715820312e+01
4.029051589965820312e+01
4.447113037109375000e+01
6.916738891601562500e+01
3.000000000000000000e+01
3.762937164306640625e+01
7.342768859863281250e+01
4.674783706665039062e+01
8.259782409667968750e+01
7.642492675781250000e+01
3.000000000000000000e+01
8.198396301269531250e+01
1.098392562866210938e+02
5.134557342529296875e+01
4.679732513427734375e+01
4.891251373291015625e+01
6.523422241210937500e+01
7.857805633544921875e+01
5.582356262207031250e+01
5.692269897460937500e+01
8.235266876220703125e+01
4.098799514770507812e+01
7.848927307128906250e+01
3.550369262695312500e+01
4.155165863037109375e+01
4.034237289428710938e+01
5.374561309814453125e+01
4.229678344726562500e+01
7.587235260009765625e+01
5.408367156982421875e+01
4.830512237548828125e+01
4.515164566040039062e+01
4.725406646728515625e+01
3.873875045776367188e+01
4.871920013427734375e+01
7.774836730957031250e+01
4.905909729003906250e+01
4.284532928466796875e+01
5.848952865600585938e+01
4.354193878173828125e+01
4.490735244750976562e+01
5.256043624877929688e+01
5.178326416015625000e+01
3.208347702026367188e+01
3.586073684692382812e+01
4.472853088378906250e+01
5.023132324218750000e+01
3.000000000000000000e+01
4.433308410644531250e+01
6.296091461181640625e+01
3.895298385620117188e+01
4.069335937500000000e+01
4.337854003906250000e+01
7.547320556640625000e+01
5.171472167968750000e+01
7.239133453369140625e+01
1.125952606201171875e+02
5.251118850708007812e+01
4.287765502929687500e+01
4.746440505981445312e+01
5.205513381958007812e+01
3.961636734008789062e+01
4.205641174316406250e+01
6.592863464355468750e+01
8.142405700683593750e+01
4.862529373168945312e+01
3.341077804565429688e+01
4.638610839843750000e+01
5.861397171020507812e+01
3.141427803039550781e+01
5.122632598876953125e+01
5.329209136962890625e+01
5.212035369873046875e+01
3.000000000000000000e+01
6.292175674438476562e+01
3.470998382568359375e+01
5.865998840332031250e+01
5.840974426269531250e+01
3.000000000000000000e+01
5.175192260742187500e+01
4.250624847412109375e+01
3.477590942382812500e+01
5.959718322753906250e+01
5.189674758911132812e+01
4.631277847290039062e+01
5.293927001953125000e+01
3.959160232543945312e+01
4.410366821289062500e+01
4.896163940429687500e+01
4.665299987792968750e+01
3.000000000000000000e+01
6.783071899414062500e+01
4.130623245239257812e+01
5.100995635986328125e+01
4.218907165527343750e+01
4.123536682128906250e+01
5.901493835449218750e+01
5.271537017822265625e+01
5.694889450073242188e+01
3.000000000000000000e+01
4.883643722534179688e+01
5.101874160766601562e+01
5.749963378906250000e+01
3.454798126220703125e+01
4.634661102294921875e+01
5.149805450439453125e+01
6.264870452880859375e+01
4.316755676269531250e+01
5.466825866699218750e+01
4.278651809692382812e+01
6.849579620361328125e+01
3.941206359863281250e+01
8.876183319091796875e+01
8.282682800292968750e+01
5.025569534301757812e+01
4.399546051025390625e+01
4.251632308959960938e+01
7.315510559082031250e+01
4.971726608276367188e+01
3.896087646484375000e+01
7.231817626953125000e+01
4.346647644042968750e+01
4.037821960449218750e+01
5.195538330078125000e+01
8.541989898681640625e+01
4.967201614379882812e+01
5.478722381591796875e+01
3.000000000000000000e+01
5.756250762939453125e+01
3.795020675659179688e+01
3.886210632324218750e+01
5.097278594970703125e+01
1.212437591552734375e+02
5.324104309082031250e+01
4.404468154907226562e+01
3.238863754272460938e+01
5.519718551635742188e+01
4.332093048095703125e+01
4.986118316650390625e+01
5.572134399414062500e+01
1.028603210449218750e+02
5.083193588256835938e+01
6.767082214355468750e+01
7.187462615966796875e+01
7.012956237792968750e+01
6.146261978149414062e+01
3.000000000000000000e+01
3.769267272949218750e+01
5.075897979736328125e+01
3.727219772338867188e+01
3.783317947387695312e+01
3.914232635498046875e+01
3.939679718017578125e+01
3.000000000000000000e+01
3.399117660522460938e+01
3.002048301696777344e+01
4.267792510986328125e+01
7.073476409912109375e+01
4.948565292358398438e+01
3.845552444458007812e+01
4.172810745239257812e+01
3.295883178710937500e+01
3.000000000000000000e+01
5.020166015625000000e+01
7.362350463867187500e+01
4.401325607299804688e+01
4.158116149902343750e+01
3.000000000000000000e+01
5.951542663574218750e+01
6.473799133300781250e+01
3.000000000000000000e+01
9.297927856445312500e+01
4.465695190429687500e+01
7.741103363037109375e+01
4.169247055053710938e+01
5.145639801025390625e+01
5.715342330932617188e+01
4.522653579711914062e+01
3.000000000000000000e+01
4.624159622192382812e+01
5.047966766357421875e+01
5.405808639526367188e+01
4.641329574584960938e+01
4.186342620849609375e+01
5.398861694335937500e+01
4.044945907592773438e+01
6.318483734130859375e+01
5.993705749511718750e+01
7.725401306152343750e+01
5.249628067016601562e+01
4.878453063964843750e+01
5.255918884277343750e+01
3.000000000000000000e+01
4.470610046386718750e+01
5.533243942260742188e+01
5.605235290527343750e+01
5.710824203491210938e+01
4.493675994873046875e+01
4.655489349365234375e+01
4.112442779541015625e+01
4.341192626953125000e+01
7.631343078613281250e+01
3.586344528198242188e+01
3.964196777343750000e+01
3.876844406127929688e+01
4.256246566772460938e+01
4.681042480468750000e+01
3.421240997314453125e+01
5.391889572143554688e+01
4.608872985839843750e+01
3.721183776855468750e+01
6.244158172607421875e+01
7.127462005615234375e+01
3.000000000000000000e+01
5.014879608154296875e+01
4.310782623291015625e+01
3.905051040649414062e+01
4.420741271972656250e+01
4.849150466918945312e+01
4.592677688598632812e+01
4.159214401245117188e+01
4.631245422363281250e+01
4.326560592651367188e+01
3.838633728027343750e+01
5.738371276855468750e+01
4.768578720092773438e+01
3.694796752929687500e+01
3.466311645507812500e+01
3.936701202392578125e+01
3.312287521362304688e+01
4.814775085449218750e+01
5.387619018554687500e+01
8.541989898681640625e+01
5.950217437744140625e+01
3.048187065124511719e+01
3.529629516601562500e+01
9.952771759033203125e+01
5.203000259399414062e+01
3.769713592529296875e+01
7.631343078613281250e+01
5.548958587646484375e+01
4.450967407226562500e+01
3.634878921508789062e+01
5.324667739868164062e+01
9.723597717285156250e+01
7.984746551513671875e+01
5.240277862548828125e+01
7.411918640136718750e+01
3.407257843017578125e+01
3.000000000000000000e+01
7.746379852294921875e+01
4.545242309570312500e+01
4.883768463134765625e+01
5.645029449462890625e+01
3.788461685180664062e+01
3.465728759765625000e+01
5.838550949096679688e+01
3.000000000000000000e+01
4.794499206542968750e+01
6.093309783935546875e+01
4.596234512329101562e+01
3.005899047851562500e+01
4.950701141357421875e+01
1.098392562866210938e+02
4.491734695434570312e+01
4.054354476928710938e+01
7.824932098388671875e+01
4.681233215332031250e+01
3.000000000000000000e+01
7.920928955078125000e+01
4.857941055297851562e+01
3.206566238403320312e+01
3.218574142456054688e+01
4.401934814453125000e+01
5.130445098876953125e+01
3.878028869628906250e+01
3.778063201904296875e+01
4.424671173095703125e+01
6.141534042358398438e+01
5.402177429199218750e+01
4.512785720825195312e+01
4.067050552368164062e+01
4.193423461914062500e+01
4.324986648559570312e+01
3.796842575073242188e+01
6.757685852050781250e+01
4.605886459350585938e+01
4.957538986206054688e+01
3.000000000000000000e+01
3.204557037353515625e+01
3.212525177001953125e+01
3.104835700988769531e+01
5.853591156005859375e+01
3.773393630981445312e+01
4.862528991699218750e+01
4.403082275390625000e+01
4.319279479980468750e+01
5.440294647216796875e+01
4.910104370117187500e+01
5.453182220458984375e+01
5.945809936523437500e+01
5.325912857055664062e+01
4.915773773193359375e+01
3.986020278930664062e+01
7.834081268310546875e+01
5.174081420898437500e+01
3.206422424316406250e+01
3.000000000000000000e+01
5.143568038940429688e+01
6.560087585449218750e+01
3.807949066162109375e+01
3.979301452636718750e+01
3.322103500366210938e+01
3.532325363159179688e+01
3.747687530517578125e+01
4.061032104492187500e+01
5.214530563354492188e+01
4.390489578247070312e+01
6.535369873046875000e+01
4.506293487548828125e+01
5.920357894897460938e+01
4.189544677734375000e+01
4.515711212158203125e+01
7.201338958740234375e+01
3.200171279907226562e+01
4.731168365478515625e+01
3.000000000000000000e+01
3.000000000000000000e+01
4.729865264892578125e+01
4.366687011718750000e+01
3.234788513183593750e+01
4.502692413330078125e+01
3.000000000000000000e+01
3.718457031250000000e+01
4.507849502563476562e+01
4.109703063964843750e+01
