4.850277328491210938e+01
6.439784240722656250e+01
3.644460678100585938e+01
3.914290618896484375e+01
6.984415435791015625e+01
4.642002487182617188e+01
3.000000000000000000e+01
7.056436157226562500e+01
6.281533050537109375e+01
1.160009384155273438e+02
4.470583343505859375e+01
9.654846954345703125e+01
5.291038894653320312e+01
4.605601501464843750e+01
3.000000000000000000e+01
5.240182876586914062e+01
7.552078247070312500e+01
4.390312194824218750e+01
4.087230682373046875e+01
1.329001464843750000e+02
4.122649383544921875e+01
9.625646972656250000e+01
3.000000000000000000e+01
3.000000000000000000e+01
3.979180908203125000e+01
7.474195098876953125e+01
3.354877853393554688e+01
4.828230285644531250e+01
1.858873596191406250e+02
3.121501922607421875e+01
6.123556518554687500e+01
4.495835113525390625e+01
4.898524475097656250e+01
9.705341339111328125e+01
6.072061157226562500e+01
6.570772552490234375e+01
6.825971221923828125e+01
5.042260360717773438e+01
4.703095626831054688e+01
3.758414840698242188e+01
4.846664810180664062e+01
3.862316131591796875e+01
5.694377517700195312e+01
4.465417480468750000e+01
3.806748199462890625e+01
3.796652221679687500e+01
3.148325920104980469e+01
6.570983123779296875e+01
1.175629882812500000e+02
6.422265625000000000e+01
4.566592407226562500e+01
3.578429794311523438e+01
7.481694030761718750e+01
4.603705978393554688e+01
1.261345214843750000e+02
3.866587448120117188e+01
6.531349945068359375e+01
4.813983154296875000e+01
6.078791046142578125e+01
7.603570556640625000e+01
4.956474685668945312e+01
8.798633575439453125e+01
4.106357955932617188e+01
1.039644012451171875e+02
1.162408752441406250e+02
5.429937744140625000e+01
5.077683258056640625e+01
3.000000000000000000e+01
4.546174621582031250e+01
3.687554550170898438e+01
6.525973510742187500e+01
3.418894958496093750e+01
5.355542755126953125e+01
3.256872558593750000e+01
4.109378433227539062e+01
3.000000000000000000e+01
4.455344390869140625e+01
4.116259002685546875e+01
3.927362060546875000e+01
6.121886444091796875e+01
3.674071502685546875e+01
7.552078247070312500e+01
5.610184097290039062e+01
1.376240997314453125e+02
1.110393295288085938e+02
3.000000000000000000e+01
3.998147964477539062e+01
4.563824462890625000e+01
5.291038894653320312e+01
6.330529022216796875e+01
4.427932357788085938e+01
5.852499389648437500e+01
6.039253997802734375e+01
5.114893722534179688e+01
1.137608413696289062e+02
1.118380737304687500e+02
6.417131042480468750e+01
3.970339584350585938e+01
6.009491729736328125e+01
4.197440338134765625e+01
1.022345504760742188e+02
4.753545379638671875e+01
1.591292724609375000e+02
3.000000000000000000e+01
4.163949584960937500e+01
9.741856384277343750e+01
3.000000000000000000e+01
6.724713134765625000e+01
5.338591766357421875e+01
3.000000000000000000e+01
4.155294036865234375e+01
3.000000000000000000e+01
6.828432464599609375e+01
1.308397521972656250e+02
4.110117340087890625e+01
4.347859954833984375e+01
9.592347717285156250e+01
4.639495086669921875e+01
8.022634887695312500e+01
5.895729827880859375e+01
4.720741271972656250e+01
6.435784912109375000e+01
4.302890014648437500e+01
4.573516082763671875e+01
4.234843063354492188e+01
4.938422393798828125e+01
6.320969772338867188e+01
4.951251220703125000e+01
4.862459564208984375e+01
3.195691108703613281e+01
4.192355728149414062e+01
1.210359878540039062e+02
5.383867645263671875e+01
3.301770401000976562e+01
5.656276702880859375e+01
3.823425292968750000e+01
1.332007293701171875e+02
4.512827682495117188e+01
4.641688537597656250e+01
6.472558593750000000e+01
5.648573303222656250e+01
8.097660064697265625e+01
7.012343597412109375e+01
6.245705413818359375e+01
6.103560256958007812e+01
4.679898452758789062e+01
9.680491638183593750e+01
9.371932983398437500e+01
4.382460021972656250e+01
1.207768096923828125e+02
4.819099426269531250e+01
7.139215087890625000e+01
5.520779037475585938e+01
6.360660552978515625e+01
4.259842681884765625e+01
9.708168029785156250e+01
3.000000000000000000e+01
1.393128051757812500e+02
4.273606872558593750e+01
6.008042907714843750e+01
3.694193649291992188e+01
5.530960083007812500e+01
4.301699066162109375e+01
3.679401779174804688e+01
6.179119110107421875e+01
4.148142623901367188e+01
5.408274841308593750e+01
5.158045196533203125e+01
3.472989273071289062e+01
8.500836181640625000e+01
3.868152618408203125e+01
4.301943969726562500e+01
3.238743972778320312e+01
3.000000000000000000e+01
5.829627990722656250e+01
6.116816711425781250e+01
4.306106567382812500e+01
4.852286529541015625e+01
7.288210296630859375e+01
5.492942047119140625e+01
7.012257385253906250e+01
6.472657012939453125e+01
6.627735900878906250e+01
5.356268310546875000e+01
4.371133804321289062e+01
3.440251159667968750e+01
3.000000000000000000e+01
5.737966918945312500e+01
4.845379638671875000e+01
4.344600677490234375e+01
4.908293914794921875e+01
4.318473052978515625e+01
5.091831970214843750e+01
4.526928710937500000e+01
4.285729217529296875e+01
5.205166625976562500e+01
3.018360137939453125e+01
7.360456085205078125e+01
1.503950042724609375e+02
4.896202850341796875e+01
5.327402496337890625e+01
1.271030883789062500e+02
6.173408126831054688e+01
3.000000000000000000e+01
4.781983947753906250e+01
4.039949798583984375e+01
4.020106506347656250e+01
3.875621032714843750e+01
9.564723968505859375e+01
3.635484313964843750e+01
3.832981109619140625e+01
1.026424255371093750e+02
3.387440490722656250e+01
3.971178436279296875e+01
4.026573944091796875e+01
4.585509490966796875e+01
3.403600311279296875e+01
5.414345550537109375e+01
3.257222747802734375e+01
4.366633605957031250e+01
3.614664840698242188e+01
5.878254318237304688e+01
9.603852844238281250e+01
4.094435882568359375e+01
4.537388229370117188e+01
4.012526702880859375e+01
6.391136932373046875e+01
1.165769195556640625e+02
6.584125518798828125e+01
1.297736663818359375e+02
3.688826370239257812e+01
5.234888076782226562e+01
5.869324874877929688e+01
5.907891082763671875e+01
3.969311141967773438e+01
6.210780334472656250e+01
4.036487579345703125e+01
4.468566513061523438e+01
7.629655456542968750e+01
5.435265350341796875e+01
4.114634704589843750e+01
1.161179656982421875e+02
1.195003662109375000e+02
6.341797637939453125e+01
9.261276245117187500e+01
3.000000000000000000e+01
6.094422149658203125e+01
1.453461608886718750e+02
1.685751800537109375e+02
3.971928405761718750e+01
6.461570739746093750e+01
3.966989135742187500e+01
4.645454788208007812e+01
8.373288726806640625e+01
5.159628295898437500e+01
5.115428543090820312e+01
4.065615844726562500e+01
4.668401336669921875e+01
3.786940765380859375e+01
1.094472732543945312e+02
4.485725402832031250e+01
5.177516937255859375e+01
5.106998443603515625e+01
5.103652191162109375e+01
1.064108123779296875e+02
4.562901306152343750e+01
1.606194000244140625e+02
4.744071960449218750e+01
6.788115692138671875e+01
5.160257339477539062e+01
5.157542037963867188e+01
4.998192596435546875e+01
6.341797637939453125e+01
8.353610229492187500e+01
2.005730133056640625e+02
4.471105575561523438e+01
5.708137512207031250e+01
8.831293487548828125e+01
9.859366607666015625e+01
9.561634826660156250e+01
5.282064819335937500e+01
7.444261932373046875e+01
6.164067459106445312e+01
4.504440307617187500e+01
7.005355072021484375e+01
4.054903411865234375e+01
3.107280731201171875e+01
6.396042633056640625e+01
3.392037582397460938e+01
3.738498306274414062e+01
4.193699264526367188e+01
3.000000000000000000e+01
3.000000000000000000e+01
1.206231307983398438e+02
3.913800811767578125e+01
3.641457366943359375e+01
4.232818603515625000e+01
5.202576828002929688e+01
4.351743698120117188e+01
5.324953460693359375e+01
6.326441192626953125e+01
3.178185081481933594e+01
4.364424896240234375e+01
6.240169525146484375e+01
6.679726409912109375e+01
4.177989959716796875e+01
7.707118225097656250e+01
7.891420745849609375e+01
6.078296661376953125e+01
1.534716796875000000e+02
1.399527587890625000e+02
3.000000000000000000e+01
1.027677307128906250e+02
1.176921310424804688e+02
7.949217987060546875e+01
4.247109222412109375e+01
4.128443908691406250e+01
1.271763916015625000e+02
6.037690734863281250e+01
6.009491729736328125e+01
4.862081146240234375e+01
4.398134231567382812e+01
4.765945816040039062e+01
5.289203643798828125e+01
3.440492630004882812e+01
3.596939468383789062e+01
3.498348617553710938e+01
3.890916442871093750e+01
5.355542755126953125e+01
5.297014617919921875e+01
8.131642913818359375e+01
4.910023880004882812e+01
4.798575592041015625e+01
4.662417602539062500e+01
4.117974853515625000e+01
4.817000579833984375e+01
7.522563934326171875e+01
5.024655151367187500e+01
4.020019912719726562e+01
3.634420013427734375e+01
5.548911666870117188e+01
1.025814819335937500e+02
4.867359542846679688e+01
6.078296661376953125e+01
4.520498275756835938e+01
4.907250976562500000e+01
1.861846923828125000e+02
3.471135330200195312e+01
3.394178771972656250e+01
1.284767761230468750e+02
1.593165435791015625e+02
2.051514434814453125e+02
6.126016616821289062e+01
8.798633575439453125e+01
4.064677810668945312e+01
1.139426040649414062e+02
6.112398529052734375e+01
3.391600799560546875e+01
1.479090270996093750e+02
5.889030838012695312e+01
4.984499359130859375e+01
1.626168823242187500e+02
5.126581573486328125e+01
6.011262512207031250e+01
8.821298980712890625e+01
3.108168220520019531e+01
5.756186676025390625e+01
1.158349761962890625e+02
3.000000000000000000e+01
5.578184509277343750e+01
5.709265899658203125e+01
4.597032546997070312e+01
7.687261199951171875e+01
1.434725646972656250e+02
7.308316040039062500e+01
1.343779602050781250e+02
8.704805755615234375e+01
3.121501731872558594e+01
9.059006500244140625e+01
9.034526824951171875e+01
3.000000000000000000e+01
3.043187713623046875e+01
3.000000000000000000e+01
4.087588500976562500e+01
7.113290405273437500e+01
1.195003662109375000e+02
4.798427581787109375e+01
4.872266769409179688e+01
4.201284790039062500e+01
2.783762207031250000e+02
4.133007049560546875e+01
4.522854995727539062e+01
4.334790802001953125e+01
3.000000000000000000e+01
4.971724700927734375e+01
7.896453094482421875e+01
6.333037567138671875e+01
1.080325927734375000e+02
6.039987182617187500e+01
4.696492004394531250e+01
5.240250015258789062e+01
4.129980850219726562e+01
1.459975128173828125e+02
4.425062179565429688e+01
3.500099182128906250e+01
3.841296386718750000e+01
3.961695861816406250e+01
5.769651412963867188e+01
8.268367767333984375e+01
1.275667877197265625e+02
6.542498779296875000e+01
9.467771911621093750e+01
4.909247589111328125e+01
4.074243545532226562e+01
6.803294372558593750e+01
3.465032196044921875e+01
7.406686401367187500e+01
6.808958435058593750e+01
3.000000000000000000e+01
3.683570861816406250e+01
1.045840454101562500e+02
4.240969085693359375e+01
4.351650238037109375e+01
1.343746948242187500e+02
6.168221282958984375e+01
4.407398986816406250e+01
7.094617462158203125e+01
4.865279388427734375e+01
6.614359283447265625e+01
9.158415222167968750e+01
5.564306640625000000e+01
8.131642913818359375e+01
2.120208587646484375e+02
5.289204025268554688e+01
1.228448562622070312e+02
3.694395446777343750e+01
4.837609100341796875e+01
7.773136901855468750e+01
4.828230667114257812e+01
5.238094329833984375e+01
6.439318084716796875e+01
3.000000000000000000e+01
6.646675872802734375e+01
5.333572769165039062e+01
8.120625305175781250e+01
4.383086395263671875e+01
4.582045745849609375e+01
6.634960174560546875e+01
6.477221679687500000e+01
8.877669525146484375e+01
5.468331146240234375e+01
5.520779037475585938e+01
5.342360687255859375e+01
5.387599182128906250e+01
7.944326782226562500e+01
3.184222030639648438e+01
1.130805664062500000e+02
9.326689910888671875e+01
3.319094085693359375e+01
1.110818481445312500e+02
7.682400512695312500e+01
4.627266693115234375e+01
4.531988525390625000e+01
4.051819992065429688e+01
4.564576339721679688e+01
1.666061096191406250e+02
3.780488204956054688e+01
5.629502487182617188e+01
5.716325759887695312e+01
4.340833282470703125e+01
9.206143188476562500e+01
3.952667999267578125e+01
4.433993530273437500e+01
1.448710021972656250e+02
6.679726409912109375e+01
9.412464141845703125e+01
5.783792114257812500e+01
3.453359603881835938e+01
6.251786804199218750e+01
9.861816406250000000e+01
9.214762878417968750e+01
7.116590881347656250e+01
7.567085266113281250e+01
3.000000000000000000e+01
6.185526275634765625e+01
7.989895629882812500e+01
4.181892776489257812e+01
3.971178436279296875e+01
8.122693634033203125e+01
8.378802490234375000e+01
4.762500762939453125e+01
5.302438735961914062e+01
4.767103958129882812e+01
3.000000000000000000e+01
4.066754531860351562e+01
3.003582191467285156e+01
4.326659011840820312e+01
3.000000000000000000e+01
4.451633453369140625e+01
4.904981231689453125e+01
5.576721954345703125e+01
4.447851943969726562e+01
8.430147552490234375e+01
6.944398498535156250e+01
4.668013381958007812e+01
4.193624877929687500e+01
5.056657028198242188e+01
6.654489135742187500e+01
3.000000000000000000e+01
3.401428985595703125e+01
6.915679931640625000e+01
3.398332977294921875e+01
5.325622558593750000e+01
3.000000000000000000e+01
4.959457397460937500e+01
3.000000000000000000e+01
3.000000000000000000e+01
1.015796356201171875e+02
4.432087326049804688e+01
4.084076690673828125e+01
7.004376220703125000e+01
3.500099182128906250e+01
8.079768371582031250e+01
3.000000000000000000e+01
4.947526168823242188e+01
1.410995178222656250e+02
4.298716354370117188e+01
1.084653930664062500e+02
1.073810119628906250e+02
3.817706680297851562e+01
4.622443389892578125e+01
8.230554962158203125e+01
4.095010757446289062e+01
5.052472686767578125e+01
5.106998443603515625e+01
8.142994689941406250e+01
4.744898986816406250e+01
5.753306579589843750e+01
5.454753112792968750e+01
3.000000000000000000e+01
4.208981323242187500e+01
1.073378219604492188e+02
5.085053634643554688e+01
7.479672241210937500e+01
4.756652832031250000e+01
3.359573364257812500e+01
3.067684745788574219e+01
5.162972259521484375e+01
4.093757629394531250e+01
4.428583526611328125e+01
3.615707015991210938e+01
3.456897354125976562e+01
4.090990447998046875e+01
5.594293212890625000e+01
5.110518646240234375e+01
4.518338012695312500e+01
5.086793136596679688e+01
6.724713134765625000e+01
6.216997146606445312e+01
9.564723968505859375e+01
5.733226394653320312e+01
1.058251266479492188e+02
9.607476806640625000e+01
9.683587646484375000e+01
3.829383850097656250e+01
5.271342468261718750e+01
3.005708122253417969e+01
4.355354690551757812e+01
8.027928161621093750e+01
6.105423736572265625e+01
9.178761291503906250e+01
9.937242126464843750e+01
4.110117340087890625e+01
4.688569641113281250e+01
6.796186828613281250e+01
1.028174591064453125e+02
4.242987823486328125e+01
5.669756317138671875e+01
4.670161437988281250e+01
3.903720855712890625e+01
7.746579742431640625e+01
4.427932739257812500e+01
4.696393585205078125e+01
4.500914764404296875e+01
5.053541564941406250e+01
4.930853652954101562e+01
8.406655120849609375e+01
4.491947555541992188e+01
3.360678482055664062e+01
4.103261566162109375e+01
1.080325927734375000e+02
4.683058166503906250e+01
3.301060104370117188e+01
6.007053375244140625e+01
5.815405654907226562e+01
4.427032470703125000e+01
5.582493591308593750e+01
5.377128982543945312e+01
7.182098388671875000e+01
4.275485610961914062e+01
6.102115631103515625e+01
7.242927551269531250e+01
8.428053283691406250e+01
8.051821136474609375e+01
5.404748535156250000e+01
3.187919616699218750e+01
6.826184082031250000e+01
7.464704895019531250e+01
5.092303466796875000e+01
5.468249511718750000e+01
5.244185256958007812e+01
4.154247283935546875e+01
5.714870452880859375e+01
5.372948455810546875e+01
3.009862327575683594e+01
5.026091766357421875e+01
6.671292877197265625e+01
6.634959411621093750e+01
5.289629364013671875e+01
4.677959823608398438e+01
3.901558685302734375e+01
9.279148864746093750e+01
1.158429641723632812e+02
8.122285461425781250e+01
3.151884078979492188e+01
9.683587646484375000e+01
6.126016616821289062e+01
4.920078277587890625e+01
8.378802490234375000e+01
4.086628723144531250e+01
3.630695724487304688e+01
8.003369140625000000e+01
3.000000000000000000e+01
3.941440582275390625e+01
2.227082824707031250e+02
3.622972106933593750e+01
3.281164169311523438e+01
3.810865402221679688e+01
1.281435394287109375e+02
5.613134765625000000e+01
5.332204818725585938e+01
9.039326477050781250e+01
4.829141616821289062e+01
1.381449737548828125e+02
8.519544219970703125e+01
9.190161132812500000e+01
3.078391265869140625e+01
4.393696594238281250e+01
5.569240188598632812e+01
6.319830703735351562e+01
5.865513229370117188e+01
5.024655151367187500e+01
5.067706298828125000e+01
4.289302825927734375e+01
5.031386184692382812e+01
5.664256668090820312e+01
6.144853210449218750e+01
3.939067459106445312e+01
6.781518554687500000e+01
8.333567810058593750e+01
3.981020355224609375e+01
3.368638229370117188e+01
5.535035324096679688e+01
3.000000000000000000e+01
5.304069900512695312e+01
8.440547180175781250e+01
5.010818099975585938e+01
7.898052978515625000e+01
4.843002319335937500e+01
5.163570022583007812e+01
3.485204315185546875e+01
8.097659301757812500e+01
6.059944152832031250e+01
8.846817016601562500e+01
1.092483062744140625e+02
5.671237182617187500e+01
4.889260482788085938e+01
4.936736679077148438e+01
3.257793045043945312e+01
6.304540252685546875e+01
7.018795013427734375e+01
1.666061096191406250e+02
5.064462661743164062e+01
5.131382751464843750e+01
4.484666061401367188e+01
4.067405700683593750e+01
4.263765335083007812e+01
5.755998229980468750e+01
5.301137542724609375e+01
5.714517211914062500e+01
7.330010223388671875e+01
3.000000000000000000e+01
3.682180786132812500e+01
5.229230499267578125e+01
9.811157226562500000e+01
6.868710327148437500e+01
1.084653930664062500e+02
3.424091339111328125e+01
3.000000000000000000e+01
5.052650833129882812e+01
7.329536437988281250e+01
1.613015136718750000e+02
5.401448822021484375e+01
5.093475341796875000e+01
5.352793502807617188e+01
3.818008804321289062e+01
4.041691970825195312e+01
8.170407104492187500e+01
3.591444396972656250e+01
3.636756515502929688e+01
6.016296768188476562e+01
8.711582946777343750e+01
5.095134735107421875e+01
9.622872924804687500e+01
3.906271743774414062e+01
5.871600723266601562e+01
6.037690734863281250e+01
6.131402206420898438e+01
5.435826110839843750e+01
4.198960876464843750e+01
4.629063796997070312e+01
3.452647399902343750e+01
4.752845382690429688e+01
4.425062561035156250e+01
3.840336608886718750e+01
3.534137725830078125e+01
6.168221282958984375e+01
4.387208938598632812e+01
3.000000000000000000e+01
4.220861816406250000e+01
4.522854995727539062e+01
3.517251205444335938e+01
1.407641601562500000e+02
3.000000000000000000e+01
5.297813034057617188e+01
1.062930908203125000e+02
4.288929748535156250e+01
3.000000000000000000e+01
4.678173828125000000e+01
6.008042907714843750e+01
6.679893493652343750e+01
5.958779907226562500e+01
4.248274230957031250e+01
5.990269470214843750e+01
5.389209747314453125e+01
6.066918945312500000e+01
4.100685882568359375e+01
7.436813354492187500e+01
4.276953887939453125e+01
6.251786804199218750e+01
4.721567535400390625e+01
3.423741912841796875e+01
3.618333053588867188e+01
5.602819061279296875e+01
4.570013046264648438e+01
4.625537490844726562e+01
4.351743698120117188e+01
5.235703277587890625e+01
5.060923767089843750e+01
5.946749877929687500e+01
9.465843200683593750e+01
6.310704803466796875e+01
8.334931945800781250e+01
4.309350585937500000e+01
5.435265350341796875e+01
4.183957290649414062e+01
6.349462127685546875e+01
7.138989257812500000e+01
5.571965408325195312e+01
6.142952346801757812e+01
4.081246948242187500e+01
7.902291107177734375e+01
4.603192901611328125e+01
5.446395111083984375e+01
9.114627838134765625e+01
1.329001464843750000e+02
1.007641067504882812e+02
4.037577819824218750e+01
3.295717239379882812e+01
4.827412033081054688e+01
5.707180023193359375e+01
8.877670288085937500e+01
8.258674621582031250e+01
5.874843215942382812e+01
1.102473754882812500e+02
5.535035324096679688e+01
4.422582244873046875e+01
3.000000000000000000e+01
5.594262313842773438e+01
3.695083999633789062e+01
3.368244552612304688e+01
3.386036682128906250e+01
8.586280822753906250e+01
7.032806396484375000e+01
4.660275268554687500e+01
1.000038757324218750e+02
3.467873382568359375e+01
3.311380386352539062e+01
3.687554550170898438e+01
5.327185058593750000e+01
4.596173095703125000e+01
4.198960876464843750e+01
1.936189880371093750e+02
5.740594100952148438e+01
5.131719207763671875e+01
4.256846618652343750e+01
5.276213455200195312e+01
1.091275024414062500e+02
4.705329132080078125e+01
4.131896972656250000e+01
6.023923492431640625e+01
3.939067459106445312e+01
9.067492675781250000e+01
4.306635665893554688e+01
6.049171066284179688e+01
5.290652465820312500e+01
5.326445007324218750e+01
5.201333236694335938e+01
3.000000000000000000e+01
5.079048538208007812e+01
6.046862792968750000e+01
2.176277618408203125e+02
3.928479766845703125e+01
5.354599380493164062e+01
5.604261779785156250e+01
5.674753189086914062e+01
4.291688537597656250e+01
4.108845901489257812e+01
3.007477569580078125e+01
4.987575912475585938e+01
3.796852111816406250e+01
4.720530319213867188e+01
5.395939636230468750e+01
4.081140136718750000e+01
4.321624755859375000e+01
4.146084594726562500e+01
3.817706680297851562e+01
4.122771072387695312e+01
3.000000000000000000e+01
5.742799377441406250e+01
8.146598815917968750e+01
3.000000000000000000e+01
4.705180740356445312e+01
4.232818603515625000e+01
7.837303161621093750e+01
4.601997375488281250e+01
8.432061767578125000e+01
3.000000000000000000e+01
7.116590881347656250e+01
8.337850189208984375e+01
3.659078979492187500e+01
9.114627838134765625e+01
4.225731277465820312e+01
3.715193176269531250e+01
3.919007873535156250e+01
4.127919006347656250e+01
1.138097839355468750e+02
4.487445068359375000e+01
4.595667266845703125e+01
6.889376831054687500e+01
4.838329696655273438e+01
8.008806610107421875e+01
5.335353851318359375e+01
4.342756271362304688e+01
6.569839477539062500e+01
7.111411285400390625e+01
7.175280761718750000e+01
6.975542449951171875e+01
7.873139190673828125e+01
3.354004669189453125e+01
4.604298400878906250e+01
5.060806274414062500e+01
7.956488037109375000e+01
1.125167999267578125e+02
6.704008483886718750e+01
1.088290710449218750e+02
4.343051910400390625e+01
4.036540222167968750e+01
3.788677597045898438e+01
3.414735794067382812e+01
5.534975433349609375e+01
3.000000000000000000e+01
3.000000000000000000e+01
7.698249053955078125e+01
9.512220001220703125e+01
4.903745651245117188e+01
3.000000000000000000e+01
5.264008331298828125e+01
6.882000732421875000e+01
4.015536499023437500e+01
4.537762451171875000e+01
7.018795013427734375e+01
4.004952239990234375e+01
6.353881072998046875e+01
4.041691970825195312e+01
5.521606445312500000e+01
5.966574096679687500e+01
4.170180511474609375e+01
3.082933425903320312e+01
5.969984817504882812e+01
3.071369361877441406e+01
6.301733016967773438e+01
6.084875106811523438e+01
4.426353454589843750e+01
9.261276245117187500e+01
5.662646484375000000e+01
3.240526962280273438e+01
3.000000000000000000e+01
3.322107315063476562e+01
3.000000000000000000e+01
4.588440704345703125e+01
3.074226379394531250e+01
4.236953735351562500e+01
1.020240173339843750e+02
4.696492004394531250e+01
3.478126525878906250e+01
6.477221679687500000e+01
7.708866882324218750e+01
4.067143249511718750e+01
6.218524169921875000e+01
7.132841491699218750e+01
4.447851562500000000e+01
4.354615783691406250e+01
9.150471496582031250e+01
4.650315856933593750e+01
7.976287841796875000e+01
3.927362060546875000e+01
3.000000000000000000e+01
6.330529022216796875e+01
3.703322601318359375e+01
4.425756072998046875e+01
5.190796661376953125e+01
4.041743087768554688e+01
4.908568191528320312e+01
4.291635894775390625e+01
5.889030838012695312e+01
4.012284088134765625e+01
3.875709533691406250e+01
6.937250518798828125e+01
8.891163635253906250e+01
3.819983673095703125e+01
9.782696533203125000e+01
5.190878677368164062e+01
3.000000000000000000e+01
9.454907226562500000e+01
9.090835571289062500e+01
4.392314910888671875e+01
5.629331588745117188e+01
4.768134689331054688e+01
5.196671295166015625e+01
3.000000000000000000e+01
6.124135589599609375e+01
5.856521606445312500e+01
3.768672561645507812e+01
5.783792495727539062e+01
5.199746322631835938e+01
5.734072875976562500e+01
3.317224502563476562e+01
4.495024108886718750e+01
6.627187347412109375e+01
5.895729827880859375e+01
8.314840698242187500e+01
7.614619445800781250e+01
3.000000000000000000e+01
5.203982543945312500e+01
3.412248992919921875e+01
5.415406036376953125e+01
6.320969772338867188e+01
7.804342651367187500e+01
6.049171066284179688e+01
5.094987487792968750e+01
6.356845092773437500e+01
4.495024108886718750e+01
4.661709976196289062e+01
5.023982238769531250e+01
5.021554946899414062e+01
4.421736145019531250e+01
6.477674865722656250e+01
4.946962738037109375e+01
4.071669006347656250e+01
4.485725402832031250e+01
3.941217803955078125e+01
4.894480133056640625e+01
3.347475051879882812e+01
6.596369171142578125e+01
4.428305816650390625e+01
4.731155395507812500e+01
8.525683593750000000e+01
3.199506759643554688e+01
6.684689331054687500e+01
3.723742675781250000e+01
8.180126953125000000e+01
6.265882492065429688e+01
4.340093612670898438e+01
4.797728729248046875e+01
3.947604370117187500e+01
5.124188232421875000e+01
8.300614929199218750e+01
3.845921325683593750e+01
4.335044860839843750e+01
5.815246963500976562e+01
4.992995452880859375e+01
5.327402496337890625e+01
3.269828033447265625e+01
5.963372039794921875e+01
4.361248397827148438e+01
3.000000000000000000e+01
4.490183258056640625e+01
4.508232879638671875e+01
7.087415313720703125e+01
4.254567718505859375e+01
7.773136901855468750e+01
4.361661529541015625e+01
3.832981109619140625e+01
4.448056030273437500e+01
3.954261398315429688e+01
4.559037017822265625e+01
4.482047653198242188e+01
3.295717239379882812e+01
4.031896209716796875e+01
5.495489883422851562e+01
4.546102142333984375e+01
5.663277816772460938e+01
5.042260360717773438e+01
6.437378692626953125e+01
5.750688171386718750e+01
5.451100158691406250e+01
4.579558563232421875e+01
3.123784065246582031e+01
3.000000000000000000e+01
3.954261398315429688e+01
6.142951965332031250e+01
3.985428619384765625e+01
4.898792266845703125e+01
3.408100128173828125e+01
7.220331573486328125e+01
6.297293090820312500e+01
8.214682006835937500e+01
3.555905151367187500e+01
3.405928421020507812e+01
5.314091873168945312e+01
3.596407318115234375e+01
4.647216033935546875e+01
3.220936203002929688e+01
5.169473266601562500e+01
3.533693313598632812e+01
3.000000000000000000e+01
4.417813873291015625e+01
3.399303054809570312e+01
7.385009002685546875e+01
4.768784332275390625e+01
7.804342651367187500e+01
5.571450424194335938e+01
4.409853744506835938e+01
3.853462982177734375e+01
4.511701202392578125e+01
3.030788040161132812e+01
3.567190551757812500e+01
4.745421981811523438e+01
6.333037567138671875e+01
4.947526168823242188e+01
4.506123352050781250e+01
4.022918701171875000e+01
7.511943817138671875e+01
6.099640655517578125e+01
4.472814559936523438e+01
3.000000000000000000e+01
3.000000000000000000e+01
3.411360168457031250e+01
3.423741912841796875e+01
6.596166229248046875e+01
3.987268066406250000e+01
4.755848693847656250e+01
4.138789367675781250e+01
3.000000000000000000e+01
3.193908882141113281e+01
5.347317123413085938e+01
4.109806060791015625e+01
6.291366577148437500e+01
3.000000000000000000e+01
6.472558593750000000e+01
5.571450424194335938e+01
6.318484878540039062e+01
3.000000000000000000e+01
3.000000000000000000e+01
5.851210021972656250e+01
3.000000000000000000e+01
4.837290191650390625e+01
8.055097198486328125e+01
3.357081604003906250e+01
4.356966400146484375e+01
5.152033996582031250e+01
4.622443389892578125e+01
5.114798355102539062e+01
6.039986801147460938e+01
3.402922058105468750e+01
4.463479995727539062e+01
8.425875854492187500e+01
4.909440994262695312e+01
7.111411285400390625e+01
8.121622467041015625e+01
3.000000000000000000e+01
5.492068481445312500e+01
5.447301483154296875e+01
5.238094329833984375e+01
5.107226562500000000e+01
4.325286102294921875e+01
6.210780334472656250e+01
8.268367767333984375e+01
4.689767456054687500e+01
6.260512924194335938e+01
6.270972061157226562e+01
3.000000000000000000e+01
8.488633728027343750e+01
4.501570129394531250e+01
3.000000000000000000e+01
4.552242660522460938e+01
5.142416000366210938e+01
3.870475769042968750e+01
6.562517547607421875e+01
5.647470474243164062e+01
5.354599380493164062e+01
4.271919631958007812e+01
3.802263641357421875e+01
4.098337554931640625e+01
3.000000000000000000e+01
7.589877319335937500e+01
3.657073593139648438e+01
3.784186553955078125e+01
5.133549118041992188e+01
3.400701141357421875e+01
4.752788162231445312e+01
3.766215515136718750e+01
4.797728729248046875e+01
3.698339843750000000e+01
3.643161773681640625e+01
4.157064056396484375e+01
4.623195266723632812e+01
3.123313522338867188e+01
4.641213607788085938e+01
5.229230499267578125e+01
3.822486495971679688e+01
4.428583526611328125e+01
4.374033737182617188e+01
7.292559814453125000e+01
4.723040771484375000e+01
6.955801391601562500e+01
9.935195922851562500e+01
5.555168914794921875e+01
4.301943969726562500e+01
3.420234298706054688e+01
4.682515716552734375e+01
4.282652282714843750e+01
3.937155151367187500e+01
4.648022842407226562e+01
1.092483062744140625e+02
5.869765472412109375e+01
3.566873931884765625e+01
3.978517532348632812e+01
5.537123107910156250e+01
3.456721878051757812e+01
4.208981323242187500e+01
5.327185058593750000e+01
6.264279937744140625e+01
3.000000000000000000e+01
4.819781112670898438e+01
3.778864288330078125e+01
4.104788970947265625e+01
5.714870452880859375e+01
3.000000000000000000e+01
4.603143692016601562e+01
5.274797058105468750e+01
3.000000000000000000e+01
4.808375549316406250e+01
4.994446563720703125e+01
4.692507934570312500e+01
6.868710327148437500e+01
4.209698486328125000e+01
3.000000000000000000e+01
4.263765335083007812e+01
5.109341049194335938e+01
3.000000000000000000e+01
4.190635681152343750e+01
3.267219543457031250e+01
4.107306289672851562e+01
3.973622131347656250e+01
4.125566482543945312e+01
5.848182678222656250e+01
6.302919769287109375e+01
5.299189758300781250e+01
4.945500564575195312e+01
3.908043670654296875e+01
4.666490936279296875e+01
5.897924804687500000e+01
3.829383850097656250e+01
3.692179489135742188e+01
6.178643417358398438e+01
4.975514221191406250e+01
3.936227798461914062e+01
6.207732009887695312e+01
4.273991394042968750e+01
6.197912597656250000e+01
3.993850326538085938e+01
1.162090759277343750e+02
9.004821014404296875e+01
3.871872711181640625e+01
5.334795379638671875e+01
3.000000000000000000e+01
5.916380691528320312e+01
3.000000000000000000e+01
3.941616821289062500e+01
8.363541412353515625e+01
5.113390350341796875e+01
4.248173522949218750e+01
4.505616378784179688e+01
8.164028930664062500e+01
5.251367950439453125e+01
4.995096206665039062e+01
3.000000000000000000e+01
4.400453948974609375e+01
4.172285842895507812e+01
3.289273071289062500e+01
5.175525283813476562e+01
7.455903625488281250e+01
4.500351715087890625e+01
3.000794410705566406e+01
3.294268798828125000e+01
4.543804168701171875e+01
4.768811035156250000e+01
4.220657348632812500e+01
5.960009765625000000e+01
8.432061767578125000e+01
5.673693466186523438e+01
8.012388610839843750e+01
5.719398498535156250e+01
6.679408264160156250e+01
5.113367080688476562e+01
3.719535064697265625e+01
3.748055267333984375e+01
5.581349182128906250e+01
4.283440399169921875e+01
5.193532562255859375e+01
3.188729095458984375e+01
3.000000000000000000e+01
3.000000000000000000e+01
3.147246551513671875e+01
3.066098022460937500e+01
4.789609527587890625e+01
6.396736907958984375e+01
5.374729156494140625e+01
3.564384841918945312e+01
4.548727416992187500e+01
3.489324188232421875e+01
4.583598327636718750e+01
5.228337097167968750e+01
7.012343597412109375e+01
4.822765350341796875e+01
4.605601501464843750e+01
3.000000000000000000e+01
6.185526275634765625e+01
4.695910644531250000e+01
3.000000000000000000e+01
5.124188232421875000e+01
3.630006408691406250e+01
7.280326843261718750e+01
4.119031524658203125e+01
5.540497970581054688e+01
6.095436477661132812e+01
3.448316955566406250e+01
3.245600891113281250e+01
3.030980300903320312e+01
5.190529632568359375e+01
4.074243545532226562e+01
5.128897857666015625e+01
4.713418197631835938e+01
3.000000000000000000e+01
3.668473815917968750e+01
9.067491912841796875e+01
6.869371032714843750e+01
7.891420745849609375e+01
3.610149002075195312e+01
4.209283447265625000e+01
5.271536254882812500e+01
3.000000000000000000e+01
5.266400146484375000e+01
4.319178009033203125e+01
7.143370056152343750e+01
4.355960845947265625e+01
4.863846206665039062e+01
4.066372299194335938e+01
3.917859268188476562e+01
3.276073455810546875e+01
8.127119445800781250e+01
3.518510055541992188e+01
4.364537811279296875e+01
3.681422424316406250e+01
4.327856826782226562e+01
4.983124542236328125e+01
3.000000000000000000e+01
4.907250976562500000e+01
4.704187011718750000e+01
3.148141479492187500e+01
5.356268310546875000e+01
6.889376831054687500e+01
3.000000000000000000e+01
6.092792510986328125e+01
4.526475906372070312e+01
4.112196350097656250e+01
4.404153823852539062e+01
5.177658843994140625e+01
3.708309173583984375e+01
3.583872604370117188e+01
4.506026458740234375e+01
4.357659530639648438e+01
3.000000000000000000e+01
4.066477584838867188e+01
3.000000000000000000e+01
3.000000000000000000e+01
3.000000000000000000e+01
4.018570709228515625e+01
3.963816452026367188e+01
5.699300765991210938e+01
4.738148498535156250e+01
8.164028930664062500e+01
3.599357986450195312e+01
3.444075775146484375e+01
3.000000000000000000e+01
7.344841766357421875e+01
3.000000000000000000e+01
4.577856063842773438e+01
8.127119445800781250e+01
4.232114791870117188e+01
4.137309646606445312e+01
4.025594329833984375e+01
4.904981231689453125e+01
9.876648712158203125e+01
5.374854660034179688e+01
5.986444091796875000e+01
7.924996185302734375e+01
3.000000000000000000e+01
3.000000000000000000e+01
3.000000000000000000e+01
3.997879028320312500e+01
4.145223999023437500e+01
5.500371932983398438e+01
3.806251525878906250e+01
3.177591705322265625e+01
6.444847106933593750e+01
3.352892303466796875e+01
4.730131149291992188e+01
4.500696563720703125e+01
3.872911071777343750e+01
3.106931877136230469e+01
3.151884078979492188e+01
5.447301101684570312e+01
3.731873321533203125e+01
4.768772125244140625e+01
8.131590270996093750e+01
5.064886093139648438e+01
4.120409393310546875e+01
5.728658294677734375e+01
4.811147689819335938e+01
4.940193939208984375e+01
4.072338104248046875e+01
4.542067718505859375e+01
4.597698211669921875e+01
3.597776794433593750e+01
3.846692657470703125e+01
3.448130798339843750e+01
6.565750122070312500e+01
6.331936264038085938e+01
5.679657363891601562e+01
3.728248214721679688e+01
4.057360839843750000e+01
3.790434646606445312e+01
3.000000000000000000e+01
6.138636779785156250e+01
5.112021636962890625e+01
3.831584548950195312e+01
4.281314849853515625e+01
3.000000000000000000e+01
3.060384750366210938e+01
3.000000000000000000e+01
5.494454574584960938e+01
3.947370910644531250e+01
5.869765472412109375e+01
4.596173095703125000e+01
4.375069427490234375e+01
3.033417510986328125e+01
3.948280715942382812e+01
3.000000000000000000e+01
6.874724578857421875e+01
3.764770126342773438e+01
4.219299316406250000e+01
4.270446014404296875e+01
7.837303161621093750e+01
4.132188796997070312e+01
3.573249816894531250e+01
3.000000000000000000e+01
3.084041786193847656e+01
5.250449752807617188e+01
4.409630203247070312e+01
4.371250915527343750e+01
3.000000000000000000e+01
3.267736434936523438e+01
3.000000000000000000e+01
4.052057647705078125e+01
4.966762161254882812e+01
3.993392181396484375e+01
4.771191406250000000e+01
4.483692169189453125e+01
5.620257949829101562e+01
4.604986190795898438e+01
5.132928085327148438e+01
5.417146682739257812e+01
3.000000000000000000e+01
5.239488220214843750e+01
3.000000000000000000e+01
3.000000000000000000e+01
3.809538269042968750e+01
4.961446380615234375e+01
3.726175689697265625e+01
4.531263351440429688e+01
3.276879119873046875e+01
4.727616119384765625e+01
3.757070159912109375e+01
4.123182296752929688e+01
