433	0	497	32
595	0	591	125
350	0	380	47
552	0	523	161
669	0	670	38
682	0	652	138
738	0	651	30
379	0	498	59
701	0	791	31
652	0	713	83
671	0	670	70
528	0	503	48
561	0	499	35
645	0	674	79
471	0	436	33
735	0	795	88
619	0	714	38
822	0	729	42
468	0	589	56
833	0	773	72
565	0	537	33
500	0	534	45
499	0	561	52
700	0	730	128
431	0	404	36
468	0	618	47
827	0	735	30
347	0	378	59
650	0	592	53
772	0	684	33
439	0	411	62
852	0	732	77
680	0	619	127
589	0	681	60
612	0	704	41
427	0	367	46
472	0	411	46
702	0	612	58
463	0	433	124
708	0	652	32
622	0	651	116
613	0	614	57
647	0	616	53
442	0	531	45
499	0	530	77
825	0	824	45
671	0	610	48
708	0	680	100
675	0	734	49
460	0	431	51
704	0	827	30
636	0	637	37
411	0	351	60
531	0	344	54
346	0	344	97
492	0	462	79
621	0	501	62
471	0	566	45
684	0	652	106
798	0	828	130
557	0	558	53
347	0	439	44
699	0	759	65
547	0	576	42
701	0	640	41
563	0	533	83
509	0	566	30
578	0	729	42
522	0	548	34
590	0	649	52
497	0	493	30
433	0	432	112
550	0	548	43
442	0	382	42
563	0	621	30
560	0	535	44
587	0	619	68
700	0	701	152
636	0	666	53
471	0	446	44
439	0	380	64
618	0	708	46
314	0	348	34
560	0	566	54
651	0	459	34
729	0	701	76
854	0	824	32
485	0	481	46
550	0	491	46
612	0	523	80
707	0	729	32
553	0	524	34
619	0	646	50
498	0	533	32
547	0	667	32
595	0	531	60
700	0	674	54
527	0	588	44
461	0	431	40
435	0	460	34
682	0	592	56
515	0	549	37
497	0	559	35
383	0	441	37
402	0	494	31
521	0	430	38
791	0	700	55
773	0	800	91
608	0	579	85
528	0	501	84
674	0	612	72
679	0	768	39
698	0	760	39
773	0	714	79
523	0	674	40
488	0	548	106
459	0	521	51
637	0	666	38
493	0	522	42
560	0	590	221
699	0	697	35
711	0	680	59
759	0	734	37
667	0	636	65
462	0	459	45
559	0	557	40
797	0	736	30
502	0	562	50
402	0	373	62
735	0	737	38
705	0	737	35
667	0	698	108
707	0	681	65
403	0	344	35
681	0	592	46
822	0	792	55
643	0	523	33
311	0	313	33
439	0	469	82
431	0	522	31
708	0	706	102
651	0	652	327
738	0	796	43
697	0	728	51
769	0	739	135
315	0	316	43
459	0	582	32
622	0	592	157
491	0	522	126
670	0	698	39
533	0	622	30
465	0	435	104
620	0	617	45
737	0	768	48
680	0	592	50
521	0	582	68
761	0	759	51
610	0	580	80
460	0	492	42
503	0	651	38
619	0	497	41
404	0	405	143
502	0	381	38
490	0	429	32
467	0	498	75
467	0	435	72
499	0	469	56
760	0	732	60
822	0	852	71
766	0	768	35
424	0	484	93
470	0	498	84
549	0	488	63
442	0	560	31
593	0	651	35
578	0	546	37
534	0	681	39
528	0	529	61
733	0	614	34
728	0	759	109
468	0	591	48
652	0	592	143
498	0	591	52
489	0	460	35
530	0	443	32
698	0	728	161
474	0	505	31
743	0	684	38
639	0	669	44
674	0	794	35
768	0	767	139
404	0	348	32
288	0	349	31
347	0	319	63
500	0	501	111
641	0	700	50
611	0	582	32
621	0	714	35
728	0	790	55
591	0	565	52
738	0	459	31
580	0	729	44
733	0	672	58
682	0	744	30
827	0	737	46
487	0	485	31
738	0	766	33
642	0	640	49
698	0	729	254
590	0	528	105
701	0	704	38
531	0	537	31
349	0	498	53
644	0	645	75
566	0	538	69
803	0	559	33
585	0	554	33
537	0	536	65
494	0	491	37
464	0	462	49
710	0	590	43
769	0	707	41
528	0	466	31
531	0	506	38
649	0	648	88
620	0	680	66
704	0	673	42
768	0	765	39
529	0	498	47
667	0	635	45
528	0	497	98
528	0	530	64
714	0	774	62
471	0	414	44
558	0	587	40
401	0	463	33
676	0	706	83
367	0	397	30
759	0	699	45
562	0	563	60
652	0	621	101
464	0	459	75
523	0	464	58
561	0	652	116
620	0	650	94
667	0	578	30
826	0	797	51
706	0	734	70
700	0	761	49
671	0	734	33
766	0	797	52
429	0	401	32
470	0	590	31
501	0	442	146
682	0	684	37
522	0	580	49
642	0	674	56
707	0	795	45
744	0	802	71
561	0	537	32
498	0	347	37
743	0	590	33
614	0	645	44
647	0	679	50
531	0	494	35
591	0	533	116
619	0	531	113
620	0	588	58
439	0	442	30
621	0	618	51
612	0	673	75
317	0	346	35
702	0	734	47
529	0	561	44
290	0	320	30
791	0	797	32
590	0	593	57
650	0	498	35
731	0	734	69
498	0	441	41
590	0	617	35
674	0	702	32
399	0	459	69
483	0	423	64
468	0	382	30
728	0	788	42
802	0	834	59
439	0	459	35
730	0	759	100
549	0	548	42
566	0	685	38
561	0	620	71
432	0	460	59
666	0	607	31
642	0	644	46
641	0	582	37
608	0	638	84
470	0	471	91
672	0	644	39
614	0	554	40
731	0	733	135
767	0	739	35
591	0	501	184
797	0	794	78
381	0	442	62
744	0	651	50
666	0	606	44
674	0	764	30
549	0	579	30
582	0	521	86
588	0	527	57
468	0	466	60
649	0	678	62
488	0	485	51
499	0	503	38
374	0	347	30
735	0	738	34
579	0	459	39
464	0	405	37
583	0	584	36
559	0	468	47
381	0	352	35
593	0	595	63
592	0	561	165
475	0	442	30
715	0	743	46
494	0	459	65
433	0	524	40
666	0	459	35
796	0	737	38
429	0	399	99
681	0	803	50
616	0	590	40
432	0	435	32
375	0	433	35
652	0	744	67
438	0	439	80
402	0	432	67
765	0	734	91
652	0	472	35
488	0	460	43
734	0	730	39
768	0	647	37
760	0	671	38
524	0	460	43
523	0	432	61
494	0	463	30
621	0	502	41
682	0	714	62
619	0	706	36
596	0	536	32
831	0	773	37
668	0	578	42
580	0	610	60
468	0	432	41
381	0	468	41
559	0	531	149
528	0	560	116
547	0	517	34
552	0	551	91
534	0	563	94
738	0	679	40
343	0	404	36
659	0	566	40
608	0	576	33
494	0	493	48
532	0	651	48
563	0	652	62
703	0	705	36
730	0	728	101
9	0	10	41
561	0	441	55
369	0	459	37
732	0	701	65
732	0	700	77
347	0	498	80
429	0	344	50
825	0	797	40
288	0	319	33
800	0	863	53
586	0	589	30
672	0	612	145
522	0	613	43
366	0	485	40
485	0	488	72
758	0	759	97
677	0	559	37
580	0	522	74
620	0	710	34
503	0	355	69
503	0	474	153
561	0	648	30
318	0	347	46
497	0	590	34
734	0	769	30
521	0	459	71
468	0	531	48
619	0	589	148
497	0	529	30
440	0	468	53
679	0	531	32
346	0	377	33
595	0	535	47
648	0	591	56
832	0	771	47
475	0	532	36
651	0	745	39
689	0	566	38
347	0	406	54
514	0	484	45
678	0	708	106
759	0	731	60
474	0	472	83
467	0	466	61
732	0	523	36
313	0	283	57
706	0	827	60
582	0	581	77
769	0	706	41
648	0	651	47
472	0	503	151
528	0	472	31
375	0	460	59
671	0	760	39
524	0	493	46
607	0	667	35
702	0	701	77
560	0	679	59
436	0	464	37
802	0	803	150
590	0	679	61
411	0	473	30
521	0	580	76
435	0	284	46
620	0	651	96
613	0	584	45
469	0	590	35
619	0	561	108
531	0	499	110
652	0	503	44
760	0	824	30
833	0	710	51
381	0	382	119
773	0	863	41
765	0	827	75
379	0	351	30
652	0	530	60
671	0	639	46
710	0	619	44
472	0	498	57
344	0	400	32
642	0	552	40
531	0	560	181
405	0	406	40
528	0	523	127
529	0	589	52
760	0	794	36
617	0	590	42
835	0	773	55
523	0	521	134
704	0	643	51
314	0	373	39
531	0	381	61
427	0	458	43
710	0	649	36
443	0	500	46
802	0	714	67
366	0	276	32
498	0	439	51
612	0	700	38
651	0	498	42
677	0	679	95
531	0	505	37
730	0	733	84
744	0	713	57
372	0	378	33
734	0	673	56
347	0	459	69
789	0	879	58
652	0	680	90
494	0	375	32
524	0	459	42
558	0	591	55
430	0	432	81
467	0	459	55
644	0	642	57
733	0	731	105
802	0	801	116
612	0	460	34
528	0	440	30
650	0	619	172
773	0	679	33
642	0	521	32
702	0	641	36
442	0	501	68
667	0	759	43
649	0	618	52
731	0	703	33
462	0	464	49
559	0	619	87
621	0	682	84
566	0	534	116
472	0	442	65
589	0	646	30
580	0	492	31
412	0	382	40
671	0	641	93
709	0	591	48
468	0	471	99
318	0	288	31
707	0	679	73
681	0	774	161
562	0	532	45
548	0	576	55
592	0	622	120
798	0	797	202
428	0	488	112
827	0	832	32
644	0	647	50
410	0	468	45
485	0	576	35
459	0	466	55
705	0	678	41
494	0	431	43
471	0	442	115
619	0	651	175
592	0	563	118
428	0	400	42
729	0	702	46
620	0	589	112
561	0	650	56
827	0	796	140
797	0	678	30
565	0	566	77
563	0	530	36
528	0	652	38
563	0	595	45
473	0	471	159
651	0	802	54
668	0	667	91
764	0	767	32
345	0	375	67
436	0	435	57
493	0	521	45
743	0	714	74
503	0	682	42
729	0	759	89
732	0	731	81
773	0	680	45
707	0	706	103
531	0	412	34
498	0	468	99
589	0	650	64
517	0	547	48
675	0	584	30
468	0	374	63
680	0	768	43
649	0	619	128
348	0	346	144
667	0	758	32
535	0	591	32
464	0	431	55
640	0	608	46
454	0	484	64
522	0	584	38
459	0	490	96
732	0	823	34
646	0	560	31
651	0	677	35
826	0	767	39
348	0	459	35
590	0	468	51
823	0	793	49
582	0	584	49
713	0	772	54
648	0	588	53
591	0	531	257
464	0	430	41
729	0	578	34
490	0	491	41
647	0	588	44
566	0	501	58
559	0	527	63
527	0	648	37
651	0	650	194
699	0	790	42
523	0	460	61
614	0	674	66
642	0	612	307
800	0	771	47
527	0	501	64
430	0	372	31
619	0	744	49
441	0	379	45
563	0	593	64
380	0	379	39
430	0	498	46
612	0	582	122
548	0	546	47
671	0	668	36
439	0	468	262
652	0	650	72
492	0	460	58
608	0	607	61
499	0	589	42
535	0	536	46
619	0	774	46
538	0	506	47
791	0	760	110
483	0	393	56
411	0	498	77
735	0	704	45
587	0	527	38
559	0	591	91
531	0	743	31
590	0	682	41
501	0	529	75
472	0	381	59
345	0	433	44
731	0	730	105
459	0	494	47
705	0	701	30
612	0	552	91
493	0	498	30
531	0	589	118
620	0	648	43
456	0	459	75
548	0	580	56
464	0	522	41
475	0	566	31
531	0	534	202
532	0	536	40
557	0	498	34
642	0	705	33
523	0	528	110
668	0	608	49
499	0	380	45
805	0	681	43
649	0	707	30
515	0	548	33
436	0	466	36
466	0	468	39
626	0	596	32
502	0	473	109
529	0	590	46
699	0	610	31
679	0	590	60
348	0	344	78
707	0	732	31
619	0	471	52
467	0	439	68
578	0	610	38
707	0	734	48
671	0	699	68
461	0	463	68
644	0	735	39
803	0	531	51
706	0	528	31
800	0	834	30
380	0	469	30
534	0	651	53
464	0	461	38
667	0	697	50
586	0	591	38
366	0	459	31
561	0	565	51
700	0	760	97
794	0	765	35
705	0	706	143
797	0	767	147
474	0	504	91
432	0	461	63
501	0	468	63
769	0	678	59
428	0	344	42
608	0	698	72
764	0	733	62
671	0	642	96
351	0	380	40
547	0	578	55
803	0	772	110
530	0	473	47
537	0	596	38
617	0	707	30
497	0	466	46
612	0	667	43
640	0	610	46
734	0	671	41
618	0	592	31
530	0	497	37
558	0	560	107
637	0	608	67
344	0	433	39
522	0	489	30
682	0	595	39
652	0	563	38
503	0	535	81
732	0	734	113
439	0	436	32
644	0	616	65
767	0	734	38
618	0	677	48
379	0	318	45
618	0	617	58
652	0	682	162
674	0	703	57
682	0	533	39
593	0	652	59
345	0	404	96
531	0	459	41
735	0	827	42
802	0	862	165
459	0	487	31
608	0	547	56
306	0	367	35
703	0	700	38
561	0	559	106
350	0	351	40
380	0	528	42
441	0	381	125
485	0	456	120
586	0	587	33
492	0	400	43
433	0	345	30
473	0	535	30
379	0	319	68
472	0	443	81
500	0	591	115
539	0	538	37
652	0	802	44
456	0	488	49
435	0	497	41
610	0	643	34
619	0	738	32
729	0	639	86
794	0	798	39
609	0	580	33
411	0	501	77
685	0	651	40
476	0	471	36
535	0	501	32
314	0	347	45
803	0	619	38
773	0	833	106
498	0	529	34
246	0	216	44
532	0	680	35
613	0	523	66
499	0	527	36
618	0	680	40
498	0	558	41
774	0	682	38
436	0	404	40
824	0	853	35
442	0	441	84
532	0	681	40
765	0	764	39
677	0	706	97
463	0	402	98
620	0	558	31
440	0	441	41
552	0	642	59
536	0	561	42
498	0	557	32
651	0	558	30
412	0	381	49
498	0	459	194
527	0	529	35
644	0	732	43
773	0	742	97
591	0	685	30
375	0	408	31
644	0	619	39
704	0	733	135
608	0	582	32
647	0	827	32
831	0	772	35
678	0	649	108
762	0	730	39
758	0	699	47
471	0	502	142
649	0	650	58
410	0	441	42
612	0	642	371
440	0	439	34
735	0	733	64
380	0	441	47
680	0	677	50
429	0	430	108
707	0	459	40
651	0	595	54
402	0	345	33
652	0	589	70
428	0	487	36
584	0	523	37
501	0	563	46
379	0	348	80
765	0	824	32
674	0	708	36
614	0	612	36
677	0	589	40
521	0	552	159
714	0	652	122
346	0	285	40
732	0	672	80
821	0	791	158
379	0	501	36
439	0	498	137
589	0	560	179
468	0	347	94
375	0	348	41
316	0	348	89
503	0	681	31
381	0	498	75
518	0	608	51
651	0	682	237
773	0	802	316
669	0	641	32
763	0	734	114
591	0	562	74
532	0	619	34
499	0	374	46
671	0	640	80
713	0	682	88
707	0	561	38
499	0	470	47
313	0	347	35
673	0	612	64
707	0	798	53
473	0	474	60
589	0	471	41
531	0	411	53
831	0	862	30
561	0	622	86
734	0	852	34
648	0	769	39
531	0	710	30
345	0	316	70
433	0	429	53
682	0	679	51
671	0	702	50
471	0	527	30
527	0	460	33
492	0	371	32
566	0	530	34
642	0	460	33
652	0	743	85
621	0	713	54
459	0	500	31
431	0	401	59
283	0	284	47
636	0	459	31
644	0	734	97
369	0	398	31
729	0	642	33
557	0	618	37
700	0	666	42
531	0	473	100
733	0	729	91
380	0	381	69
772	0	713	50
801	0	772	125
619	0	621	160
485	0	426	43
762	0	728	34
498	0	499	87
504	0	475	45
704	0	644	156
471	0	535	32
680	0	560	108
581	0	641	38
561	0	472	94
670	0	641	51
472	0	651	35
593	0	533	55
463	0	431	140
443	0	414	36
551	0	459	39
501	0	347	31
708	0	767	46
471	0	532	71
621	0	743	36
802	0	833	115
832	0	774	48
822	0	827	37
533	0	566	66
551	0	580	47
758	0	668	32
674	0	793	32
488	0	486	44
559	0	651	46
649	0	588	32
728	0	758	136
618	0	528	67
589	0	622	52
595	0	502	33
473	0	503	220
729	0	638	35
612	0	610	97
433	0	434	64
759	0	730	74
579	0	608	72
378	0	375	53
411	0	443	35
591	0	475	56
772	0	619	68
432	0	464	70
400	0	399	50
562	0	590	56
591	0	528	81
373	0	404	172
551	0	581	37
468	0	464	34
500	0	533	63
345	0	347	84
590	0	374	31
759	0	698	84
699	0	698	182
441	0	350	42
580	0	548	43
832	0	768	36
705	0	707	72
832	0	744	39
652	0	683	52
318	0	287	30
768	0	709	60
729	0	761	59
681	0	528	34
729	0	666	54
441	0	590	37
375	0	465	38
698	0	701	39
849	0	789	46
674	0	642	52
463	0	494	44
464	0	467	31
535	0	565	68
537	0	538	35
489	0	548	56
578	0	609	34
734	0	735	98
639	0	728	38
851	0	791	53
822	0	762	31
591	0	648	53
703	0	701	68
681	0	591	99
679	0	709	75
737	0	708	41
682	0	501	59
498	0	429	34
373	0	345	46
827	0	459	42
443	0	411	39
382	0	471	44
591	0	441	47
431	0	403	45
536	0	596	34
501	0	773	32
759	0	733	53
467	0	406	40
619	0	501	52
516	0	575	37
565	0	592	34
737	0	677	48
731	0	759	52
433	0	406	30
643	0	582	50
761	0	733	52
759	0	667	40
500	0	618	34
668	0	459	46
681	0	832	33
484	0	424	31
380	0	471	34
590	0	530	127
641	0	610	34
735	0	824	89
528	0	374	51
581	0	608	31
762	0	768	37
471	0	560	98
378	0	318	35
346	0	348	161
650	0	620	95
472	0	590	58
582	0	613	92
470	0	531	35
797	0	737	89
797	0	709	31
681	0	501	68
708	0	737	51
411	0	560	35
648	0	680	54
472	0	475	100
501	0	475	64
472	0	470	41
532	0	530	67
464	0	433	151
637	0	606	42
800	0	832	114
516	0	545	31
535	0	532	31
373	0	498	47
528	0	459	48
381	0	349	60
552	0	554	39
348	0	320	56
522	0	429	32
350	0	344	36
474	0	590	33
582	0	583	77
502	0	498	71
617	0	677	50
666	0	729	52
501	0	680	74
850	0	791	56
742	0	710	239
559	0	497	55
791	0	822	473
285	0	345	62
681	0	713	58
533	0	593	47
458	0	427	49
618	0	651	40
769	0	680	33
674	0	854	30
699	0	733	31
699	0	668	113
679	0	677	94
616	0	618	80
563	0	501	54
383	0	503	36
524	0	497	39
582	0	492	45
704	0	732	64
588	0	616	43
862	0	832	107
468	0	287	30
616	0	646	52
737	0	678	37
794	0	705	38
550	0	580	66
620	0	559	68
498	0	406	56
767	0	707	66
802	0	768	35
591	0	827	37
682	0	532	39
619	0	534	35
707	0	738	93
408	0	406	77
566	0	539	87
485	0	514	60
471	0	561	115
430	0	400	92
669	0	701	33
668	0	612	40
613	0	645	38
620	0	500	42
500	0	497	95
742	0	773	105
667	0	612	30
561	0	534	138
431	0	344	47
759	0	640	37
638	0	729	38
563	0	474	32
587	0	589	40
680	0	649	100
501	0	527	50
758	0	667	56
619	0	773	54
591	0	563	89
742	0	619	59
434	0	464	44
680	0	707	63
704	0	701	47
700	0	702	68
733	0	671	38
760	0	758	77
801	0	802	145
671	0	732	66
566	0	563	46
486	0	515	37
646	0	644	51
349	0	531	32
589	0	531	136
553	0	582	75
500	0	381	46
728	0	459	36
560	0	441	45
518	0	460	30
758	0	734	31
469	0	503	37
381	0	292	39
610	0	579	61
530	0	501	96
702	0	733	94
432	0	521	33
714	0	682	64
429	0	498	70
488	0	608	55
589	0	558	87
580	0	579	93
471	0	410	37
404	0	373	229
435	0	467	61
473	0	500	42
501	0	622	43
758	0	760	73
612	0	641	278
791	0	761	113
768	0	827	107
679	0	708	84
349	0	378	85
469	0	528	59
442	0	472	45
459	0	432	48
648	0	617	57
711	0	681	49
216	0	217	65
582	0	550	34
708	0	591	32
475	0	591	42
561	0	680	110
832	0	834	40
767	0	764	32
492	0	432	128
768	0	766	77
566	0	536	86
532	0	593	34
580	0	583	36
618	0	527	62
773	0	651	65
582	0	611	51
441	0	383	51
651	0	684	120
699	0	639	68
742	0	709	34
473	0	591	68
729	0	580	39
699	0	700	79
428	0	458	71
852	0	790	30
323	0	351	37
561	0	593	73
733	0	793	99
791	0	823	146
619	0	709	40
638	0	488	31
672	0	732	84
500	0	468	64
797	0	801	31
498	0	527	70
802	0	774	97
502	0	459	37
435	0	375	45
483	0	481	59
473	0	381	31
561	0	649	34
348	0	498	34
501	0	592	117
678	0	588	35
474	0	441	32
374	0	433	38
681	0	590	57
707	0	675	41
731	0	640	37
431	0	430	94
728	0	789	31
706	0	736	34
669	0	642	32
612	0	729	30
468	0	443	37
612	0	521	74
622	0	680	44
589	0	500	74
485	0	395	91
732	0	704	81
619	0	649	174
798	0	799	71
346	0	287	86
619	0	558	68
485	0	545	203
344	0	372	31
403	0	372	39
499	0	590	51
672	0	703	32
649	0	708	37
562	0	565	30
801	0	798	39
707	0	711	30
651	0	706	43
707	0	674	48
710	0	862	67
589	0	648	87
521	0	578	35
343	0	373	40
701	0	671	115
315	0	344	45
502	0	504	31
470	0	472	38
643	0	611	51
535	0	531	65
646	0	527	30
613	0	644	68
710	0	743	37
794	0	823	47
414	0	412	33
595	0	682	40
650	0	652	89
497	0	531	69
378	0	498	32
650	0	679	132
730	0	761	50
639	0	638	35
566	0	506	34
498	0	381	56
593	0	624	30
464	0	498	38
676	0	735	39
501	0	349	54
494	0	521	42
651	0	562	43
464	0	468	40
494	0	498	59
378	0	379	65
669	0	699	46
791	0	793	153
640	0	670	49
681	0	620	53
527	0	466	41
729	0	822	63
647	0	648	64
735	0	796	30
521	0	460	43
767	0	765	60
472	0	529	34
681	0	649	70
617	0	616	44
561	0	563	116
759	0	668	36
863	0	773	33
552	0	584	47
533	0	497	41
681	0	471	30
772	0	800	90
441	0	502	47
682	0	589	41
468	0	459	57
713	0	591	62
828	0	768	66
619	0	708	36
760	0	728	62
533	0	474	59
652	0	619	104
523	0	589	40
620	0	681	44
431	0	372	34
560	0	565	55
464	0	434	39
773	0	591	59
640	0	672	30
705	0	768	39
468	0	346	48
405	0	432	31
522	0	553	35
595	0	501	36
591	0	708	35
679	0	676	32
764	0	704	43
761	0	760	36
484	0	482	38
800	0	742	41
831	0	801	42
707	0	704	62
592	0	503	78
608	0	609	45
644	0	583	31
347	0	351	36
852	0	791	166
797	0	647	50
216	0	247	38
428	0	427	43
561	0	588	38
439	0	589	35
588	0	561	34
528	0	531	115
375	0	404	165
622	0	561	77
310	0	459	30
674	0	707	72
684	0	746	32
649	0	620	43
373	0	402	64
498	0	344	52
404	0	315	34
558	0	468	32
372	0	344	55
762	0	793	37
729	0	758	125
504	0	414	34
680	0	652	119
521	0	488	33
528	0	502	50
316	0	406	36
582	0	524	39
575	0	576	42
459	0	461	35
502	0	651	41
708	0	827	32
729	0	762	44
489	0	549	41
612	0	644	108
469	0	470	62
733	0	763	74
442	0	411	49
674	0	616	36
531	0	649	33
523	0	613	67
728	0	608	36
383	0	443	31
562	0	561	107
617	0	586	30
467	0	527	34
560	0	501	172
667	0	665	39
675	0	705	42
283	0	343	32
708	0	709	89
375	0	346	39
709	0	707	57
728	0	640	32
533	0	590	57
586	0	585	36
612	0	643	254
531	0	468	58
678	0	706	104
589	0	469	37
647	0	678	83
706	0	707	135
832	0	773	193
494	0	435	41
313	0	285	32
731	0	728	65
553	0	552	37
768	0	791	30
591	0	529	31
616	0	587	39
503	0	619	31
651	0	711	46
644	0	674	261
344	0	431	44
524	0	613	31
492	0	431	106
529	0	500	43
582	0	554	36
530	0	499	51
530	0	681	45
398	0	369	35
590	0	589	207
644	0	706	46
435	0	498	60
622	0	595	45
518	0	459	80
441	0	410	45
699	0	760	45
649	0	528	31
515	0	547	36
802	0	771	56
528	0	498	177
680	0	772	58
408	0	498	30
652	0	710	54
379	0	559	38
527	0	374	46
442	0	530	33
459	0	547	46
738	0	768	171
650	0	649	64
471	0	472	186
430	0	404	30
638	0	548	33
522	0	460	50
318	0	349	47
668	0	701	40
767	0	733	31
677	0	619	51
375	0	432	31
680	0	618	47
498	0	435	36
493	0	523	171
531	0	650	37
713	0	592	31
432	0	374	50
715	0	714	58
736	0	767	35
471	0	499	61
379	0	439	55
767	0	796	89
590	0	499	56
579	0	488	41
595	0	534	48
348	0	288	36
500	0	459	39
579	0	582	36
652	0	471	43
406	0	459	36
375	0	402	31
612	0	553	63
561	0	773	35
760	0	640	36
729	0	672	36
674	0	613	57
569	0	566	41
399	0	428	38
343	0	344	33
646	0	677	77
455	0	456	40
471	0	440	108
591	0	620	106
276	0	277	32
516	0	456	49
652	0	502	54
614	0	586	30
669	0	728	35
730	0	824	33
607	0	608	32
319	0	318	36
699	0	791	63
590	0	497	53
473	0	595	44
651	0	621	152
534	0	501	122
534	0	504	76
398	0	396	31
648	0	559	60
612	0	551	78
562	0	533	62
733	0	761	67
733	0	765	31
502	0	470	39
347	0	349	96
728	0	668	122
589	0	533	30
648	0	677	99
581	0	613	32
619	0	652	118
591	0	344	38
621	0	619	106
787	0	728	42
743	0	773	76
471	0	374	41
436	0	433	42
831	0	832	36
760	0	790	116
456	0	516	35
644	0	764	49
833	0	803	56
743	0	682	50
346	0	286	48
791	0	824	37
772	0	709	37
728	0	787	57
738	0	799	55
646	0	676	83
501	0	441	100
375	0	378	65
822	0	760	43
731	0	699	41
374	0	378	31
674	0	645	54
642	0	608	34
678	0	739	33
463	0	459	63
578	0	547	70
824	0	734	63
673	0	703	37
737	0	796	46
405	0	436	38
641	0	701	46
760	0	761	36
546	0	547	44
539	0	536	33
822	0	824	48
671	0	698	51
651	0	563	37
367	0	306	44
684	0	715	37
464	0	375	37
499	0	502	49
761	0	734	37
502	0	442	61
492	0	580	32
760	0	700	101
704	0	459	35
620	0	649	55
565	0	561	38
560	0	469	48
471	0	590	87
591	0	500	128
684	0	651	62
502	0	500	118
590	0	680	72
469	0	379	42
459	0	456	43
616	0	617	51
730	0	669	35
344	0	373	46
560	0	502	121
666	0	728	39
587	0	588	34
822	0	763	38
678	0	498	36
442	0	503	45
703	0	732	67
701	0	641	46
580	0	608	78
578	0	667	36
681	0	707	49
793	0	822	75
462	0	463	56
734	0	702	45
704	0	671	43
344	0	527	42
698	0	700	100
560	0	652	88
681	0	589	56
682	0	560	45
345	0	379	38
554	0	498	33
590	0	566	32
802	0	684	37
728	0	669	33
649	0	706	32
460	0	489	49
368	0	367	45
614	0	582	31
503	0	562	44
591	0	714	57
760	0	730	95
729	0	731	135
882	0	791	30
612	0	822	38
620	0	530	58
579	0	580	63
714	0	591	47
614	0	644	102
735	0	798	31
794	0	760	32
404	0	346	56
586	0	616	46
589	0	557	42
734	0	706	71
459	0	548	50
681	0	709	70
685	0	619	33
740	0	771	51
467	0	438	39
618	0	558	73
621	0	650	63
591	0	684	46
644	0	614	101
586	0	588	37
608	0	610	85
530	0	503	49
773	0	768	35
684	0	591	39
590	0	502	61
591	0	535	48
652	0	528	40
578	0	728	40
758	0	697	37
801	0	708	30
374	0	314	36
531	0	680	84
345	0	319	35
737	0	738	53
862	0	803	55
735	0	825	36
499	0	468	52
768	0	773	32
533	0	621	30
698	0	640	44
381	0	439	38
560	0	557	43
791	0	728	38
801	0	771	46
10	0	8	39
769	0	828	31
522	0	612	103
677	0	560	35
678	0	797	36
527	0	471	37
607	0	547	39
442	0	413	37
794	0	796	36
700	0	728	95
522	0	344	42
802	0	744	79
524	0	585	39
591	0	381	52
559	0	499	65
468	0	410	42
617	0	620	46
422	0	482	35
734	0	823	83
729	0	734	40
455	0	485	126
710	0	711	69
681	0	622	42
482	0	485	49
460	0	491	67
733	0	674	90
430	0	433	64
381	0	471	96
707	0	709	42
575	0	605	41
735	0	736	41
515	0	484	56
701	0	642	71
734	0	767	31
498	0	471	65
729	0	791	111
347	0	350	46
760	0	731	67
491	0	489	32
475	0	504	74
677	0	705	37
539	0	566	88
380	0	378	51
590	0	529	46
619	0	647	45
827	0	826	74
467	0	470	36
320	0	350	31
558	0	588	85
433	0	493	32
578	0	550	66
590	0	616	37
575	0	545	56
528	0	592	33
714	0	684	77
827	0	769	56
545	0	575	63
592	0	684	30
519	0	459	30
501	0	589	80
550	0	578	31
763	0	791	73
611	0	674	30
674	0	552	41
793	0	824	32
590	0	710	36
707	0	769	54
546	0	485	50
558	0	561	37
559	0	472	36
642	0	580	45
708	0	679	98
483	0	459	31
679	0	652	52
790	0	732	59
802	0	648	32
709	0	773	36
584	0	554	78
797	0	791	30
795	0	767	68
730	0	699	52
560	0	621	67
502	0	618	31
494	0	495	35
578	0	459	60
761	0	731	60
471	0	444	41
503	0	534	132
491	0	551	50
488	0	430	32
826	0	827	51
792	0	791	152
166	0	106	32
760	0	822	41
498	0	431	31
580	0	521	61
827	0	888	39
411	0	471	70
474	0	501	64
581	0	551	53
589	0	374	30
579	0	548	63
612	0	732	74
374	0	373	45
499	0	533	32
805	0	774	68
699	0	702	31
617	0	587	35
595	0	561	60
729	0	459	30
485	0	484	69
468	0	377	38
707	0	590	33
761	0	729	47
767	0	647	34
651	0	620	154
494	0	554	48
382	0	441	67
500	0	530	138
800	0	773	83
797	0	768	137
536	0	532	33
679	0	707	53
594	0	592	42
644	0	523	42
344	0	460	106
589	0	706	34
729	0	697	47
733	0	732	163
582	0	522	91
588	0	651	33
431	0	428	34
714	0	681	64
613	0	582	52
481	0	451	54
471	0	680	34
468	0	381	57
648	0	768	43
638	0	667	56
613	0	610	30
677	0	738	41
698	0	666	88
620	0	528	47
701	0	644	33
460	0	430	55
649	0	591	43
347	0	408	32
640	0	791	41
825	0	827	86
373	0	431	31
672	0	701	64
491	0	432	40
534	0	531	191
435	0	344	40
591	0	502	102
503	0	441	55
619	0	650	218
768	0	832	44
196	0	316	33
642	0	581	41
646	0	707	61
589	0	502	57
759	0	763	50
380	0	439	40
675	0	704	34
591	0	803	33
528	0	558	112
522	0	432	46
433	0	464	99
613	0	612	91
737	0	798	47
710	0	681	80
471	0	411	70
608	0	671	46
674	0	671	53
497	0	528	65
533	0	505	32
684	0	774	42
315	0	348	37
500	0	442	50
559	0	470	35
345	0	313	59
554	0	524	81
400	0	401	38
729	0	668	103
441	0	530	33
583	0	612	47
533	0	560	106
684	0	714	48
432	0	404	56
765	0	768	42
679	0	648	124
581	0	578	33
798	0	796	98
374	0	464	31
503	0	473	213
759	0	791	153
469	0	589	48
432	0	491	37
472	0	471	190
592	0	533	69
684	0	595	46
584	0	674	71
619	0	459	49
643	0	703	36
706	0	729	36
682	0	773	50
589	0	591	214
523	0	522	95
459	0	463	39
773	0	560	37
522	0	552	123
803	0	862	48
490	0	459	67
530	0	560	146
649	0	651	57
677	0	676	99
348	0	318	64
651	0	678	31
462	0	431	54
617	0	647	52
492	0	433	43
678	0	589	42
431	0	429	69
578	0	699	37
708	0	459	38
613	0	524	30
700	0	705	30
470	0	468	88
681	0	685	30
583	0	552	50
618	0	557	31
465	0	433	35
610	0	609	59
374	0	405	38
698	0	790	38
427	0	487	56
648	0	706	38
553	0	523	73
622	0	562	41
503	0	593	67
515	0	424	38
518	0	578	54
681	0	560	53
681	0	502	46
501	0	620	47
347	0	346	98
852	0	733	30
471	0	533	64
435	0	494	74
403	0	402	73
575	0	666	44
672	0	582	35
730	0	701	67
684	0	743	31
707	0	705	89
379	0	374	70
612	0	638	43
767	0	735	44
471	0	349	35
583	0	614	30
669	0	671	52
475	0	471	136
536	0	535	47
530	0	650	41
521	0	551	67
438	0	406	41
729	0	640	99
588	0	619	124
365	0	366	34
768	0	679	35
796	0	826	36
488	0	547	58
732	0	671	51
797	0	822	34
559	0	533	32
468	0	460	48
469	0	561	47
559	0	501	65
613	0	704	31
580	0	644	37
500	0	595	38
196	0	254	34
706	0	677	112
552	0	492	40
436	0	434	32
533	0	502	89
462	0	521	33
774	0	803	34
708	0	647	41
531	0	529	92
487	0	518	43
501	0	562	63
546	0	548	44
434	0	437	31
373	0	433	114
547	0	545	33
430	0	403	32
708	0	681	41
760	0	698	34
764	0	823	43
707	0	528	39
714	0	803	43
578	0	608	145
346	0	433	35
590	0	773	32
560	0	381	40
680	0	501	98
643	0	673	44
771	0	772	62
735	0	823	66
502	0	590	41
429	0	369	56
642	0	671	116
608	0	578	138
707	0	708	70
652	0	532	44
498	0	618	39
527	0	585	46
593	0	589	36
373	0	372	51
794	0	733	52
588	0	559	63
460	0	400	46
700	0	640	91
649	0	560	51
764	0	797	30
707	0	617	31
591	0	498	46
582	0	732	43
698	0	612	40
650	0	501	48
461	0	402	35
608	0	636	46
681	0	652	114
552	0	491	51
821	0	733	42
698	0	671	49
797	0	793	46
706	0	710	38
548	0	521	45
591	0	471	114
433	0	523	49
621	0	591	142
531	0	527	64
831	0	800	43
428	0	459	104
582	0	523	111
618	0	619	133
473	0	533	71
441	0	356	41
491	0	431	37
461	0	344	31
464	0	373	37
533	0	472	90
536	0	565	48
528	0	586	35
773	0	744	76
765	0	706	35
801	0	803	64
702	0	671	49
592	0	594	49
468	0	440	108
619	0	618	130
640	0	698	44
641	0	612	210
534	0	539	30
560	0	644	30
790	0	759	102
681	0	835	33
524	0	555	36
552	0	550	68
730	0	641	37
552	0	611	34
620	0	679	52
439	0	381	46
441	0	591	41
349	0	411	35
397	0	429	43
374	0	343	35
827	0	799	45
675	0	674	48
566	0	561	52
468	0	619	40
460	0	459	62
315	0	285	54
773	0	831	38
592	0	651	104
667	0	696	36
408	0	438	32
799	0	738	60
680	0	773	85
576	0	546	47
647	0	676	102
460	0	521	35
591	0	473	75
501	0	565	39
682	0	621	46
773	0	771	62
592	0	593	111
283	0	313	56
561	0	684	42
789	0	822	60
702	0	703	51
617	0	588	34
674	0	584	53
471	0	562	43
381	0	591	45
618	0	559	50
566	0	627	63
552	0	498	34
499	0	411	32
532	0	471	53
547	0	552	31
221	0	459	31
441	0	470	43
708	0	768	92
700	0	704	41
773	0	710	174
593	0	619	32
647	0	737	52
473	0	532	67
355	0	441	75
588	0	586	43
40	0	43	31
610	0	578	48
707	0	680	68
435	0	403	47
667	0	668	124
428	0	399	53
769	0	827	49
714	0	595	33
367	0	398	38
432	0	498	50
825	0	828	36
622	0	533	43
531	0	441	71
671	0	700	123
488	0	457	35
522	0	459	73
524	0	552	55
675	0	707	32
287	0	347	44
582	0	642	111
493	0	459	40
435	0	373	45
710	0	802	146
534	0	499	33
381	0	500	38
434	0	436	47
412	0	411	71
501	0	411	71
475	0	443	35
381	0	411	143
613	0	552	44
559	0	498	44
672	0	643	53
566	0	626	107
617	0	644	30
674	0	733	87
442	0	381	51
576	0	697	32
732	0	640	41
379	0	347	80
521	0	491	107
734	0	797	51
805	0	773	44
595	0	533	43
503	0	592	74
463	0	404	36
619	0	587	74
580	0	638	40
336	0	367	34
733	0	730	82
714	0	592	31
612	0	580	126
377	0	468	32
469	0	439	79
549	0	608	31
852	0	822	86
501	0	497	93
734	0	763	116
861	0	802	51
793	0	852	31
403	0	374	38
774	0	714	75
680	0	648	68
487	0	456	75
621	0	622	93
528	0	471	63
832	0	801	106
744	0	682	38
459	0	644	45
697	0	758	33
468	0	503	36
548	0	575	31
644	0	522	63
486	0	487	33
471	0	529	38
498	0	589	66
825	0	794	37
710	0	832	93
592	0	560	141
650	0	651	140
733	0	703	92
313	0	314	54
708	0	649	36
768	0	459	39
684	0	713	34
648	0	531	58
764	0	734	116
501	0	412	61
798	0	832	37
879	0	789	60
346	0	319	34
554	0	584	90
501	0	709	32
701	0	698	44
680	0	344	38
578	0	668	53
425	0	395	30
346	0	406	45
502	0	474	96
548	0	608	104
404	0	375	201
473	0	498	37
709	0	706	63
314	0	343	33
822	0	791	362
616	0	677	32
738	0	648	40
473	0	534	48
498	0	380	58
443	0	590	33
583	0	644	32
523	0	493	145
344	0	313	30
765	0	794	40
345	0	348	100
610	0	666	30
609	0	612	66
436	0	405	34
471	0	344	43
561	0	595	86
652	0	649	41
798	0	801	41
706	0	769	30
621	0	471	32
489	0	430	30
405	0	434	37
646	0	645	51
739	0	738	74
349	0	347	84
705	0	794	32
345	0	343	30
561	0	710	46
595	0	681	32
530	0	620	52
314	0	344	48
406	0	380	34
559	0	592	35
642	0	643	54
375	0	459	83
802	0	742	86
822	0	733	74
344	0	348	40
682	0	803	30
531	0	592	129
467	0	464	32
582	0	493	39
677	0	707	87
700	0	707	30
674	0	651	34
524	0	498	56
581	0	642	30
773	0	832	209
502	0	533	95
802	0	831	49
682	0	619	68
592	0	528	30
443	0	498	39
522	0	644	58
796	0	767	93
619	0	557	49
533	0	563	118
503	0	414	65
618	0	649	64
580	0	671	43
460	0	461	45
428	0	429	78
709	0	650	30
730	0	671	83
485	0	487	53
591	0	499	55
731	0	790	72
581	0	579	33
591	0	773	55
471	0	503	149
405	0	345	67
442	0	498	43
431	0	492	81
498	0	316	71
459	0	551	31
730	0	459	34
465	0	497	32
771	0	801	33
730	0	822	30
503	0	531	194
395	0	485	74
647	0	797	50
647	0	707	113
349	0	381	66
591	0	559	78
548	0	516	33
468	0	498	228
651	0	622	134
621	0	592	91
433	0	313	30
799	0	768	49
767	0	795	89
644	0	794	45
460	0	488	30
650	0	532	31
679	0	619	79
468	0	439	347
827	0	768	71
399	0	430	60
682	0	708	30
492	0	524	58
731	0	758	63
676	0	705	37
459	0	395	36
458	0	428	78
791	0	882	72
482	0	459	35
560	0	588	66
744	0	715	37
548	0	428	31
562	0	502	46
481	0	480	64
578	0	577	38
488	0	489	49
729	0	667	44
651	0	649	69
827	0	797	210
827	0	798	200
531	0	619	72
464	0	372	31
474	0	533	47
582	0	674	41
505	0	503	39
674	0	675	74
551	0	521	52
285	0	286	35
619	0	648	136
732	0	642	66
740	0	832	50
731	0	702	40
528	0	587	58
522	0	581	36
759	0	794	39
590	0	650	102
641	0	729	39
527	0	468	47
675	0	677	39
732	0	730	71
680	0	500	36
488	0	428	121
738	0	739	72
592	0	535	32
501	0	470	80
737	0	707	59
626	0	566	92
412	0	471	40
801	0	773	135
534	0	530	65
458	0	398	34
580	0	613	35
524	0	618	35
737	0	735	33
669	0	667	32
552	0	494	30
379	0	468	70
790	0	729	95
651	0	772	31
862	0	800	58
316	0	347	37
680	0	647	33
611	0	580	44
469	0	498	162
676	0	736	32
710	0	707	61
800	0	833	77
740	0	772	74
434	0	468	32
435	0	437	37
791	0	590	32
797	0	705	39
760	0	701	36
434	0	405	33
698	0	548	47
854	0	827	36
743	0	832	36
773	0	827	30
714	0	651	74
460	0	463	55
531	0	528	115
472	0	501	258
528	0	499	51
276	0	306	41
592	0	591	236
706	0	498	32
618	0	585	49
284	0	313	46
678	0	651	36
619	0	499	46
763	0	733	89
473	0	531	118
669	0	698	66
710	0	742	256
432	0	494	53
558	0	589	121
488	0	399	59
349	0	379	103
792	0	822	80
503	0	530	60
595	0	652	37
670	0	668	41
736	0	768	32
558	0	557	61
484	0	485	56
435	0	432	54
676	0	645	32
650	0	678	43
523	0	559	32
772	0	743	83
743	0	619	41
744	0	772	51
468	0	523	46
710	0	771	81
797	0	706	89
640	0	580	54
527	0	499	37
441	0	344	30
652	0	533	70
469	0	374	60
514	0	485	32
503	0	444	45
349	0	344	54
828	0	738	44
827	0	707	39
349	0	320	68
678	0	738	75
581	0	580	67
734	0	729	53
591	0	590	238
520	0	521	33
472	0	497	44
501	0	471	238
430	0	490	50
410	0	381	47
498	0	497	75
582	0	671	36
595	0	565	112
711	0	773	38
377	0	347	30
502	0	531	231
503	0	680	33
668	0	698	96
471	0	412	70
787	0	758	64
759	0	879	35
790	0	791	126
547	0	459	65
432	0	399	33
740	0	710	37
461	0	494	30
346	0	404	59
464	0	460	53
743	0	801	45
566	0	471	31
432	0	434	70
484	0	572	30
497	0	468	59
345	0	285	85
345	0	436	31
561	0	681	91
402	0	459	73
795	0	734	51
704	0	674	125
682	0	680	130
648	0	681	47
379	0	409	31
592	0	534	76
648	0	682	39
433	0	402	105
379	0	471	35
346	0	313	37
455	0	337	30
612	0	584	40
733	0	821	32
706	0	644	57
642	0	610	38
527	0	530	36
797	0	887	30
498	0	470	51
651	0	590	160
729	0	879	38
498	0	440	36
431	0	433	122
531	0	474	52
552	0	493	48
411	0	438	38
762	0	822	71
467	0	437	47
431	0	459	89
557	0	586	33
563	0	562	56
707	0	682	30
536	0	595	34
791	0	794	76
619	0	617	61
503	0	561	72
441	0	442	84
373	0	430	31
345	0	406	46
674	0	677	44
610	0	613	43
459	0	612	65
558	0	619	92
611	0	551	44
441	0	413	64
411	0	349	53
639	0	729	97
468	0	494	31
707	0	648	79
349	0	290	51
535	0	563	35
492	0	459	44
499	0	459	63
680	0	532	33
433	0	462	48
612	0	791	33
790	0	852	40
529	0	530	33
497	0	651	40
430	0	463	111
588	0	589	107
666	0	696	35
319	0	350	38
583	0	522	47
372	0	404	198
705	0	674	76
401	0	431	31
534	0	773	30
500	0	472	71
591	0	649	44
591	0	592	202
679	0	591	56
637	0	635	36
466	0	494	31
531	0	535	79
642	0	701	77
440	0	411	34
405	0	374	52
537	0	505	32
481	0	485	42
469	0	500	51
550	0	552	49
644	0	646	52
501	0	379	32
700	0	641	69
612	0	705	39
591	0	527	72
794	0	827	76
791	0	731	98
548	0	639	35
548	0	698	40
500	0	560	140
470	0	500	33
772	0	831	42
669	0	638	52
557	0	588	41
346	0	349	53
381	0	502	42
561	0	562	116
475	0	502	47
648	0	652	35
463	0	523	56
562	0	592	65
550	0	521	48
501	0	473	133
536	0	560	39
429	0	397	34
730	0	734	51
592	0	590	122
640	0	642	52
349	0	317	38
642	0	672	88
677	0	827	34
500	0	621	34
471	0	531	258
314	0	253	33
774	0	743	44
454	0	485	83
621	0	652	135
671	0	729	95
801	0	769	32
587	0	590	38
373	0	435	47
471	0	563	36
468	0	558	31
704	0	764	47
797	0	825	34
471	0	476	52
346	0	378	45
622	0	681	42
443	0	501	77
372	0	432	44
592	0	619	88
700	0	639	48
590	0	559	78
619	0	713	43
548	0	487	40
381	0	501	68
348	0	317	55
643	0	674	67
560	0	471	112
459	0	492	48
473	0	563	36
648	0	558	38
679	0	710	95
404	0	344	42
472	0	561	75
620	0	531	72
431	0	464	61
533	0	503	88
559	0	471	53
766	0	827	38
484	0	574	52
589	0	620	104
667	0	700	46
737	0	827	37
635	0	697	41
708	0	651	42
759	0	700	62
501	0	474	78
680	0	595	55
648	0	590	58
677	0	680	51
552	0	644	42
345	0	374	50
452	0	459	36
679	0	646	34
582	0	579	39
469	0	436	36
350	0	290	34
575	0	574	34
667	0	608	62
671	0	674	46
821	0	729	39
313	0	345	76
619	0	530	88
563	0	566	44
821	0	732	30
672	0	734	30
734	0	768	50
534	0	475	46
530	0	441	31
585	0	586	33
471	0	651	42
769	0	797	68
471	0	383	31
608	0	666	46
566	0	595	117
500	0	620	30
527	0	589	48
285	0	346	45
531	0	565	36
497	0	530	37
580	0	549	56
589	0	677	56
619	0	498	64
500	0	374	32
638	0	612	52
501	0	494	30
681	0	621	63
561	0	501	165
347	0	287	85
575	0	606	41
371	0	404	68
587	0	498	36
802	0	769	44
578	0	638	87
671	0	730	57
482	0	453	34
481	0	452	39
534	0	497	36
524	0	584	48
521	0	581	46
790	0	758	72
566	0	532	37
713	0	501	52
566	0	592	36
800	0	862	112
410	0	374	31
740	0	738	36
592	0	682	62
522	0	521	126
618	0	560	69
767	0	798	115
729	0	608	51
474	0	502	72
410	0	411	84
763	0	732	62
556	0	496	39
671	0	612	189
468	0	469	291
862	0	831	34
591	0	619	161
672	0	702	41
679	0	561	44
767	0	826	32
704	0	700	66
803	0	774	33
727	0	724	54
791	0	787	32
651	0	592	108
372	0	373	50
649	0	682	32
529	0	619	64
680	0	562	30
710	0	772	228
471	0	591	138
743	0	774	63
705	0	733	51
589	0	529	63
559	0	532	42
801	0	710	80
801	0	742	61
488	0	518	95
535	0	533	58
530	0	470	36
644	0	704	138
587	0	558	31
439	0	408	63
681	0	680	324
566	0	473	30
497	0	501	72
701	0	670	32
566	0	652	36
469	0	471	132
12	0	10	52
798	0	768	157
734	0	703	89
473	0	502	126
745	0	802	35
580	0	578	68
608	0	549	33
443	0	533	36
673	0	671	38
503	0	504	51
652	0	590	105
589	0	682	32
439	0	348	38
432	0	492	115
791	0	698	63
618	0	646	42
595	0	563	47
642	0	524	30
530	0	529	33
501	0	802	37
534	0	538	35
791	0	732	86
669	0	578	33
708	0	674	35
743	0	652	52
536	0	503	39
702	0	643	55
591	0	586	38
645	0	705	50
727	0	698	32
522	0	643	39
402	0	372	59
644	0	559	35
701	0	459	31
459	0	497	39
409	0	468	36
560	0	620	125
318	0	346	36
619	0	592	86
531	0	713	31
378	0	347	54
706	0	737	96
460	0	398	31
773	0	682	54
461	0	432	45
439	0	379	66
635	0	698	30
441	0	498	60
731	0	791	121
345	0	287	57
679	0	649	106
621	0	651	105
472	0	531	210
619	0	644	49
614	0	619	32
554	0	613	35
792	0	789	33
398	0	430	62
576	0	548	40
590	0	595	72
379	0	380	80
732	0	733	190
467	0	494	41
581	0	521	53
768	0	705	34
802	0	501	41
648	0	650	43
651	0	803	50
732	0	699	35
465	0	459	36
528	0	533	30
705	0	734	107
680	0	798	53
575	0	546	37
530	0	528	60
768	0	710	41
736	0	706	40
484	0	573	59
729	0	728	137
738	0	801	39
610	0	582	31
703	0	642	36
758	0	822	32
791	0	758	63
492	0	430	52
794	0	854	38
762	0	758	38
674	0	582	47
596	0	626	33
768	0	737	81
833	0	801	36
609	0	610	57
472	0	476	38
758	0	791	73
732	0	703	64
501	0	498	73
578	0	488	53
668	0	548	32
612	0	640	107
499	0	460	35
589	0	587	44
674	0	827	32
518	0	579	45
797	0	824	47
609	0	608	31
651	0	527	37
700	0	669	57
676	0	647	99
617	0	589	58
346	0	315	40
561	0	682	77
622	0	620	55
590	0	442	39
561	0	497	43
774	0	681	160
732	0	822	178
650	0	680	126
522	0	551	64
652	0	618	42
788	0	791	47
488	0	578	45
707	0	589	38
518	0	490	35
437	0	498	60
521	0	498	40
704	0	707	58
709	0	769	64
547	0	488	58
738	0	678	71
530	0	442	46
575	0	635	56
738	0	710	100
346	0	317	32
482	0	481	85
468	0	499	57
713	0	651	104
549	0	550	33
500	0	682	34
823	0	794	45
561	0	470	30
619	0	460	30
768	0	735	33
618	0	590	112
381	0	383	102
460	0	522	34
547	0	487	54
551	0	611	51
404	0	406	68
801	0	774	30
709	0	708	101
318	0	348	34
824	0	827	69
403	0	464	53
702	0	673	36
589	0	651	98
431	0	432	104
670	0	699	32
822	0	789	50
469	0	410	32
743	0	591	49
704	0	793	31
498	0	460	140
530	0	500	93
704	0	735	43
578	0	576	40
380	0	498	86
822	0	761	53
411	0	468	52
439	0	319	31
552	0	580	62
400	0	459	56
698	0	578	41
411	0	412	56
802	0	619	37
698	0	697	63
581	0	552	61
459	0	732	32
824	0	825	43
523	0	462	59
714	0	773	85
591	0	474	36
828	0	826	40
317	0	348	37
435	0	459	52
667	0	637	54
730	0	700	168
620	0	499	30
760	0	759	128
738	0	797	100
562	0	560	104
759	0	762	67
648	0	710	38
796	0	766	31
791	0	642	34
582	0	612	126
548	0	612	52
277	0	306	33
404	0	459	39
463	0	461	53
500	0	502	95
822	0	794	34
728	0	760	58
678	0	677	149
473	0	441	49
429	0	433	57
619	0	502	37
528	0	678	30
349	0	289	31
608	0	518	40
411	0	439	50
650	0	561	67
680	0	711	53
533	0	592	96
313	0	346	49
410	0	471	43
521	0	584	32
713	0	621	31
459	0	375	51
500	0	559	58
500	0	443	30
557	0	619	47
700	0	612	44
706	0	797	96
680	0	503	36
498	0	588	41
742	0	800	31
646	0	647	63
642	0	732	76
590	0	563	44
677	0	616	39
682	0	713	57
701	0	700	117
698	0	731	48
378	0	404	34
640	0	701	39
590	0	498	55
764	0	791	47
650	0	708	34
536	0	591	44
531	0	681	92
648	0	647	69
498	0	651	42
730	0	698	57
471	0	619	43
498	0	378	32
706	0	735	62
412	0	501	45
472	0	414	32
582	0	459	51
790	0	761	56
522	0	464	34
584	0	613	53
471	0	681	38
461	0	521	36
533	0	531	241
527	0	560	69
501	0	439	38
651	0	529	36
385	0	441	103
802	0	832	170
347	0	345	93
801	0	743	39
530	0	563	30
762	0	733	59
287	0	348	46
588	0	679	36
771	0	802	96
704	0	731	31
431	0	463	155
706	0	645	48
672	0	733	49
674	0	672	71
705	0	795	58
729	0	670	57
681	0	769	35
585	0	527	47
590	0	713	33
797	0	796	106
591	0	650	66
531	0	498	70
667	0	638	56
734	0	738	38
618	0	620	85
501	0	560	187
589	0	559	133
463	0	400	48
734	0	613	37
459	0	517	34
403	0	432	54
583	0	582	49
381	0	441	101
738	0	706	64
646	0	618	36
563	0	534	68
591	0	561	177
380	0	468	32
579	0	610	42
640	0	550	30
554	0	522	48
764	0	827	32
744	0	775	45
498	0	524	34
591	0	589	166
10	0	43	34
728	0	578	35
742	0	803	58
285	0	287	31
764	0	794	56
545	0	515	68
558	0	530	50
462	0	433	36
679	0	681	82
560	0	499	81
620	0	618	71
489	0	491	31
651	0	681	187
576	0	547	41
492	0	582	42
590	0	652	90
743	0	710	38
580	0	642	38
618	0	531	45
710	0	706	42
532	0	589	36
504	0	503	33
618	0	588	94
485	0	544	53
349	0	346	49
430	0	491	37
346	0	381	42
729	0	612	44
499	0	591	50
619	0	468	44
246	0	247	35
592	0	562	92
411	0	414	39
471	0	467	48
590	0	527	64
468	0	379	74
594	0	591	56
459	0	468	32
680	0	710	158
521	0	524	61
620	0	590	155
589	0	619	160
646	0	705	64
553	0	494	35
650	0	589	71
646	0	648	60
612	0	459	90
548	0	545	51
469	0	499	53
399	0	429	93
608	0	728	55
528	0	588	112
518	0	580	32
591	0	411	38
669	0	459	35
682	0	774	33
744	0	800	56
530	0	562	36
640	0	699	77
714	0	832	31
523	0	459	43
669	0	700	57
772	0	680	40
529	0	527	40
498	0	379	45
533	0	442	32
596	0	560	47
381	0	355	85
565	0	534	68
307	0	338	30
797	0	827	227
558	0	497	30
618	0	648	85
802	0	713	58
674	0	644	221
767	0	827	142
589	0	527	72
642	0	459	54
674	0	729	35
530	0	588	32
528	0	473	31
472	0	469	36
404	0	402	174
366	0	367	40
575	0	515	45
765	0	733	33
501	0	591	237
430	0	402	47
350	0	347	55
498	0	500	80
636	0	667	70
429	0	463	37
580	0	612	144
414	0	474	31
552	0	460	48
802	0	651	36
588	0	618	102
713	0	773	58
524	0	463	31
732	0	758	48
588	0	678	41
679	0	706	49
467	0	432	34
501	0	537	31
680	0	743	36
700	0	732	84
797	0	765	84
682	0	681	99
677	0	649	46
313	0	372	31
429	0	431	81
832	0	743	43
347	0	316	70
614	0	613	57
428	0	398	78
316	0	498	66
350	0	381	75
471	0	475	171
566	0	596	166
616	0	647	38
789	0	790	148
578	0	611	37
826	0	798	44
767	0	824	31
763	0	822	32
759	0	732	57
430	0	462	42
620	0	560	157
550	0	612	34
702	0	642	67
439	0	470	40
763	0	793	35
521	0	550	42
652	0	531	146
618	0	678	74
559	0	617	33
559	0	523	38
523	0	497	90
492	0	491	41
639	0	611	30
832	0	803	119
772	0	773	202
795	0	796	47
527	0	469	32
703	0	702	50
565	0	596	34
467	0	405	31
802	0	708	34
518	0	516	46
442	0	385	54
612	0	671	262
346	0	284	31
558	0	648	45
799	0	827	44
650	0	681	114
684	0	744	46
618	0	647	52
441	0	380	83
701	0	730	66
680	0	534	37
822	0	758	31
485	0	486	74
827	0	822	33
772	0	742	74
497	0	498	82
774	0	832	38
503	0	563	83
702	0	704	53
350	0	348	72
619	0	622	71
559	0	650	30
802	0	827	34
411	0	440	41
591	0	593	115
468	0	408	60
487	0	459	50
735	0	765	91
651	0	531	210
684	0	681	33
375	0	468	41
698	0	732	31
402	0	464	46
762	0	760	57
439	0	528	52
338	0	367	46
652	0	559	39
738	0	772	30
559	0	648	46
612	0	613	109
739	0	862	36
469	0	438	41
523	0	494	130
619	0	380	31
501	0	380	40
552	0	732	45
619	0	584	31
768	0	589	33
405	0	468	37
467	0	379	33
773	0	652	39
668	0	671	31
490	0	460	94
709	0	649	39
497	0	471	39
827	0	854	53
533	0	473	93
531	0	621	52
612	0	432	31
490	0	522	30
617	0	527	36
582	0	643	82
608	0	759	47
824	0	795	51
410	0	380	34
666	0	699	38
677	0	797	30
706	0	768	68
561	0	560	243
559	0	500	72
731	0	822	40
651	0	774	69
471	0	443	142
862	0	739	39
433	0	465	36
560	0	650	106
742	0	679	31
527	0	523	52
443	0	531	71
677	0	798	40
732	0	582	32
703	0	672	34
800	0	802	86
562	0	503	41
835	0	681	63
484	0	514	48
524	0	522	83
652	0	344	39
706	0	646	94
413	0	503	34
672	0	700	41
528	0	561	60
501	0	523	64
735	0	794	119
501	0	472	231
430	0	398	54
473	0	566	34
680	0	561	96
456	0	487	50
652	0	803	36
681	0	679	104
430	0	460	55
502	0	471	127
578	0	580	62
614	0	704	32
433	0	374	80
733	0	790	54
412	0	442	31
595	0	744	30
441	0	414	92
474	0	560	36
728	0	639	30
402	0	461	32
471	0	501	209
469	0	529	40
516	0	546	43
765	0	705	30
596	0	590	31
537	0	506	74
589	0	561	115
485	0	366	33
682	0	710	42
608	0	668	62
650	0	500	35
381	0	590	30
641	0	581	37
349	0	288	37
488	0	546	30
498	0	436	68
616	0	591	38
732	0	673	31
791	0	852	200
347	0	344	76
591	0	472	112
527	0	494	42
648	0	646	71
434	0	402	42
472	0	560	81
592	0	596	43
622	0	652	113
640	0	730	64
738	0	677	52
744	0	619	43
463	0	432	221
521	0	493	47
827	0	887	37
464	0	494	84
790	0	731	55
533	0	589	38
769	0	708	84
622	0	682	69
671	0	733	59
501	0	535	47
635	0	758	37
772	0	833	90
502	0	561	94
498	0	464	30
438	0	381	47
612	0	645	37
648	0	589	100
619	0	679	102
707	0	737	58
411	0	380	118
671	0	669	42
673	0	674	55
798	0	766	46
673	0	642	50
832	0	833	83
504	0	474	53
703	0	704	56
612	0	762	51
481	0	482	100
765	0	797	50
769	0	590	31
498	0	374	78
521	0	344	35
530	0	531	88
791	0	821	165
710	0	768	43
579	0	581	38
402	0	405	30
884	0	854	38
492	0	461	58
372	0	343	31
503	0	560	64
441	0	473	61
560	0	561	201
704	0	706	78
560	0	473	53
588	0	590	64
381	0	413	42
466	0	435	47
397	0	398	48
414	0	411	33
443	0	474	61
619	0	677	68
347	0	380	33
501	0	652	93
503	0	413	55
650	0	709	56
337	0	306	46
767	0	738	101
707	0	591	49
593	0	560	43
734	0	758	38
642	0	673	43
704	0	584	43
672	0	673	47
709	0	651	55
398	0	428	65
527	0	587	46
730	0	640	49
459	0	488	89
485	0	516	113
402	0	434	32
494	0	433	68
485	0	459	89
503	0	595	68
166	0	286	34
348	0	468	64
674	0	614	57
531	0	530	130
705	0	735	81
537	0	565	35
413	0	443	36
734	0	764	146
431	0	521	30
563	0	560	62
738	0	707	96
799	0	797	70
707	0	735	33
792	0	732	83
773	0	648	38
346	0	436	44
706	0	619	50
345	0	405	60
398	0	344	35
793	0	704	34
862	0	802	171
524	0	528	39
738	0	827	62
433	0	522	71
501	0	528	107
733	0	758	36
731	0	729	154
485	0	344	31
591	0	588	48
434	0	435	84
493	0	553	38
486	0	456	55
642	0	729	43
639	0	608	41
761	0	791	67
528	0	557	67
791	0	879	56
733	0	642	44
375	0	405	56
732	0	459	56
488	0	579	33
699	0	758	39
524	0	614	35
668	0	638	42
432	0	468	36
589	0	709	31
560	0	649	64
461	0	492	53
521	0	579	44
485	0	482	49
652	0	774	50
431	0	374	35
500	0	531	202
522	0	491	91
668	0	728	79
701	0	612	49
701	0	673	30
593	0	622	44
414	0	471	41
492	0	402	82
348	0	315	45
619	0	527	78
314	0	284	52
798	0	737	59
822	0	790	87
765	0	795	51
565	0	535	41
563	0	565	76
431	0	400	94
671	0	703	31
676	0	707	53
314	0	313	45
794	0	822	60
714	0	685	76
584	0	582	60
700	0	643	35
501	0	533	120
441	0	355	93
528	0	468	98
286	0	316	47
680	0	704	34
523	0	527	65
765	0	796	32
822	0	731	35
583	0	523	94
767	0	766	67
618	0	498	46
713	0	681	75
548	0	578	101
432	0	462	56
373	0	464	54
734	0	793	179
705	0	797	49
437	0	497	31
552	0	612	85
591	0	469	31
435	0	406	39
439	0	559	31
539	0	537	69
401	0	433	31
651	0	471	48
459	0	425	55
772	0	803	119
590	0	586	31
351	0	349	38
759	0	697	32
619	0	742	38
733	0	701	42
619	0	523	35
502	0	559	44
771	0	800	32
728	0	732	33
589	0	532	35
590	0	651	124
528	0	680	35
680	0	678	85
743	0	742	43
705	0	676	52
681	0	772	72
430	0	459	57
795	0	824	34
374	0	372	31
680	0	622	66
613	0	643	59
367	0	338	42
651	0	742	37
438	0	436	63
443	0	471	157
471	0	500	117
373	0	284	37
733	0	823	39
530	0	527	39
560	0	497	64
733	0	704	95
745	0	714	54
425	0	424	40
652	0	772	32
133	0	193	42
607	0	666	46
703	0	643	49
528	0	651	40
643	0	672	51
741	0	710	62
805	0	744	43
706	0	676	86
405	0	465	62
503	0	533	110
677	0	617	51
494	0	432	48
667	0	607	53
611	0	612	86
314	0	346	78
381	0	469	39
732	0	644	51
734	0	612	44
431	0	498	39
475	0	472	63
791	0	671	51
674	0	523	43
411	0	442	62
622	0	591	125
489	0	458	45
530	0	533	41
745	0	681	70
590	0	621	68
435	0	315	33
700	0	670	44
471	0	380	49
773	0	619	69
616	0	644	46
484	0	453	35
313	0	433	38
651	0	560	133
489	0	490	40
375	0	316	37
678	0	648	100
498	0	619	36
561	0	707	41
480	0	481	66
582	0	610	32
613	0	642	56
437	0	436	30
678	0	680	124
645	0	706	49
791	0	699	61
681	0	677	30
700	0	734	51
488	0	490	43
498	0	348	33
501	0	410	31
468	0	529	33
731	0	674	37
592	0	502	71
439	0	441	65
652	0	562	46
701	0	674	45
459	0	515	38
371	0	400	34
795	0	736	35
443	0	441	107
580	0	581	59
484	0	481	48
560	0	562	99
832	0	714	40
523	0	524	153
583	0	674	34
459	0	453	31
802	0	681	63
700	0	668	60
742	0	743	39
589	0	680	48
344	0	531	35
442	0	383	40
464	0	436	37
406	0	498	53
548	0	518	70
474	0	471	146
373	0	463	67
347	0	374	30
743	0	713	64
743	0	745	36
346	0	256	30
485	0	574	35
345	0	378	31
742	0	772	64
501	0	382	50
648	0	527	42
404	0	343	48
375	0	498	78
698	0	669	80
682	0	622	74
787	0	698	39
684	0	682	37
640	0	639	48
468	0	375	42
651	0	500	85
591	0	497	54
350	0	349	73
713	0	590	32
729	0	760	160
652	0	651	243
802	0	680	36
618	0	586	39
473	0	472	87
738	0	680	43
681	0	742	66
647	0	644	36
501	0	443	52
797	0	798	220
561	0	411	30
674	0	732	41
732	0	643	55
566	0	591	66
413	0	441	85
583	0	642	30
560	0	682	57
732	0	821	39
577	0	608	36
699	0	667	69
563	0	503	56
534	0	443	30
610	0	638	54
789	0	761	30
429	0	432	49
647	0	680	36
106	0	344	66
528	0	677	31
471	0	589	57
500	0	681	33
443	0	475	40
538	0	536	32
773	0	711	39
731	0	760	103
640	0	728	31
622	0	593	69
521	0	492	79
559	0	529	50
554	0	552	32
345	0	373	46
646	0	619	60
682	0	707	35
728	0	700	118
256	0	316	39
612	0	702	70
791	0	795	42
733	0	522	33
596	0	595	49
404	0	435	110
644	0	582	58
768	0	734	39
379	0	378	88
702	0	459	39
403	0	405	41
347	0	469	32
501	0	503	176
319	0	349	60
439	0	501	47
500	0	589	75
593	0	592	70
651	0	441	36
470	0	381	36
468	0	472	57
349	0	321	60
710	0	678	41
472	0	504	35
645	0	646	64
651	0	497	38
485	0	483	45
379	0	441	33
611	0	643	39
740	0	742	77
702	0	760	33
699	0	640	68
528	0	559	152
707	0	827	50
439	0	467	64
500	0	590	100
680	0	738	43
524	0	527	55
516	0	459	31
729	0	733	72
590	0	565	42
283	0	314	35
701	0	672	70
566	0	565	103
461	0	523	36
713	0	503	36
621	0	681	64
413	0	442	37
768	0	794	46
442	0	590	34
462	0	460	39
467	0	500	30
579	0	552	38
346	0	375	30
614	0	643	63
800	0	744	34
697	0	729	58
640	0	732	32
791	0	733	120
592	0	595	152
667	0	699	59
734	0	643	68
800	0	831	69
532	0	618	30
561	0	498	43
700	0	608	49
462	0	494	30
590	0	560	250
652	0	497	37
648	0	676	34
566	0	659	76
668	0	759	49
347	0	318	83
641	0	611	39
435	0	372	32
698	0	758	96
730	0	612	35
650	0	590	79
800	0	803	39
523	0	344	43
762	0	734	67
823	0	822	47
707	0	677	95
527	0	528	93
503	0	411	38
671	0	580	42
350	0	319	47
313	0	344	53
429	0	522	40
674	0	673	43
500	0	592	38
285	0	315	53
700	0	699	80
590	0	494	38
742	0	740	32
518	0	547	89
800	0	801	55
640	0	612	102
822	0	793	76
833	0	862	44
348	0	351	40
621	0	500	36
713	0	802	55
758	0	731	54
515	0	575	89
373	0	283	41
487	0	546	44
593	0	590	35
535	0	566	74
647	0	590	34
824	0	459	30
743	0	803	61
738	0	802	46
429	0	427	37
531	0	469	40
560	0	529	61
411	0	472	51
648	0	679	109
734	0	700	49
652	0	534	47
502	0	563	45
471	0	382	69
862	0	710	40
651	0	685	69
404	0	401	37
535	0	503	56
801	0	833	46
792	0	761	36
790	0	793	43
735	0	674	37
518	0	549	50
769	0	709	60
790	0	733	66
367	0	366	49
670	0	672	45
501	0	710	40
524	0	464	41
802	0	743	97
592	0	620	66
517	0	548	34
734	0	584	33
441	0	501	92
612	0	583	59
404	0	374	71
589	0	497	56
471	0	682	36
552	0	432	48
492	0	523	152
527	0	556	41
531	0	536	57
497	0	527	54
641	0	671	98
494	0	404	42
738	0	708	95
709	0	768	50
399	0	498	30
532	0	534	94
791	0	734	60
802	0	798	38
733	0	794	71
381	0	503	45
463	0	373	43
679	0	798	33
650	0	588	36
711	0	679	38
652	0	707	33
439	0	382	33
411	0	382	83
674	0	459	48
431	0	460	48
531	0	618	37
649	0	589	60
404	0	371	76
554	0	582	30
733	0	700	55
745	0	743	33
591	0	594	49
645	0	584	30
442	0	412	39
702	0	672	60
349	0	441	32
768	0	741	33
795	0	797	130
462	0	402	42
424	0	395	30
520	0	579	39
498	0	708	31
428	0	430	39
706	0	705	137
346	0	350	46
313	0	284	71
521	0	523	158
337	0	367	44
674	0	759	38
532	0	595	42
767	0	459	34
315	0	346	51
590	0	473	52
591	0	530	111
583	0	554	37
795	0	768	32
285	0	314	37
793	0	797	44
480	0	510	34
741	0	802	34
791	0	789	124
502	0	560	95
549	0	521	39
480	0	482	37
434	0	433	106
714	0	745	66
791	0	788	38
699	0	669	50
502	0	499	51
589	0	472	32
644	0	459	51
710	0	739	57
803	0	773	99
677	0	768	41
619	0	620	241
492	0	494	43
684	0	745	36
471	0	620	37
680	0	502	51
381	0	344	75
459	0	427	35
591	0	772	37
591	0	652	221
284	0	285	40
522	0	463	40
433	0	372	62
438	0	380	30
678	0	679	191
642	0	707	30
501	0	566	46
589	0	679	73
651	0	589	113
561	0	469	35
640	0	700	103
532	0	473	41
705	0	675	55
459	0	523	34
517	0	459	37
704	0	703	60
499	0	531	89
379	0	408	30
502	0	621	32
500	0	651	64
678	0	619	72
485	0	546	61
703	0	734	91
677	0	498	34
485	0	425	180
706	0	765	33
547	0	549	37
584	0	644	47
501	0	708	33
681	0	744	122
501	0	532	138
582	0	432	34
708	0	707	92
591	0	677	32
703	0	729	32
459	0	485	79
550	0	523	30
460	0	433	33
617	0	528	35
637	0	548	30
551	0	552	76
652	0	620	83
637	0	578	31
527	0	558	43
644	0	643	133
734	0	704	203
790	0	819	38
595	0	566	89
680	0	591	124
398	0	367	48
486	0	516	48
366	0	338	31
797	0	677	42
531	0	443	57
349	0	345	36
739	0	710	47
587	0	559	37
441	0	532	34
563	0	592	126
652	0	499	37
313	0	343	44
500	0	527	37
545	0	459	36
345	0	315	65
454	0	459	41
438	0	347	39
382	0	443	33
591	0	617	32
338	0	306	44
433	0	344	61
398	0	427	39
532	0	531	309
534	0	533	160
651	0	523	33
483	0	363	49
795	0	827	93
674	0	734	126
640	0	579	35
440	0	498	65
793	0	792	45
285	0	347	30
616	0	498	33
466	0	459	63
472	0	530	77
698	0	668	98
485	0	605	30
591	0	534	66
521	0	549	35
468	0	502	54
497	0	591	40
684	0	531	31
552	0	674	38
702	0	729	40
677	0	647	148
730	0	790	90
589	0	503	40
582	0	460	31
734	0	674	185
619	0	374	35
517	0	516	39
437	0	468	64
745	0	774	40
536	0	538	36
459	0	489	76
561	0	591	205
488	0	459	153
558	0	501	32
681	0	743	117
441	0	531	68
316	0	344	72
560	0	533	92
461	0	459	43
671	0	673	40
582	0	548	32
744	0	773	84
773	0	708	31
790	0	698	38
822	0	759	51
552	0	522	128
738	0	649	31
619	0	559	102
498	0	375	43
488	0	516	58
533	0	534	152
404	0	431	39
595	0	474	31
283	0	344	32
620	0	533	30
565	0	595	122
612	0	619	33
582	0	553	85
435	0	431	37
344	0	379	42
732	0	852	111
434	0	432	82
703	0	644	59
493	0	494	41
768	0	729	30
734	0	731	62
679	0	589	60
832	0	862	103
437	0	467	33
682	0	651	178
709	0	738	56
527	0	531	57
701	0	703	54
674	0	676	45
787	0	729	38
732	0	791	93
549	0	552	34
531	0	470	47
708	0	648	83
441	0	503	69
707	0	767	56
411	0	383	47
441	0	412	87
768	0	706	72
709	0	680	90
702	0	759	34
499	0	500	62
379	0	469	43
530	0	498	58
591	0	442	65
595	0	560	78
732	0	705	32
675	0	644	44
582	0	641	35
386	0	441	31
487	0	517	70
590	0	620	122
575	0	573	32
531	0	349	33
463	0	460	76
516	0	518	48
374	0	460	58
620	0	682	45
728	0	729	159
527	0	500	58
734	0	705	140
576	0	608	35
497	0	459	39
649	0	680	80
610	0	670	30
432	0	400	60
374	0	345	50
677	0	769	32
580	0	550	52
503	0	652	65
728	0	697	60
589	0	590	216
432	0	373	55
497	0	619	37
678	0	676	69
471	0	618	42
734	0	791	58
765	0	767	58
682	0	683	33
471	0	438	31
471	0	559	61
442	0	591	38
651	0	503	53
566	0	537	114
533	0	498	31
468	0	561	37
589	0	499	47
560	0	622	51
729	0	641	39
548	0	549	51
345	0	344	69
373	0	343	63
463	0	462	60
680	0	709	106
652	0	709	30
733	0	735	68
436	0	345	31
498	0	503	47
698	0	787	39
558	0	528	123
700	0	671	159
562	0	619	33
581	0	582	62
344	0	502	32
708	0	742	36
666	0	608	55
566	0	569	42
641	0	459	38
771	0	710	90
591	0	624	53
484	0	543	56
832	0	802	197
728	0	791	49
735	0	706	66
414	0	503	61
529	0	528	52
758	0	700	39
639	0	640	45
862	0	801	69
705	0	764	38
480	0	540	52
471	0	441	104
433	0	405	38
530	0	652	47
672	0	611	30
618	0	591	87
651	0	680	207
621	0	679	31
438	0	500	34
529	0	499	36
674	0	706	56
459	0	578	31
591	0	709	47
500	0	471	78
528	0	648	57
761	0	758	32
454	0	424	34
350	0	318	42
762	0	731	49
745	0	652	43
608	0	644	38
429	0	488	40
673	0	734	45
560	0	680	92
791	0	850	93
494	0	552	32
472	0	500	59
551	0	524	40
472	0	474	105
468	0	530	42
680	0	651	240
828	0	824	44
832	0	742	38
652	0	653	33
699	0	731	46
790	0	850	35
381	0	350	56
579	0	549	31
367	0	428	33
380	0	411	81
682	0	650	52
644	0	733	82
767	0	710	31
640	0	731	32
735	0	767	68
518	0	548	80
406	0	316	34
345	0	381	31
469	0	380	42
592	0	681	51
433	0	491	32
501	0	534	117
652	0	523	30
433	0	459	74
768	0	801	34
485	0	334	31
510	0	480	31
488	0	429	59
583	0	613	51
797	0	769	62
596	0	566	105
373	0	314	45
827	0	828	125
671	0	643	55
469	0	560	42
502	0	619	46
580	0	611	64
790	0	762	31
768	0	798	266
612	0	498	30
500	0	499	81
344	0	459	252
797	0	802	34
503	0	589	32
591	0	468	42
676	0	734	30
672	0	640	31
798	0	680	32
713	0	744	56
548	0	547	73
529	0	501	42
402	0	492	61
803	0	743	53
731	0	671	85
427	0	428	39
796	0	827	127
732	0	702	91
290	0	319	33
375	0	494	34
832	0	772	148
531	0	382	31
563	0	473	33
672	0	731	34
350	0	346	37
406	0	374	40
794	0	824	67
584	0	612	34
681	0	500	35
374	0	375	60
380	0	318	30
503	0	499	35
619	0	595	34
652	0	714	90
517	0	488	53
482	0	451	51
652	0	773	32
587	0	616	30
473	0	501	138
483	0	453	58
516	0	488	57
502	0	380	30
547	0	580	32
522	0	732	38
474	0	591	37
612	0	548	43
621	0	561	88
666	0	668	61
612	0	698	34
774	0	745	62
381	0	438	49
498	0	466	68
791	0	459	35
769	0	591	37
711	0	710	56
668	0	669	82
743	0	802	97
832	0	800	92
440	0	471	59
608	0	700	45
731	0	732	101
381	0	440	38
537	0	531	40
619	0	533	46
666	0	637	30
408	0	375	33
529	0	560	68
705	0	708	64
349	0	348	116
730	0	758	67
620	0	501	52
494	0	464	49
595	0	593	40
316	0	315	30
531	0	503	187
767	0	794	45
678	0	528	33
849	0	791	40
531	0	523	69
381	0	472	69
774	0	835	40
707	0	619	42
528	0	590	87
528	0	442	36
461	0	498	49
468	0	433	62
652	0	679	35
459	0	528	31
744	0	685	65
706	0	700	32
730	0	729	181
622	0	619	65
710	0	561	34
710	0	680	134
277	0	246	33
618	0	587	30
593	0	503	46
644	0	827	31
468	0	405	33
485	0	548	71
463	0	464	42
635	0	667	46
761	0	822	40
522	0	642	45
797	0	826	67
797	0	707	61
492	0	612	48
710	0	591	53
700	0	667	51
614	0	583	32
459	0	429	41
637	0	667	53
593	0	591	111
411	0	441	99
531	0	648	42
589	0	649	59
584	0	704	37
558	0	498	83
381	0	348	35
620	0	652	101
590	0	707	39
640	0	668	41
558	0	527	72
424	0	459	49
704	0	702	42
678	0	617	38
605	0	575	39
621	0	680	92
501	0	530	169
679	0	680	160
670	0	700	65
551	0	522	64
402	0	523	32
545	0	485	122
560	0	530	181
620	0	532	30
587	0	618	32
472	0	468	43
531	0	803	39
744	0	533	32
733	0	792	49
743	0	531	35
643	0	642	55
706	0	589	32
552	0	613	51
528	0	707	36
792	0	852	52
613	0	583	52
582	0	580	94
284	0	283	31
318	0	498	31
346	0	498	66
349	0	351	57
502	0	652	38
592	0	680	47
701	0	731	73
491	0	552	39
677	0	588	31
580	0	670	30
681	0	773	173
464	0	403	46
348	0	379	98
677	0	590	37
566	0	503	42
455	0	459	48
379	0	320	37
441	0	500	43
587	0	528	32
442	0	471	74
590	0	588	75
591	0	681	110
641	0	640	39
560	0	708	35
374	0	498	37
618	0	616	93
306	0	307	38
879	0	759	44
680	0	499	36
400	0	460	50
648	0	498	33
668	0	727	32
400	0	431	51
704	0	708	39
730	0	760	153
372	0	403	36
497	0	523	61
319	0	379	45
533	0	475	50
378	0	468	69
704	0	729	30
473	0	442	57
710	0	740	39
591	0	503	102
827	0	791	34
677	0	528	30
443	0	560	39
680	0	681	263
565	0	560	34
680	0	590	87
432	0	372	40
617	0	591	38
800	0	861	30
372	0	459	50
652	0	501	96
584	0	524	51
622	0	621	72
500	0	529	56
534	0	506	32
642	0	790	32
472	0	652	32
524	0	521	65
734	0	795	65
650	0	618	73
501	0	536	33
471	0	534	46
502	0	595	32
400	0	398	32
765	0	735	53
745	0	651	31
457	0	488	35
668	0	670	32
587	0	591	32
580	0	640	59
706	0	617	32
488	0	398	58
706	0	459	44
560	0	596	37
652	0	622	125
651	0	533	63
681	0	648	36
441	0	469	48
651	0	773	60
651	0	591	277
502	0	501	176
483	0	515	30
404	0	345	61
729	0	788	41
559	0	620	51
534	0	502	138
350	0	411	43
648	0	528	74
344	0	285	34
462	0	522	56
458	0	460	36
732	0	764	30
739	0	769	100
536	0	534	75
591	0	494	31
802	0	589	30
531	0	440	38
581	0	459	32
773	0	531	46
561	0	621	56
760	0	791	120
619	0	590	195
635	0	729	35
593	0	561	55
591	0	560	187
764	0	824	34
501	0	621	49
647	0	617	58
562	0	534	52
607	0	606	31
732	0	522	31
534	0	498	40
492	0	401	35
650	0	648	55
677	0	709	40
344	0	501	40
740	0	801	48
459	0	455	35
592	0	500	59
766	0	795	48
791	0	790	117
535	0	539	33
862	0	772	72
306	0	276	33
427	0	488	42
642	0	700	56
832	0	619	32
523	0	553	71
611	0	459	33
493	0	433	33
492	0	521	89
313	0	315	41
474	0	503	79
466	0	436	76
704	0	698	31
651	0	532	50
518	0	489	53
580	0	551	45
642	0	641	74
346	0	316	76
284	0	345	35
430	0	428	45
759	0	792	31
474	0	475	84
642	0	734	35
532	0	566	36
468	0	318	37
592	0	650	41
591	0	558	31
344	0	347	57
531	0	558	34
490	0	521	35
823	0	827	37
733	0	459	44
734	0	459	41
649	0	681	47
680	0	533	33
651	0	710	92
589	0	592	65
373	0	375	43
501	0	499	79
527	0	619	45
588	0	528	91
523	0	433	44
533	0	651	52
503	0	536	45
554	0	614	46
534	0	500	74
617	0	618	67
379	0	381	70
794	0	767	37
728	0	730	76
685	0	684	53
763	0	729	38
534	0	589	35
534	0	537	46
589	0	621	45
372	0	402	51
441	0	474	45
381	0	351	68
671	0	731	66
710	0	531	45
503	0	472	151
488	0	487	52
796	0	824	30
469	0	472	38
548	0	668	36
699	0	728	94
563	0	561	104
560	0	595	73
642	0	668	31
705	0	459	36
502	0	532	84
382	0	501	39
494	0	523	121
590	0	534	56
532	0	472	47
680	0	706	61
498	0	587	31
518	0	546	32
823	0	824	40
676	0	674	32
406	0	467	34
438	0	467	31
434	0	430	47
584	0	586	43
560	0	558	87
590	0	618	183
499	0	651	50
473	0	561	51
487	0	488	51
651	0	619	177
499	0	528	60
679	0	769	39
559	0	681	33
491	0	497	30
472	0	591	133
521	0	612	75
533	0	591	117
468	0	438	94
471	0	379	47
468	0	588	32
827	0	738	46
614	0	733	32
561	0	344	37
713	0	684	36
561	0	473	51
559	0	502	39
622	0	684	53
502	0	472	79
558	0	618	69
612	0	639	55
557	0	560	46
729	0	730	115
591	0	616	49
433	0	498	49
403	0	435	58
561	0	532	132
379	0	404	32
458	0	459	89
560	0	681	49
793	0	764	43
677	0	646	96
247	0	216	69
349	0	319	82
375	0	345	63
642	0	703	45
677	0	644	43
738	0	832	36
441	0	471	94
832	0	710	102
436	0	438	46
559	0	680	38
503	0	532	76
502	0	344	34
565	0	563	64
502	0	681	45
622	0	531	56
406	0	349	33
766	0	798	42
467	0	497	90
528	0	618	98
646	0	674	54
529	0	497	38
639	0	668	36
443	0	472	75
459	0	552	38
700	0	759	60
769	0	679	30
381	0	412	45
648	0	707	61
591	0	536	53
710	0	773	177
522	0	523	116
533	0	499	36
619	0	678	57
708	0	832	31
556	0	527	38
515	0	546	30
619	0	674	31
705	0	645	39
772	0	591	31
709	0	531	38
700	0	698	126
673	0	641	31
791	0	674	45
648	0	708	69
533	0	500	59
772	0	801	134
374	0	468	30
346	0	459	51
499	0	559	68
283	0	282	45
524	0	583	39
501	0	414	31
713	0	652	127
679	0	498	31
824	0	797	59
528	0	591	89
646	0	675	161
703	0	764	34
536	0	537	39
433	0	343	48
559	0	473	34
635	0	485	55
704	0	646	30
554	0	494	33
769	0	710	61
710	0	769	59
799	0	798	50
700	0	758	51
706	0	796	32
559	0	442	43
485	0	666	42
563	0	502	46
638	0	699	42
290	0	349	37
619	0	681	108
523	0	580	36
467	0	374	44
733	0	760	49
283	0	253	38
775	0	774	35
503	0	469	30
680	0	708	82
482	0	480	37
729	0	635	32
314	0	345	73
547	0	486	32
802	0	861	55
435	0	404	127
743	0	833	34
349	0	438	34
459	0	344	170
730	0	791	71
796	0	798	97
552	0	553	37
682	0	591	89
373	0	313	41
433	0	431	105
348	0	350	107
501	0	561	134
611	0	613	45
346	0	347	80
699	0	729	131
700	0	729	191
647	0	675	45
468	0	534	34
769	0	768	176
501	0	648	38
515	0	488	35
768	0	742	35
580	0	523	57
549	0	551	30
502	0	443	56
591	0	713	58
431	0	461	51
429	0	428	65
791	0	767	30
474	0	473	89
425	0	485	155
648	0	738	52
489	0	518	92
431	0	462	47
460	0	432	47
442	0	473	49
590	0	500	110
803	0	742	41
651	0	679	87
768	0	797	154
648	0	560	46
472	0	533	58
501	0	374	36
471	0	473	188
733	0	791	90
344	0	374	38
226	0	316	48
707	0	678	96
792	0	734	31
534	0	442	36
739	0	708	46
734	0	646	32
744	0	591	30
589	0	528	142
736	0	797	39
826	0	828	49
443	0	473	62
641	0	642	72
666	0	667	84
560	0	706	31
523	0	551	60
501	0	593	40
532	0	559	30
534	0	474	78
522	0	524	96
832	0	708	44
531	0	563	78
681	0	619	75
523	0	498	67
503	0	537	30
378	0	348	31
706	0	678	71
379	0	346	33
608	0	637	77
744	0	710	32
708	0	618	47
701	0	705	40
469	0	442	30
668	0	639	51
531	0	566	54
827	0	825	80
501	0	531	400
790	0	789	107
534	0	471	57
316	0	459	56
561	0	529	39
618	0	797	31
592	0	621	49
593	0	531	58
652	0	566	32
824	0	791	39
499	0	498	41
711	0	772	38
414	0	385	32
531	0	622	62
759	0	793	31
435	0	402	35
490	0	488	32
562	0	501	52
743	0	681	126
406	0	468	65
498	0	561	41
698	0	459	55
728	0	699	70
287	0	316	49
612	0	608	112
466	0	437	32
470	0	619	31
635	0	637	48
523	0	431	32
617	0	678	35
612	0	733	55
734	0	675	76
684	0	622	35
522	0	583	35
534	0	596	36
522	0	433	45
537	0	534	40
620	0	472	32
463	0	403	61
640	0	729	99
582	0	491	31
619	0	684	40
578	0	639	45
460	0	344	68
503	0	565	43
606	0	607	30
550	0	522	39
411	0	381	130
584	0	585	31
522	0	461	43
349	0	459	37
442	0	502	35
670	0	639	42
582	0	733	30
472	0	441	63
591	0	595	163
285	0	106	38
738	0	828	36
379	0	382	32
666	0	698	75
774	0	619	39
459	0	518	32
680	0	527	31
484	0	515	53
652	0	560	77
759	0	790	126
498	0	467	52
469	0	497	63
552	0	583	62
646	0	706	105
432	0	430	75
502	0	528	44
548	0	485	61
773	0	743	101
498	0	472	35
528	0	494	47
674	0	731	44
828	0	797	121
802	0	745	30
527	0	591	82
676	0	644	40
439	0	438	72
683	0	652	30
697	0	698	55
794	0	764	44
713	0	832	33
705	0	677	40
774	0	531	36
733	0	768	30
411	0	355	59
798	0	795	46
608	0	611	101
500	0	470	39
533	0	559	43
473	0	530	36
411	0	350	48
734	0	644	99
698	0	639	50
475	0	474	110
798	0	678	38
588	0	560	47
292	0	351	44
681	0	534	31
471	0	498	122
522	0	493	46
348	0	345	130
677	0	459	34
468	0	500	77
647	0	706	83
795	0	764	32
797	0	795	137
528	0	496	40
485	0	517	40
552	0	582	120
527	0	590	38
827	0	824	72
578	0	640	31
650	0	622	38
560	0	474	39
481	0	483	89
531	0	497	114
708	0	705	52
682	0	561	63
471	0	468	141
679	0	620	66
435	0	346	33
492	0	552	74
468	0	344	30
669	0	668	64
792	0	763	44
523	0	467	30
560	0	593	36
560	0	531	217
454	0	515	33
674	0	791	59
833	0	832	80
382	0	412	39
561	0	651	127
552	0	524	56
591	0	651	195
731	0	701	61
501	0	469	66
732	0	760	64
702	0	700	56
707	0	676	53
498	0	438	30
347	0	377	37
730	0	642	31
652	0	561	93
562	0	591	79
427	0	426	33
471	0	523	33
731	0	762	44
459	0	433	48
535	0	534	65
472	0	532	44
737	0	767	73
344	0	430	35
285	0	344	32
247	0	277	44
713	0	803	52
640	0	733	34
591	0	532	81
522	0	498	47
801	0	862	65
411	0	413	34
647	0	618	56
590	0	533	47
502	0	591	117
488	0	484	39
372	0	433	56
612	0	524	40
879	0	729	31
793	0	794	53
373	0	344	76
621	0	620	104
467	0	404	31
534	0	374	38
790	0	822	66
700	0	733	75
586	0	528	37
685	0	744	35
404	0	432	81
464	0	374	41
501	0	500	143
497	0	469	43
547	0	485	46
484	0	544	69
437	0	439	30
678	0	709	91
557	0	527	51
193	0	106	33
530	0	469	36
789	0	760	34
503	0	383	47
532	0	500	66
480	0	450	39
533	0	501	127
501	0	590	120
584	0	616	32
644	0	648	37
729	0	732	79
411	0	410	68
534	0	536	63
527	0	497	54
498	0	411	41
441	0	382	66
497	0	494	42
729	0	699	108
463	0	401	60
530	0	534	40
372	0	431	41
740	0	802	57
705	0	736	34
621	0	503	30
498	0	502	48
552	0	527	30
681	0	497	32
833	0	800	41
739	0	709	36
400	0	463	47
774	0	805	49
674	0	619	36
613	0	608	30
773	0	805	51
680	0	620	77
462	0	493	32
680	0	767	34
652	0	684	125
618	0	650	56
523	0	531	85
794	0	791	49
758	0	789	63
681	0	595	41
592	0	471	47
652	0	595	35
827	0	677	30
524	0	492	38
701	0	707	38
433	0	468	50
668	0	640	38
435	0	314	31
761	0	728	37
591	0	621	106
254	0	314	41
608	0	667	85
710	0	709	120
590	0	681	71
738	0	769	197
217	0	247	33
503	0	501	137
488	0	427	61
557	0	559	42
345	0	349	36
412	0	441	80
619	0	529	59
682	0	559	31
502	0	566	34
734	0	732	127
443	0	442	62
406	0	347	44
414	0	504	38
530	0	502	86
494	0	524	52
534	0	593	31
515	0	454	33
589	0	501	87
772	0	832	146
650	0	560	102
761	0	790	35
528	0	527	137
738	0	733	35
767	0	828	33
888	0	827	40
669	0	640	52
706	0	674	71
647	0	619	63
706	0	681	41
533	0	565	58
635	0	612	30
587	0	677	36
460	0	464	33
531	0	652	130
656	0	566	56
434	0	494	42
643	0	644	110
528	0	469	74
531	0	590	121
287	0	346	49
791	0	820	38
487	0	428	48
457	0	459	43
613	0	705	43
617	0	648	48
503	0	443	147
647	0	677	169
578	0	579	71
347	0	379	81
436	0	469	49
530	0	590	117
522	0	431	34
590	0	619	185
768	0	796	64
668	0	699	107
680	0	769	55
772	0	774	88
431	0	399	34
554	0	585	34
798	0	738	178
563	0	531	90
684	0	685	45
472	0	473	153
849	0	759	34
583	0	521	33
792	0	733	63
714	0	744	77
344	0	468	32
515	0	514	46
704	0	705	70
425	0	456	30
431	0	552	32
621	0	559	33
402	0	344	61
714	0	800	35
619	0	500	56
681	0	503	32
287	0	318	32
497	0	374	33
515	0	459	59
671	0	672	69
406	0	436	47
560	0	592	110
398	0	400	42
534	0	565	61
832	0	798	34
503	0	471	114
796	0	794	57
376	0	378	70
705	0	738	37
473	0	590	52
707	0	710	52
471	0	355	43
620	0	621	96
459	0	458	49
797	0	708	32
651	0	534	65
744	0	862	33
667	0	729	59
474	0	595	49
642	0	582	93
459	0	399	38
762	0	732	105
559	0	558	65
803	0	833	56
831	0	802	46
802	0	710	150
463	0	430	82
706	0	708	90
729	0	787	40
733	0	643	35
669	0	729	95
788	0	728	33
733	0	764	63
592	0	532	55
498	0	559	43
546	0	459	34
702	0	640	31
768	0	677	44
759	0	789	43
531	0	374	42
672	0	642	82
404	0	340	46
586	0	590	35
668	0	697	41
452	0	481	38
561	0	475	38
735	0	764	89
797	0	829	30
792	0	794	30
428	0	367	39
560	0	618	94
497	0	560	31
402	0	375	30
435	0	464	72
797	0	735	31
788	0	758	43
710	0	650	46
828	0	767	44
561	0	566	50
772	0	771	74
468	0	411	55
410	0	498	62
460	0	374	54
790	0	699	40
498	0	433	49
455	0	425	31
404	0	434	36
639	0	610	40
398	0	459	96
732	0	728	41
802	0	652	39
582	0	672	69
590	0	501	95
834	0	802	34
533	0	532	85
678	0	591	31
499	0	440	37
491	0	492	39
516	0	487	55
381	0	385	74
469	0	468	226
709	0	739	47
592	0	652	143
503	0	506	30
527	0	559	62
530	0	619	84
427	0	398	41
521	0	554	30
861	0	773	39
530	0	468	45
528	0	589	163
714	0	619	33
345	0	314	59
733	0	702	81
534	0	503	179
521	0	432	43
467	0	468	95
646	0	589	32
473	0	560	68
704	0	677	33
492	0	493	32
584	0	614	76
561	0	531	242
730	0	668	35
412	0	472	30
642	0	698	32
768	0	769	233
589	0	647	33
650	0	621	38
435	0	466	54
733	0	795	30
737	0	797	68
589	0	468	47
534	0	592	70
459	0	424	43
344	0	471	32
502	0	534	121
611	0	608	105
833	0	802	100
463	0	435	30
399	0	398	38
374	0	402	32
619	0	532	36
589	0	678	51
773	0	774	95
642	0	702	51
398	0	431	36
827	0	766	44
803	0	713	33
501	0	681	80
398	0	429	74
620	0	647	31
674	0	704	127
383	0	411	54
668	0	758	43
638	0	608	45
533	0	528	33
828	0	798	134
679	0	588	40
828	0	825	35
532	0	535	50
494	0	460	53
471	0	497	63
647	0	674	31
797	0	828	123
485	0	424	100
529	0	468	34
348	0	347	98
373	0	432	53
381	0	319	42
439	0	440	44
561	0	503	81
580	0	491	42
337	0	338	36
470	0	530	36
552	0	344	32
474	0	534	33
405	0	375	97
619	0	586	39
797	0	766	43
680	0	531	121
590	0	469	47
730	0	670	32
589	0	459	34
614	0	524	36
763	0	758	34
822	0	821	49
471	0	470	93
733	0	612	69
426	0	485	44
707	0	796	32
546	0	575	36
533	0	536	69
702	0	791	34
380	0	351	30
523	0	584	39
566	0	502	33
459	0	698	32
534	0	535	68
700	0	638	30
767	0	797	177
468	0	527	68
581	0	583	40
612	0	614	61
678	0	618	61
574	0	575	35
635	0	666	50
522	0	494	57
284	0	316	32
548	0	579	75
498	0	469	88
591	0	707	55
682	0	531	93
622	0	501	48
794	0	797	96
491	0	523	68
679	0	650	99
442	0	355	64
682	0	620	37
651	0	713	144
704	0	612	55
468	0	412	35
733	0	762	60
314	0	285	51
433	0	460	65
500	0	494	36
619	0	802	40
469	0	531	48
645	0	675	61
591	0	680	105
737	0	705	36
700	0	706	32
680	0	559	60
431	0	524	32
588	0	498	52
557	0	528	66
500	0	498	78
619	0	682	66
646	0	614	30
774	0	772	57
315	0	284	36
733	0	705	52
679	0	559	43
471	0	381	116
503	0	468	33
589	0	595	33
565	0	531	44
734	0	642	43
590	0	531	148
560	0	503	75
489	0	488	59
789	0	821	44
559	0	652	43
676	0	678	76
772	0	651	39
491	0	580	57
610	0	611	39
436	0	468	106
681	0	775	52
503	0	505	52
376	0	404	36
547	0	518	80
531	0	500	174
608	0	606	33
501	0	348	32
644	0	675	105
402	0	404	182
648	0	619	111
772	0	710	256
503	0	498	47
433	0	494	69
768	0	648	37
491	0	460	76
432	0	463	177
583	0	524	33
589	0	585	33
595	0	622	38
794	0	736	39
768	0	738	202
744	0	681	156
434	0	404	36
226	0	286	44
534	0	595	71
381	0	379	39
759	0	821	31
435	0	430	37
609	0	611	32
698	0	699	120
521	0	461	47
491	0	493	34
468	0	652	31
522	0	582	98
590	0	743	34
502	0	475	47
646	0	617	43
826	0	796	41
619	0	707	56
469	0	441	42
640	0	638	38
350	0	378	31
791	0	759	141
503	0	442	75
708	0	738	110
685	0	745	30
350	0	498	46
734	0	701	35
622	0	590	63
759	0	729	102
679	0	682	45
592	0	530	63
651	0	472	32
622	0	500	31
405	0	433	47
515	0	485	120
517	0	485	37
372	0	313	35
684	0	592	33
796	0	768	59
679	0	647	40
460	0	490	67
681	0	802	43
314	0	283	44
435	0	347	42
734	0	798	35
763	0	640	38
533	0	619	38
534	0	680	38
531	0	475	55
351	0	381	49
710	0	679	99
876	0	845	35
468	0	435	62
794	0	793	49
709	0	711	30
531	0	591	270
439	0	374	41
414	0	473	30
560	0	527	84
590	0	472	67
432	0	429	51
566	0	567	37
668	0	666	93
560	0	536	38
414	0	472	32
432	0	522	55
474	0	443	37
715	0	684	40
404	0	464	74
315	0	347	42
306	0	366	32
595	0	590	52
773	0	801	114
402	0	403	62
531	0	442	84
729	0	669	84
561	0	530	109
681	0	678	40
681	0	745	36
647	0	649	39
464	0	524	38
379	0	349	92
620	0	561	79
346	0	314	42
403	0	375	30
619	0	772	38
465	0	404	31
639	0	700	53
345	0	459	62
680	0	471	31
650	0	591	111
534	0	528	38
647	0	708	37
284	0	314	52
835	0	774	42
635	0	575	66
351	0	348	33
411	0	385	46
828	0	827	116
562	0	530	34
560	0	528	108
456	0	457	36
644	0	584	81
429	0	402	35
703	0	674	62
682	0	590	46
673	0	672	43
769	0	677	35
732	0	762	117
528	0	522	30
560	0	523	36
501	0	502	137
580	0	699	31
348	0	375	31
789	0	729	46
345	0	468	36
790	0	760	111
403	0	431	36
710	0	652	53
680	0	827	33
485	0	515	157
734	0	822	53
534	0	562	48
593	0	566	33
551	0	612	65
621	0	531	93
641	0	699	30
432	0	344	46
552	0	581	82
402	0	462	61
468	0	470	153
366	0	306	33
671	0	701	125
644	0	707	44
680	0	498	37
730	0	731	138
612	0	670	57
435	0	434	55
701	0	643	43
710	0	741	56
533	0	471	60
313	0	348	42
435	0	436	57
441	0	411	98
762	0	790	40
674	0	701	42
491	0	400	34
538	0	566	68
523	0	463	48
729	0	610	42
618	0	644	30
366	0	365	33
523	0	583	78
400	0	430	67
433	0	373	97
396	0	485	40
590	0	471	64
828	0	799	60
196	0	286	59
502	0	469	32
611	0	641	60
483	0	484	83
713	0	619	32
644	0	528	31
536	0	506	36
707	0	644	43
558	0	559	87
492	0	551	39
769	0	737	45
589	0	652	74
468	0	501	78
650	0	559	48
639	0	698	48
500	0	680	37
824	0	796	30
551	0	582	82
708	0	498	36
675	0	706	70
676	0	708	32
674	0	643	86
500	0	561	87
470	0	499	40
707	0	651	55
674	0	524	30
459	0	491	50
487	0	367	34
791	0	792	166
468	0	319	35
774	0	591	30
793	0	733	89
405	0	464	49
379	0	411	55
698	0	759	96
742	0	801	53
596	0	627	32
284	0	344	41
524	0	586	42
612	0	674	81
560	0	651	127
436	0	498	101
473	0	475	101
644	0	611	60
400	0	429	91
709	0	619	34
774	0	684	40
773	0	589	37
643	0	704	31
670	0	701	40
674	0	647	35
674	0	738	32
678	0	707	85
405	0	435	72
565	0	591	57
643	0	671	58
464	0	402	47
591	0	802	58
376	0	408	33
379	0	410	34
469	0	467	73
651	0	501	168
515	0	516	47
436	0	437	50
758	0	790	54
821	0	789	45
714	0	713	62
797	0	680	35
680	0	679	171
761	0	730	36
436	0	406	57
461	0	430	31
558	0	590	66
347	0	435	39
579	0	578	61
485	0	396	30
711	0	742	45
669	0	639	50
461	0	464	45
566	0	560	51
652	0	500	54
803	0	801	54
580	0	459	45
620	0	503	30
791	0	762	110
774	0	773	65
680	0	803	37
533	0	535	114
498	0	523	72
349	0	287	37
467	0	469	87
622	0	650	32
381	0	497	31
608	0	548	122
530	0	651	52
700	0	827	30
435	0	468	79
431	0	494	40
675	0	735	42
593	0	563	34
737	0	706	56
533	0	620	32
527	0	618	52
534	0	803	30
535	0	561	41
644	0	702	31
349	0	380	57
468	0	590	38
552	0	549	49
346	0	374	36
306	0	337	46
700	0	610	40
734	0	707	50
459	0	454	33
485	0	455	130
591	0	618	87
521	0	522	138
590	0	648	72
368	0	366	30
744	0	745	59
681	0	561	76
465	0	405	64
645	0	644	70
772	0	708	31
566	0	533	56
708	0	769	75
406	0	346	36
646	0	678	34
461	0	491	42
532	0	501	121
561	0	500	89
680	0	744	49
619	0	560	152
442	0	474	45
499	0	472	33
523	0	644	38
744	0	803	31
282	0	283	34
366	0	337	39
760	0	762	42
648	0	618	92
533	0	595	71
679	0	621	36
548	0	551	37
651	0	653	42
404	0	347	40
552	0	547	42
506	0	536	30
286	0	346	54
430	0	344	53
638	0	459	37
560	0	472	66
677	0	678	125
472	0	499	34
617	0	559	40
789	0	758	63
759	0	760	117
611	0	578	37
486	0	488	48
535	0	595	56
575	0	544	35
619	0	803	34
791	0	763	124
645	0	647	44
356	0	441	43
432	0	403	38
587	0	584	33
501	0	682	73
559	0	503	35
644	0	613	96
673	0	733	40
503	0	475	142
622	0	560	61
592	0	565	60
732	0	552	35
381	0	443	43
464	0	493	37
592	0	559	48
682	0	685	37
487	0	427	69
824	0	828	58
346	0	435	42
593	0	562	30
560	0	532	80
709	0	681	57
482	0	484	53
706	0	709	46
499	0	379	36
561	0	527	43
714	0	802	86
560	0	442	46
414	0	442	31
638	0	728	34
406	0	433	33
553	0	612	48
502	0	535	37
773	0	501	42
610	0	641	56
774	0	802	99
491	0	462	37
773	0	772	198
801	0	832	86
468	0	348	69
700	0	459	37
404	0	372	289
772	0	862	84
531	0	682	81
432	0	402	84
708	0	739	51
382	0	498	32
582	0	644	64
608	0	639	70
619	0	710	41
704	0	734	138
530	0	475	33
648	0	644	46
411	0	502	49
676	0	646	81
680	0	650	119
586	0	584	31
485	0	635	34
408	0	439	50
436	0	467	72
306	0	277	40
611	0	610	39
733	0	673	37
707	0	733	34
536	0	539	51
612	0	579	48
802	0	531	32
613	0	580	33
516	0	547	38
621	0	589	50
487	0	486	32
465	0	464	33
499	0	501	59
593	0	565	34
532	0	590	52
593	0	534	33
428	0	431	38
680	0	802	61
652	0	591	215
802	0	503	30
579	0	550	51
616	0	619	50
589	0	563	31
582	0	551	64
375	0	373	52
768	0	802	40
315	0	345	62
733	0	640	33
773	0	862	119
575	0	485	68
443	0	503	149
349	0	318	97
790	0	730	86
529	0	559	58
499	0	619	30
735	0	797	56
772	0	681	90
344	0	346	64
765	0	736	38
320	0	319	41
560	0	591	231
592	0	531	115
529	0	531	83
768	0	680	40
375	0	435	74
666	0	665	48
523	0	501	60
792	0	790	40
498	0	442	38
650	0	530	48
