0.586	0.686	0.138	0.107
0.586	0.706	0.171	0.287
0.586	0.745	0.159	0.291
0.586	0.765	0.116	0.264
0.586	0.804	0.037	0.033
0.897	0.235	0.000	0.089
0.897	0.275	0.083	0.116
0.897	0.294	0.312	0.834
0.897	0.314	0.047	0.115
0.897	0.353	0.018	0.000
0.897	0.392	0.048	0.036
0.000	0.333	0.000	0.033
0.897	0.431	0.053	0.032
0.897	0.451	0.000	0.030
0.897	0.529	0.058	0.154
0.897	0.588	0.068	0.034
0.897	0.608	0.031	0.000
0.897	0.667	0.080	0.223
0.897	0.706	0.020	0.040
0.897	0.725	0.000	0.031
0.897	0.745	0.050	0.070
0.603	0.294	0.019	0.000
0.603	0.373	0.094	0.112
0.897	0.784	0.028	0.108
0.603	0.529	0.000	0.030
0.603	0.549	0.043	0.063
0.603	0.588	0.018	0.032
0.603	0.667	0.043	0.032
0.603	0.686	0.365	0.265
0.603	0.706	0.072	0.153
0.603	0.804	0.019	0.042
0.603	0.824	0.019	0.034
0.603	0.843	0.019	0.000
0.603	0.863	0.000	0.030
0.603	0.882	0.000	0.033
0.603	0.922	0.018	0.030
0.603	0.941	0.030	0.060
0.603	0.961	0.022	0.041
0.603	1.000	0.000	0.038
0.914	0.353	0.031	0.041
0.017	0.275	0.020	0.000
0.914	0.471	0.053	0.031
0.621	0.059	0.020	0.000
0.621	0.078	0.031	0.000
0.914	0.588	0.022	0.000
0.914	0.706	0.000	0.063
0.914	0.725	0.000	0.032
0.914	0.745	0.061	0.074
0.621	0.353	0.000	0.061
0.914	0.784	0.020	0.000
0.621	0.647	0.153	0.290
0.621	0.667	0.020	0.000
0.621	0.686	0.000	0.030
0.621	0.706	0.018	0.100
0.621	0.902	0.139	0.214
0.931	0.314	0.025	0.037
0.931	0.333	0.032	0.035
0.931	0.353	0.119	0.163
0.638	0.059	0.025	0.000
0.931	0.529	0.019	0.000
0.931	0.569	0.020	0.000
0.638	0.176	0.000	0.034
0.931	0.725	0.065	0.037
0.638	0.667	0.000	0.037
0.638	0.686	0.046	0.000
0.638	0.706	0.000	0.119
0.345	0.510	0.000	0.034
0.948	0.333	0.037	0.030
0.948	0.353	0.059	0.090
0.948	0.529	0.021	0.033
0.948	0.706	0.020	0.000
0.948	0.725	0.019	0.000
0.948	0.804	0.021	0.000
0.655	0.627	0.021	0.000
0.655	0.647	0.000	0.063
0.655	0.725	0.000	0.036
0.655	0.745	0.088	0.070
0.655	0.863	0.020	0.000
0.655	0.882	0.022	0.000
0.966	0.275	0.033	0.038
0.966	0.314	0.023	0.000
0.966	0.353	0.019	0.038
0.966	0.725	0.068	0.000
0.966	0.745	0.020	0.000
0.672	0.353	0.000	0.073
0.672	0.588	0.019	0.036
0.672	0.608	0.000	0.067
0.672	0.627	0.065	0.109
0.672	0.647	0.021	0.035
0.672	0.667	0.086	0.114
0.672	0.686	1.000	1.000
0.672	0.706	0.020	0.078
0.672	0.745	0.000	0.033
0.379	0.471	0.021	0.000
0.379	0.490	0.000	0.068
0.379	0.529	0.000	0.031
0.379	0.569	0.041	0.069
0.379	0.588	0.000	0.070
0.379	0.627	0.019	0.000
0.983	0.333	0.027	0.000
0.379	0.667	0.023	0.000
0.690	0.294	0.000	0.037
0.690	0.314	0.020	0.000
0.690	0.333	0.019	0.000
0.690	0.353	0.065	0.490
0.690	0.569	0.038	0.000
0.690	0.588	0.020	0.000
0.690	0.608	0.046	0.112
0.690	0.627	0.201	0.632
0.690	0.647	0.000	0.037
0.690	0.667	0.026	0.000
0.397	0.275	0.024	0.000
0.690	0.686	0.023	0.000
0.397	0.412	0.000	0.250
0.397	0.431	0.141	0.086
0.397	0.451	0.000	0.035
0.397	0.510	0.000	0.034
0.397	0.569	0.020	0.000
1.000	0.333	0.028	0.000
0.397	0.843	0.000	0.037
0.707	0.196	0.022	0.034
0.707	0.333	0.038	0.032
0.707	0.353	0.000	0.067
0.707	0.647	0.000	0.031
0.707	0.667	0.055	0.000
0.707	0.686	0.022	0.000
0.707	0.706	0.000	0.084
0.707	0.745	0.022	0.000
0.414	0.353	0.067	0.076
0.414	0.373	0.038	0.046
0.414	0.392	0.020	0.036
0.414	0.431	0.026	0.000
0.414	0.569	0.037	0.000
0.414	0.843	0.000	0.057
0.121	0.490	0.040	0.053
0.724	0.294	0.022	0.000
0.724	0.314	0.023	0.032
0.724	0.333	0.022	0.000
0.724	0.373	0.023	0.000
0.724	0.412	0.146	0.379
0.724	0.490	0.062	0.068
0.724	0.529	0.045	0.088
0.724	0.647	0.000	0.032
0.724	0.667	0.052	0.000
0.724	0.686	0.020	0.104
0.724	0.706	0.130	0.497
0.724	0.725	0.141	0.237
0.724	0.745	0.106	0.034
0.431	0.353	0.035	0.043
0.431	0.333	0.039	0.030
0.431	0.373	0.026	0.000
0.431	0.471	0.061	0.113
0.431	0.490	0.000	0.032
0.431	0.667	0.019	0.000
0.138	0.373	0.000	0.033
0.741	0.078	0.000	0.060
0.741	0.294	0.041	0.033
0.741	0.333	0.000	0.032
0.741	0.353	0.091	0.043
0.741	0.373	0.078	0.039
0.741	0.431	0.035	0.000
0.741	0.490	0.000	0.035
0.741	0.529	0.000	0.030
0.741	0.627	0.021	0.000
0.741	0.647	0.031	0.000
0.741	0.706	0.062	0.243
0.448	0.333	0.028	0.040
0.448	0.353	0.028	0.059
0.448	0.412	0.270	0.714
0.448	0.510	0.053	0.000
0.448	0.706	0.000	0.032
0.448	0.804	0.038	0.031
0.448	0.824	0.000	0.035
0.759	0.196	0.019	0.000
0.759	0.314	0.018	0.000
0.759	0.333	0.021	0.000
0.759	0.353	0.048	0.000
0.759	0.373	0.032	0.035
0.759	0.412	0.029	0.038
0.759	0.431	0.039	0.059
0.466	0.059	0.018	0.000
0.466	0.078	0.020	0.032
0.759	0.569	0.000	0.042
0.759	0.627	0.025	0.000
0.759	0.647	0.079	0.152
0.759	0.667	0.019	0.045
0.759	0.686	0.000	0.090
0.759	0.706	0.039	0.000
0.759	0.725	0.287	0.421
0.466	0.451	0.000	0.030
0.466	0.471	0.022	0.000
0.466	0.569	0.000	0.055
0.776	0.157	0.025	0.000
0.776	0.176	0.019	0.037
0.776	0.431	0.020	0.036
0.776	0.451	0.070	0.068
0.776	0.471	0.019	0.036
0.483	0.078	0.032	0.082
0.776	0.510	0.023	0.036
0.776	0.529	0.048	0.039
0.483	0.216	0.000	0.032
0.776	0.647	0.000	0.032
0.776	0.667	0.070	0.041
0.776	0.686	0.133	0.079
0.776	0.706	0.000	0.107
0.483	0.255	0.019	0.000
0.483	0.333	0.019	0.000
0.483	0.353	0.023	0.000
0.483	0.373	0.038	0.049
0.776	0.824	0.022	0.036
0.483	0.471	0.068	0.073
0.483	0.490	0.020	0.039
0.483	0.627	0.018	0.000
0.483	0.706	0.138	0.030
0.483	0.725	0.000	0.032
0.483	0.765	0.000	0.070
0.793	0.157	0.018	0.000
0.793	0.196	0.043	0.115
0.793	0.235	0.022	0.106
0.793	0.255	0.000	0.030
0.793	0.333	0.000	0.033
0.793	0.412	0.019	0.036
0.500	0.020	0.023	0.047
0.793	0.431	0.000	0.032
0.500	0.000	0.021	0.000
0.500	0.196	0.000	0.030
0.500	0.235	0.000	0.030
0.500	0.294	0.024	0.082
0.500	0.314	0.025	0.000
0.500	0.333	0.000	0.033
0.500	0.353	0.055	0.066
0.500	0.373	0.058	0.036
0.793	0.804	0.023	0.038
0.500	0.412	0.000	0.062
0.500	0.608	0.019	0.000
0.500	0.627	0.085	0.121
0.500	0.725	0.021	0.000
0.500	0.765	0.055	0.167
0.500	0.784	0.019	0.000
0.207	0.392	0.020	0.030
0.810	0.196	0.020	0.117
0.810	0.294	0.018	0.000
0.517	0.039	0.029	0.000
0.810	0.510	0.000	0.033
0.517	0.235	0.094	0.198
0.810	0.667	0.514	0.807
0.810	0.804	0.000	0.035
0.517	0.412	0.000	0.030
0.517	0.569	0.046	0.253
0.517	0.608	0.061	0.031
0.517	0.627	0.076	0.123
0.517	0.647	0.019	0.031
0.517	0.706	0.429	0.747
0.517	0.725	0.000	0.063
0.517	0.745	0.046	0.125
0.517	0.765	0.048	0.034
0.517	0.804	0.000	0.042
0.517	0.824	0.026	0.044
0.517	0.843	0.061	0.057
0.517	0.863	0.000	0.030
0.517	0.922	0.044	0.000
0.828	0.196	0.047	0.102
0.828	0.216	0.022	0.000
0.828	0.235	0.020	0.000
0.828	0.275	0.019	0.000
0.828	0.294	0.000	0.035
0.828	0.314	0.019	0.101
0.828	0.333	0.000	0.037
0.828	0.353	0.053	0.076
0.828	0.392	0.000	0.044
0.828	0.412	0.019	0.053
0.828	0.431	0.019	0.000
0.828	0.451	0.000	0.058
0.534	0.098	0.021	0.000
0.828	0.529	0.039	0.000
0.828	0.569	0.040	0.000
0.534	0.216	0.000	0.070
0.534	0.235	0.283	0.172
0.828	0.667	0.000	0.032
0.534	0.255	0.074	0.032
0.828	0.725	0.044	0.088
0.534	0.373	0.141	0.310
0.534	0.412	0.000	0.031
0.534	0.451	0.040	0.040
0.534	0.510	0.000	0.033
0.534	0.549	0.000	0.033
0.534	0.569	0.074	0.251
0.534	0.588	0.000	0.038
0.534	0.627	0.022	0.071
0.534	0.706	0.026	0.247
0.534	0.725	0.000	0.035
0.534	0.745	0.019	0.034
0.534	0.765	0.041	0.097
0.534	0.784	0.151	0.160
0.534	0.804	0.061	0.000
0.534	0.843	0.019	0.000
0.534	0.922	0.000	0.073
0.845	0.216	0.046	0.000
0.845	0.353	0.000	0.035
0.845	0.373	0.273	0.030
0.845	0.412	0.018	0.085
0.552	0.078	0.019	0.000
0.845	0.588	0.000	0.035
0.845	0.725	0.081	0.080
0.845	0.745	0.027	0.037
0.845	0.765	0.019	0.038
0.845	0.804	0.000	0.031
0.552	0.588	0.386	0.267
0.552	0.706	0.020	0.000
0.862	0.196	0.025	0.100
0.862	0.216	0.083	0.085
0.862	0.255	0.028	0.079
0.569	0.000	0.000	0.073
0.569	0.020	0.028	0.000
0.569	0.059	0.020	0.000
0.569	0.078	0.088	0.452
0.862	0.588	0.000	0.032
0.569	0.196	0.000	0.041
0.569	0.176	0.019	0.038
0.569	0.255	0.020	0.000
0.862	0.706	0.000	0.032
0.862	0.725	0.039	0.111
0.862	0.745	0.077	0.127
0.862	0.765	0.019	0.038
0.569	0.373	0.000	0.041
0.862	0.804	0.025	0.042
0.569	0.353	0.000	0.035
0.862	0.784	0.000	0.038
0.569	0.412	0.020	0.000
0.569	0.549	0.150	0.031
0.569	0.647	0.020	0.202
0.569	0.667	0.020	0.032
0.569	0.686	0.018	0.039
0.569	0.706	0.486	0.993
0.569	0.725	0.000	0.032
0.569	0.745	0.188	0.389
0.569	0.765	0.355	0.580
0.879	0.392	0.024	0.032
0.586	0.059	0.034	0.000
0.879	0.510	0.022	0.033
0.879	0.569	0.000	0.271
0.586	0.196	0.000	0.033
0.879	0.627	0.020	0.000
0.879	0.706	0.000	0.030
0.586	0.314	0.000	0.030
0.879	0.725	0.022	0.045
0.879	0.765	0.026	0.090
0.879	0.784	0.128	0.208
0.586	0.392	0.066	0.077
0.586	0.412	0.047	0.154
0.586	0.373	0.026	0.038
0.879	0.745	0.018	0.000
0.586	0.353	0.019	0.000
0.586	0.569	0.046	0.080
0.586	0.647	0.063	0.000
