4.727786254882812500e+01
5.690507888793945312e+01
3.817055130004882812e+01
3.944129943847656250e+01
7.406598663330078125e+01
5.781823348999023438e+01
4.421710968017578125e+01
9.407649230957031250e+01
5.724752807617187500e+01
1.124338989257812500e+02
4.993909072875976562e+01
1.011533203125000000e+02
4.459209823608398438e+01
4.482770538330078125e+01
4.431820678710937500e+01
4.986398315429687500e+01
7.057165527343750000e+01
4.708528900146484375e+01
3.853162002563476562e+01
1.503383636474609375e+02
3.792179489135742188e+01
9.464183807373046875e+01
3.000000000000000000e+01
3.000000000000000000e+01
4.541232299804687500e+01
7.523458099365234375e+01
3.047471427917480469e+01
5.998523330688476562e+01
1.836925354003906250e+02
4.860599517822265625e+01
5.509391784667968750e+01
3.947011566162109375e+01
4.911424255371093750e+01
8.449182128906250000e+01
6.236164855957031250e+01
5.610812377929687500e+01
7.330422210693359375e+01
5.226313018798828125e+01
4.378611373901367188e+01
4.018263244628906250e+01
4.342240905761718750e+01
3.085450172424316406e+01
6.272871780395507812e+01
4.902542877197265625e+01
3.601689147949218750e+01
3.104079818725585938e+01
4.235059356689453125e+01
6.833911895751953125e+01
1.275290527343750000e+02
6.579405212402343750e+01
5.179686737060546875e+01
3.032170486450195312e+01
7.719792175292968750e+01
4.699626541137695312e+01
1.150776519775390625e+02
4.957682800292968750e+01
6.582155609130859375e+01
4.572892761230468750e+01
6.723211669921875000e+01
6.124792098999023438e+01
5.273731231689453125e+01
9.619935607910156250e+01
4.309690475463867188e+01
9.471646118164062500e+01
1.061368560791015625e+02
5.424650955200195312e+01
5.016343688964843750e+01
3.000000000000000000e+01
4.594184875488281250e+01
5.049852752685546875e+01
6.913711547851562500e+01
3.380548858642578125e+01
4.883303070068359375e+01
3.777806091308593750e+01
5.451324462890625000e+01
3.170312881469726562e+01
5.200164794921875000e+01
4.418852615356445312e+01
4.510608673095703125e+01
5.930453491210937500e+01
3.968493652343750000e+01
7.057165527343750000e+01
5.232743072509765625e+01
1.385401611328125000e+02
1.049626312255859375e+02
4.195448303222656250e+01
4.213689422607421875e+01
4.557671356201171875e+01
4.459210205078125000e+01
5.802488327026367188e+01
4.028902816772460938e+01
5.441637420654296875e+01
5.926410675048828125e+01
5.819096374511718750e+01
9.864138793945312500e+01
9.516852569580078125e+01
6.473625183105468750e+01
4.015277862548828125e+01
5.747860336303710938e+01
3.546000289916992188e+01
1.015619201660156250e+02
6.438040161132812500e+01
1.502948150634765625e+02
3.764645767211914062e+01
4.147558593750000000e+01
8.997468566894531250e+01
3.000000000000000000e+01
5.776504516601562500e+01
6.136682128906250000e+01
3.000000000000000000e+01
4.089006423950195312e+01
3.052967643737792969e+01
7.332534790039062500e+01
1.389172973632812500e+02
3.962237930297851562e+01
4.423002624511718750e+01
9.047486114501953125e+01
4.679997634887695312e+01
7.112846374511718750e+01
4.690267562866210938e+01
4.670967864990234375e+01
6.392507553100585938e+01
3.000000000000000000e+01
4.494865036010742188e+01
4.277992248535156250e+01
4.706071090698242188e+01
6.011837005615234375e+01
5.354693984985351562e+01
4.089115142822265625e+01
3.280016326904296875e+01
4.148177337646484375e+01
1.143807144165039062e+02
4.773645019531250000e+01
3.618085861206054688e+01
5.787355422973632812e+01
4.302456283569335938e+01
1.253363800048828125e+02
4.547516250610351562e+01
4.446294784545898438e+01
6.873336791992187500e+01
4.645994949340820312e+01
8.607720184326171875e+01
5.903406906127929688e+01
6.058980560302734375e+01
6.177113342285156250e+01
4.596536636352539062e+01
7.932183074951171875e+01
8.540524291992187500e+01
4.634387207031250000e+01
1.148829879760742188e+02
5.180801010131835938e+01
7.354870605468750000e+01
5.312189483642578125e+01
6.495721435546875000e+01
4.191759490966796875e+01
1.259205322265625000e+02
3.000000000000000000e+01
1.273907394409179688e+02
4.701551055908203125e+01
5.350559234619140625e+01
3.748335266113281250e+01
4.993797302246093750e+01
4.357937240600585938e+01
3.894187927246093750e+01
6.557116699218750000e+01
3.602706527709960938e+01
6.167188262939453125e+01
5.344616699218750000e+01
3.427901840209960938e+01
1.007245483398437500e+02
3.701198959350585938e+01
4.443605804443359375e+01
3.022247695922851562e+01
3.000000000000000000e+01
6.100036239624023438e+01
5.471161651611328125e+01
4.913336944580078125e+01
5.240570831298828125e+01
6.824092102050781250e+01
5.559296035766601562e+01
6.885739135742187500e+01
6.129722595214843750e+01
7.493331146240234375e+01
5.417801666259765625e+01
4.642074584960937500e+01
3.000000000000000000e+01
3.654388809204101562e+01
7.448442077636718750e+01
5.262575912475585938e+01
4.886214828491210938e+01
5.798787689208984375e+01
4.004797363281250000e+01
6.330763244628906250e+01
4.672660827636718750e+01
4.766220092773437500e+01
4.001793670654296875e+01
3.524048995971679688e+01
7.336212158203125000e+01
1.404566955566406250e+02
4.968918228149414062e+01
3.932350158691406250e+01
1.248891906738281250e+02
4.935210418701171875e+01
3.000000000000000000e+01
4.828359603881835938e+01
3.894207763671875000e+01
5.630994796752929688e+01
3.258781814575195312e+01
9.480786895751953125e+01
3.264301681518554688e+01
4.221540069580078125e+01
1.013284912109375000e+02
4.400486373901367188e+01
3.525143814086914062e+01
3.730096435546875000e+01
4.178288269042968750e+01
4.303691101074218750e+01
6.116326141357421875e+01
4.250440597534179688e+01
4.206591796875000000e+01
3.300824356079101562e+01
5.686254501342773438e+01
8.039568328857421875e+01
4.203730010986328125e+01
4.795810699462890625e+01
4.203885269165039062e+01
5.947954559326171875e+01
1.154662017822265625e+02
6.202012634277343750e+01
1.144913024902343750e+02
3.671405029296875000e+01
4.916258621215820312e+01
5.488962173461914062e+01
4.955346679687500000e+01
3.526971054077148438e+01
6.519351196289062500e+01
4.083504486083984375e+01
4.456143951416015625e+01
6.985933685302734375e+01
6.352336502075195312e+01
4.581581497192382812e+01
1.197575378417968750e+02
1.247442321777343750e+02
6.274639892578125000e+01
8.148216247558593750e+01
3.000000000000000000e+01
5.657771682739257812e+01
1.382152252197265625e+02
1.803966674804687500e+02
3.905537414550781250e+01
6.588537597656250000e+01
4.343266296386718750e+01
4.485337066650390625e+01
8.544956970214843750e+01
5.114960861206054688e+01
4.458457565307617188e+01
4.338196945190429688e+01
4.977119064331054688e+01
3.000000000000000000e+01
1.081320648193359375e+02
4.070269393920898438e+01
5.487557983398437500e+01
5.235082244873046875e+01
4.878083801269531250e+01
1.326827697753906250e+02
4.447945404052734375e+01
1.502505798339843750e+02
4.899040985107421875e+01
6.210362243652343750e+01
5.748616790771484375e+01
5.442134857177734375e+01
4.739116287231445312e+01
6.274639892578125000e+01
7.568054199218750000e+01
1.913028411865234375e+02
3.029056549072265625e+01
6.609277343750000000e+01
8.165558624267578125e+01
1.019750900268554688e+02
9.285597229003906250e+01
3.422071456909179688e+01
7.000569915771484375e+01
5.913599395751953125e+01
4.349073028564453125e+01
6.573020935058593750e+01
3.656281661987304688e+01
3.000000000000000000e+01
6.150548553466796875e+01
3.815673828125000000e+01
4.498738098144531250e+01
3.656214904785156250e+01
3.000000000000000000e+01
3.000000000000000000e+01
1.191929168701171875e+02
3.239033508300781250e+01
3.000000000000000000e+01
3.456968688964843750e+01
4.000100708007812500e+01
3.000000000000000000e+01
4.469342803955078125e+01
4.820409393310546875e+01
3.366376495361328125e+01
3.781325912475585938e+01
6.662985992431640625e+01
6.631260681152343750e+01
4.560387420654296875e+01
8.331860351562500000e+01
5.997483825683593750e+01
6.673535156250000000e+01
1.388615875244140625e+02
1.407581634521484375e+02
3.000000000000000000e+01
9.936791992187500000e+01
1.161461334228515625e+02
8.659913635253906250e+01
3.844668579101562500e+01
3.829323577880859375e+01
1.301418304443359375e+02
5.932342529296875000e+01
5.747860336303710938e+01
4.149960327148437500e+01
5.216313171386718750e+01
4.557697296142578125e+01
4.836567687988281250e+01
3.575607299804687500e+01
4.095009994506835938e+01
3.670080566406250000e+01
3.781299591064453125e+01
4.883303070068359375e+01
3.631200027465820312e+01
7.727220916748046875e+01
5.394828796386718750e+01
4.705218505859375000e+01
4.669045257568359375e+01
4.262894439697265625e+01
5.146498489379882812e+01
6.326219177246093750e+01
4.365241241455078125e+01
3.000000000000000000e+01
3.974508285522460938e+01
5.890822219848632812e+01
9.867247772216796875e+01
4.747940826416015625e+01
6.673535156250000000e+01
4.353576278686523438e+01
4.182924270629882812e+01
1.681172637939453125e+02
3.616001129150390625e+01
3.956962966918945312e+01
1.202559890747070312e+02
1.433713073730468750e+02
2.061285858154296875e+02
5.849220275878906250e+01
9.619935607910156250e+01
3.221854782104492188e+01
1.088877563476562500e+02
5.560332489013671875e+01
3.460943222045898438e+01
1.726519927978515625e+02
6.365248870849609375e+01
5.525175476074218750e+01
1.356705017089843750e+02
5.534373855590820312e+01
5.561506271362304688e+01
9.471701812744140625e+01
3.738011550903320312e+01
5.440461730957031250e+01
9.947398376464843750e+01
3.681530761718750000e+01
5.744740295410156250e+01
5.426986312866210938e+01
4.507564926147460938e+01
8.955312347412109375e+01
1.443389587402343750e+02
5.586399078369140625e+01
1.190230407714843750e+02
8.915136718750000000e+01
4.860599517822265625e+01
1.009345703125000000e+02
8.678015899658203125e+01
5.664675140380859375e+01
3.228152847290039062e+01
3.176590347290039062e+01
4.252846908569335938e+01
6.929787445068359375e+01
1.247442321777343750e+02
4.925688171386718750e+01
4.348083877563476562e+01
3.762652587890625000e+01
2.870495605468750000e+02
3.856170654296875000e+01
4.443679046630859375e+01
4.731169128417968750e+01
3.000000000000000000e+01
4.511634826660156250e+01
6.776475524902343750e+01
5.639219665527343750e+01
1.072967376708984375e+02
5.206147003173828125e+01
3.629705810546875000e+01
4.886561203002929688e+01
4.137468719482421875e+01
1.340106811523437500e+02
3.370260620117187500e+01
3.518479919433593750e+01
3.458933258056640625e+01
4.217900466918945312e+01
5.925161743164062500e+01
7.130731201171875000e+01
1.348888244628906250e+02
5.508725738525390625e+01
8.763749694824218750e+01
4.433715057373046875e+01
3.792514038085937500e+01
5.483496093750000000e+01
3.428693771362304688e+01
6.338382720947265625e+01
6.836739349365234375e+01
3.000000000000000000e+01
3.992111587524414062e+01
9.858412170410156250e+01
3.739398574829101562e+01
4.385505676269531250e+01
1.462241210937500000e+02
4.921490859985351562e+01
3.670087814331054688e+01
7.374160766601562500e+01
4.639497375488281250e+01
5.597924041748046875e+01
8.570769500732421875e+01
5.187614440917968750e+01
7.727220916748046875e+01
1.991741638183593750e+02
4.836567687988281250e+01
1.169550704956054688e+02
3.569541931152343750e+01
4.645695114135742188e+01
8.554132080078125000e+01
5.998523330688476562e+01
5.105017089843750000e+01
6.266168975830078125e+01
3.000000000000000000e+01
6.571569824218750000e+01
5.421299743652343750e+01
8.475106811523437500e+01
4.066981506347656250e+01
4.899214935302734375e+01
7.251832580566406250e+01
7.981404876708984375e+01
9.480318450927734375e+01
5.223463821411132812e+01
5.312189483642578125e+01
5.309883499145507812e+01
5.045299148559570312e+01
7.573521423339843750e+01
3.658773040771484375e+01
1.164934997558593750e+02
9.032966613769531250e+01
4.135890197753906250e+01
9.756178283691406250e+01
6.899331665039062500e+01
5.047846984863281250e+01
4.724255752563476562e+01
4.581270217895507812e+01
4.186472702026367188e+01
1.628652954101562500e+02
3.341467285156250000e+01
4.910066604614257812e+01
5.371128463745117188e+01
3.899085617065429688e+01
9.357003784179687500e+01
3.431484222412109375e+01
3.597248458862304688e+01
1.335361938476562500e+02
6.631260681152343750e+01
9.468831634521484375e+01
4.203579711914062500e+01
3.000000000000000000e+01
5.373511886596679688e+01
9.456205749511718750e+01
9.613247680664062500e+01
9.486389160156250000e+01
7.992351531982421875e+01
3.104783248901367188e+01
5.502411651611328125e+01
7.128441619873046875e+01
4.173059082031250000e+01
3.525143814086914062e+01
8.035187530517578125e+01
8.042085266113281250e+01
5.407439422607421875e+01
4.671774673461914062e+01
3.959043121337890625e+01
3.000000000000000000e+01
4.136282730102539062e+01
3.000000000000000000e+01
4.602421188354492188e+01
3.000000000000000000e+01
3.836231231689453125e+01
4.662769699096679688e+01
5.412065505981445312e+01
5.113259124755859375e+01
7.823455047607421875e+01
7.028176879882812500e+01
4.824350738525390625e+01
4.259327697753906250e+01
5.245499420166015625e+01
6.931535339355468750e+01
3.927141952514648438e+01
3.569754028320312500e+01
7.094717407226562500e+01
3.813914108276367188e+01
5.707196807861328125e+01
3.239137649536132812e+01
5.156615447998046875e+01
3.535980606079101562e+01
4.431820678710937500e+01
9.055099487304687500e+01
5.051092147827148438e+01
3.077274513244628906e+01
6.321717071533203125e+01
3.518479919433593750e+01
7.398823547363281250e+01
3.219307327270507812e+01
4.077944183349609375e+01
1.437351074218750000e+02
4.455994415283203125e+01
1.043631591796875000e+02
1.172381057739257812e+02
3.570578002929687500e+01
3.000000000000000000e+01
8.190912628173828125e+01
4.399010467529296875e+01
5.321882629394531250e+01
5.235082244873046875e+01
1.116000823974609375e+02
3.632836914062500000e+01
3.989939880371093750e+01
5.501853179931640625e+01
3.500829315185546875e+01
3.762764358520507812e+01
1.084268646240234375e+02
3.000000000000000000e+01
6.265185165405273438e+01
4.200989532470703125e+01
4.566020202636718750e+01
3.000000000000000000e+01
4.675626373291015625e+01
3.664144515991210938e+01
4.750617980957031250e+01
3.842298507690429688e+01
3.197077178955078125e+01
3.948500061035156250e+01
5.477053070068359375e+01
4.254693222045898438e+01
4.274501037597656250e+01
5.215245819091796875e+01
5.776504516601562500e+01
6.372568893432617188e+01
9.480786895751953125e+01
5.584590148925781250e+01
1.019444503784179688e+02
8.140653228759765625e+01
1.188476943969726562e+02
4.516098022460937500e+01
5.282373428344726562e+01
3.000000000000000000e+01
3.781122207641601562e+01
7.905254364013671875e+01
6.546406555175781250e+01
8.527986907958984375e+01
9.735429382324218750e+01
3.962237548828125000e+01
4.798973846435546875e+01
6.035142135620117188e+01
9.151542663574218750e+01
4.949839401245117188e+01
4.686990737915039062e+01
4.234372711181640625e+01
3.619595718383789062e+01
7.306742095947265625e+01
4.028903198242187500e+01
4.352020263671875000e+01
4.299575424194335938e+01
4.484239578247070312e+01
5.027290344238281250e+01
7.793702697753906250e+01
3.604452514648437500e+01
3.000000000000000000e+01
3.645274353027343750e+01
1.072967376708984375e+02
5.081032180786132812e+01
3.149595642089843750e+01
5.536544036865234375e+01
5.512165069580078125e+01
4.258942794799804688e+01
5.566070175170898438e+01
4.797805023193359375e+01
7.233921813964843750e+01
3.807537078857421875e+01
6.123705291748046875e+01
6.798363494873046875e+01
7.017869567871093750e+01
7.621508789062500000e+01
4.960409545898437500e+01
3.000000000000000000e+01
7.511054229736328125e+01
6.931431579589843750e+01
4.707336044311523438e+01
5.213192749023437500e+01
5.725184249877929688e+01
3.961619186401367188e+01
4.243429565429687500e+01
3.775183868408203125e+01
3.000000000000000000e+01
4.979055786132812500e+01
6.543269348144531250e+01
7.251832580566406250e+01
5.112435531616210938e+01
4.939863586425781250e+01
3.459551239013671875e+01
7.984223175048828125e+01
1.087139129638671875e+02
7.655561828613281250e+01
3.244708251953125000e+01
1.188477020263671875e+02
5.849220275878906250e+01
6.226768112182617188e+01
8.042085266113281250e+01
4.302898788452148438e+01
3.616426467895507812e+01
6.778956604003906250e+01
3.812390899658203125e+01
4.386648559570312500e+01
2.544724426269531250e+02
3.759846496582031250e+01
3.922462463378906250e+01
3.913471984863281250e+01
1.281089019775390625e+02
5.833913040161132812e+01
5.937246322631835938e+01
8.300963592529296875e+01
4.263771820068359375e+01
1.305061340332031250e+02
7.538956451416015625e+01
8.702243041992187500e+01
3.458329772949218750e+01
4.184788513183593750e+01
5.256789398193359375e+01
6.581254577636718750e+01
6.459372711181640625e+01
4.365241241455078125e+01
5.027129745483398438e+01
3.594116973876953125e+01
4.742540359497070312e+01
6.160329437255859375e+01
4.021432113647460938e+01
3.818214416503906250e+01
6.724391174316406250e+01
7.506948089599609375e+01
4.237398529052734375e+01
3.615586090087890625e+01
5.774906921386718750e+01
3.000000000000000000e+01
5.181993865966796875e+01
1.079444198608398438e+02
5.077310562133789062e+01
6.959054565429687500e+01
5.414998626708984375e+01
4.388292694091796875e+01
3.495699310302734375e+01
8.607720184326171875e+01
6.236465072631835938e+01
7.672816467285156250e+01
1.174698944091796875e+02
5.410810089111328125e+01
4.426054763793945312e+01
4.400352478027343750e+01
3.000000000000000000e+01
4.736179351806640625e+01
6.573440551757812500e+01
1.628652954101562500e+02
5.234024429321289062e+01
4.815725708007812500e+01
4.401982498168945312e+01
4.263243484497070312e+01
5.097448348999023438e+01
5.959017944335937500e+01
5.550870513916015625e+01
6.075271606445312500e+01
9.211839294433593750e+01
3.000000000000000000e+01
3.336032104492187500e+01
5.591091918945312500e+01
9.129197692871093750e+01
6.889226531982421875e+01
1.043631591796875000e+02
3.743715667724609375e+01
4.627530288696289062e+01
5.655471801757812500e+01
6.811517333984375000e+01
1.749637145996093750e+02
6.434342956542968750e+01
5.198334503173828125e+01
5.592667770385742188e+01
3.000000000000000000e+01
3.000000000000000000e+01
7.584652709960937500e+01
3.448367309570312500e+01
3.743515396118164062e+01
5.457980346679687500e+01
8.243441009521484375e+01
5.230355834960937500e+01
9.885444641113281250e+01
4.207002639770507812e+01
5.454910278320312500e+01
5.932342529296875000e+01
6.140592956542968750e+01
4.727170562744140625e+01
4.370834732055664062e+01
4.358519744873046875e+01
3.185720634460449219e+01
3.571762847900390625e+01
3.370260620117187500e+01
3.436988449096679688e+01
5.837167358398437500e+01
4.921490859985351562e+01
3.689772796630859375e+01
3.456564331054687500e+01
3.291564178466796875e+01
4.443679046630859375e+01
3.000000000000000000e+01
1.364605255126953125e+02
3.000000000000000000e+01
6.114383697509765625e+01
9.840144348144531250e+01
3.443274307250976562e+01
3.194623947143554688e+01
3.000000000000000000e+01
5.350559234619140625e+01
6.394622802734375000e+01
6.374458312988281250e+01
4.946021652221679688e+01
6.481361389160156250e+01
5.013011932373046875e+01
5.731991958618164062e+01
4.083152770996093750e+01
7.674377441406250000e+01
3.887079620361328125e+01
5.373511886596679688e+01
4.585767745971679688e+01
3.681128692626953125e+01
4.314322662353515625e+01
5.300093841552734375e+01
6.549804687500000000e+01
4.751274490356445312e+01
3.000000000000000000e+01
5.211936187744140625e+01
4.550423812866210938e+01
6.385404968261718750e+01
8.802474212646484375e+01
5.788708496093750000e+01
8.440343475341796875e+01
4.807799530029296875e+01
6.352336502075195312e+01
5.068598937988281250e+01
6.540496826171875000e+01
7.260479736328125000e+01
5.578207778930664062e+01
6.596643066406250000e+01
3.893729019165039062e+01
8.952373504638671875e+01
4.132776641845703125e+01
5.612237548828125000e+01
7.953929901123046875e+01
1.503383789062500000e+02
1.106254043579101562e+02
4.096197509765625000e+01
3.610839462280273438e+01
4.489597702026367188e+01
5.631217575073242188e+01
9.480319213867187500e+01
7.892155456542968750e+01
5.488252258300781250e+01
9.761015319824218750e+01
5.774906921386718750e+01
4.474409866333007812e+01
3.000000000000000000e+01
5.631587982177734375e+01
4.762280273437500000e+01
3.000000000000000000e+01
3.197236633300781250e+01
8.188278961181640625e+01
6.384351348876953125e+01
4.711243820190429688e+01
8.959449768066406250e+01
3.366579818725585938e+01
3.691015243530273438e+01
5.049852752685546875e+01
5.006220626831054688e+01
3.505358123779296875e+01
4.370834732055664062e+01
1.867403106689453125e+02
5.985547637939453125e+01
5.159958648681640625e+01
4.712142181396484375e+01
5.507486724853515625e+01
1.016930541992187500e+02
4.625084686279296875e+01
4.256289672851562500e+01
5.895055389404296875e+01
3.818214416503906250e+01
8.486938476562500000e+01
3.902504730224609375e+01
5.856029891967773438e+01
5.368134307861328125e+01
4.574523162841796875e+01
5.513984680175781250e+01
3.389519500732421875e+01
5.462284851074218750e+01
6.161767578125000000e+01
2.088712921142578125e+02
4.209858703613281250e+01
4.409416198730468750e+01
5.739672851562500000e+01
5.806450653076171875e+01
4.373584747314453125e+01
3.327499771118164062e+01
3.235860824584960938e+01
5.257518005371093750e+01
3.552053833007812500e+01
4.698598480224609375e+01
4.287788772583007812e+01
4.117285156250000000e+01
4.738533020019531250e+01
3.000000000000000000e+01
3.570578002929687500e+01
3.955110931396484375e+01
3.026014137268066406e+01
6.083007812500000000e+01
7.937136077880859375e+01
3.177137184143066406e+01
3.731819152832031250e+01
3.456968688964843750e+01
8.065563964843750000e+01
3.911806488037109375e+01
9.401762390136718750e+01
3.000000000000000000e+01
9.486388397216796875e+01
7.961282348632812500e+01
4.567760848999023438e+01
7.953929901123046875e+01
3.459363174438476562e+01
3.647603607177734375e+01
4.000988006591796875e+01
5.021117019653320312e+01
1.204539413452148438e+02
4.527229690551757812e+01
4.216292572021484375e+01
6.446131134033203125e+01
3.567746734619140625e+01
8.360658264160156250e+01
4.736357116699218750e+01
3.932081604003906250e+01
5.674457168579101562e+01
8.332542419433593750e+01
7.982525634765625000e+01
6.887222290039062500e+01
7.297465515136718750e+01
3.370504760742187500e+01
3.528318023681640625e+01
5.031793212890625000e+01
7.596102142333984375e+01
1.052102966308593750e+02
6.288826370239257812e+01
1.160612716674804688e+02
4.718774414062500000e+01
3.857048797607421875e+01
3.982067871093750000e+01
3.506827545166015625e+01
4.931582641601562500e+01
3.000000000000000000e+01
3.000000000000000000e+01
7.708911132812500000e+01
1.057330932617187500e+02
6.349740600585937500e+01
3.868635177612304688e+01
5.220422363281250000e+01
6.722812652587890625e+01
4.077627563476562500e+01
4.548990631103515625e+01
6.573440551757812500e+01
3.977932739257812500e+01
6.323074340820312500e+01
3.000000000000000000e+01
5.871331024169921875e+01
5.915890502929687500e+01
3.409301376342773438e+01
3.650251007080078125e+01
6.026883316040039062e+01
3.248637390136718750e+01
6.120189666748046875e+01
6.539100646972656250e+01
4.252749633789062500e+01
8.148216247558593750e+01
5.176697921752929688e+01
3.000000000000000000e+01
3.000000000000000000e+01
3.046560859680175781e+01
3.198840332031250000e+01
4.472247314453125000e+01
3.420576477050781250e+01
4.267683792114257812e+01
1.012821502685546875e+02
3.629705810546875000e+01
3.403983688354492188e+01
7.981405639648437500e+01
7.701073455810546875e+01
4.304706954956054688e+01
5.967143249511718750e+01
7.826658630371093750e+01
5.113259124755859375e+01
3.955117034912109375e+01
8.609883117675781250e+01
4.259777450561523438e+01
7.099442291259765625e+01
4.510609054565429688e+01
3.209407806396484375e+01
5.802488327026367188e+01
3.578162002563476562e+01
3.754951477050781250e+01
4.703402328491210938e+01
3.480958557128906250e+01
4.947559356689453125e+01
4.574201965332031250e+01
6.365248489379882812e+01
3.620825958251953125e+01
3.656299209594726562e+01
7.672560119628906250e+01
8.991506958007812500e+01
3.000000000000000000e+01
9.929774475097656250e+01
5.429688262939453125e+01
3.000000000000000000e+01
9.352418518066406250e+01
8.871214294433593750e+01
4.426053619384765625e+01
6.009637451171875000e+01
3.092795944213867188e+01
4.349814605712890625e+01
4.163744735717773438e+01
5.709366989135742188e+01
5.852087783813476562e+01
4.324918365478515625e+01
4.203579330444335938e+01
5.150557327270507812e+01
6.092022705078125000e+01
3.338006973266601562e+01
5.115498733520507812e+01
6.175892639160156250e+01
4.690267562866210938e+01
7.158696746826171875e+01
7.892095947265625000e+01
3.098156166076660156e+01
5.011318969726562500e+01
3.437171936035156250e+01
4.449261856079101562e+01
6.011837005615234375e+01
7.417495727539062500e+01
5.856029891967773438e+01
4.842455291748046875e+01
6.618492126464843750e+01
5.115499114990234375e+01
4.621387100219726562e+01
4.910325622558593750e+01
3.639682769775390625e+01
4.141310119628906250e+01
5.983309936523437500e+01
4.354047393798828125e+01
3.872465896606445312e+01
4.070269393920898438e+01
3.657884216308593750e+01
5.179989624023437500e+01
3.000000000000000000e+01
5.577284622192382812e+01
4.536717987060546875e+01
3.839132690429687500e+01
7.268413543701171875e+01
3.570242309570312500e+01
5.418257141113281250e+01
3.958861160278320312e+01
8.679237365722656250e+01
6.162097167968750000e+01
3.718821334838867188e+01
4.602185058593750000e+01
4.178338623046875000e+01
8.446981048583984375e+01
8.163964843750000000e+01
3.569169998168945312e+01
4.779522705078125000e+01
5.985152435302734375e+01
4.037443542480468750e+01
3.932350540161132812e+01
4.573992919921875000e+01
6.018206024169921875e+01
3.923621368408203125e+01
3.557655334472656250e+01
5.049040222167968750e+01
4.141191101074218750e+01
7.432225799560546875e+01
3.000000000000000000e+01
8.554132080078125000e+01
3.793048858642578125e+01
4.221540069580078125e+01
4.156808853149414062e+01
4.239620971679687500e+01
4.650666427612304688e+01
4.627558898925781250e+01
3.610839462280273438e+01
4.214313888549804688e+01
3.485954284667968750e+01
4.356013870239257812e+01
4.679631805419921875e+01
5.226313018798828125e+01
7.432812500000000000e+01
5.606237030029296875e+01
4.927247619628906250e+01
4.343793106079101562e+01
3.000000000000000000e+01
3.000000000000000000e+01
4.239620971679687500e+01
6.596643066406250000e+01
3.000000000000000000e+01
3.698318481445312500e+01
3.000000000000000000e+01
6.972869110107421875e+01
5.632243347167968750e+01
6.661683654785156250e+01
3.486740112304687500e+01
3.260239410400390625e+01
6.794372558593750000e+01
3.075419044494628906e+01
4.477392196655273438e+01
3.296722793579101562e+01
4.885223388671875000e+01
3.000000000000000000e+01
3.542539978027343750e+01
3.890883636474609375e+01
3.000000000000000000e+01
7.328377532958984375e+01
4.516405105590820312e+01
7.417495727539062500e+01
6.356370544433593750e+01
4.117225646972656250e+01
3.237854385375976562e+01
4.353057479858398438e+01
3.346803283691406250e+01
3.936013412475585938e+01
4.722981643676757812e+01
5.639219284057617188e+01
4.077944183349609375e+01
4.777754974365234375e+01
4.349581146240234375e+01
8.192227935791015625e+01
5.113840484619140625e+01
4.492866134643554688e+01
3.000000000000000000e+01
3.000000000000000000e+01
4.319050979614257812e+01
3.681128692626953125e+01
6.691609191894531250e+01
3.463142395019531250e+01
3.141291427612304688e+01
3.596987533569335938e+01
3.464437484741210938e+01
3.000000000000000000e+01
5.509475326538085938e+01
3.712557601928710938e+01
5.412033843994140625e+01
3.868733215332031250e+01
6.873336791992187500e+01
6.356370544433593750e+01
6.119329071044921875e+01
3.195013618469238281e+01
3.000000000000000000e+01
3.000000000000000000e+01
3.000000000000000000e+01
4.292192459106445312e+01
6.898066711425781250e+01
3.000000000000000000e+01
3.525921630859375000e+01
5.021237182617187500e+01
3.000000000000000000e+01
5.562796783447265625e+01
5.206147384643554688e+01
3.777507400512695312e+01
4.271495056152343750e+01
8.071061706542968750e+01
5.192549896240234375e+01
8.332542419433593750e+01
7.451115417480468750e+01
3.000000000000000000e+01
5.704867935180664062e+01
3.000000000000000000e+01
5.105017089843750000e+01
5.074985122680664062e+01
4.269858551025390625e+01
6.519351959228515625e+01
7.130731201171875000e+01
3.847853088378906250e+01
6.635787200927734375e+01
6.579393005371093750e+01
3.000000000000000000e+01
6.421011352539062500e+01
3.862046432495117188e+01
3.096071243286132812e+01
4.052349853515625000e+01
4.347390747070312500e+01
4.201649856567382812e+01
6.715579986572265625e+01
4.828972244262695312e+01
4.409416198730468750e+01
4.359764480590820312e+01
3.181840133666992188e+01
3.000000000000000000e+01
3.230062103271484375e+01
7.130984497070312500e+01
4.001995086669921875e+01
3.864362335205078125e+01
5.962135696411132812e+01
3.358584594726562500e+01
4.641440963745117188e+01
4.720775985717773438e+01
4.602185058593750000e+01
3.231187438964843750e+01
3.532386016845703125e+01
3.400582504272460938e+01
3.972791290283203125e+01
3.645156478881835938e+01
4.586128997802734375e+01
5.591091918945312500e+01
3.735121154785156250e+01
4.750617980957031250e+01
4.524619293212890625e+01
6.973109436035156250e+01
4.587537002563476562e+01
6.488954162597656250e+01
1.067435607910156250e+02
5.190430068969726562e+01
4.443605804443359375e+01
4.357178878784179688e+01
3.836353683471679688e+01
4.067832183837890625e+01
3.890205383300781250e+01
3.497103881835937500e+01
1.174698944091796875e+02
3.000000000000000000e+01
3.481783676147460938e+01
4.201168823242187500e+01
5.241366577148437500e+01
3.890260314941406250e+01
3.762764358520507812e+01
5.006220626831054688e+01
5.703171920776367188e+01
3.000000000000000000e+01
5.119417572021484375e+01
3.505586242675781250e+01
4.192183685302734375e+01
4.243429565429687500e+01
3.849903488159179688e+01
3.811125183105468750e+01
4.519964599609375000e+01
3.000000000000000000e+01
4.268142700195312500e+01
4.661743927001953125e+01
4.905504608154296875e+01
6.889226531982421875e+01
3.740573883056640625e+01
3.036036300659179688e+01
5.097448348999023438e+01
4.688403701782226562e+01
3.000000000000000000e+01
4.920037841796875000e+01
3.000000000000000000e+01
4.718122863769531250e+01
4.107627487182617188e+01
5.101641845703125000e+01
5.684530639648437500e+01
4.875615310668945312e+01
5.616146087646484375e+01
4.648332214355468750e+01
3.821738433837890625e+01
4.465031433105468750e+01
5.584215545654296875e+01
4.516098022460937500e+01
4.048271560668945312e+01
5.708958053588867188e+01
5.043634033203125000e+01
3.275835037231445312e+01
5.699750137329101562e+01
4.209024047851562500e+01
6.075297546386718750e+01
4.012635803222656250e+01
1.191340179443359375e+02
8.190725708007812500e+01
3.879418945312500000e+01
5.362744140625000000e+01
3.000000000000000000e+01
7.880955505371093750e+01
3.000000000000000000e+01
3.880354309082031250e+01
8.270481109619140625e+01
4.970831298828125000e+01
4.031986236572265625e+01
5.284315109252929688e+01
9.933523559570312500e+01
4.068395614624023438e+01
3.787862777709960938e+01
3.000000000000000000e+01
4.628421783447265625e+01
4.608837890625000000e+01
3.588220977783203125e+01
4.980339813232421875e+01
8.705486297607421875e+01
4.858470153808593750e+01
3.261910247802734375e+01
3.000000000000000000e+01
5.276708221435546875e+01
4.133892822265625000e+01
4.203263854980468750e+01
5.302344512939453125e+01
9.401762390136718750e+01
5.588879013061523438e+01
7.701894378662109375e+01
6.984103393554687500e+01
6.691246795654296875e+01
5.542303085327148438e+01
3.000000000000000000e+01
3.868289566040039062e+01
5.671950531005859375e+01
3.883291625976562500e+01
3.000000000000000000e+01
3.066820907592773438e+01
3.587664413452148438e+01
3.000000000000000000e+01
3.336722946166992188e+01
3.560230255126953125e+01
4.716086196899414062e+01
6.322200012207031250e+01
5.088994216918945312e+01
3.383216094970703125e+01
4.404859924316406250e+01
3.496769332885742188e+01
3.077589988708496094e+01
5.077959442138671875e+01
5.903406906127929688e+01
5.012577056884765625e+01
4.482770538330078125e+01
3.180784606933593750e+01
5.502411651611328125e+01
4.863537979125976562e+01
3.000000000000000000e+01
8.446981048583984375e+01
3.373630905151367188e+01
8.672917175292968750e+01
3.393133926391601562e+01
5.630253601074218750e+01
6.301967239379882812e+01
3.476960754394531250e+01
4.389485168457031250e+01
3.564691162109375000e+01
4.942597198486328125e+01
3.792514038085937500e+01
4.268151092529296875e+01
3.260445022583007812e+01
5.305910873413085938e+01
3.613127517700195312e+01
8.486938476562500000e+01
6.344953155517578125e+01
5.997483825683593750e+01
3.588024520874023438e+01
3.709556198120117188e+01
5.411283111572265625e+01
3.000000000000000000e+01
5.711145782470703125e+01
4.306114578247070312e+01
6.642115020751953125e+01
3.516245651245117188e+01
5.001689147949218750e+01
3.516068267822265625e+01
4.239861679077148438e+01
3.000000000000000000e+01
7.736975860595703125e+01
3.105899047851562500e+01
4.335756683349609375e+01
3.296899795532226562e+01
4.662697982788085938e+01
4.555537796020507812e+01
3.000000000000000000e+01
4.182924652099609375e+01
3.211362075805664062e+01
3.524341583251953125e+01
5.417801666259765625e+01
6.446131134033203125e+01
3.081250190734863281e+01
6.003438568115234375e+01
4.397750854492187500e+01
4.280900955200195312e+01
4.470738220214843750e+01
3.847472000122070312e+01
4.250491714477539062e+01
4.034119415283203125e+01
3.693170928955078125e+01
3.475108337402343750e+01
3.000000000000000000e+01
3.102021598815917969e+01
3.992771148681640625e+01
3.628485870361328125e+01
3.251826858520507812e+01
3.555378723144531250e+01
3.567704772949218750e+01
5.397905731201171875e+01
4.982099533081054688e+01
9.933523559570312500e+01
3.380383682250976562e+01
4.022498321533203125e+01
3.000000000000000000e+01
7.820423126220703125e+01
3.500829696655273438e+01
4.303126525878906250e+01
7.736975860595703125e+01
4.300751876831054688e+01
4.774304199218750000e+01
3.562449645996093750e+01
4.662769699096679688e+01
1.136883926391601562e+02
7.338103485107421875e+01
6.171216964721679688e+01
7.582972717285156250e+01
3.764646148681640625e+01
3.684159851074218750e+01
4.531556701660156250e+01
3.707788467407226562e+01
4.646651840209960938e+01
5.113368225097656250e+01
3.566565704345703125e+01
3.282901000976562500e+01
7.029759216308593750e+01
3.000000000000000000e+01
4.729818725585937500e+01
3.806341171264648438e+01
4.644816207885742188e+01
3.000000000000000000e+01
3.244708251953125000e+01
3.000000000000000000e+01
3.702132034301757812e+01
4.381603240966796875e+01
6.604410552978515625e+01
3.615293121337890625e+01
3.558727264404296875e+01
6.045005798339843750e+01
4.367867279052734375e+01
4.589177703857421875e+01
3.909262847900390625e+01
4.179673004150390625e+01
4.114625930786132812e+01
3.166530609130859375e+01
4.199494934082031250e+01
3.890196228027343750e+01
6.020750045776367188e+01
6.049940109252929688e+01
6.047163772583007812e+01
3.790284347534179688e+01
3.824522781372070312e+01
3.937500000000000000e+01
3.000000000000000000e+01
6.665536499023437500e+01
5.216289138793945312e+01
4.836697769165039062e+01
3.937790679931640625e+01
3.116060447692871094e+01
3.368315887451171875e+01
3.430850219726562500e+01
4.796723175048828125e+01
3.989117431640625000e+01
3.000000000000000000e+01
3.505358505249023438e+01
4.054434585571289062e+01
3.000000000000000000e+01
4.153817749023437500e+01
3.000000000000000000e+01
6.115644073486328125e+01
4.506475067138671875e+01
3.457110214233398438e+01
4.950973510742187500e+01
8.065563201904296875e+01
4.485523986816406250e+01
3.708948898315429688e+01
3.000000000000000000e+01
3.420576095581054688e+01
4.770510864257812500e+01
4.354399108886718750e+01
4.144294738769531250e+01
3.000000000000000000e+01
3.014623641967773438e+01
3.000000000000000000e+01
4.163404464721679688e+01
4.835346984863281250e+01
3.711368179321289062e+01
4.635450744628906250e+01
4.166526031494140625e+01
5.447806549072265625e+01
4.556702423095703125e+01
4.878792953491210938e+01
4.040667724609375000e+01
3.105126190185546875e+01
5.183917236328125000e+01
3.000000000000000000e+01
3.390024948120117188e+01
4.035264205932617188e+01
4.558293151855468750e+01
3.293972396850585938e+01
3.779139328002929688e+01
3.030892181396484375e+01
3.771208953857421875e+01
4.253868865966796875e+01
3.938956069946289062e+01
