5.056243896484375000e+01
6.347961044311523438e+01
3.055403137207031250e+01
3.976054382324218750e+01
6.724679565429687500e+01
5.903939819335937500e+01
3.960750198364257812e+01
6.979111480712890625e+01
6.221448898315429688e+01
1.101354217529296875e+02
4.882949829101562500e+01
1.070324249267578125e+02
4.657619476318359375e+01
4.541940689086914062e+01
5.302220535278320312e+01
5.825442886352539062e+01
6.709704589843750000e+01
4.297488784790039062e+01
4.000294494628906250e+01
1.523337707519531250e+02
4.280920410156250000e+01
9.104501342773437500e+01
3.720020675659179688e+01
3.092015838623046875e+01
3.772787857055664062e+01
6.817060852050781250e+01
3.000000000000000000e+01
5.931910324096679688e+01
2.012637329101562500e+02
5.378100585937500000e+01
5.058885574340820312e+01
4.986150360107421875e+01
4.974018096923828125e+01
8.478501892089843750e+01
6.181764602661132812e+01
6.173559188842773438e+01
6.567436218261718750e+01
5.231927490234375000e+01
4.419860076904296875e+01
3.742854309082031250e+01
3.915409088134765625e+01
3.129143905639648438e+01
5.999541854858398438e+01
5.170199203491210938e+01
3.322756958007812500e+01
3.000000000000000000e+01
3.522671508789062500e+01
5.996731567382812500e+01
1.239600982666015625e+02
4.711154174804687500e+01
4.957864761352539062e+01
3.069954109191894531e+01
7.262778472900390625e+01
4.369035339355468750e+01
1.080711593627929688e+02
5.362338256835937500e+01
7.193879699707031250e+01
4.422646713256835938e+01
6.524078369140625000e+01
6.819110107421875000e+01
6.002294540405273438e+01
9.244215393066406250e+01
4.078350067138671875e+01
9.351779174804687500e+01
1.001944656372070312e+02
5.616127395629882812e+01
5.354747009277343750e+01
3.000000000000000000e+01
4.432851028442382812e+01
6.171204376220703125e+01
6.149268722534179688e+01
3.407904815673828125e+01
7.174928283691406250e+01
4.180405426025390625e+01
5.275351715087890625e+01
4.321356582641601562e+01
5.360065460205078125e+01
4.730133438110351562e+01
4.417366790771484375e+01
6.185121536254882812e+01
3.923123931884765625e+01
6.709704589843750000e+01
5.069140625000000000e+01
1.232217178344726562e+02
9.587033081054687500e+01
3.156890487670898438e+01
4.081203079223632812e+01
4.929434967041015625e+01
4.657619476318359375e+01
5.885544967651367188e+01
4.426501464843750000e+01
5.403694152832031250e+01
6.109367370605468750e+01
5.882700347900390625e+01
1.041534271240234375e+02
8.623500061035156250e+01
6.206200408935546875e+01
4.056616973876953125e+01
6.765724182128906250e+01
3.811082077026367188e+01
1.089135894775390625e+02
6.759731292724609375e+01
1.471133270263671875e+02
3.000000000000000000e+01
4.171167755126953125e+01
7.884841918945312500e+01
3.000000000000000000e+01
5.873060607910156250e+01
5.586953353881835938e+01
3.379515075683593750e+01
4.150816726684570312e+01
3.159161567687988281e+01
7.443407440185546875e+01
1.308051910400390625e+02
4.100584411621093750e+01
4.374351119995117188e+01
9.436744689941406250e+01
4.499877929687500000e+01
7.302525329589843750e+01
4.902749252319335938e+01
4.652534484863281250e+01
6.480860137939453125e+01
3.472829055786132812e+01
4.426512145996093750e+01
4.135831832885742188e+01
4.846125030517578125e+01
7.350785064697265625e+01
5.582154083251953125e+01
4.260910415649414062e+01
3.000000000000000000e+01
4.852833557128906250e+01
1.044791030883789062e+02
4.487557601928710938e+01
3.000000000000000000e+01
5.979197692871093750e+01
4.270836639404296875e+01
1.163778533935546875e+02
4.427139282226562500e+01
4.395200347900390625e+01
7.133789825439453125e+01
4.708391952514648438e+01
8.772512817382812500e+01
6.660014343261718750e+01
5.971321487426757812e+01
7.423649597167968750e+01
4.322925567626953125e+01
8.356526947021484375e+01
8.513750457763671875e+01
5.118588256835937500e+01
1.089713668823242188e+02
5.849659729003906250e+01
7.582763671875000000e+01
5.509923553466796875e+01
7.078312683105468750e+01
4.975942611694335938e+01
1.161872177124023438e+02
3.078993225097656250e+01
1.399186553955078125e+02
4.501071929931640625e+01
6.419781494140625000e+01
3.449816513061523438e+01
4.296309280395507812e+01
4.999295806884765625e+01
3.674487304687500000e+01
6.981971740722656250e+01
4.322372817993164062e+01
5.971321105957031250e+01
4.989886474609375000e+01
3.267127990722656250e+01
1.169462280273437500e+02
4.205224609375000000e+01
4.214452362060546875e+01
3.178865623474121094e+01
3.000000000000000000e+01
5.566392135620117188e+01
3.713381958007812500e+01
4.318550109863281250e+01
4.889979553222656250e+01
7.191178894042968750e+01
5.305563735961914062e+01
6.298649978637695312e+01
6.269314575195312500e+01
6.347931671142578125e+01
5.237244033813476562e+01
4.150267028808593750e+01
3.000000000000000000e+01
3.378841781616210938e+01
6.693902587890625000e+01
5.037561798095703125e+01
4.671614074707031250e+01
5.087215042114257812e+01
5.180023574829101562e+01
4.798889923095703125e+01
5.025090026855468750e+01
4.233266830444335938e+01
4.573458862304687500e+01
4.355091857910156250e+01
7.782208251953125000e+01
1.487555694580078125e+02
7.292169189453125000e+01
4.538063812255859375e+01
1.249970397949218750e+02
5.142902374267578125e+01
3.000000000000000000e+01
5.518938064575195312e+01
3.582498931884765625e+01
5.410011291503906250e+01
3.770553207397460938e+01
1.140019378662109375e+02
3.409238815307617188e+01
4.350588607788085938e+01
1.046992034912109375e+02
4.486206817626953125e+01
3.881051635742187500e+01
4.048111724853515625e+01
3.913450622558593750e+01
5.086207962036132812e+01
5.600440216064453125e+01
3.948128128051757812e+01
4.338302612304687500e+01
3.382685089111328125e+01
6.694987487792968750e+01
7.855911254882812500e+01
4.090444946289062500e+01
5.151544189453125000e+01
4.364461517333984375e+01
5.951632690429687500e+01
1.076459426879882812e+02
6.201643371582031250e+01
1.123516235351562500e+02
3.808417892456054688e+01
4.505334091186523438e+01
5.473038101196289062e+01
4.446222686767578125e+01
3.828018951416015625e+01
6.523355865478515625e+01
3.889909744262695312e+01
4.948143768310546875e+01
7.495970916748046875e+01
5.809291458129882812e+01
4.305464935302734375e+01
1.240144805908203125e+02
1.186562271118164062e+02
6.428955841064453125e+01
8.255443572998046875e+01
3.573496246337890625e+01
4.829026794433593750e+01
1.286891479492187500e+02
1.800725708007812500e+02
4.869837951660156250e+01
7.023640441894531250e+01
4.322080612182617188e+01
5.179332351684570312e+01
8.090876770019531250e+01
4.585675048828125000e+01
5.713043975830078125e+01
4.440134048461914062e+01
4.530150604248046875e+01
3.486746215820312500e+01
1.559398803710937500e+02
4.176565551757812500e+01
5.040324783325195312e+01
5.784828948974609375e+01
4.917020797729492188e+01
1.165968475341796875e+02
5.073977661132812500e+01
1.484466400146484375e+02
6.400699615478515625e+01
6.156524658203125000e+01
5.366477966308593750e+01
5.732130050659179688e+01
5.460121154785156250e+01
6.428955841064453125e+01
6.438051605224609375e+01
1.775201416015625000e+02
3.377780151367187500e+01
6.547686004638671875e+01
7.023841857910156250e+01
1.040296249389648438e+02
9.311560058593750000e+01
5.380933380126953125e+01
7.665856933593750000e+01
5.757806396484375000e+01
4.335931777954101562e+01
7.467987060546875000e+01
3.783490753173828125e+01
3.000000000000000000e+01
5.638607025146484375e+01
3.815330505371093750e+01
4.376394653320312500e+01
3.887226104736328125e+01
3.196411895751953125e+01
3.491919708251953125e+01
1.217737350463867188e+02
3.930844497680664062e+01
3.000000000000000000e+01
3.854244995117187500e+01
3.880022048950195312e+01
4.982167816162109375e+01
5.805432128906250000e+01
3.341785430908203125e+01
3.517121124267578125e+01
3.714792251586914062e+01
7.286924743652343750e+01
6.774165344238281250e+01
4.344188308715820312e+01
7.734186553955078125e+01
6.295165252685546875e+01
6.836668395996093750e+01
1.251449203491210938e+02
1.399182128906250000e+02
3.000000000000000000e+01
1.057410736083984375e+02
1.131439132690429688e+02
9.464782714843750000e+01
3.961750030517578125e+01
3.851760864257812500e+01
1.257473449707031250e+02
6.039122772216796875e+01
6.765724182128906250e+01
4.851122283935546875e+01
5.343547821044921875e+01
5.898023223876953125e+01
5.033649444580078125e+01
3.624337005615234375e+01
4.043468856811523438e+01
3.721220779418945312e+01
3.715398788452148438e+01
7.174928283691406250e+01
3.647505950927734375e+01
7.483689880371093750e+01
5.229225158691406250e+01
4.913168716430664062e+01
4.458636474609375000e+01
4.128898239135742188e+01
4.518029785156250000e+01
6.802827453613281250e+01
4.638772583007812500e+01
3.435120391845703125e+01
3.883536911010742188e+01
5.508615875244140625e+01
7.914031219482421875e+01
4.444224548339843750e+01
6.836668395996093750e+01
4.163854217529296875e+01
4.720396423339843750e+01
1.622085723876953125e+02
3.336036682128906250e+01
3.734038162231445312e+01
1.217599029541015625e+02
1.533006591796875000e+02
1.789795379638671875e+02
4.487460327148437500e+01
9.244215393066406250e+01
3.074191093444824219e+01
1.135062408447265625e+02
5.742760467529296875e+01
3.659640502929687500e+01
1.586261901855468750e+02
5.853561401367187500e+01
5.614368438720703125e+01
1.363271484375000000e+02
4.797427368164062500e+01
5.618138885498046875e+01
8.955408477783203125e+01
3.424065017700195312e+01
7.552162933349609375e+01
1.214296112060546875e+02
3.000000000000000000e+01
6.226621246337890625e+01
5.773992156982421875e+01
4.833430099487304688e+01
8.359170532226562500e+01
1.489146270751953125e+02
6.119085693359375000e+01
1.213350601196289062e+02
8.719568634033203125e+01
5.378100585937500000e+01
1.025458831787109375e+02
8.041568756103515625e+01
4.081137847900390625e+01
3.318392181396484375e+01
3.182619667053222656e+01
4.016135025024414062e+01
6.068135070800781250e+01
1.186562271118164062e+02
5.071481323242187500e+01
4.444393157958984375e+01
4.235652160644531250e+01
2.884901733398437500e+02
4.290795135498046875e+01
4.352996444702148438e+01
4.367002105712890625e+01
3.000000000000000000e+01
4.626588439941406250e+01
6.046888732910156250e+01
6.111668395996093750e+01
1.016407928466796875e+02
4.764595031738281250e+01
3.844022369384765625e+01
4.998552703857421875e+01
4.587173461914062500e+01
1.435945434570312500e+02
3.656299591064453125e+01
3.628810501098632812e+01
4.571328353881835938e+01
4.434236907958984375e+01
6.342741394042968750e+01
6.599752807617187500e+01
1.428900146484375000e+02
7.223710632324218750e+01
8.057249450683593750e+01
4.043250274658203125e+01
3.857523727416992188e+01
6.798553466796875000e+01
3.000678825378417969e+01
7.419722747802734375e+01
7.887721252441406250e+01
3.000000000000000000e+01
3.787248229980468750e+01
9.218807220458984375e+01
3.000000000000000000e+01
4.153865051269531250e+01
1.364157562255859375e+02
5.891743469238281250e+01
4.453866577148437500e+01
7.064080810546875000e+01
4.821484375000000000e+01
5.328972244262695312e+01
9.139740753173828125e+01
5.318242263793945312e+01
7.483689880371093750e+01
2.010495910644531250e+02
5.033649444580078125e+01
1.217033081054687500e+02
4.200646209716796875e+01
4.792277526855468750e+01
8.810945129394531250e+01
5.931910324096679688e+01
5.363384246826171875e+01
6.030776977539062500e+01
3.000000000000000000e+01
6.516606140136718750e+01
5.571792602539062500e+01
7.997399902343750000e+01
3.959946441650390625e+01
4.428163528442382812e+01
6.342582702636718750e+01
1.019247817993164062e+02
8.470874786376953125e+01
4.910814666748046875e+01
5.509923553466796875e+01
4.876830673217773438e+01
5.807611465454101562e+01
7.715350341796875000e+01
4.027960968017578125e+01
1.151698608398437500e+02
9.628221130371093750e+01
3.000000000000000000e+01
9.671425628662109375e+01
7.563348388671875000e+01
5.403789520263671875e+01
4.369589996337890625e+01
4.789817810058593750e+01
4.487183380126953125e+01
1.935162811279296875e+02
3.465201950073242188e+01
5.198443984985351562e+01
5.177712631225585938e+01
4.147046279907226562e+01
8.792695617675781250e+01
4.070113754272460938e+01
4.237110519409179688e+01
1.382972564697265625e+02
6.774165344238281250e+01
8.725575256347656250e+01
4.900099182128906250e+01
4.337752914428710938e+01
5.908103179931640625e+01
9.974010467529296875e+01
9.302615356445312500e+01
8.754314422607421875e+01
6.731993103027343750e+01
3.000000000000000000e+01
8.548142242431640625e+01
9.357203674316406250e+01
4.629494476318359375e+01
3.881051635742187500e+01
7.878924560546875000e+01
9.029337310791015625e+01
5.698990249633789062e+01
5.453733825683593750e+01
4.442626190185546875e+01
3.000000000000000000e+01
4.321480178833007812e+01
3.000000000000000000e+01
4.544087600708007812e+01
3.465669250488281250e+01
3.287681579589843750e+01
4.548049926757812500e+01
5.464522171020507812e+01
5.028314590454101562e+01
7.720771789550781250e+01
6.606550598144531250e+01
4.210869979858398438e+01
4.063954162597656250e+01
4.996888351440429688e+01
6.353516387939453125e+01
3.000000000000000000e+01
3.606122589111328125e+01
9.087541198730468750e+01
4.014292907714843750e+01
5.688306427001953125e+01
3.114133834838867188e+01
5.007714080810546875e+01
3.000000000000000000e+01
5.302220535278320312e+01
1.137530364990234375e+02
5.545697784423828125e+01
3.418079376220703125e+01
5.907441329956054688e+01
3.628810501098632812e+01
8.340514373779296875e+01
3.634316253662109375e+01
5.439315795898437500e+01
1.288114929199218750e+02
4.342721176147460938e+01
1.114323501586914062e+02
1.145063095092773438e+02
3.652305221557617188e+01
3.592011642456054688e+01
9.096243286132812500e+01
4.365038681030273438e+01
5.320281219482421875e+01
5.784828948974609375e+01
1.335823059082031250e+02
4.127783966064453125e+01
4.681398010253906250e+01
5.470787429809570312e+01
3.835158920288085938e+01
4.245734405517578125e+01
1.132659759521484375e+02
3.288476943969726562e+01
7.175985717773437500e+01
4.301738357543945312e+01
4.909239959716796875e+01
3.000000000000000000e+01
4.679122924804687500e+01
4.095734405517578125e+01
4.523610687255859375e+01
4.350426483154296875e+01
3.331163024902343750e+01
4.221952438354492188e+01
4.892053985595703125e+01
4.926167297363281250e+01
4.646015930175781250e+01
6.022528457641601562e+01
5.873060607910156250e+01
7.211312866210937500e+01
1.140019378662109375e+02
6.647499084472656250e+01
1.128901290893554688e+02
8.750930023193359375e+01
1.239830474853515625e+02
4.837266540527343750e+01
5.951643371582031250e+01
5.446102905273437500e+01
3.411975479125976562e+01
7.151360321044921875e+01
7.363373565673828125e+01
7.755227661132812500e+01
8.745825195312500000e+01
4.100584411621093750e+01
4.497538757324218750e+01
6.562498474121093750e+01
1.029689025878906250e+02
4.564424133300781250e+01
5.054143524169921875e+01
4.127384185791015625e+01
3.676393127441406250e+01
8.900732421875000000e+01
4.426501464843750000e+01
5.405466079711914062e+01
4.406341552734375000e+01
4.678573989868164062e+01
6.712725067138671875e+01
8.664228820800781250e+01
3.979548263549804688e+01
3.000000000000000000e+01
3.754756927490234375e+01
1.016407928466796875e+02
5.460860824584960938e+01
3.628792572021484375e+01
5.896556091308593750e+01
5.809424591064453125e+01
4.617653274536132812e+01
5.281190109252929688e+01
5.008790588378906250e+01
6.855925750732421875e+01
3.761280059814453125e+01
6.469532775878906250e+01
7.272912597656250000e+01
6.971333312988281250e+01
7.230851745605468750e+01
4.372032928466796875e+01
3.290389251708984375e+01
7.289981079101562500e+01
6.911839294433593750e+01
4.775498962402343750e+01
5.290571594238281250e+01
5.331833648681640625e+01
4.383036041259765625e+01
5.550502395629882812e+01
3.860871124267578125e+01
3.735138320922851562e+01
4.546367263793945312e+01
7.321150970458984375e+01
6.342582702636718750e+01
4.885231018066406250e+01
5.477348327636718750e+01
3.605525588989257812e+01
7.318910217285156250e+01
1.048163146972656250e+02
6.822486877441406250e+01
3.201128387451171875e+01
1.239830551147460938e+02
4.487460327148437500e+01
6.343745803833007812e+01
9.029337310791015625e+01
4.072588729858398438e+01
4.130978393554687500e+01
6.491627502441406250e+01
3.881564331054687500e+01
4.244434738159179688e+01
2.367047729492187500e+02
3.990879821777343750e+01
3.486511230468750000e+01
4.388162612915039062e+01
1.243502044677734375e+02
5.003646850585937500e+01
5.699795532226562500e+01
1.011099090576171875e+02
4.170666122436523438e+01
1.340968475341796875e+02
7.072480773925781250e+01
8.790138244628906250e+01
4.144839859008789062e+01
3.698592758178710938e+01
6.225330352783203125e+01
7.282849121093750000e+01
6.902282714843750000e+01
4.638772583007812500e+01
4.924273681640625000e+01
3.584003067016601562e+01
5.238541030883789062e+01
6.413023376464843750e+01
4.559452056884765625e+01
4.339332580566406250e+01
7.129355621337890625e+01
7.580595397949218750e+01
4.415268707275390625e+01
3.684180068969726562e+01
5.317227172851562500e+01
3.000000000000000000e+01
4.658335876464843750e+01
1.041116333007812500e+02
4.794458770751953125e+01
7.540599060058593750e+01
5.506958770751953125e+01
4.158326721191406250e+01
3.449792861938476562e+01
8.772512817382812500e+01
6.137420654296875000e+01
6.837026214599609375e+01
1.034244689941406250e+02
5.064295578002929688e+01
4.995412445068359375e+01
4.311733245849609375e+01
3.688239288330078125e+01
5.134585952758789062e+01
6.022632598876953125e+01
1.935162811279296875e+02
4.859292602539062500e+01
5.783729934692382812e+01
4.483404541015625000e+01
4.724899291992187500e+01
4.301187133789062500e+01
5.387402343750000000e+01
5.594984436035156250e+01
6.914460754394531250e+01
9.296831512451171875e+01
3.000000000000000000e+01
3.160961723327636719e+01
5.617251205444335938e+01
9.829216003417968750e+01
6.217792892456054688e+01
1.114323425292968750e+02
3.591062927246093750e+01
4.447632217407226562e+01
5.125540542602539062e+01
6.480891418457031250e+01
1.806888732910156250e+02
6.513154602050781250e+01
5.703643417358398438e+01
5.846644973754882812e+01
3.000000000000000000e+01
3.000000000000000000e+01
8.140148925781250000e+01
3.644256210327148438e+01
3.618843078613281250e+01
5.398612976074218750e+01
8.345680999755859375e+01
5.204828643798828125e+01
9.871028137207031250e+01
4.000636291503906250e+01
4.351416015625000000e+01
6.039122772216796875e+01
6.769795227050781250e+01
4.978818511962890625e+01
4.607236099243164062e+01
4.492696762084960938e+01
3.301271438598632812e+01
3.937555694580078125e+01
3.656299591064453125e+01
3.454832839965820312e+01
6.668482971191406250e+01
5.891743469238281250e+01
3.983732223510742188e+01
3.000000000000000000e+01
3.624057388305664062e+01
4.352996826171875000e+01
3.961955642700195312e+01
1.312494201660156250e+02
3.000000000000000000e+01
6.690094757080078125e+01
9.635677337646484375e+01
3.637989044189453125e+01
3.000000000000000000e+01
3.000000000000000000e+01
6.419781494140625000e+01
6.081316375732421875e+01
6.063425445556640625e+01
5.542353820800781250e+01
5.993782043457031250e+01
4.875460815429687500e+01
5.254161071777343750e+01
4.068489456176757812e+01
7.200952148437500000e+01
3.444262313842773438e+01
5.908103561401367188e+01
5.360884475708007812e+01
3.520015335083007812e+01
3.965433120727539062e+01
5.543849945068359375e+01
6.017585754394531250e+01
4.324918365478515625e+01
4.982167816162109375e+01
5.072534561157226562e+01
4.700901031494140625e+01
6.719337463378906250e+01
7.720321655273437500e+01
5.220099639892578125e+01
9.373226928710937500e+01
4.570865249633789062e+01
5.809291458129882812e+01
4.523361587524414062e+01
5.686708831787109375e+01
6.553945922851562500e+01
5.910352706909179688e+01
7.628106689453125000e+01
3.923197937011718750e+01
8.858935546875000000e+01
4.707921981811523438e+01
5.298525619506835938e+01
8.652440643310546875e+01
1.523337707519531250e+02
9.687506103515625000e+01
4.339367675781250000e+01
3.538722610473632812e+01
5.230522537231445312e+01
4.841782379150390625e+01
8.470874786376953125e+01
7.325846099853515625e+01
5.990271759033203125e+01
1.088116455078125000e+02
5.317227172851562500e+01
4.491006469726562500e+01
3.000000000000000000e+01
5.715513610839843750e+01
5.620446014404296875e+01
3.188030815124511719e+01
3.580642700195312500e+01
7.685987854003906250e+01
6.060378265380859375e+01
4.583932876586914062e+01
9.065211486816406250e+01
3.003083801269531250e+01
3.983970642089843750e+01
6.171204376220703125e+01
4.940345001220703125e+01
3.630495452880859375e+01
4.607236099243164062e+01
1.805575256347656250e+02
6.127642822265625000e+01
4.836445236206054688e+01
4.220292663574218750e+01
5.150230407714843750e+01
1.020278625488281250e+02
4.407918167114257812e+01
4.328855895996093750e+01
6.551678466796875000e+01
4.339332580566406250e+01
7.573897552490234375e+01
4.861918258666992188e+01
5.825752258300781250e+01
5.521582031250000000e+01
4.602542877197265625e+01
3.937364196777343750e+01
3.000000000000000000e+01
5.752120590209960938e+01
5.690782546997070312e+01
2.150280914306640625e+02
4.294569778442382812e+01
4.376801300048828125e+01
6.344040679931640625e+01
6.189184570312500000e+01
4.116833496093750000e+01
3.936125183105468750e+01
3.386604690551757812e+01
4.710039520263671875e+01
3.632998657226562500e+01
5.433314514160156250e+01
5.224577713012695312e+01
3.910675811767578125e+01
4.285419845581054688e+01
3.129968070983886719e+01
3.652305221557617188e+01
3.908038330078125000e+01
3.153290176391601562e+01
6.027159118652343750e+01
7.437165069580078125e+01
3.132769775390625000e+01
4.194372558593750000e+01
3.854245376586914062e+01
7.930753326416015625e+01
5.431707382202148438e+01
9.543628692626953125e+01
3.202675628662109375e+01
8.754314422607421875e+01
8.241770935058593750e+01
4.448765945434570312e+01
8.652440643310546875e+01
3.067060661315917969e+01
3.864641952514648438e+01
4.041608047485351562e+01
4.658826446533203125e+01
1.163415527343750000e+02
4.917302703857421875e+01
4.423818206787109375e+01
7.035563659667968750e+01
3.734187316894531250e+01
1.099802551269531250e+02
5.511079788208007812e+01
4.092405700683593750e+01
5.682601928710937500e+01
8.629653930664062500e+01
8.377650451660156250e+01
7.021618652343750000e+01
6.858055877685546875e+01
3.229439544677734375e+01
3.470893859863281250e+01
6.283371734619140625e+01
7.096127319335937500e+01
1.134243011474609375e+02
7.038259887695312500e+01
1.293402252197265625e+02
5.398894119262695312e+01
3.494419097900390625e+01
4.509456634521484375e+01
3.226018142700195312e+01
5.340378570556640625e+01
3.000000000000000000e+01
3.128099060058593750e+01
7.367358398437500000e+01
1.154006576538085938e+02
5.077911758422851562e+01
3.000000000000000000e+01
4.931436157226562500e+01
6.785701751708984375e+01
4.812947082519531250e+01
4.664419555664062500e+01
6.022632598876953125e+01
4.006197357177734375e+01
5.292123794555664062e+01
3.000000000000000000e+01
5.672091674804687500e+01
5.820195388793945312e+01
3.475241470336914062e+01
3.832292175292968750e+01
6.020043945312500000e+01
3.292840194702148438e+01
6.619350433349609375e+01
7.366707611083984375e+01
4.755058288574218750e+01
8.255443572998046875e+01
5.734687805175781250e+01
3.000000000000000000e+01
3.352923583984375000e+01
3.354417037963867188e+01
3.301533508300781250e+01
4.216405868530273438e+01
4.119439697265625000e+01
3.974140548706054688e+01
9.752530670166015625e+01
3.844022369384765625e+01
3.615159225463867188e+01
1.019247741699218750e+02
7.579048919677734375e+01
4.013070678710937500e+01
5.978062438964843750e+01
7.732146453857421875e+01
5.028314590454101562e+01
5.422355270385742188e+01
8.444171142578125000e+01
4.470083999633789062e+01
7.745404815673828125e+01
4.417366790771484375e+01
3.000000000000000000e+01
5.885544967651367188e+01
4.493145751953125000e+01
3.383509826660156250e+01
5.149494171142578125e+01
3.886571502685546875e+01
4.634741210937500000e+01
4.426861572265625000e+01
5.853561782836914062e+01
3.239575958251953125e+01
3.804663848876953125e+01
7.341641235351562500e+01
9.611483764648437500e+01
3.086698913574218750e+01
9.499176788330078125e+01
5.092932510375976562e+01
3.000000000000000000e+01
9.132992553710937500e+01
8.306539916992187500e+01
4.082499694824218750e+01
5.862856674194335938e+01
3.018571281433105469e+01
4.225185394287109375e+01
3.000000000000000000e+01
6.581804656982421875e+01
5.555221557617187500e+01
3.601870727539062500e+01
4.900099182128906250e+01
5.190457153320312500e+01
5.516114044189453125e+01
3.378561019897460938e+01
5.347903060913085938e+01
6.486980438232421875e+01
4.902749252319335938e+01
7.066841125488281250e+01
6.640915679931640625e+01
3.734423828125000000e+01
4.584384536743164062e+01
3.455900955200195312e+01
4.278243255615234375e+01
7.350785064697265625e+01
7.220616912841796875e+01
5.825752258300781250e+01
5.011614608764648438e+01
7.007054901123046875e+01
5.347903060913085938e+01
4.310404205322265625e+01
4.651231002807617188e+01
3.952991485595703125e+01
4.900753784179687500e+01
6.099151992797851562e+01
4.860881423950195312e+01
3.841950225830078125e+01
4.176565551757812500e+01
3.972348403930664062e+01
3.942175292968750000e+01
3.652833175659179688e+01
5.650888442993164062e+01
4.628791809082031250e+01
4.633570861816406250e+01
6.930997467041015625e+01
3.886484527587890625e+01
5.279874038696289062e+01
3.583486557006835938e+01
8.030200958251953125e+01
6.140708160400390625e+01
4.004207611083984375e+01
4.059043884277343750e+01
4.026350784301757812e+01
7.995413208007812500e+01
7.158097839355468750e+01
3.682872390747070312e+01
4.533061218261718750e+01
6.748311614990234375e+01
5.353634262084960938e+01
4.538063812255859375e+01
4.258801269531250000e+01
5.693012619018554688e+01
4.646842193603515625e+01
3.763774871826171875e+01
4.773559188842773438e+01
4.356812286376953125e+01
7.308851623535156250e+01
3.000000000000000000e+01
8.810945129394531250e+01
4.083065032958984375e+01
4.350588989257812500e+01
4.201754760742187500e+01
4.177437973022460938e+01
3.623314285278320312e+01
5.526639556884765625e+01
3.538722229003906250e+01
4.217764282226562500e+01
3.232637023925781250e+01
5.067771148681640625e+01
4.864160919189453125e+01
5.231927490234375000e+01
6.937329101562500000e+01
5.383637619018554688e+01
5.041069030761718750e+01
3.880315017700195312e+01
3.000000000000000000e+01
3.000000000000000000e+01
4.177437973022460938e+01
7.628106689453125000e+01
4.251869964599609375e+01
4.505971527099609375e+01
3.000000000000000000e+01
6.345757293701171875e+01
5.619162368774414062e+01
7.187784576416015625e+01
3.635860824584960938e+01
3.379574203491210938e+01
5.763001251220703125e+01
3.000000000000000000e+01
4.119154357910156250e+01
3.371031188964843750e+01
5.254042816162109375e+01
3.095679473876953125e+01
4.436222457885742188e+01
4.035004043579101562e+01
4.148443222045898438e+01
6.601437377929687500e+01
4.668769836425781250e+01
7.220616912841796875e+01
5.750776672363281250e+01
4.137114334106445312e+01
3.527705764770507812e+01
4.288389205932617188e+01
3.321763610839843750e+01
3.938413238525390625e+01
5.008501434326171875e+01
6.111668395996093750e+01
5.439315795898437500e+01
4.564599227905273438e+01
4.323108291625976562e+01
7.778479003906250000e+01
4.823575592041015625e+01
4.607931518554687500e+01
3.000000000000000000e+01
3.000000000000000000e+01
3.511866378784179688e+01
3.520015335083007812e+01
6.326271057128906250e+01
3.124854469299316406e+01
3.489632415771484375e+01
4.047558975219726562e+01
3.378486633300781250e+01
3.191914558410644531e+01
5.427774429321289062e+01
3.544983673095703125e+01
4.942470169067382812e+01
4.141506195068359375e+01
7.133789062500000000e+01
5.750776672363281250e+01
6.941192626953125000e+01
3.000000000000000000e+01
3.000000000000000000e+01
4.489667892456054688e+01
3.000000000000000000e+01
4.907905960083007812e+01
6.714372253417968750e+01
3.000000000000000000e+01
4.443936920166015625e+01
4.857998275756835938e+01
3.592011642456054688e+01
5.008709716796875000e+01
4.764595031738281250e+01
3.249161911010742188e+01
4.555241394042968750e+01
7.242435455322265625e+01
4.868929672241210938e+01
8.629653930664062500e+01
8.522605895996093750e+01
3.000000000000000000e+01
5.680776977539062500e+01
4.540399169921875000e+01
5.363384246826171875e+01
4.669783020019531250e+01
5.022447204589843750e+01
6.523355865478515625e+01
6.599752807617187500e+01
4.361509704589843750e+01
6.409737396240234375e+01
7.659352111816406250e+01
3.000000000000000000e+01
7.868759155273437500e+01
4.500166320800781250e+01
3.302034378051757812e+01
3.712456512451171875e+01
5.134587097167968750e+01
3.165952682495117188e+01
6.611607360839843750e+01
4.474388885498046875e+01
4.376801300048828125e+01
4.273734283447265625e+01
4.338055038452148438e+01
3.066853904724121094e+01
4.136832427978515625e+01
7.323155212402343750e+01
3.266521835327148438e+01
4.053280258178710938e+01
5.631076431274414062e+01
4.383665847778320312e+01
4.378680801391601562e+01
5.293864440917968750e+01
4.059043884277343750e+01
3.000000000000000000e+01
3.532002258300781250e+01
3.779904174804687500e+01
4.402429199218750000e+01
3.678639602661132812e+01
4.779730224609375000e+01
5.617251205444335938e+01
3.242901229858398438e+01
4.523610687255859375e+01
4.873338317871093750e+01
7.416755676269531250e+01
5.945484924316406250e+01
7.313146209716796875e+01
1.070230865478515625e+02
4.858854675292968750e+01
4.214452362060546875e+01
4.109754943847656250e+01
4.094936752319335938e+01
4.247042846679687500e+01
4.029265213012695312e+01
4.600990676879882812e+01
1.034244689941406250e+02
3.812708282470703125e+01
3.679594802856445312e+01
4.194633483886718750e+01
5.297438812255859375e+01
3.241251373291015625e+01
4.245734405517578125e+01
4.940345001220703125e+01
5.531289672851562500e+01
3.000000000000000000e+01
5.136784362792968750e+01
3.895590209960937500e+01
5.035907745361328125e+01
5.550502395629882812e+01
4.291235351562500000e+01
4.741057205200195312e+01
4.504756164550781250e+01
3.000000000000000000e+01
5.061844635009765625e+01
4.799478912353515625e+01
4.284848022460937500e+01
6.217792892456054688e+01
3.804261398315429688e+01
3.000000000000000000e+01
4.301187133789062500e+01
5.209379577636718750e+01
3.000000000000000000e+01
5.488144683837890625e+01
3.876717758178710938e+01
5.335546875000000000e+01
4.044530105590820312e+01
5.452714157104492188e+01
6.514591979980468750e+01
4.304680633544921875e+01
5.178945922851562500e+01
4.411052703857421875e+01
4.213687133789062500e+01
4.459363174438476562e+01
5.750633239746093750e+01
4.837266540527343750e+01
4.256528854370117188e+01
5.153585815429687500e+01
5.461238098144531250e+01
4.217391204833984375e+01
5.643076705932617188e+01
3.991294860839843750e+01
5.923772048950195312e+01
3.974984741210937500e+01
1.041795806884765625e+02
7.618523406982421875e+01
4.174767303466796875e+01
6.452008056640625000e+01
3.690229797363281250e+01
8.273147583007812500e+01
3.000000000000000000e+01
4.230943298339843750e+01
8.661800384521484375e+01
4.470932769775390625e+01
4.517723464965820312e+01
5.269124984741210938e+01
1.049442367553710938e+02
4.431338119506835938e+01
4.361078643798828125e+01
3.000000000000000000e+01
4.512227630615234375e+01
4.431852722167968750e+01
3.727812194824218750e+01
5.554576492309570312e+01
9.447111511230468750e+01
4.606095123291015625e+01
3.963398742675781250e+01
3.000000000000000000e+01
5.622983932495117188e+01
4.691329956054687500e+01
4.382221221923828125e+01
5.544428253173828125e+01
9.543628692626953125e+01
5.501142883300781250e+01
7.888410949707031250e+01
7.420949554443359375e+01
6.590203094482421875e+01
6.085662078857421875e+01
3.000000000000000000e+01
3.914124679565429688e+01
5.383459091186523438e+01
3.559513854980468750e+01
3.345837020874023438e+01
3.366458892822265625e+01
3.457174301147460938e+01
4.365171813964843750e+01
3.344539642333984375e+01
3.783338165283203125e+01
4.454966354370117188e+01
6.759083557128906250e+01
4.908600234985351562e+01
3.249384307861328125e+01
4.177182769775390625e+01
3.305742263793945312e+01
5.085021972656250000e+01
4.660771179199218750e+01
6.660014343261718750e+01
4.852415847778320312e+01
4.541940689086914062e+01
3.000000000000000000e+01
8.548142242431640625e+01
5.013384246826171875e+01
3.000000000000000000e+01
7.995413208007812500e+01
3.579708480834960938e+01
8.122312927246093750e+01
3.695259857177734375e+01
5.459171295166015625e+01
6.158362960815429688e+01
3.770542144775390625e+01
3.108141899108886719e+01
3.791974258422851562e+01
4.962756347656250000e+01
3.857524108886718750e+01
4.673621368408203125e+01
4.115824508666992188e+01
4.721652603149414062e+01
4.032279205322265625e+01
7.573897552490234375e+01
6.648266601562500000e+01
6.295165634155273438e+01
3.982548522949218750e+01
3.893285751342773438e+01
5.795986175537109375e+01
4.365171432495117188e+01
5.258426284790039062e+01
4.610682678222656250e+01
6.114786529541015625e+01
4.481715393066406250e+01
4.812603378295898438e+01
3.931796264648437500e+01
4.155455398559570312e+01
3.000000000000000000e+01
7.631653594970703125e+01
3.139993667602539062e+01
3.976326751708984375e+01
3.304750442504882812e+01
4.592425537109375000e+01
4.632655715942382812e+01
3.000000000000000000e+01
4.720396423339843750e+01
3.325179672241210938e+01
3.396868896484375000e+01
5.237244033813476562e+01
7.035563659667968750e+01
3.854838562011718750e+01
6.482620239257812500e+01
4.791569900512695312e+01
4.119673919677734375e+01
4.272119903564453125e+01
4.725196075439453125e+01
3.723748779296875000e+01
4.073250961303710938e+01
3.953435897827148438e+01
4.565974044799804688e+01
3.242980957031250000e+01
3.018438720703125000e+01
3.547774505615234375e+01
3.877875900268554688e+01
3.260400772094726562e+01
3.618040466308593750e+01
3.552573776245117188e+01
5.584991836547851562e+01
4.845777511596679688e+01
1.049442367553710938e+02
5.510895919799804688e+01
4.043915176391601562e+01
3.000000000000000000e+01
7.341004943847656250e+01
3.835158920288085938e+01
4.244340133666992188e+01
7.631653594970703125e+01
4.706023025512695312e+01
4.695054244995117188e+01
3.783657455444335938e+01
4.548049926757812500e+01
9.996781921386718750e+01
6.984928894042968750e+01
5.815274810791015625e+01
7.435353088378906250e+01
3.000000000000000000e+01
3.649336624145507812e+01
4.002665710449218750e+01
4.105302047729492188e+01
4.578607559204101562e+01
5.927584838867187500e+01
3.701000976562500000e+01
3.704528808593750000e+01
5.353150177001953125e+01
3.000000000000000000e+01
5.116476440429687500e+01
4.016698837280273438e+01
4.275690078735351562e+01
3.000000000000000000e+01
3.201128387451171875e+01
4.540399551391601562e+01
3.641338348388671875e+01
4.024194335937500000e+01
6.909854888916015625e+01
3.652791595458984375e+01
4.529980468750000000e+01
6.712145996093750000e+01
5.172596359252929688e+01
4.022910690307617188e+01
3.891260910034179688e+01
4.024234008789062500e+01
4.043879318237304688e+01
3.456103515625000000e+01
4.249536895751953125e+01
4.271825408935546875e+01
6.827088928222656250e+01
5.837052154541015625e+01
5.475202560424804688e+01
4.046342468261718750e+01
4.687065887451171875e+01
4.096417617797851562e+01
3.000000000000000000e+01
6.644410705566406250e+01
5.000742721557617188e+01
4.182002258300781250e+01
3.999897766113281250e+01
3.553181838989257812e+01
4.122195434570312500e+01
3.427111816406250000e+01
4.950071334838867188e+01
4.124707412719726562e+01
3.812708282470703125e+01
3.630495452880859375e+01
4.665378952026367188e+01
3.337009429931640625e+01
4.466378784179687500e+01
3.209712982177734375e+01
6.087465286254882812e+01
4.335514068603515625e+01
3.846841049194335938e+01
4.655971145629882812e+01
7.930753326416015625e+01
4.156528472900390625e+01
3.818161010742187500e+01
3.000000000000000000e+01
3.407045745849609375e+01
5.301002120971679688e+01
4.260272979736328125e+01
4.338391494750976562e+01
3.000000000000000000e+01
3.000000000000000000e+01
3.000000000000000000e+01
3.891965866088867188e+01
5.246218109130859375e+01
4.063164138793945312e+01
4.771818161010742188e+01
3.570388031005859375e+01
6.637834167480468750e+01
4.438847732543945312e+01
5.408308792114257812e+01
6.322853851318359375e+01
3.684349060058593750e+01
5.299637985229492188e+01
3.408550262451171875e+01
3.092327499389648438e+01
4.533739471435546875e+01
4.364636993408203125e+01
3.499951934814453125e+01
3.887389755249023438e+01
3.137119865417480469e+01
3.984775543212890625e+01
4.175875473022460938e+01
3.975368118286132812e+01
