4.615581130981445312e+01
5.247667312622070312e+01
4.718226242065429688e+01
3.921581268310546875e+01
5.711303329467773438e+01
7.996544647216796875e+01
3.000000000000000000e+01
1.094848175048828125e+02
4.580496215820312500e+01
1.069309997558593750e+02
4.760701370239257812e+01
1.319069671630859375e+02
4.743244171142578125e+01
3.869769287109375000e+01
3.000000000000000000e+01
7.444642639160156250e+01
5.954987335205078125e+01
4.292229080200195312e+01
4.200811767578125000e+01
1.196761474609375000e+02
3.851687622070312500e+01
7.586950683593750000e+01
3.000000000000000000e+01
5.480208969116210938e+01
5.739001464843750000e+01
7.171363830566406250e+01
4.410351562500000000e+01
6.258953857421875000e+01
1.682770996093750000e+02
7.423157501220703125e+01
7.022254180908203125e+01
4.724571228027343750e+01
4.307831192016601562e+01
1.287441711425781250e+02
9.951800537109375000e+01
6.532629394531250000e+01
6.710317993164062500e+01
5.344207000732421875e+01
4.631578826904296875e+01
8.307262420654296875e+01
3.000000000000000000e+01
3.313136672973632812e+01
5.042990875244140625e+01
5.488298797607421875e+01
3.537815856933593750e+01
3.000000000000000000e+01
5.548562622070312500e+01
6.331476593017578125e+01
1.219487152099609375e+02
5.887624359130859375e+01
4.350221252441406250e+01
3.880894470214843750e+01
5.172615051269531250e+01
4.108302307128906250e+01
8.232819366455078125e+01
4.561412429809570312e+01
8.236170196533203125e+01
4.311077117919921875e+01
6.010830307006835938e+01
5.703368759155273438e+01
5.765051269531250000e+01
7.094282531738281250e+01
3.819312286376953125e+01
5.818892288208007812e+01
8.651004028320312500e+01
4.683891677856445312e+01
4.618275451660156250e+01
3.191333770751953125e+01
4.514557647705078125e+01
6.541744995117187500e+01
6.098601531982421875e+01
3.847124481201171875e+01
1.578931274414062500e+02
5.550471115112304688e+01
7.001879882812500000e+01
6.834130096435546875e+01
5.261262130737304688e+01
5.278749465942382812e+01
4.549572753906250000e+01
7.242575073242187500e+01
3.765608978271484375e+01
5.954987335205078125e+01
5.413659667968750000e+01
7.511814880371093750e+01
6.860717773437500000e+01
4.744076919555664062e+01
3.950037384033203125e+01
4.353880310058593750e+01
4.743244171142578125e+01
4.732062530517578125e+01
4.598635864257812500e+01
4.396345138549804688e+01
8.487635040283203125e+01
4.979722595214843750e+01
1.095603103637695312e+02
1.046908187866210938e+02
5.751613616943359375e+01
4.648751831054687500e+01
8.712590026855468750e+01
4.610334396362304688e+01
8.176565551757812500e+01
6.527514648437500000e+01
1.340032196044921875e+02
4.660272216796875000e+01
4.610429382324218750e+01
6.748508453369140625e+01
3.000000000000000000e+01
6.683541870117187500e+01
4.632415008544921875e+01
5.194015502929687500e+01
4.154381561279296875e+01
4.463624954223632812e+01
6.339297485351562500e+01
7.713391113281250000e+01
4.316846466064453125e+01
3.835866546630859375e+01
9.551998138427734375e+01
5.005324554443359375e+01
5.775649642944335938e+01
4.629264068603515625e+01
4.127775573730468750e+01
5.331856536865234375e+01
4.174084854125976562e+01
4.432959747314453125e+01
4.180076599121093750e+01
5.071485137939453125e+01
6.879257965087890625e+01
6.547999572753906250e+01
4.068712997436523438e+01
5.695227813720703125e+01
5.548554611206054688e+01
8.920715332031250000e+01
6.737599182128906250e+01
6.436279296875000000e+01
6.323492050170898438e+01
5.749374008178710938e+01
8.636523437500000000e+01
4.121386337280273438e+01
3.799868011474609375e+01
6.648274230957031250e+01
4.524096679687500000e+01
8.598754119873046875e+01
6.373855209350585938e+01
6.076136398315429688e+01
7.505648040771484375e+01
4.619387817382812500e+01
8.360501098632812500e+01
9.544062805175781250e+01
6.486161804199218750e+01
1.439997863769531250e+02
6.497921752929687500e+01
7.050418090820312500e+01
4.815919113159179688e+01
8.488391113281250000e+01
4.924973297119140625e+01
9.333073425292968750e+01
4.549301147460937500e+01
1.103783569335937500e+02
4.272644424438476562e+01
7.080368804931640625e+01
3.752145385742187500e+01
6.614647674560546875e+01
5.308941650390625000e+01
4.214887237548828125e+01
7.320063781738281250e+01
4.380239105224609375e+01
6.605787658691406250e+01
5.297354888916015625e+01
3.894889831542968750e+01
1.413040924072265625e+02
6.565904998779296875e+01
4.953488159179687500e+01
4.103401565551757812e+01
3.000000000000000000e+01
5.445132446289062500e+01
8.037132263183593750e+01
5.004653930664062500e+01
4.376277923583984375e+01
5.955800628662109375e+01
5.540040588378906250e+01
4.937393188476562500e+01
6.446159362792968750e+01
7.222681427001953125e+01
5.683318328857421875e+01
4.109242248535156250e+01
5.856039428710937500e+01
3.000000000000000000e+01
7.686747741699218750e+01
5.315618896484375000e+01
4.808658599853515625e+01
5.184267425537109375e+01
6.747468566894531250e+01
4.579015731811523438e+01
3.607028961181640625e+01
6.312540435791015625e+01
3.357518005371093750e+01
6.484011840820312500e+01
7.912743377685546875e+01
1.066680145263671875e+02
7.079244995117187500e+01
6.706926727294921875e+01
8.205764007568359375e+01
6.849323272705078125e+01
3.081896018981933594e+01
4.942619705200195312e+01
4.848397827148437500e+01
6.779116058349609375e+01
9.616716003417968750e+01
1.554889526367187500e+02
3.722266387939453125e+01
5.031952285766601562e+01
8.231786346435546875e+01
4.528030395507812500e+01
4.472946929931640625e+01
3.581219100952148438e+01
3.894544982910156250e+01
6.754344177246093750e+01
5.362700271606445312e+01
5.190138244628906250e+01
4.008512878417968750e+01
3.615319061279296875e+01
6.381613159179687500e+01
8.635280609130859375e+01
4.226646041870117188e+01
3.513221740722656250e+01
3.217712020874023438e+01
5.176829910278320312e+01
7.537969970703125000e+01
5.198382568359375000e+01
7.177122497558593750e+01
3.851886367797851562e+01
4.555421829223632812e+01
4.788750457763671875e+01
6.866612243652343750e+01
5.070676422119140625e+01
6.761872863769531250e+01
4.630448532104492188e+01
4.317167663574218750e+01
5.814009857177734375e+01
5.851645278930664062e+01
5.194844055175781250e+01
1.204841003417968750e+02
6.490080261230468750e+01
7.094135284423828125e+01
8.542649841308593750e+01
4.688669586181640625e+01
5.804263305664062500e+01
1.179392089843750000e+02
1.728950500488281250e+02
4.029084777832031250e+01
5.643355178833007812e+01
3.528420257568359375e+01
5.351652526855468750e+01
9.550837707519531250e+01
4.362179565429687500e+01
7.141522216796875000e+01
5.500722503662109375e+01
3.662507629394531250e+01
3.756019973754882812e+01
1.419626770019531250e+02
4.782733154296875000e+01
6.394227600097656250e+01
5.364032745361328125e+01
3.897463226318359375e+01
1.385975646972656250e+02
5.992869949340820312e+01
1.212368850708007812e+02
7.461515808105468750e+01
5.894871520996093750e+01
6.899086761474609375e+01
5.384502410888671875e+01
4.512561035156250000e+01
7.094136047363281250e+01
6.832347106933593750e+01
9.937601470947265625e+01
3.000000000000000000e+01
6.036596679687500000e+01
6.577745819091796875e+01
8.644116210937500000e+01
8.959641265869140625e+01
6.557946777343750000e+01
6.540767669677734375e+01
6.450626373291015625e+01
3.816413116455078125e+01
6.417668914794921875e+01
3.558399581909179688e+01
5.641218566894531250e+01
5.483325958251953125e+01
4.635058593750000000e+01
4.318857955932617188e+01
4.055872344970703125e+01
6.151057434082031250e+01
3.000000000000000000e+01
7.952949523925781250e+01
3.027745056152343750e+01
3.469530105590820312e+01
5.326600265502929688e+01
5.292884445190429688e+01
4.799250030517578125e+01
6.832718658447265625e+01
7.875090026855468750e+01
3.000000000000000000e+01
3.190090942382812500e+01
6.830808258056640625e+01
6.256937789916992188e+01
4.456284713745117188e+01
7.879019927978515625e+01
7.372876739501953125e+01
6.623242950439453125e+01
7.722487640380859375e+01
1.050256347656250000e+02
4.380399322509765625e+01
7.294680786132812500e+01
7.591302490234375000e+01
9.095434570312500000e+01
4.319565200805664062e+01
3.574608612060546875e+01
1.092399597167968750e+02
6.193158721923828125e+01
8.712590026855468750e+01
4.522223281860351562e+01
4.460533905029296875e+01
4.159770965576171875e+01
4.466080093383789062e+01
3.801262664794921875e+01
3.745843124389648438e+01
3.511904907226562500e+01
3.788146972656250000e+01
1.578931274414062500e+02
3.356610870361328125e+01
7.429670715332031250e+01
4.274272537231445312e+01
6.145172882080078125e+01
4.436294937133789062e+01
4.843675231933593750e+01
4.870742034912109375e+01
8.296211242675781250e+01
5.766750335693359375e+01
3.000000000000000000e+01
3.842516326904296875e+01
5.252973175048828125e+01
8.860214233398437500e+01
3.461508941650390625e+01
6.623242950439453125e+01
4.221569061279296875e+01
5.590419006347656250e+01
1.036958923339843750e+02
4.436882019042968750e+01
4.596466064453125000e+01
7.575984954833984375e+01
1.272565917968750000e+02
1.507419586181640625e+02
6.609613037109375000e+01
7.094282531738281250e+01
4.832574462890625000e+01
8.368045043945312500e+01
4.894566345214843750e+01
3.145351791381835938e+01
9.746493530273437500e+01
5.769054794311523438e+01
8.547808837890625000e+01
1.110072708129882812e+02
6.887259674072265625e+01
7.016412353515625000e+01
7.971534729003906250e+01
3.442283630371093750e+01
6.804395294189453125e+01
1.098373565673828125e+02
4.402651977539062500e+01
5.406293869018554688e+01
6.203280258178710938e+01
4.095682525634765625e+01
9.537196350097656250e+01
1.053703918457031250e+02
6.164305114746093750e+01
8.701020812988281250e+01
6.710639190673828125e+01
7.423157501220703125e+01
8.632126617431640625e+01
6.697955322265625000e+01
4.418947601318359375e+01
3.408334732055664062e+01
3.957980346679687500e+01
6.118644714355468750e+01
5.432460021972656250e+01
6.490080261230468750e+01
4.659093475341796875e+01
4.325933074951171875e+01
3.000000000000000000e+01
2.274035949707031250e+02
4.576327133178710938e+01
5.153183364868164062e+01
3.975792694091796875e+01
3.000000000000000000e+01
4.722842407226562500e+01
5.326060104370117188e+01
6.590857696533203125e+01
8.864353179931640625e+01
7.384634399414062500e+01
4.206028747558593750e+01
4.943287277221679688e+01
4.787611007690429688e+01
1.485779113769531250e+02
4.675557708740234375e+01
3.678353118896484375e+01
7.775588989257812500e+01
4.959962463378906250e+01
6.162045669555664062e+01
8.811544799804687500e+01
1.147546920776367188e+02
7.233340454101562500e+01
7.523319244384765625e+01
5.524268341064453125e+01
5.661160659790039062e+01
7.040459442138671875e+01
4.328022384643554688e+01
9.000558471679687500e+01
9.150894165039062500e+01
4.222007751464843750e+01
4.155932617187500000e+01
7.547529602050781250e+01
3.000000000000000000e+01
3.913992691040039062e+01
1.196980895996093750e+02
7.287336730957031250e+01
5.984283447265625000e+01
5.809561538696289062e+01
4.770711517333984375e+01
6.421215820312500000e+01
8.571782684326171875e+01
4.350545120239257812e+01
7.429670715332031250e+01
1.889879150390625000e+02
4.466080093383789062e+01
1.096443634033203125e+02
4.900935363769531250e+01
6.200910949707031250e+01
7.532476806640625000e+01
6.258953857421875000e+01
4.303005599975585938e+01
6.188768768310546875e+01
3.182872581481933594e+01
5.808949279785156250e+01
4.910054397583007812e+01
5.237868118286132812e+01
3.656267929077148438e+01
6.048640441894531250e+01
5.835907745361328125e+01
1.724473876953125000e+02
7.812208557128906250e+01
4.351331329345703125e+01
4.815919113159179688e+01
4.921451950073242188e+01
5.071949005126953125e+01
7.350494384765625000e+01
3.000000000000000000e+01
7.932524871826171875e+01
7.383617401123046875e+01
4.334901428222656250e+01
1.027473602294921875e+02
8.508591461181640625e+01
5.770326614379882812e+01
4.933122253417968750e+01
5.037637329101562500e+01
4.014482498168945312e+01
1.687487487792968750e+02
3.983763885498046875e+01
4.693946838378906250e+01
4.347308731079101562e+01
3.920911407470703125e+01
1.067633056640625000e+02
4.356447601318359375e+01
4.422179794311523438e+01
1.248291625976562500e+02
6.256937789916992188e+01
7.913655090332031250e+01
6.640234375000000000e+01
5.313177871704101562e+01
5.430568695068359375e+01
7.360965728759765625e+01
7.387428283691406250e+01
6.954135894775390625e+01
7.863710021972656250e+01
4.162286376953125000e+01
4.841265869140625000e+01
7.509494018554687500e+01
5.894215011596679688e+01
4.472946929931640625e+01
6.424904632568359375e+01
8.710706329345703125e+01
6.082381820678710938e+01
5.237399673461914062e+01
4.907867813110351562e+01
3.584066390991210938e+01
4.380748367309570312e+01
3.000000000000000000e+01
4.467807769775390625e+01
3.000000000000000000e+01
6.156980895996093750e+01
4.834735488891601562e+01
5.252832794189453125e+01
4.248814773559570312e+01
7.596804809570312500e+01
5.242655181884765625e+01
4.315429306030273438e+01
4.037716293334960938e+01
5.304368209838867188e+01
4.698501968383789062e+01
3.734790420532226562e+01
3.691011810302734375e+01
7.424694824218750000e+01
3.415898895263671875e+01
5.724603271484375000e+01
3.459582138061523438e+01
5.622093963623046875e+01
4.473473358154296875e+01
3.000000000000000000e+01
9.851329040527343750e+01
4.511639022827148438e+01
6.131296539306640625e+01
7.370006561279296875e+01
3.678353118896484375e+01
5.699354553222656250e+01
6.164768600463867188e+01
4.684251022338867188e+01
1.079455947875976562e+02
5.139476013183593750e+01
1.353929138183593750e+02
8.678941345214843750e+01
3.922790527343750000e+01
4.136940002441406250e+01
8.335958862304687500e+01
6.041733169555664062e+01
6.475224304199218750e+01
5.364032745361328125e+01
1.788744049072265625e+02
4.461173629760742188e+01
7.995267486572265625e+01
5.425672912597656250e+01
5.369288635253906250e+01
5.220194625854492188e+01
8.681375122070312500e+01
3.731591415405273438e+01
7.089940643310546875e+01
5.091629028320312500e+01
3.645492935180664062e+01
4.943630981445312500e+01
3.547589111328125000e+01
4.776314544677734375e+01
4.106738662719726562e+01
3.534395217895507812e+01
3.488037490844726562e+01
3.453273391723632812e+01
4.146000289916992188e+01
5.653562164306640625e+01
4.623315429687500000e+01
4.933671569824218750e+01
6.683541870117187500e+01
6.749504852294921875e+01
1.554889526367187500e+02
6.300119781494140625e+01
8.456555175781250000e+01
6.417886352539062500e+01
1.037410583496093750e+02
3.656028747558593750e+01
4.182191848754882812e+01
6.284250640869140625e+01
5.187911987304687500e+01
4.554137039184570312e+01
8.272462463378906250e+01
6.470516967773437500e+01
6.890603637695312500e+01
4.316846466064453125e+01
4.113302230834960938e+01
5.497824096679687500e+01
9.259720611572265625e+01
4.619584274291992188e+01
4.980821990966796875e+01
4.073770141601562500e+01
3.685736465454101562e+01
8.195482635498046875e+01
4.598635864257812500e+01
4.549690246582031250e+01
3.954708862304687500e+01
4.491789245605468750e+01
8.116637420654296875e+01
1.142216873168945312e+02
3.588629531860351562e+01
3.980570602416992188e+01
5.017791748046875000e+01
8.864352416992187500e+01
6.942496490478515625e+01
5.356787109375000000e+01
4.779709243774414062e+01
7.417950439453125000e+01
4.906396484375000000e+01
4.807140350341796875e+01
6.211106109619140625e+01
5.809675979614257812e+01
3.710726547241210938e+01
7.329248046875000000e+01
5.832014083862304688e+01
7.018636322021484375e+01
6.254039001464843750e+01
3.979606628417968750e+01
4.016621398925781250e+01
5.592848205566406250e+01
6.965396881103515625e+01
4.900885391235351562e+01
5.786612701416015625e+01
4.955395126342773438e+01
3.322444152832031250e+01
5.985740661621093750e+01
4.923426818847656250e+01
4.259142684936523438e+01
4.476076507568359375e+01
6.464674377441406250e+01
5.835907745361328125e+01
5.892553710937500000e+01
5.751602172851562500e+01
3.424036788940429688e+01
5.926919937133789062e+01
1.123818130493164062e+02
5.494880294799804688e+01
5.588050460815429688e+01
1.037410583496093750e+02
6.609613037109375000e+01
6.241864013671875000e+01
8.710706329345703125e+01
4.489036941528320312e+01
3.714810562133789062e+01
7.240649414062500000e+01
3.256600570678710938e+01
3.923314666748046875e+01
1.543946838378906250e+02
4.644361877441406250e+01
3.016941833496093750e+01
3.971378707885742188e+01
1.080488586425781250e+02
8.625820922851562500e+01
4.825992965698242188e+01
1.025133514404296875e+02
4.093526458740234375e+01
1.090649490356445312e+02
7.578601074218750000e+01
1.101601028442382812e+02
5.063820648193359375e+01
4.271334457397460938e+01
9.485849761962890625e+01
7.413265228271484375e+01
7.123725128173828125e+01
5.766750335693359375e+01
4.320626831054687500e+01
3.000000000000000000e+01
4.880984497070312500e+01
5.538729095458984375e+01
4.596295928955078125e+01
3.865929412841796875e+01
7.601222229003906250e+01
7.548069763183593750e+01
4.238200378417968750e+01
3.000000000000000000e+01
5.362004470825195312e+01
4.673220062255859375e+01
4.808319854736328125e+01
1.254946289062500000e+02
5.877458953857421875e+01
7.332559204101562500e+01
5.227072906494140625e+01
4.794873809814453125e+01
3.767350006103515625e+01
8.598754119873046875e+01
6.831904602050781250e+01
6.592041778564453125e+01
7.030716705322265625e+01
6.060028076171875000e+01
4.038620758056640625e+01
4.037776184082031250e+01
3.819889068603515625e+01
6.072669601440429688e+01
5.814894866943359375e+01
1.687487487792968750e+02
5.105829620361328125e+01
5.414306640625000000e+01
7.605239868164062500e+01
8.655700683593750000e+01
4.487324142456054688e+01
5.210559082031250000e+01
4.989255905151367188e+01
6.104346466064453125e+01
7.132984924316406250e+01
4.126925277709960938e+01
4.912594604492187500e+01
5.988869476318359375e+01
7.843651580810546875e+01
5.298684692382812500e+01
1.353929138183593750e+02
6.216257858276367188e+01
3.605456542968750000e+01
5.231271743774414062e+01
5.626879501342773438e+01
1.473390502929687500e+02
8.702404785156250000e+01
5.492438125610351562e+01
7.733332824707031250e+01
3.000000000000000000e+01
3.522136688232421875e+01
9.249142456054687500e+01
3.495766067504882812e+01
3.850470733642578125e+01
6.853027343750000000e+01
7.929127502441406250e+01
5.500477600097656250e+01
1.075855407714843750e+02
4.134327697753906250e+01
4.912052917480468750e+01
6.193158721923828125e+01
9.158184051513671875e+01
6.207317352294921875e+01
4.460337448120117188e+01
4.276067733764648438e+01
4.269219207763671875e+01
4.117907333374023438e+01
4.675557708740234375e+01
4.104811096191406250e+01
6.181225967407226562e+01
7.287336730957031250e+01
3.533593750000000000e+01
4.055793762207031250e+01
4.526746368408203125e+01
5.153183364868164062e+01
3.659015655517578125e+01
8.790773010253906250e+01
3.000000000000000000e+01
6.233724212646484375e+01
7.856079864501953125e+01
4.517200088500976562e+01
3.381317138671875000e+01
4.446104431152343750e+01
7.080368804931640625e+01
7.979169464111328125e+01
5.091392517089843750e+01
6.622618103027343750e+01
5.858135986328125000e+01
6.956736755371093750e+01
5.493997955322265625e+01
4.420809936523437500e+01
5.391091918945312500e+01
6.731250000000000000e+01
5.430568695068359375e+01
6.297800445556640625e+01
4.759322738647460938e+01
6.032090759277343750e+01
5.253490447998046875e+01
5.576309967041015625e+01
5.059149169921875000e+01
4.799250030517578125e+01
5.239540863037109375e+01
4.400525665283203125e+01
6.743707275390625000e+01
6.252198028564453125e+01
4.245482635498046875e+01
7.979641723632812500e+01
4.183000946044921875e+01
5.851645660400390625e+01
7.072212219238281250e+01
5.293861007690429688e+01
5.578500366210937500e+01
6.140002441406250000e+01
6.394936370849609375e+01
4.325485992431640625e+01
7.167486572265625000e+01
5.095021057128906250e+01
5.129552841186523438e+01
6.612280273437500000e+01
1.196761398315429688e+02
1.380760192871093750e+02
5.424858474731445312e+01
3.551477050781250000e+01
4.045232772827148438e+01
6.699763488769531250e+01
7.812209320068359375e+01
7.695924377441406250e+01
6.371039199829101562e+01
9.665295410156250000e+01
5.362004470825195312e+01
5.069038391113281250e+01
3.450374221801757812e+01
5.226113510131835938e+01
5.873712539672851562e+01
4.077966690063476562e+01
4.786048889160156250e+01
7.957699584960937500e+01
5.256797027587890625e+01
4.897389602661132812e+01
9.152643585205078125e+01
5.219458389282226562e+01
5.300153350830078125e+01
6.541744995117187500e+01
5.477497100830078125e+01
4.320251464843750000e+01
4.460337829589843750e+01
1.921907806396484375e+02
7.704254150390625000e+01
4.326599121093750000e+01
4.923763275146484375e+01
4.995864486694335938e+01
1.089690093994140625e+02
3.853916931152343750e+01
4.163179397583007812e+01
6.353350067138671875e+01
3.865929412841796875e+01
6.263442611694335938e+01
4.660473251342773438e+01
5.295895004272460938e+01
4.790466308593750000e+01
6.637865447998046875e+01
6.009313964843750000e+01
5.190873718261718750e+01
5.911743545532226562e+01
7.074466705322265625e+01
1.907796936035156250e+02
5.641111373901367188e+01
5.109381103515625000e+01
6.618022155761718750e+01
5.794707107543945312e+01
4.482647705078125000e+01
8.017950439453125000e+01
5.866947555541992188e+01
5.333091735839843750e+01
4.692733764648437500e+01
7.538182830810546875e+01
6.507286834716796875e+01
4.208763885498046875e+01
4.886390686035156250e+01
5.999079895019531250e+01
3.922790527343750000e+01
4.497354507446289062e+01
3.630858993530273438e+01
5.901114273071289062e+01
5.636028289794921875e+01
3.299530029296875000e+01
4.747092437744140625e+01
5.326600265502929688e+01
7.015100097656250000e+01
8.167884063720703125e+01
8.612886047363281250e+01
4.991116333007812500e+01
6.954135894775390625e+01
7.578523254394531250e+01
4.206756973266601562e+01
6.612280273437500000e+01
4.371751785278320312e+01
4.570878982543945312e+01
4.018756484985351562e+01
4.256493377685546875e+01
1.083854904174804688e+02
6.080805587768554688e+01
3.913031387329101562e+01
6.486408233642578125e+01
3.604558563232421875e+01
1.038643722534179688e+02
6.010591125488281250e+01
4.789677429199218750e+01
5.121361923217773438e+01
8.614084625244140625e+01
7.450602722167968750e+01
7.594383239746093750e+01
4.837160491943359375e+01
4.311862945556640625e+01
4.433473205566406250e+01
5.623812866210937500e+01
6.183048248291015625e+01
1.240376129150390625e+02
8.239559936523437500e+01
1.206150360107421875e+02
5.482494354248046875e+01
4.484905242919921875e+01
5.803511047363281250e+01
4.053909683227539062e+01
4.554254150390625000e+01
3.000000000000000000e+01
3.031955337524414062e+01
6.712451171875000000e+01
1.099078979492187500e+02
5.258158111572265625e+01
3.000000000000000000e+01
5.720612716674804688e+01
5.246999359130859375e+01
4.278317642211914062e+01
4.446131134033203125e+01
5.814894866943359375e+01
4.678926086425781250e+01
7.493486022949218750e+01
3.522136688232421875e+01
5.067632293701171875e+01
5.432219696044921875e+01
3.000000000000000000e+01
5.472141647338867188e+01
4.282623291015625000e+01
5.107543182373046875e+01
6.024168395996093750e+01
8.284449005126953125e+01
5.176702880859375000e+01
8.542649841308593750e+01
4.831008529663085938e+01
3.399199295043945312e+01
5.638131332397460938e+01
4.214297485351562500e+01
3.962254333496093750e+01
4.829095840454101562e+01
4.364216613769531250e+01
4.672911071777343750e+01
9.026703643798828125e+01
4.206028747558593750e+01
3.530931091308593750e+01
1.724473876953125000e+02
8.420804595947265625e+01
4.486284637451171875e+01
5.770198822021484375e+01
7.185887908935546875e+01
4.248814773559570312e+01
5.491733551025390625e+01
9.659622192382812500e+01
4.259083175659179688e+01
6.595434570312500000e+01
4.549572753906250000e+01
3.562563323974609375e+01
4.732062530517578125e+01
7.181254577636718750e+01
5.335905456542968750e+01
5.155804061889648438e+01
4.688894271850585938e+01
5.509858703613281250e+01
4.493214797973632812e+01
5.769054794311523438e+01
3.640692901611328125e+01
3.927451324462890625e+01
6.214176559448242188e+01
7.586737060546875000e+01
3.916680908203125000e+01
8.757664489746093750e+01
4.388605499267578125e+01
4.278786849975585938e+01
7.221650695800781250e+01
7.419488525390625000e+01
4.027584838867187500e+01
5.097095108032226562e+01
3.640493774414062500e+01
4.646727752685546875e+01
5.066201782226562500e+01
9.497316741943359375e+01
4.904881286621093750e+01
4.110956192016601562e+01
6.640234375000000000e+01
5.140956878662109375e+01
5.283541107177734375e+01
3.305631256103515625e+01
4.368749237060546875e+01
4.830576705932617188e+01
4.629264450073242188e+01
6.868979644775390625e+01
7.390228271484375000e+01
3.989409255981445312e+01
4.453620147705078125e+01
3.803398895263671875e+01
5.378949356079101562e+01
6.879257965087890625e+01
7.905747222900390625e+01
5.295895004272460938e+01
6.002272796630859375e+01
6.239131164550781250e+01
4.368749237060546875e+01
4.886384582519531250e+01
5.058605957031250000e+01
3.000000000000000000e+01
4.250488662719726562e+01
5.717960357666015625e+01
6.469446563720703125e+01
3.683837890625000000e+01
4.782733154296875000e+01
5.091809082031250000e+01
8.436273956298828125e+01
3.787499618530273438e+01
5.972510528564453125e+01
3.650205230712890625e+01
4.164207839965820312e+01
5.888929748535156250e+01
4.106414413452148438e+01
6.375412750244140625e+01
3.403217697143554688e+01
6.271250915527343750e+01
6.256915283203125000e+01
5.493487167358398438e+01
5.175794219970703125e+01
4.186931228637695312e+01
6.963237762451171875e+01
6.475379943847656250e+01
4.292221832275390625e+01
4.330928421020507812e+01
5.550936126708984375e+01
6.840431213378906250e+01
6.706927490234375000e+01
3.663839721679687500e+01
8.576815795898437500e+01
4.085122680664062500e+01
4.326451110839843750e+01
4.651947784423828125e+01
4.060618591308593750e+01
6.037370300292968750e+01
3.745512008666992188e+01
7.532476806640625000e+01
5.730867385864257812e+01
5.031952285766601562e+01
4.072973632812500000e+01
5.589360427856445312e+01
5.876345062255859375e+01
6.468778991699218750e+01
3.551477050781250000e+01
4.161673736572265625e+01
3.544168090820312500e+01
4.414762878417968750e+01
7.712030029296875000e+01
5.344207000732421875e+01
6.605819702148437500e+01
6.716375732421875000e+01
5.201552963256835938e+01
4.625996017456054688e+01
5.161927795410156250e+01
3.000000000000000000e+01
5.589360427856445312e+01
6.394936370849609375e+01
4.901570892333984375e+01
5.454154205322265625e+01
4.044845581054687500e+01
8.486785888671875000e+01
5.741405868530273438e+01
7.064022827148437500e+01
6.139409637451171875e+01
3.264773559570312500e+01
6.857829284667968750e+01
3.195478820800781250e+01
6.754801940917968750e+01
3.398970413208007812e+01
4.531856155395507812e+01
4.753647994995117188e+01
3.000000000000000000e+01
4.556498718261718750e+01
4.028240203857421875e+01
7.383238983154296875e+01
4.808504486083984375e+01
7.905747222900390625e+01
4.852093887329101562e+01
3.906428909301757812e+01
3.633744430541992188e+01
4.495207595825195312e+01
4.023088073730468750e+01
4.297422027587890625e+01
5.963122558593750000e+01
6.590857696533203125e+01
4.684251022338867188e+01
4.002148437500000000e+01
4.285120010375976562e+01
7.265026092529296875e+01
4.819871520996093750e+01
3.713954544067382812e+01
5.013314056396484375e+01
3.963632202148437500e+01
4.669747543334960938e+01
4.759322738647460938e+01
4.179167175292968750e+01
4.156492996215820312e+01
3.892085266113281250e+01
4.730987167358398438e+01
3.960865020751953125e+01
3.531385040283203125e+01
4.535603713989257812e+01
3.562149047851562500e+01
5.813842773437500000e+01
5.240116119384765625e+01
6.648274230957031250e+01
4.852093505859375000e+01
6.904241943359375000e+01
3.376470184326171875e+01
5.141441345214843750e+01
5.272049713134765625e+01
3.145322799682617188e+01
4.411845397949218750e+01
6.901062774658203125e+01
3.000000000000000000e+01
5.995420837402343750e+01
4.938611984252929688e+01
4.136940002441406250e+01
3.856507873535156250e+01
7.384634399414062500e+01
3.000000000000000000e+01
4.228550720214843750e+01
5.867108917236328125e+01
4.519440078735351562e+01
8.614084625244140625e+01
7.678826141357421875e+01
3.000000000000000000e+01
7.380634307861328125e+01
9.494261169433593750e+01
4.303005599975585938e+01
5.039485931396484375e+01
5.718271636962890625e+01
6.761872863769531250e+01
8.811544799804687500e+01
5.016269683837890625e+01
5.676569366455078125e+01
7.401615905761718750e+01
4.558196258544921875e+01
8.578776550292968750e+01
3.992374801635742188e+01
4.089381408691406250e+01
3.745602416992187500e+01
5.065441131591796875e+01
4.285567855834960938e+01
7.824526977539062500e+01
5.303243637084960938e+01
5.109381103515625000e+01
3.904965972900390625e+01
5.226371002197265625e+01
3.305825042724609375e+01
5.182759094238281250e+01
7.673262023925781250e+01
5.507741928100585938e+01
4.167798614501953125e+01
5.998911285400390625e+01
4.929338836669921875e+01
4.153962707519531250e+01
4.989162445068359375e+01
5.175794219970703125e+01
3.879478073120117188e+01
3.787969589233398438e+01
4.360720825195312500e+01
4.564260482788085938e+01
3.165061950683593750e+01
4.917520141601562500e+01
5.988869476318359375e+01
4.470404052734375000e+01
4.106738662719726562e+01
4.660147857666015625e+01
6.983079528808593750e+01
5.742892456054687500e+01
7.937873840332031250e+01
9.531953430175781250e+01
4.806993865966796875e+01
4.953487777709960938e+01
4.903541564941406250e+01
5.391564178466796875e+01
3.000000000000000000e+01
4.156626129150390625e+01
6.602297973632812500e+01
7.030716705322265625e+01
4.773096084594726562e+01
3.900449371337890625e+01
4.581076812744140625e+01
5.039530944824218750e+01
3.128989982604980469e+01
5.220194625854492188e+01
5.477497100830078125e+01
4.916239929199218750e+01
3.000000000000000000e+01
6.354984283447265625e+01
3.517335128784179688e+01
6.514196777343750000e+01
5.985740661621093750e+01
4.938449859619140625e+01
4.618212509155273438e+01
3.897971343994140625e+01
3.359276580810546875e+01
6.789577484130859375e+01
5.234410858154296875e+01
4.323731613159179688e+01
5.298684692382812500e+01
4.128020477294921875e+01
4.370119094848632812e+01
4.487323760986328125e+01
4.113409423828125000e+01
3.081896018981933594e+01
7.819854736328125000e+01
5.721518707275390625e+01
5.866075134277343750e+01
3.860148239135742188e+01
4.059328460693359375e+01
6.953206634521484375e+01
5.964054870605468750e+01
5.888251495361328125e+01
4.135795974731445312e+01
4.480558395385742188e+01
5.101865386962890625e+01
4.842784881591796875e+01
3.656028747558593750e+01
4.336204528808593750e+01
4.296342468261718750e+01
6.154568481445312500e+01
4.651691436767578125e+01
4.821465682983398438e+01
4.821967315673828125e+01
7.445248413085937500e+01
4.121726989746093750e+01
7.535313415527343750e+01
8.130644989013671875e+01
5.528136825561523438e+01
4.050252914428710938e+01
4.930416107177734375e+01
8.581816101074218750e+01
6.993725585937500000e+01
3.523963928222656250e+01
6.868668365478515625e+01
4.411340332031250000e+01
4.084268569946289062e+01
5.405588531494140625e+01
7.096224212646484375e+01
5.052972412109375000e+01
6.050101470947265625e+01
3.931901550292968750e+01
5.824448013305664062e+01
4.017673492431640625e+01
4.095788574218750000e+01
5.188119506835937500e+01
9.874325561523437500e+01
5.401789855957031250e+01
3.490605163574218750e+01
3.000000000000000000e+01
5.776954650878906250e+01
4.894631576538085938e+01
5.410936355590820312e+01
4.761629486083984375e+01
8.612886047363281250e+01
4.725322723388671875e+01
5.754605102539062500e+01
7.787810516357421875e+01
6.494099426269531250e+01
6.179366302490234375e+01
3.000000000000000000e+01
3.692726898193359375e+01
5.346886444091796875e+01
3.885708618164062500e+01
4.271259689331054688e+01
3.299347305297851562e+01
3.684062576293945312e+01
3.646315002441406250e+01
3.174786376953125000e+01
3.301152801513671875e+01
4.366571807861328125e+01
7.109986877441406250e+01
4.486894607543945312e+01
3.673126602172851562e+01
4.547141265869140625e+01
3.500161743164062500e+01
3.000000000000000000e+01
5.013071060180664062e+01
6.373855209350585938e+01
4.047959518432617188e+01
3.869769287109375000e+01
3.000000000000000000e+01
4.841265869140625000e+01
6.516397094726562500e+01
3.094115066528320312e+01
6.963237762451171875e+01
4.621228027343750000e+01
7.004415130615234375e+01
4.791855621337890625e+01
4.688473510742187500e+01
6.247764587402343750e+01
4.721307373046875000e+01
3.000000000000000000e+01
4.773809051513671875e+01
5.509321975708007812e+01
5.661161041259765625e+01
3.739521026611328125e+01
4.270300292968750000e+01
6.547660827636718750e+01
4.507154846191406250e+01
6.263442611694335938e+01
6.340316772460937500e+01
7.372876739501953125e+01
6.036809158325195312e+01
4.843197631835937500e+01
5.182846832275390625e+01
3.646315002441406250e+01
4.973185348510742188e+01
4.138592910766601562e+01
5.641816329956054688e+01
6.241359329223632812e+01
4.386469650268554688e+01
4.717517089843750000e+01
4.037751388549804688e+01
4.967222976684570312e+01
7.398872375488281250e+01
3.530677413940429688e+01
4.647994232177734375e+01
4.293471527099609375e+01
4.126353454589843750e+01
5.061455154418945312e+01
3.420153808593750000e+01
5.590419006347656250e+01
4.735411834716796875e+01
3.685379028320312500e+01
5.683318328857421875e+01
6.486408233642578125e+01
3.000000000000000000e+01
4.570106506347656250e+01
4.650127410888671875e+01
4.026187896728515625e+01
4.117454910278320312e+01
5.366903686523437500e+01
4.607986831665039062e+01
4.285185241699218750e+01
4.116715621948242188e+01
4.790596771240234375e+01
5.254146575927734375e+01
4.770254135131835938e+01
4.889216613769531250e+01
3.533951950073242188e+01
3.797393035888671875e+01
4.475452423095703125e+01
3.648603057861328125e+01
4.539817428588867188e+01
5.103275299072265625e+01
7.096223449707031250e+01
3.985664367675781250e+01
3.407668685913085938e+01
3.320258712768554688e+01
8.081636047363281250e+01
5.369288635253906250e+01
4.101250457763671875e+01
7.398872375488281250e+01
5.930867004394531250e+01
4.773992919921875000e+01
3.487649536132812500e+01
4.834735488891601562e+01
9.985108947753906250e+01
8.343961334228515625e+01
5.058997344970703125e+01
7.896703338623046875e+01
4.660272216796875000e+01
3.000000000000000000e+01
9.288752746582031250e+01
3.919332504272460938e+01
4.917494964599609375e+01
5.771155548095703125e+01
3.178579330444335938e+01
3.264847183227539062e+01
6.571518707275390625e+01
3.543022918701171875e+01
4.744084167480468750e+01
6.239597320556640625e+01
4.853133392333984375e+01
3.269741439819335938e+01
5.588050842285156250e+01
9.494260406494140625e+01
4.311923980712890625e+01
3.862923049926757812e+01
8.659577941894531250e+01
4.486800765991210938e+01
3.000000000000000000e+01
7.116198730468750000e+01
5.004901123046875000e+01
4.225395965576171875e+01
3.587262725830078125e+01
5.188584136962890625e+01
4.783934020996093750e+01
3.961692047119140625e+01
4.223625183105468750e+01
4.719275283813476562e+01
5.465065383911132812e+01
5.377870559692382812e+01
4.569638061523437500e+01
4.301833343505859375e+01
5.072540283203125000e+01
4.648505020141601562e+01
3.285342407226562500e+01
6.053925704956054688e+01
4.669127273559570312e+01
4.687655639648437500e+01
3.748983001708984375e+01
3.000000000000000000e+01
3.000000000000000000e+01
3.208436584472656250e+01
4.985709381103515625e+01
4.233893966674804688e+01
4.773096084594726562e+01
4.320251464843750000e+01
4.326428985595703125e+01
5.606082153320312500e+01
5.068543243408203125e+01
5.735426330566406250e+01
8.120220947265625000e+01
5.917317962646484375e+01
5.128255081176757812e+01
3.986405563354492188e+01
7.015100097656250000e+01
5.162715530395507812e+01
3.443543243408203125e+01
3.000000000000000000e+01
5.609517669677734375e+01
6.806051635742187500e+01
3.925608062744140625e+01
4.656403350830078125e+01
3.000000000000000000e+01
4.040176391601562500e+01
4.787726593017578125e+01
3.772787857055664062e+01
5.115903854370117188e+01
4.531319427490234375e+01
6.163210678100585938e+01
4.088521194458007812e+01
5.836587905883789062e+01
4.299106597900390625e+01
3.570525360107421875e+01
6.816783905029296875e+01
3.278798294067382812e+01
4.687806320190429688e+01
3.000000000000000000e+01
3.000000000000000000e+01
4.369758987426757812e+01
4.461032104492187500e+01
3.350436401367187500e+01
4.875209808349609375e+01
3.211433029174804688e+01
3.423487854003906250e+01
4.456344604492187500e+01
3.854006576538085938e+01
