5.008704376220703125e+01
5.448460006713867188e+01
4.068281936645507812e+01
3.805690383911132812e+01
6.447126770019531250e+01
8.125948333740234375e+01
3.000000000000000000e+01
7.952182006835937500e+01
5.102252578735351562e+01
1.162063827514648438e+02
4.823096466064453125e+01
1.499409179687500000e+02
5.189978027343750000e+01
4.201918792724609375e+01
3.000000000000000000e+01
6.974653625488281250e+01
6.662193298339843750e+01
4.335853576660156250e+01
4.269066619873046875e+01
1.311995086669921875e+02
3.830662536621093750e+01
8.301782226562500000e+01
3.911137008666992188e+01
3.720771026611328125e+01
5.229405975341796875e+01
6.891114807128906250e+01
3.358521270751953125e+01
7.184223175048828125e+01
1.884331359863281250e+02
7.369917297363281250e+01
6.434599304199218750e+01
5.131140899658203125e+01
5.471116256713867188e+01
1.388898315429687500e+02
7.249092102050781250e+01
6.701562500000000000e+01
6.695038604736328125e+01
5.541923522949218750e+01
4.685082626342773438e+01
6.109151458740234375e+01
3.372747421264648438e+01
3.716310882568359375e+01
4.850257492065429688e+01
5.096077728271484375e+01
3.000000000000000000e+01
3.000000000000000000e+01
5.094734191894531250e+01
6.293805694580078125e+01
1.212014083862304688e+02
6.523345947265625000e+01
4.427027511596679688e+01
3.274124145507812500e+01
5.719640350341796875e+01
4.535567474365234375e+01
9.304577636718750000e+01
4.874520492553710938e+01
8.826108551025390625e+01
4.497962951660156250e+01
7.021186828613281250e+01
5.707925033569335938e+01
5.891656494140625000e+01
7.464001464843750000e+01
3.828549957275390625e+01
6.341380691528320312e+01
9.107826232910156250e+01
5.177178192138671875e+01
5.079497909545898438e+01
3.000000000000000000e+01
4.213863372802734375e+01
5.848375320434570312e+01
5.970404052734375000e+01
3.922877502441406250e+01
1.462861938476562500e+02
4.488140487670898438e+01
6.882527160644531250e+01
6.506899261474609375e+01
5.238681793212890625e+01
5.709049224853515625e+01
4.718269348144531250e+01
6.973921203613281250e+01
3.615161132812500000e+01
6.662193298339843750e+01
5.097103118896484375e+01
8.367767333984375000e+01
6.697098541259765625e+01
4.692061996459960938e+01
3.709749984741210938e+01
4.836310577392578125e+01
5.189978408813476562e+01
4.874604797363281250e+01
4.916038513183593750e+01
5.040328598022460938e+01
7.393716430664062500e+01
5.340769195556640625e+01
1.139297485351562500e+02
1.058740234375000000e+02
6.312376403808593750e+01
4.441710662841796875e+01
9.214620971679687500e+01
4.855785369873046875e+01
8.746669769287109375e+01
7.288916778564453125e+01
1.444707336425781250e+02
3.825171661376953125e+01
4.425068664550781250e+01
7.296343231201171875e+01
3.038143157958984375e+01
6.441747283935546875e+01
5.028819274902343750e+01
5.933473587036132812e+01
4.511867141723632812e+01
4.127526092529296875e+01
6.415997314453125000e+01
9.158631134033203125e+01
4.003109359741210938e+01
4.137613677978515625e+01
1.025001831054687500e+02
4.844770431518554688e+01
6.552359008789062500e+01
5.155827331542968750e+01
4.389733886718750000e+01
5.378874206542968750e+01
3.000000000000000000e+01
4.433037185668945312e+01
4.261540222167968750e+01
4.699423217773437500e+01
6.731414031982421875e+01
6.775552368164062500e+01
4.218733978271484375e+01
5.718482208251953125e+01
5.643133926391601562e+01
9.648245239257812500e+01
6.044754409790039062e+01
5.665830993652343750e+01
6.808575439453125000e+01
6.029980468750000000e+01
9.568254852294921875e+01
4.213547515869140625e+01
4.068408203125000000e+01
6.168341445922851562e+01
4.614997482299804688e+01
8.976612854003906250e+01
7.874694061279296875e+01
5.857388305664062500e+01
7.713507080078125000e+01
4.455719375610351562e+01
9.748500061035156250e+01
1.000099563598632812e+02
6.369898986816406250e+01
1.559077148437500000e+02
6.347203826904296875e+01
7.872135162353515625e+01
5.005353927612304688e+01
8.762223052978515625e+01
3.773971176147460938e+01
1.023225860595703125e+02
3.893705749511718750e+01
1.311283874511718750e+02
4.354728698730468750e+01
7.416879272460937500e+01
4.028786468505859375e+01
5.226670837402343750e+01
5.606796264648437500e+01
3.941689682006835938e+01
7.090726470947265625e+01
4.460974121093750000e+01
6.933689117431640625e+01
4.967929458618164062e+01
3.563525772094726562e+01
1.416574249267578125e+02
5.360230636596679688e+01
4.215372085571289062e+01
3.479367065429687500e+01
3.000000000000000000e+01
4.842197799682617188e+01
6.147445678710937500e+01
4.621343612670898438e+01
4.636966705322265625e+01
6.272874450683593750e+01
5.666861724853515625e+01
5.370352172851562500e+01
6.247119140625000000e+01
7.602197265625000000e+01
5.507615661621093750e+01
4.317109680175781250e+01
5.273049926757812500e+01
3.000000000000000000e+01
6.193688964843750000e+01
5.268056869506835938e+01
4.658551025390625000e+01
5.042942047119140625e+01
6.262863922119140625e+01
5.536238098144531250e+01
3.907711791992187500e+01
4.917821884155273438e+01
3.002845001220703125e+01
5.266739273071289062e+01
7.729434967041015625e+01
1.191418609619140625e+02
8.121632385253906250e+01
4.902118301391601562e+01
9.283992767333984375e+01
6.734900665283203125e+01
3.000000000000000000e+01
5.298035812377929688e+01
4.717288970947265625e+01
6.564028930664062500e+01
7.824130249023437500e+01
1.488657989501953125e+02
3.283553695678710938e+01
5.108300018310546875e+01
8.451152038574218750e+01
4.429022216796875000e+01
4.537547302246093750e+01
3.586725997924804688e+01
4.109398651123046875e+01
5.792041778564453125e+01
5.684392929077148438e+01
5.030959701538085938e+01
4.052495956420898438e+01
3.439413833618164062e+01
7.078824615478515625e+01
7.287727355957031250e+01
4.445907592773437500e+01
3.847913360595703125e+01
3.000000000000000000e+01
5.246820068359375000e+01
8.598175048828125000e+01
5.621764755249023438e+01
8.634150695800781250e+01
3.795824432373046875e+01
4.547962570190429688e+01
4.875769042968750000e+01
5.843494415283203125e+01
5.088194656372070312e+01
6.771821594238281250e+01
4.449391555786132812e+01
4.836848449707031250e+01
5.769480514526367188e+01
5.409358978271484375e+01
4.908810424804687500e+01
1.232812500000000000e+02
7.322962951660156250e+01
7.233188629150390625e+01
9.020222473144531250e+01
4.850975799560546875e+01
5.551629638671875000e+01
1.266308135986328125e+02
1.723916778564453125e+02
5.322150421142578125e+01
5.551476287841796875e+01
3.818141555786132812e+01
5.308469772338867188e+01
1.028334503173828125e+02
4.612643814086914062e+01
7.919982910156250000e+01
5.302096557617187500e+01
3.681486511230468750e+01
3.788328552246093750e+01
1.681595153808593750e+02
5.478483200073242188e+01
5.851679229736328125e+01
5.941770553588867188e+01
4.478316497802734375e+01
1.476482849121093750e+02
6.134857177734375000e+01
1.472826232910156250e+02
8.141643524169921875e+01
5.028269577026367188e+01
6.964343261718750000e+01
5.857323074340820312e+01
4.639137268066406250e+01
7.233189392089843750e+01
7.091144561767578125e+01
1.038031768798828125e+02
3.058292770385742188e+01
5.958378601074218750e+01
6.741281127929687500e+01
8.804457092285156250e+01
9.720903015136718750e+01
7.226155853271484375e+01
5.954888916015625000e+01
6.868642425537109375e+01
3.825184631347656250e+01
6.518849182128906250e+01
3.717753982543945312e+01
4.303557586669921875e+01
5.233603286743164062e+01
4.299935531616210938e+01
3.937924957275390625e+01
3.926833724975585938e+01
4.464151382446289062e+01
3.542621231079101562e+01
9.227508544921875000e+01
4.321647644042968750e+01
3.715705871582031250e+01
5.154144287109375000e+01
4.846379089355468750e+01
6.971980285644531250e+01
6.957527923583984375e+01
5.876383972167968750e+01
3.549081420898437500e+01
3.693845748901367188e+01
7.303756713867187500e+01
6.896176910400390625e+01
4.144325637817382812e+01
7.804354858398437500e+01
5.693457794189453125e+01
6.849827575683593750e+01
7.823839569091796875e+01
1.257153472900390625e+02
3.787411499023437500e+01
8.861929321289062500e+01
8.344512939453125000e+01
9.540460205078125000e+01
4.397575759887695312e+01
3.565604400634765625e+01
1.268948822021484375e+02
5.864035034179687500e+01
9.214620971679687500e+01
4.406530380249023438e+01
5.186072540283203125e+01
5.434574890136718750e+01
4.338531494140625000e+01
3.403309631347656250e+01
4.481274414062500000e+01
3.709523391723632812e+01
3.799256134033203125e+01
1.462861938476562500e+02
3.000000000000000000e+01
7.644840240478515625e+01
4.753174591064453125e+01
6.534805297851562500e+01
4.512638092041015625e+01
4.566400146484375000e+01
5.094078063964843750e+01
8.830952453613281250e+01
5.719734573364257812e+01
3.000000000000000000e+01
3.621585083007812500e+01
5.371746826171875000e+01
8.706182861328125000e+01
4.237854766845703125e+01
6.849827575683593750e+01
4.141342163085937500e+01
5.472488784790039062e+01
1.199225540161132812e+02
4.110719299316406250e+01
4.585257720947265625e+01
8.582589721679687500e+01
1.561110839843750000e+02
1.671834869384765625e+02
6.017326354980468750e+01
7.464001464843750000e+01
4.083845520019531250e+01
8.239053344726562500e+01
5.395554351806640625e+01
3.525021362304687500e+01
9.964530944824218750e+01
5.126116943359375000e+01
7.561460876464843750e+01
1.334769592285156250e+02
7.054068756103515625e+01
7.239547729492187500e+01
7.966709899902343750e+01
3.692491531372070312e+01
7.392104339599609375e+01
1.246470947265625000e+02
3.784191513061523438e+01
5.059307098388671875e+01
6.139982604980468750e+01
4.764566802978515625e+01
8.922020721435546875e+01
1.259328918457031250e+02
6.085234832763671875e+01
9.263690185546875000e+01
7.378956604003906250e+01
7.369917297363281250e+01
7.750067901611328125e+01
7.403866577148437500e+01
3.913358306884765625e+01
3.462724685668945312e+01
3.627131652832031250e+01
6.146494293212890625e+01
5.694334411621093750e+01
7.322962951660156250e+01
4.773123550415039062e+01
4.376125717163085938e+01
4.302470397949218750e+01
2.537528991699218750e+02
4.837953186035156250e+01
5.221544265747070312e+01
4.170474624633789062e+01
3.000000000000000000e+01
4.420505523681640625e+01
6.411724853515625000e+01
7.037911987304687500e+01
9.315991973876953125e+01
7.758753204345703125e+01
4.321643829345703125e+01
4.951712799072265625e+01
4.510426330566406250e+01
1.571146697998046875e+02
3.829597091674804688e+01
4.202050018310546875e+01
7.576646423339843750e+01
3.985850143432617188e+01
6.648963165283203125e+01
7.922582244873046875e+01
1.371442413330078125e+02
7.562184143066406250e+01
7.918834686279296875e+01
6.015521240234375000e+01
4.941627502441406250e+01
6.845678710937500000e+01
3.631838226318359375e+01
6.237123107910156250e+01
9.028322601318359375e+01
3.666093444824218750e+01
3.494043731689453125e+01
7.833267974853515625e+01
3.000000000000000000e+01
3.740082550048828125e+01
1.317315673828125000e+02
6.650259399414062500e+01
6.630712127685546875e+01
6.583686065673828125e+01
4.455249786376953125e+01
5.455469894409179688e+01
8.965713500976562500e+01
4.559392929077148438e+01
7.644840240478515625e+01
1.985487518310546875e+02
4.338531494140625000e+01
1.187023925781250000e+02
4.755473327636718750e+01
5.766605377197265625e+01
8.807283782958984375e+01
7.184222412109375000e+01
4.885681915283203125e+01
6.627594757080078125e+01
4.121481323242187500e+01
5.653215789794921875e+01
4.551428985595703125e+01
5.768179321289062500e+01
3.765857696533203125e+01
5.744659042358398438e+01
5.846186065673828125e+01
1.846220703125000000e+02
7.103908538818359375e+01
4.431261444091796875e+01
5.005353927612304688e+01
4.985047149658203125e+01
4.969363784790039062e+01
7.470278167724609375e+01
3.000000000000000000e+01
9.582397460937500000e+01
9.116996002197265625e+01
4.861833953857421875e+01
1.013506927490234375e+02
9.061885070800781250e+01
5.773164367675781250e+01
4.877158355712890625e+01
5.252483367919921875e+01
4.446220397949218750e+01
1.982548828125000000e+02
3.000000000000000000e+01
4.657634735107421875e+01
4.437659454345703125e+01
4.142409515380859375e+01
1.050862121582031250e+02
4.129678344726562500e+01
4.253205490112304688e+01
1.444375610351562500e+02
6.896176910400390625e+01
8.348754882812500000e+01
5.381468963623046875e+01
5.273178100585937500e+01
5.607798004150390625e+01
9.066507720947265625e+01
7.828392791748046875e+01
7.102426147460937500e+01
8.143052673339843750e+01
3.434172821044921875e+01
6.355137634277343750e+01
9.068605041503906250e+01
5.005969238281250000e+01
4.537547683715820312e+01
6.880759429931640625e+01
1.052398376464843750e+02
6.681092071533203125e+01
5.258070755004882812e+01
4.230835723876953125e+01
3.000000000000000000e+01
3.891286849975585938e+01
3.132714462280273438e+01
4.668366241455078125e+01
4.235088348388671875e+01
5.206573104858398438e+01
5.558732223510742188e+01
5.108766937255859375e+01
4.427492523193359375e+01
8.178630828857421875e+01
5.919242477416992188e+01
4.266753005981445312e+01
3.896206665039062500e+01
5.750312042236328125e+01
5.052758026123046875e+01
4.434080123901367188e+01
3.484719085693359375e+01
9.087161254882812500e+01
3.673664093017578125e+01
5.022366714477539062e+01
3.169219398498535156e+01
5.792680740356445312e+01
3.798586654663085938e+01
3.000000000000000000e+01
1.131859359741210938e+02
5.165046691894531250e+01
4.110672378540039062e+01
7.337876892089843750e+01
4.202050018310546875e+01
6.807089233398437500e+01
5.033253479003906250e+01
5.518499755859375000e+01
1.135221252441406250e+02
4.860923004150390625e+01
1.481143493652343750e+02
8.984892272949218750e+01
4.033470535278320312e+01
4.354995727539062500e+01
9.147966003417968750e+01
5.226496505737304688e+01
5.804378509521484375e+01
5.941770935058593750e+01
2.010204772949218750e+02
4.540266799926757812e+01
7.897894287109375000e+01
5.553531265258789062e+01
4.897268676757812500e+01
5.161333847045898438e+01
1.014062728881835938e+02
4.340619277954101562e+01
8.314737701416015625e+01
5.592232894897460938e+01
4.460805511474609375e+01
4.361118316650390625e+01
3.777859497070312500e+01
4.102199935913085938e+01
4.118476104736328125e+01
3.832270812988281250e+01
3.761622619628906250e+01
3.903100585937500000e+01
4.398851776123046875e+01
4.241252517700195312e+01
4.625543212890625000e+01
6.111270141601562500e+01
6.441746520996093750e+01
7.349797058105468750e+01
1.488657989501953125e+02
6.529026794433593750e+01
1.002230377197265625e+02
7.526334381103515625e+01
1.209904937744140625e+02
4.180574035644531250e+01
5.751242065429687500e+01
4.657770919799804688e+01
4.621257400512695312e+01
4.885208129882812500e+01
8.225865173339843750e+01
6.889430236816406250e+01
6.904711151123046875e+01
4.003109359741210938e+01
4.412424468994140625e+01
6.083631134033203125e+01
9.207838439941406250e+01
3.911673355102539062e+01
5.300210571289062500e+01
4.301011276245117188e+01
4.191565704345703125e+01
8.713576507568359375e+01
4.916038513183593750e+01
4.819365310668945312e+01
4.240707778930664062e+01
4.632016372680664062e+01
8.424644470214843750e+01
9.935433197021484375e+01
3.391075515747070312e+01
4.021316528320312500e+01
4.734249114990234375e+01
9.315991973876953125e+01
6.345874786376953125e+01
5.551432037353515625e+01
6.260288238525390625e+01
6.734844207763671875e+01
4.903535079956054688e+01
5.757105636596679688e+01
5.694106292724609375e+01
6.153141403198242188e+01
3.890753173828125000e+01
6.537533569335937500e+01
5.655024719238281250e+01
7.568872833251953125e+01
6.091056060791015625e+01
4.253904724121093750e+01
3.577592468261718750e+01
5.791574478149414062e+01
7.237423706054687500e+01
4.808689880371093750e+01
6.271144104003906250e+01
5.260742187500000000e+01
3.541563796997070312e+01
5.517543411254882812e+01
6.707546997070312500e+01
3.380258178710937500e+01
4.917866897583007812e+01
6.656549072265625000e+01
5.846186065673828125e+01
5.870641326904296875e+01
5.649082946777343750e+01
3.394115447998046875e+01
6.246354675292968750e+01
1.309923095703125000e+02
6.048612594604492188e+01
4.511554718017578125e+01
1.209905014038085938e+02
6.017326354980468750e+01
6.523591613769531250e+01
1.052398376464843750e+02
4.514706039428710938e+01
3.414698028564453125e+01
7.914775085449218750e+01
3.000000000000000000e+01
4.077605819702148438e+01
1.763961791992187500e+02
3.882832717895507812e+01
3.173811149597167969e+01
4.430978012084960938e+01
1.156106948852539062e+02
8.431536865234375000e+01
4.726641464233398438e+01
1.149280395507812500e+02
4.332391357421875000e+01
1.237284927368164062e+02
7.898525238037109375e+01
1.103120269775390625e+02
4.409352493286132812e+01
4.556030654907226562e+01
1.016640014648437500e+02
7.491193389892578125e+01
7.352790069580078125e+01
5.719734954833984375e+01
4.448650360107421875e+01
3.000000000000000000e+01
4.751998901367187500e+01
5.822327041625976562e+01
5.199203109741210938e+01
4.018474960327148438e+01
7.635961914062500000e+01
7.861075592041015625e+01
4.964593505859375000e+01
3.412963104248046875e+01
4.853240966796875000e+01
4.018435668945312500e+01
4.912881851196289062e+01
1.168352355957031250e+02
5.473379516601562500e+01
8.679051971435546875e+01
5.486444473266601562e+01
4.066655349731445312e+01
3.504371643066406250e+01
8.976612854003906250e+01
6.650338745117187500e+01
7.120629882812500000e+01
8.855104827880859375e+01
5.673799133300781250e+01
4.561882781982421875e+01
4.353216171264648438e+01
3.877476501464843750e+01
6.462326812744140625e+01
6.149499511718750000e+01
1.982548828125000000e+02
4.715908050537109375e+01
6.503993225097656250e+01
6.160551452636718750e+01
8.617495727539062500e+01
3.950143051147460938e+01
5.200294494628906250e+01
5.149079513549804688e+01
6.904417419433593750e+01
8.161300659179687500e+01
3.000000000000000000e+01
4.029506683349609375e+01
6.188345718383789062e+01
7.805982208251953125e+01
5.326967239379882812e+01
1.481143493652343750e+02
6.087373733520507812e+01
3.936643218994140625e+01
4.846950912475585938e+01
6.270584869384765625e+01
1.549744720458984375e+02
7.707742309570312500e+01
5.409500503540039062e+01
8.124560546875000000e+01
3.000000000000000000e+01
6.377116394042968750e+01
1.051604995727539062e+02
3.808195877075195312e+01
3.891492080688476562e+01
6.678939819335937500e+01
8.139533996582031250e+01
5.895861816406250000e+01
1.222527313232421875e+02
4.304325103759765625e+01
5.369299697875976562e+01
5.864035034179687500e+01
9.730744934082031250e+01
7.056149291992187500e+01
4.560903930664062500e+01
4.443823242187500000e+01
3.831533813476562500e+01
3.320588684082031250e+01
3.829596710205078125e+01
3.694455718994140625e+01
6.353493499755859375e+01
6.650259399414062500e+01
3.671254348754882812e+01
3.327216339111328125e+01
4.417796707153320312e+01
5.221544265747070312e+01
3.783982086181640625e+01
9.550221252441406250e+01
3.258656692504882812e+01
6.385691452026367188e+01
8.015338134765625000e+01
4.929206085205078125e+01
3.669253540039062500e+01
4.079572296142578125e+01
7.416879272460937500e+01
6.902124786376953125e+01
5.499416351318359375e+01
6.859292602539062500e+01
5.345320510864257812e+01
7.772886657714843750e+01
5.313470458984375000e+01
4.364804840087890625e+01
5.724429702758789062e+01
3.352746963500976562e+01
5.607798385620117188e+01
5.737332153320312500e+01
4.328781509399414062e+01
5.705450439453125000e+01
5.087081146240234375e+01
5.787813568115234375e+01
5.375487899780273438e+01
6.971980285644531250e+01
5.509347534179687500e+01
4.421893310546875000e+01
6.642980957031250000e+01
6.667294311523437500e+01
5.500663757324218750e+01
7.766336059570312500e+01
4.370095443725585938e+01
5.409358978271484375e+01
7.845774078369140625e+01
5.644188308715820312e+01
6.072053527832031250e+01
6.218423843383789062e+01
7.416191101074218750e+01
3.996173095703125000e+01
8.038973999023437500e+01
5.280149841308593750e+01
4.782544708251953125e+01
8.093630981445312500e+01
1.311995086669921875e+02
1.370125732421875000e+02
4.073651885986328125e+01
3.332505035400390625e+01
4.150907897949218750e+01
5.554118347167968750e+01
7.103908538818359375e+01
7.183204650878906250e+01
6.764500427246093750e+01
1.131268615722656250e+02
4.853240585327148438e+01
5.117542266845703125e+01
3.158199119567871094e+01
5.508391571044921875e+01
6.219226837158203125e+01
3.542649078369140625e+01
5.004359436035156250e+01
7.537316131591796875e+01
4.923588562011718750e+01
4.622794723510742188e+01
8.891381835937500000e+01
4.607886886596679688e+01
4.391439056396484375e+01
5.848375320434570312e+01
5.476781082153320312e+01
3.796263885498046875e+01
4.560903930664062500e+01
2.036136474609375000e+02
7.437821960449218750e+01
4.433049392700195312e+01
4.697663879394531250e+01
4.708386230468750000e+01
1.223186645507812500e+02
3.926173019409179688e+01
4.636914443969726562e+01
6.044468688964843750e+01
4.018474960327148438e+01
6.717729949951171875e+01
4.071986770629882812e+01
4.983370590209960938e+01
5.198204040527343750e+01
5.988008880615234375e+01
4.340406036376953125e+01
3.665947723388671875e+01
6.617708587646484375e+01
5.603064727783203125e+01
1.926358032226562500e+02
5.733111572265625000e+01
4.843778991699218750e+01
5.808998870849609375e+01
5.909674835205078125e+01
4.310107421875000000e+01
5.005605316162109375e+01
5.609346771240234375e+01
5.131256866455078125e+01
4.314496994018554688e+01
6.468018341064453125e+01
6.946416473388671875e+01
4.025125503540039062e+01
4.506491851806640625e+01
5.139212799072265625e+01
4.033470535278320312e+01
4.155455017089843750e+01
3.260565948486328125e+01
5.501110458374023438e+01
6.031985855102539062e+01
3.369659423828125000e+01
4.852642822265625000e+01
5.154144668579101562e+01
7.879542541503906250e+01
7.191505432128906250e+01
9.394169616699218750e+01
4.502123260498046875e+01
7.102426147460937500e+01
8.103350067138671875e+01
3.941114044189453125e+01
8.093630981445312500e+01
4.185261535644531250e+01
4.784515380859375000e+01
3.635307312011718750e+01
4.442462158203125000e+01
1.101779937744140625e+02
5.794389343261718750e+01
4.181906127929687500e+01
7.091816711425781250e+01
4.350504302978515625e+01
1.184505615234375000e+02
5.544523239135742188e+01
4.454875946044921875e+01
4.554317474365234375e+01
8.109882354736328125e+01
8.603756713867187500e+01
7.643355560302734375e+01
5.304074859619140625e+01
3.724540328979492188e+01
3.714389419555664062e+01
6.287549591064453125e+01
6.610534667968750000e+01
1.351091308593750000e+02
8.128587341308593750e+01
1.328306732177734375e+02
6.045500183105468750e+01
3.664189529418945312e+01
5.949961853027343750e+01
3.258536148071289062e+01
5.170495605468750000e+01
3.459407424926757812e+01
3.000000000000000000e+01
6.524221801757812500e+01
1.203901824951171875e+02
6.139076232910156250e+01
3.372736358642578125e+01
5.838170623779296875e+01
5.906795501708984375e+01
4.367062759399414062e+01
4.636815643310546875e+01
6.149499511718750000e+01
4.137291717529296875e+01
6.346176147460937500e+01
6.377116394042968750e+01
5.587731170654296875e+01
5.456866836547851562e+01
3.000000000000000000e+01
4.977554702758789062e+01
4.808288574218750000e+01
3.723859786987304688e+01
6.202856445312500000e+01
8.349857330322265625e+01
4.968842315673828125e+01
9.020222473144531250e+01
4.939810943603515625e+01
3.000000000000000000e+01
6.170648193359375000e+01
4.358905792236328125e+01
3.985384368896484375e+01
4.646113586425781250e+01
4.345730972290039062e+01
4.199005889892578125e+01
8.490824127197265625e+01
4.321643829345703125e+01
3.656134033203125000e+01
1.846220703125000000e+02
7.902373504638671875e+01
4.344827651977539062e+01
6.139026641845703125e+01
7.589279174804687500e+01
4.427492141723632812e+01
5.652941131591796875e+01
9.870652008056640625e+01
3.250891113281250000e+01
7.233974456787109375e+01
4.718269348144531250e+01
3.000000000000000000e+01
4.874604415893554688e+01
6.657814025878906250e+01
5.205459213256835938e+01
4.497147369384765625e+01
3.808089447021484375e+01
4.934259796142578125e+01
4.632665252685546875e+01
5.126116943359375000e+01
3.585140991210937500e+01
3.864839172363281250e+01
7.031381225585937500e+01
7.777754211425781250e+01
3.000000000000000000e+01
8.858363342285156250e+01
4.591305160522460938e+01
3.591850662231445312e+01
7.463077545166015625e+01
7.401536560058593750e+01
4.259618759155273438e+01
4.878536224365234375e+01
3.000000000000000000e+01
3.930479431152343750e+01
3.000000000000000000e+01
1.022807617187500000e+02
5.193704986572265625e+01
4.428630828857421875e+01
5.381468963623046875e+01
5.089952087402343750e+01
5.869657897949218750e+01
3.639179611206054688e+01
5.469666290283203125e+01
5.330442047119140625e+01
5.155827331542968750e+01
7.445170593261718750e+01
6.919662475585937500e+01
4.589833068847656250e+01
5.085170745849609375e+01
3.452385711669921875e+01
5.266300964355468750e+01
6.731414031982421875e+01
8.519772338867187500e+01
4.983370590209960938e+01
5.604618835449218750e+01
6.422306823730468750e+01
5.469665908813476562e+01
5.321261596679687500e+01
5.102297973632812500e+01
3.610930252075195312e+01
4.380228805541992188e+01
5.998298645019531250e+01
6.280292892456054688e+01
3.601400375366210938e+01
5.478483581542968750e+01
4.874776458740234375e+01
7.333786010742187500e+01
3.782876586914062500e+01
5.484979629516601562e+01
4.711693954467773438e+01
5.525581359863281250e+01
6.489253997802734375e+01
4.064638900756835938e+01
6.873066711425781250e+01
3.214878845214843750e+01
6.674498748779296875e+01
6.416299438476562500e+01
5.190181350708007812e+01
4.986683654785156250e+01
4.064470672607421875e+01
7.786264038085937500e+01
6.447561645507812500e+01
4.353569030761718750e+01
4.426504135131835938e+01
5.720597839355468750e+01
6.779107666015625000e+01
4.902118301391601562e+01
3.020578575134277344e+01
9.573809814453125000e+01
4.097334289550781250e+01
4.336395263671875000e+01
4.720701599121093750e+01
4.205596160888671875e+01
5.850697708129882812e+01
3.704933166503906250e+01
8.807283782958984375e+01
5.744708633422851562e+01
5.108300018310546875e+01
3.823926162719726562e+01
6.163261795043945312e+01
6.410266113281250000e+01
6.473593139648437500e+01
3.332505035400390625e+01
4.345809936523437500e+01
3.497428512573242188e+01
4.338986968994140625e+01
7.548493957519531250e+01
5.541923522949218750e+01
7.143733978271484375e+01
5.254801177978515625e+01
4.865576553344726562e+01
3.942348098754882812e+01
3.503891754150390625e+01
3.198041725158691406e+01
6.163261795043945312e+01
7.416191101074218750e+01
5.459396362304687500e+01
4.966843795776367188e+01
3.091914749145507812e+01
7.758593750000000000e+01
5.451161193847656250e+01
6.754042053222656250e+01
5.044070434570312500e+01
3.570408630371093750e+01
6.799716949462890625e+01
3.460720825195312500e+01
6.761955261230468750e+01
3.708609771728515625e+01
4.841926574707031250e+01
3.901669692993164062e+01
3.000000000000000000e+01
4.938017272949218750e+01
4.585372161865234375e+01
7.375619506835937500e+01
4.682112884521484375e+01
8.519772338867187500e+01
5.191123962402343750e+01
3.863547515869140625e+01
3.767999267578125000e+01
4.442129516601562500e+01
3.000000000000000000e+01
4.728580093383789062e+01
7.122375488281250000e+01
7.037911987304687500e+01
5.518499755859375000e+01
4.204258346557617188e+01
3.875489807128906250e+01
7.352828979492187500e+01
4.684663391113281250e+01
4.862319183349609375e+01
4.808710861206054688e+01
3.360339736938476562e+01
4.227824401855468750e+01
4.328781509399414062e+01
4.801573944091796875e+01
3.127158164978027344e+01
4.165001678466796875e+01
5.487319946289062500e+01
3.681677246093750000e+01
3.648359680175781250e+01
4.502886199951171875e+01
3.265420532226562500e+01
6.856225585937500000e+01
5.385267257690429688e+01
6.168341827392578125e+01
5.191123962402343750e+01
6.605920410156250000e+01
3.000000000000000000e+01
4.504595184326171875e+01
3.935908508300781250e+01
3.021496200561523438e+01
4.565517044067382812e+01
7.251875305175781250e+01
3.000000000000000000e+01
5.833837509155273438e+01
4.660295104980468750e+01
4.354995727539062500e+01
3.908693313598632812e+01
7.758753204345703125e+01
3.000000000000000000e+01
4.147591781616210938e+01
6.577455902099609375e+01
4.365590286254882812e+01
8.109882354736328125e+01
8.312632751464843750e+01
3.000000000000000000e+01
6.825520324707031250e+01
7.543310546875000000e+01
4.885681915283203125e+01
5.299563217163085938e+01
6.142239379882812500e+01
6.771821594238281250e+01
7.922582244873046875e+01
5.187969970703125000e+01
6.320327377319335938e+01
8.081150817871093750e+01
4.173489379882812500e+01
8.943570709228515625e+01
3.141329193115234375e+01
3.582368087768554688e+01
3.928433227539062500e+01
5.105821228027343750e+01
3.000000000000000000e+01
8.111425018310546875e+01
5.758464813232421875e+01
4.843778991699218750e+01
3.933282470703125000e+01
4.606066131591796875e+01
4.209393310546875000e+01
4.527931213378906250e+01
8.038647460937500000e+01
5.532270431518554688e+01
3.786004638671875000e+01
6.113798904418945312e+01
3.825048828125000000e+01
4.036319732666015625e+01
5.244351959228515625e+01
4.986683654785156250e+01
3.714408493041992188e+01
3.761518096923828125e+01
4.460615921020507812e+01
3.561526489257812500e+01
3.164405250549316406e+01
4.905337524414062500e+01
6.188346099853515625e+01
4.177178955078125000e+01
4.118476104736328125e+01
4.827018356323242188e+01
7.534621429443359375e+01
5.499591827392578125e+01
8.201067352294921875e+01
9.849581909179687500e+01
5.082857513427734375e+01
4.215372085571289062e+01
4.870026397705078125e+01
5.016199111938476562e+01
3.982384872436523438e+01
4.487694931030273438e+01
6.699659729003906250e+01
8.855104827880859375e+01
3.582124328613281250e+01
3.748984527587890625e+01
4.532070922851562500e+01
5.737877655029296875e+01
3.716039276123046875e+01
5.161333847045898438e+01
5.476781082153320312e+01
5.528357696533203125e+01
3.258656692504882812e+01
6.138565444946289062e+01
3.493760299682617188e+01
5.456005096435546875e+01
5.517543411254882812e+01
3.000000000000000000e+01
5.138544464111328125e+01
4.096310043334960938e+01
3.107943153381347656e+01
5.629531478881835938e+01
5.036238479614257812e+01
4.550487518310546875e+01
5.326967239379882812e+01
4.201817703247070312e+01
4.504238891601562500e+01
3.950143051147460938e+01
4.553427886962890625e+01
3.000000000000000000e+01
7.689722442626953125e+01
3.484561157226562500e+01
6.080730438232421875e+01
4.109571456909179688e+01
4.075504302978515625e+01
6.967122650146484375e+01
5.696809005737304688e+01
5.277679061889648438e+01
3.658381652832031250e+01
5.063797760009765625e+01
4.742369079589843750e+01
5.736661148071289062e+01
4.180574035644531250e+01
4.213578033447265625e+01
5.122935867309570312e+01
6.392415618896484375e+01
4.782684326171875000e+01
5.386363220214843750e+01
4.452440643310546875e+01
7.476435852050781250e+01
4.110669708251953125e+01
8.194373321533203125e+01
8.396836853027343750e+01
5.339266967773437500e+01
4.749453353881835938e+01
3.872991943359375000e+01
8.274073028564453125e+01
5.725769042968750000e+01
4.264656066894531250e+01
7.264320373535156250e+01
4.278622817993164062e+01
4.380686950683593750e+01
5.662489318847656250e+01
8.380960845947265625e+01
5.009978485107421875e+01
5.542652130126953125e+01
3.000000000000000000e+01
5.538755798339843750e+01
4.178810882568359375e+01
3.804821777343750000e+01
5.273714828491210938e+01
1.064622650146484375e+02
5.036397552490234375e+01
4.650631332397460938e+01
3.019914627075195312e+01
6.311228942871093750e+01
4.913590240478515625e+01
5.385848999023437500e+01
5.263862991333007812e+01
9.394169616699218750e+01
4.802175140380859375e+01
6.196443176269531250e+01
7.860717773437500000e+01
7.671562194824218750e+01
6.030668258666992188e+01
3.000000000000000000e+01
3.907270812988281250e+01
5.766718292236328125e+01
3.721190643310546875e+01
4.097293090820312500e+01
3.686347198486328125e+01
3.848119354248046875e+01
3.904838943481445312e+01
3.478499221801757812e+01
3.374271392822265625e+01
4.412423324584960938e+01
7.259227752685546875e+01
4.785132598876953125e+01
3.371065902709960938e+01
4.322033309936523438e+01
3.378956222534179688e+01
3.041777229309082031e+01
5.223234558105468750e+01
7.874694061279296875e+01
4.203805541992187500e+01
4.201918792724609375e+01
3.000000000000000000e+01
6.355137252807617188e+01
7.025506591796875000e+01
3.000000000000000000e+01
7.786264038085937500e+01
4.458862686157226562e+01
8.190773773193359375e+01
4.560456466674804688e+01
4.983170700073242188e+01
6.170693206787109375e+01
4.945343399047851562e+01
3.000000000000000000e+01
4.877975082397460938e+01
5.123432159423828125e+01
4.941627502441406250e+01
3.109703826904296875e+01
4.127693557739257812e+01
5.643992233276367188e+01
4.499847412109375000e+01
6.717729949951171875e+01
6.463713073730468750e+01
5.693458175659179688e+01
5.408868408203125000e+01
4.409738922119140625e+01
5.195158767700195312e+01
3.904838943481445312e+01
5.521791076660156250e+01
3.895759963989257812e+01
6.063196563720703125e+01
5.866274642944335938e+01
4.658493804931640625e+01
4.434371566772460938e+01
3.783717346191406250e+01
3.596763229370117188e+01
7.988064575195312500e+01
3.399331283569335938e+01
4.361249160766601562e+01
4.021426391601562500e+01
4.182670593261718750e+01
4.668065643310546875e+01
3.006776428222656250e+01
5.472488784790039062e+01
3.000000000000000000e+01
3.047751808166503906e+01
5.507615661621093750e+01
7.091816711425781250e+01
3.000000000000000000e+01
4.870332717895507812e+01
4.509074020385742188e+01
4.004034805297851562e+01
4.160683822631835938e+01
5.456728363037109375e+01
4.636248779296875000e+01
4.347088623046875000e+01
3.999985504150390625e+01
5.244186782836914062e+01
4.223375701904296875e+01
5.236750411987304688e+01
5.108007049560546875e+01
3.458009338378906250e+01
3.976352310180664062e+01
4.388580322265625000e+01
3.649589157104492188e+01
4.708818817138671875e+01
5.231147003173828125e+01
8.380960083007812500e+01
3.611582565307617188e+01
3.044833183288574219e+01
3.111248016357421875e+01
8.764175415039062500e+01
4.897268676757812500e+01
4.148238754272460938e+01
7.988064575195312500e+01
4.681295776367187500e+01
4.339215087890625000e+01
3.556201171875000000e+01
5.558732223510742188e+01
1.021479034423828125e+02
7.320388793945312500e+01
5.158462524414062500e+01
7.983165740966796875e+01
3.825171661376953125e+01
3.000000000000000000e+01
7.999932861328125000e+01
3.923643493652343750e+01
5.137731170654296875e+01
5.459211349487304688e+01
3.416734695434570312e+01
3.387363433837890625e+01
6.137735366821289062e+01
4.395742416381835938e+01
4.964880371093750000e+01
6.022475814819335938e+01
4.614138031005859375e+01
3.000000000000000000e+01
4.511554718017578125e+01
7.543310546875000000e+01
3.497819900512695312e+01
4.063736343383789062e+01
8.623812866210937500e+01
4.958021163940429688e+01
3.437636184692382812e+01
7.560647583007812500e+01
4.741249847412109375e+01
3.511181640625000000e+01
3.764676284790039062e+01
4.781272888183593750e+01
4.600135040283203125e+01
3.742698669433593750e+01
3.888582611083984375e+01
3.926638412475585938e+01
6.195067977905273438e+01
6.128150177001953125e+01
4.631927871704101562e+01
3.724303436279296875e+01
3.594965744018554688e+01
4.599453353881835938e+01
3.000000000000000000e+01
6.597650909423828125e+01
4.940148162841796875e+01
4.645020675659179688e+01
3.000000000000000000e+01
3.000000000000000000e+01
3.803758239746093750e+01
3.000000000000000000e+01
4.868281555175781250e+01
4.128975677490234375e+01
3.582123947143554688e+01
3.796264266967773438e+01
4.323310089111328125e+01
5.302278137207031250e+01
5.166819763183593750e+01
5.060999298095703125e+01
6.766591644287109375e+01
5.558215332031250000e+01
4.507927322387695312e+01
4.447447586059570312e+01
7.879541778564453125e+01
5.040579223632812500e+01
3.195302772521972656e+01
3.000000000000000000e+01
4.866439819335937500e+01
5.913253021240234375e+01
3.992220306396484375e+01
4.337749481201171875e+01
3.000000000000000000e+01
3.694062042236328125e+01
4.449319076538085938e+01
3.917207336425781250e+01
5.288999938964843750e+01
4.212059783935546875e+01
6.599796295166015625e+01
4.613640975952148438e+01
6.305751037597656250e+01
4.240769958496093750e+01
3.914191436767578125e+01
6.310909271240234375e+01
3.301753616333007812e+01
4.935082244873046875e+01
3.000000000000000000e+01
3.000000000000000000e+01
4.455400848388671875e+01
4.814134979248046875e+01
3.552602005004882812e+01
4.598943710327148438e+01
3.000000000000000000e+01
3.743625259399414062e+01
3.790588378906250000e+01
3.459376144409179688e+01
