5.019133758544921875e+01
7.015209197998046875e+01
3.746042633056640625e+01
3.895310211181640625e+01
6.872000885009765625e+01
7.160194396972656250e+01
3.541094589233398438e+01
8.590490722656250000e+01
6.712785339355468750e+01
1.099090728759765625e+02
5.003916931152343750e+01
1.409346466064453125e+02
5.082964324951171875e+01
4.788796234130859375e+01
4.671608734130859375e+01
6.978752136230468750e+01
6.563881683349609375e+01
4.236713409423828125e+01
4.145679092407226562e+01
1.327795104980468750e+02
4.014436340332031250e+01
9.754736328125000000e+01
3.000000000000000000e+01
3.653559875488281250e+01
4.270055389404296875e+01
8.097531127929687500e+01
3.000000000000000000e+01
6.854927062988281250e+01
1.977582397460937500e+02
5.465099334716796875e+01
5.037561035156250000e+01
4.939637756347656250e+01
4.849578857421875000e+01
9.766200256347656250e+01
5.795866394042968750e+01
6.357491302490234375e+01
6.954684448242187500e+01
5.504637908935546875e+01
4.730250930786132812e+01
4.315633392333984375e+01
3.638914489746093750e+01
3.272863006591796875e+01
6.894970703125000000e+01
5.292963409423828125e+01
3.856520080566406250e+01
4.925921630859375000e+01
5.067036056518554688e+01
6.327407455444335938e+01
1.310719146728515625e+02
6.295349121093750000e+01
4.790227890014648438e+01
3.220381546020507812e+01
7.969688415527343750e+01
4.222969818115234375e+01
1.187307281494140625e+02
6.552371215820312500e+01
6.777779388427734375e+01
4.976158905029296875e+01
6.900593566894531250e+01
6.659175872802734375e+01
6.048532104492187500e+01
8.883583068847656250e+01
3.918376541137695312e+01
8.596229553222656250e+01
9.433011627197265625e+01
5.512901306152343750e+01
5.537642288208007812e+01
3.000000000000000000e+01
4.209175109863281250e+01
6.707929992675781250e+01
5.876549911499023438e+01
3.479115295410156250e+01
1.102469024658203125e+02
3.942650985717773438e+01
5.133097839355468750e+01
4.947158050537109375e+01
5.307075119018554688e+01
3.920492172241210938e+01
4.600727081298828125e+01
5.462493896484375000e+01
3.741252517700195312e+01
6.563881683349609375e+01
5.183866119384765625e+01
1.103762207031250000e+02
8.531082916259765625e+01
5.084313964843750000e+01
4.336296081542968750e+01
4.858503341674804688e+01
5.082964324951171875e+01
5.436079025268554688e+01
3.934225845336914062e+01
5.134646987915039062e+01
7.654566955566406250e+01
5.720362091064453125e+01
9.585801696777343750e+01
8.394453430175781250e+01
5.754180908203125000e+01
4.473096466064453125e+01
7.121417236328125000e+01
3.629629516601562500e+01
1.031371765136718750e+02
6.709860229492187500e+01
1.497015838623046875e+02
3.000000000000000000e+01
4.372750091552734375e+01
8.395178222656250000e+01
3.000000000000000000e+01
6.200762939453125000e+01
5.409346771240234375e+01
3.000000000000000000e+01
3.764875411987304688e+01
3.000000000000000000e+01
6.833326721191406250e+01
1.232363433837890625e+02
3.871839523315429688e+01
4.303677749633789062e+01
9.742629241943359375e+01
4.829104995727539062e+01
6.831648254394531250e+01
5.317395019531250000e+01
4.380576324462890625e+01
6.364988708496093750e+01
4.917029571533203125e+01
4.268614959716796875e+01
4.277609252929687500e+01
4.942257308959960938e+01
8.126733398437500000e+01
5.646686935424804688e+01
4.398744964599609375e+01
4.822134399414062500e+01
4.760115051269531250e+01
1.151186523437500000e+02
4.648410415649414062e+01
3.498764419555664062e+01
7.017335510253906250e+01
4.872989654541015625e+01
1.131472015380859375e+02
4.265127563476562500e+01
4.218392181396484375e+01
6.619836425781250000e+01
5.683686447143554688e+01
8.829675292968750000e+01
7.541182708740234375e+01
6.468631744384765625e+01
7.464323425292968750e+01
5.082533264160156250e+01
8.776401519775390625e+01
1.022958374023437500e+02
5.356376647949218750e+01
1.316963348388671875e+02
6.071238708496093750e+01
7.541938781738281250e+01
5.646415328979492188e+01
7.967562866210937500e+01
6.005397415161132812e+01
1.228845977783203125e+02
3.498264312744140625e+01
1.301663513183593750e+02
4.878682327270507812e+01
6.244155502319335938e+01
3.343901824951171875e+01
4.247861099243164062e+01
4.836492156982421875e+01
3.733067703247070312e+01
7.247906494140625000e+01
4.473820114135742188e+01
6.824302673339843750e+01
5.312907791137695312e+01
3.429899597167968750e+01
1.304729919433593750e+02
4.591136169433593750e+01
4.073563385009765625e+01
4.804524993896484375e+01
3.000000000000000000e+01
5.939392089843750000e+01
7.440530395507812500e+01
4.827368545532226562e+01
4.988696289062500000e+01
7.300052642822265625e+01
5.372951507568359375e+01
5.771008300781250000e+01
5.731894683837890625e+01
7.904032135009765625e+01
5.032504653930664062e+01
4.123260498046875000e+01
4.861673736572265625e+01
4.211228179931640625e+01
6.698675537109375000e+01
5.553878402709960938e+01
4.820045089721679688e+01
5.060436630249023438e+01
6.661446380615234375e+01
5.216701126098632812e+01
5.077809906005859375e+01
5.200836944580078125e+01
5.193611907958984375e+01
4.442658996582031250e+01
8.437321472167968750e+01
1.399951171875000000e+02
8.106033325195312500e+01
6.553540039062500000e+01
1.140454330444335938e+02
5.644616317749023438e+01
3.000000000000000000e+01
5.909231567382812500e+01
4.125307464599609375e+01
6.756214904785156250e+01
3.740362548828125000e+01
1.305271911621093750e+02
3.447578430175781250e+01
4.670763397216796875e+01
1.080164337158203125e+02
4.187858200073242188e+01
4.173772048950195312e+01
3.731390380859375000e+01
4.159471130371093750e+01
5.336162948608398438e+01
5.600369262695312500e+01
4.541767120361328125e+01
4.498723983764648438e+01
3.247931289672851562e+01
6.873602294921875000e+01
9.741822814941406250e+01
4.191482925415039062e+01
5.180704498291015625e+01
4.464860534667968750e+01
6.027410125732421875e+01
1.156343841552734375e+02
6.225178527832031250e+01
1.029717102050781250e+02
3.856993484497070312e+01
4.757349395751953125e+01
4.893260192871093750e+01
6.079699707031250000e+01
4.369989013671875000e+01
6.085292053222656250e+01
4.559407043457031250e+01
5.198341369628906250e+01
8.087059783935546875e+01
6.476104736328125000e+01
4.856497192382812500e+01
1.220662002563476562e+02
1.080979919433593750e+02
6.847621154785156250e+01
9.372326660156250000e+01
3.000000000000000000e+01
5.867919158935546875e+01
1.399246826171875000e+02
1.944663238525390625e+02
5.275682067871093750e+01
6.957180023193359375e+01
4.194490814208984375e+01
4.868283843994140625e+01
9.398356628417968750e+01
4.834577941894531250e+01
6.204146957397460938e+01
4.159824752807617188e+01
3.985529708862304688e+01
3.743994903564453125e+01
1.646964416503906250e+02
5.008815383911132812e+01
5.433374786376953125e+01
5.214192199707031250e+01
4.964653015136718750e+01
1.380695037841796875e+02
4.687953567504882812e+01
1.414820861816406250e+02
6.736642456054687500e+01
7.230368804931640625e+01
5.955281829833984375e+01
5.226807022094726562e+01
5.761942291259765625e+01
6.847621917724609375e+01
6.780573272705078125e+01
1.636703643798828125e+02
3.207034301757812500e+01
6.884194946289062500e+01
6.647647094726562500e+01
1.121582794189453125e+02
8.937145996093750000e+01
4.755809783935546875e+01
7.767949676513671875e+01
6.182518386840820312e+01
4.123874664306640625e+01
6.431581115722656250e+01
3.630117797851562500e+01
3.413668441772460938e+01
5.707440185546875000e+01
3.812107849121093750e+01
3.830202484130859375e+01
4.279526519775390625e+01
4.073549270629882812e+01
3.316063690185546875e+01
1.138641510009765625e+02
4.042520904541015625e+01
3.000000000000000000e+01
5.967383956909179688e+01
4.877064132690429688e+01
5.431613922119140625e+01
5.543719863891601562e+01
6.810501098632812500e+01
3.555715179443359375e+01
3.345392227172851562e+01
7.044003295898437500e+01
7.642520141601562500e+01
4.155536270141601562e+01
8.440653228759765625e+01
8.237862396240234375e+01
7.790419769287109375e+01
1.344193572998046875e+02
1.392755584716796875e+02
3.000000000000000000e+01
9.835520935058593750e+01
1.074656372070312500e+02
1.018896636962890625e+02
4.237136840820312500e+01
3.645377349853515625e+01
1.330034027099609375e+02
6.484615325927734375e+01
7.121417236328125000e+01
5.149349212646484375e+01
5.146261978149414062e+01
5.751527023315429688e+01
5.339920806884765625e+01
3.457871246337890625e+01
3.942181777954101562e+01
3.499442672729492188e+01
3.849855804443359375e+01
1.102469024658203125e+02
3.152459144592285156e+01
7.773748016357421875e+01
5.488109588623046875e+01
4.772306442260742188e+01
4.601290893554687500e+01
4.921834564208984375e+01
4.848425292968750000e+01
7.249636840820312500e+01
4.337798690795898438e+01
5.950133514404296875e+01
4.079781723022460938e+01
6.405554962158203125e+01
9.872460937500000000e+01
4.443954467773437500e+01
7.790419006347656250e+01
3.919966506958007812e+01
4.472208404541015625e+01
1.618566741943359375e+02
3.261810302734375000e+01
4.432286834716796875e+01
1.085854797363281250e+02
1.538752441406250000e+02
1.959781188964843750e+02
5.961876296997070312e+01
8.883583068847656250e+01
3.630822372436523438e+01
1.069592590332031250e+02
5.262523651123046875e+01
3.499425506591796875e+01
1.576629028320312500e+02
5.949566650390625000e+01
7.162841033935546875e+01
1.189674148559570312e+02
5.531737899780273438e+01
7.193601226806640625e+01
9.777421569824218750e+01
3.572733306884765625e+01
7.731134033203125000e+01
1.214531631469726562e+02
3.152379989624023438e+01
6.079650878906250000e+01
5.492334747314453125e+01
5.158673858642578125e+01
8.806381225585937500e+01
1.418151397705078125e+02
6.453482055664062500e+01
1.281886596679687500e+02
8.164436340332031250e+01
5.465099334716796875e+01
1.055232925415039062e+02
7.980284881591796875e+01
3.906868743896484375e+01
3.691814422607421875e+01
3.000000000000000000e+01
4.128971862792968750e+01
6.385716247558593750e+01
1.080979919433593750e+02
5.004774093627929688e+01
4.658924484252929688e+01
4.676362228393554688e+01
2.762296752929687500e+02
3.765386581420898438e+01
4.530668258666992188e+01
4.615541076660156250e+01
3.000000000000000000e+01
4.568370056152343750e+01
6.401756286621093750e+01
7.524572753906250000e+01
1.117063293457031250e+02
6.229095458984375000e+01
3.572971343994140625e+01
4.772014617919921875e+01
4.174422454833984375e+01
1.715604858398437500e+02
4.164608001708984375e+01
3.941948699951171875e+01
7.980902099609375000e+01
4.609496688842773438e+01
5.982492446899414062e+01
8.442675781250000000e+01
1.380524291992187500e+02
7.289164733886718750e+01
9.302839660644531250e+01
4.358557128906250000e+01
3.997519302368164062e+01
7.424157714843750000e+01
3.601170730590820312e+01
8.810731506347656250e+01
8.494109344482421875e+01
3.000000000000000000e+01
3.935038375854492188e+01
9.894768524169921875e+01
3.304149627685546875e+01
3.990625762939453125e+01
1.466973266601562500e+02
5.854508972167968750e+01
5.404311370849609375e+01
6.567378234863281250e+01
5.383021545410156250e+01
6.263282775878906250e+01
9.679097747802734375e+01
4.844923782348632812e+01
7.773748016357421875e+01
2.332913665771484375e+02
5.339920806884765625e+01
1.159902267456054688e+02
4.107450866699218750e+01
4.868401718139648438e+01
9.212757110595703125e+01
6.854927062988281250e+01
5.026262664794921875e+01
6.483257293701171875e+01
4.052948760986328125e+01
6.561684417724609375e+01
5.484182357788085938e+01
7.596458435058593750e+01
4.258023834228515625e+01
5.162770843505859375e+01
6.589058685302734375e+01
9.772932434082031250e+01
9.314366149902343750e+01
4.482644271850585938e+01
5.646415328979492188e+01
5.126261901855468750e+01
6.039224243164062500e+01
7.101462554931640625e+01
3.556468582153320312e+01
1.116733551025390625e+02
9.710136413574218750e+01
3.208134460449218750e+01
8.990079498291015625e+01
8.097818756103515625e+01
5.557091522216796875e+01
4.677920150756835938e+01
5.135988616943359375e+01
4.082106781005859375e+01
1.891714630126953125e+02
3.156921195983886719e+01
5.052233886718750000e+01
4.901121902465820312e+01
4.193426132202148438e+01
1.039601516723632812e+02
4.393927001953125000e+01
4.973842620849609375e+01
1.416789550781250000e+02
7.642520141601562500e+01
8.044728851318359375e+01
3.240520477294921875e+01
3.162292098999023438e+01
5.305192565917968750e+01
9.930135345458984375e+01
9.147772979736328125e+01
7.878077697753906250e+01
7.552302551269531250e+01
3.190588760375976562e+01
7.782649993896484375e+01
8.915078735351562500e+01
4.894783020019531250e+01
4.173772048950195312e+01
7.954541015625000000e+01
1.034821166992187500e+02
6.864633178710937500e+01
5.576871109008789062e+01
4.789265441894531250e+01
3.000000000000000000e+01
4.320729446411132812e+01
3.000000000000000000e+01
4.888883209228515625e+01
3.921693420410156250e+01
4.122321319580078125e+01
5.224428939819335938e+01
5.090891265869140625e+01
4.732683944702148438e+01
8.400619506835937500e+01
6.465040588378906250e+01
4.068826293945312500e+01
4.271910858154296875e+01
5.458659744262695312e+01
5.778632736206054688e+01
3.962957763671875000e+01
3.498165893554687500e+01
9.203025817871093750e+01
3.755743026733398438e+01
5.618061828613281250e+01
3.000000000000000000e+01
4.802841949462890625e+01
3.000000000000000000e+01
4.671607971191406250e+01
1.136760330200195312e+02
6.217855072021484375e+01
3.138594055175781250e+01
7.315882873535156250e+01
3.941948699951171875e+01
8.052079772949218750e+01
4.110936737060546875e+01
5.741585159301757812e+01
1.260776443481445312e+02
4.199827194213867188e+01
1.481488647460937500e+02
1.228413696289062500e+02
3.843775177001953125e+01
4.033628463745117188e+01
9.302312469482421875e+01
4.110193634033203125e+01
5.404176330566406250e+01
5.214192199707031250e+01
1.556253356933593750e+02
4.133267974853515625e+01
4.521432495117187500e+01
4.816608428955078125e+01
3.714085769653320312e+01
4.066742324829101562e+01
1.113681945800781250e+02
3.323505020141601562e+01
8.360221862792968750e+01
5.204458618164062500e+01
4.953131484985351562e+01
3.273902511596679688e+01
4.129980850219726562e+01
4.599431228637695312e+01
4.453431320190429688e+01
3.802677154541015625e+01
3.562896728515625000e+01
4.167726898193359375e+01
5.044515228271484375e+01
4.401596450805664062e+01
4.984516525268554688e+01
5.821955108642578125e+01
6.200762939453125000e+01
6.714354705810546875e+01
1.305271911621093750e+02
6.913912963867187500e+01
1.092617416381835938e+02
8.499859619140625000e+01
1.136277999877929688e+02
4.481945800781250000e+01
6.116761779785156250e+01
7.239376831054687500e+01
4.391170883178710938e+01
6.413795471191406250e+01
7.475595092773437500e+01
7.277725982666015625e+01
7.859410858154296875e+01
3.871839523315429688e+01
4.408700561523437500e+01
6.612254333496093750e+01
1.037396469116210938e+02
5.147949981689453125e+01
5.144645309448242188e+01
4.435195922851562500e+01
3.881309509277343750e+01
9.136732482910156250e+01
3.934225845336914062e+01
5.110950851440429688e+01
4.616009140014648438e+01
4.846539688110351562e+01
6.038779449462890625e+01
8.463286590576171875e+01
4.179104614257812500e+01
3.000000000000000000e+01
3.785565185546875000e+01
1.117063293457031250e+02
5.369256973266601562e+01
4.024535369873046875e+01
5.665877914428710938e+01
5.221926116943359375e+01
4.996983337402343750e+01
5.381372833251953125e+01
5.658599090576171875e+01
7.234236145019531250e+01
4.083863830566406250e+01
7.180698394775390625e+01
6.436752319335937500e+01
8.268125915527343750e+01
6.915717315673828125e+01
4.211846160888671875e+01
3.628794097900390625e+01
7.193707275390625000e+01
7.462600708007812500e+01
4.464276885986328125e+01
6.683134460449218750e+01
5.732332611083984375e+01
4.607549667358398438e+01
6.483886718750000000e+01
4.111180496215820312e+01
3.278838348388671875e+01
4.601558303833007812e+01
7.199623870849609375e+01
6.589058685302734375e+01
5.142468261718750000e+01
6.207026672363281250e+01
3.878185272216796875e+01
6.854663848876953125e+01
1.128863830566406250e+02
6.371610641479492188e+01
3.000000000000000000e+01
1.136278076171875000e+02
5.961876296997070312e+01
7.530380249023437500e+01
1.034821166992187500e+02
4.329864501953125000e+01
3.994090652465820312e+01
7.584445953369140625e+01
3.833702468872070312e+01
4.404056549072265625e+01
2.389828338623046875e+02
5.959268188476562500e+01
4.132470703125000000e+01
4.175010681152343750e+01
1.246239318847656250e+02
6.036418914794921875e+01
5.651099014282226562e+01
1.063745269775390625e+02
4.033979797363281250e+01
1.288904418945312500e+02
7.911987304687500000e+01
1.087970581054687500e+02
4.528473281860351562e+01
3.857908630371093750e+01
6.375901031494140625e+01
7.965130615234375000e+01
7.120286560058593750e+01
4.337798690795898438e+01
5.010646820068359375e+01
4.430646514892578125e+01
5.220602416992187500e+01
6.220326232910156250e+01
6.222861480712890625e+01
5.003866577148437500e+01
6.850592803955078125e+01
8.137706756591796875e+01
5.093045806884765625e+01
3.558039093017578125e+01
5.840177917480468750e+01
3.000000000000000000e+01
4.842131805419921875e+01
1.194665069580078125e+02
4.720393753051757812e+01
8.315776824951171875e+01
5.453798294067382812e+01
5.004164505004882812e+01
3.496887207031250000e+01
8.829675292968750000e+01
5.879377365112304688e+01
7.403492736816406250e+01
1.033870086669921875e+02
5.623203277587890625e+01
4.706135559082031250e+01
4.381447219848632812e+01
4.171064758300781250e+01
5.744295501708984375e+01
6.800881958007812500e+01
1.891714630126953125e+02
5.322631835937500000e+01
5.849891662597656250e+01
5.662147521972656250e+01
6.456510162353515625e+01
4.464722442626953125e+01
5.545790863037109375e+01
5.473709487915039062e+01
6.610446166992187500e+01
1.042963714599609375e+02
3.000000000000000000e+01
4.135363006591796875e+01
6.952562713623046875e+01
1.089741821289062500e+02
7.203854370117187500e+01
1.481488647460937500e+02
4.347843551635742188e+01
6.146513366699218750e+01
5.626042556762695312e+01
7.897002410888671875e+01
1.815395812988281250e+02
6.192303848266601562e+01
5.264048767089843750e+01
6.811521911621093750e+01
3.000000000000000000e+01
6.083222198486328125e+01
8.255049896240234375e+01
3.562130355834960938e+01
3.527536010742187500e+01
5.467457580566406250e+01
8.974337768554687500e+01
5.335523223876953125e+01
9.240245056152343750e+01
4.460704803466796875e+01
5.111906051635742188e+01
6.484615325927734375e+01
7.288907623291015625e+01
5.888737869262695312e+01
4.639613342285156250e+01
4.526300048828125000e+01
3.749321365356445312e+01
3.892410278320312500e+01
4.164607620239257812e+01
3.339511108398437500e+01
7.548919677734375000e+01
5.854508972167968750e+01
3.773249435424804688e+01
3.000000000000000000e+01
4.277050018310546875e+01
4.530668258666992188e+01
4.282627105712890625e+01
1.224105758666992188e+02
3.000000000000000000e+01
6.106211853027343750e+01
1.174987258911132812e+02
4.336856842041015625e+01
3.448065948486328125e+01
3.403687667846679688e+01
6.244155883789062500e+01
7.213064575195312500e+01
5.918842697143554688e+01
4.679407501220703125e+01
7.063914489746093750e+01
6.244990539550781250e+01
5.394637298583984375e+01
4.179937744140625000e+01
6.827879333496093750e+01
4.988706207275390625e+01
5.305192565917968750e+01
5.277471160888671875e+01
3.687574768066406250e+01
4.179841995239257812e+01
5.341056060791015625e+01
6.631603240966796875e+01
4.736365509033203125e+01
5.431613540649414062e+01
5.494795227050781250e+01
4.573996353149414062e+01
6.665431213378906250e+01
7.361227416992187500e+01
5.330089569091796875e+01
9.359669494628906250e+01
4.714815139770507812e+01
6.476103973388671875e+01
3.210241699218750000e+01
5.674456787109375000e+01
6.224460983276367188e+01
5.507366180419921875e+01
7.284130096435546875e+01
4.149891662597656250e+01
8.790027618408203125e+01
4.603057479858398438e+01
5.078182983398437500e+01
8.344405364990234375e+01
1.327795104980468750e+02
1.388373107910156250e+02
4.783533859252929688e+01
4.184910583496093750e+01
5.311591720581054688e+01
5.043964004516601562e+01
9.314366149902343750e+01
7.295649719238281250e+01
5.822685241699218750e+01
9.965306091308593750e+01
5.840177917480468750e+01
4.533525848388671875e+01
3.000000000000000000e+01
5.619691085815429688e+01
5.710755920410156250e+01
3.764053726196289062e+01
3.455832672119140625e+01
8.349625396728515625e+01
5.762059783935546875e+01
4.449620437622070312e+01
9.385658264160156250e+01
3.931753921508789062e+01
4.232876586914062500e+01
6.707929992675781250e+01
5.952801513671875000e+01
4.749708938598632812e+01
4.639612960815429688e+01
2.087995300292968750e+02
7.055001831054687500e+01
4.641611862182617188e+01
4.279540252685546875e+01
5.090888977050781250e+01
1.131925659179687500e+02
4.198186492919921875e+01
4.645926284790039062e+01
6.594207000732421875e+01
5.003866577148437500e+01
7.281443023681640625e+01
4.127864837646484375e+01
5.708546447753906250e+01
5.943753051757812500e+01
5.920262145996093750e+01
5.005078887939453125e+01
3.618670272827148438e+01
5.153994750976562500e+01
6.724903106689453125e+01
2.139227600097656250e+02
4.001197052001953125e+01
4.871574020385742188e+01
6.303153610229492188e+01
5.511523437500000000e+01
4.573428726196289062e+01
3.374383926391601562e+01
3.674231719970703125e+01
5.043430328369140625e+01
3.567082214355468750e+01
5.270267105102539062e+01
5.456452178955078125e+01
4.092459487915039062e+01
4.736909103393554688e+01
3.000000000000000000e+01
3.843775177001953125e+01
4.450440979003906250e+01
3.443314743041992188e+01
6.613754272460937500e+01
7.098979949951171875e+01
3.015557670593261719e+01
4.587358093261718750e+01
5.967383575439453125e+01
8.617354583740234375e+01
5.675211334228515625e+01
1.012666854858398438e+02
5.240415954589843750e+01
7.878077697753906250e+01
7.978778076171875000e+01
4.551348114013671875e+01
8.344405364990234375e+01
3.000000000000000000e+01
3.463746643066406250e+01
3.833578491210937500e+01
4.419320678710937500e+01
1.193327255249023438e+02
5.348193359375000000e+01
5.080390930175781250e+01
6.824285888671875000e+01
3.587236022949218750e+01
1.107803268432617188e+02
6.057196807861328125e+01
4.667029953002929688e+01
5.863100051879882812e+01
8.723368835449218750e+01
8.504614257812500000e+01
6.297219085693359375e+01
6.351400756835937500e+01
3.500675201416015625e+01
4.154349517822265625e+01
6.330982208251953125e+01
7.400338745117187500e+01
1.069167633056640625e+02
6.571781921386718750e+01
1.317410278320312500e+02
5.546549987792968750e+01
3.872807312011718750e+01
4.892565917968750000e+01
3.108516311645507812e+01
5.649884796142578125e+01
3.000000000000000000e+01
3.000000000000000000e+01
7.019538879394531250e+01
1.266848907470703125e+02
6.220432281494140625e+01
4.267357635498046875e+01
5.688616943359375000e+01
6.764801025390625000e+01
4.550234222412109375e+01
4.747599411010742188e+01
6.800881958007812500e+01
4.000370025634765625e+01
5.568749237060546875e+01
6.083221817016601562e+01
6.106093978881835938e+01
5.940349197387695312e+01
3.612644958496093750e+01
3.634734344482421875e+01
5.978066253662109375e+01
3.604956054687500000e+01
7.376599121093750000e+01
7.603880310058593750e+01
4.887332916259765625e+01
9.372326660156250000e+01
5.327106475830078125e+01
3.048956871032714844e+01
4.072886276245117188e+01
3.000000000000000000e+01
4.085967254638671875e+01
4.235157012939453125e+01
4.246575927734375000e+01
4.628429412841796875e+01
1.174720611572265625e+02
3.572971343994140625e+01
3.836968994140625000e+01
9.772933197021484375e+01
8.406251525878906250e+01
3.955973434448242188e+01
5.592527389526367188e+01
8.037967681884765625e+01
4.732683944702148438e+01
4.892966461181640625e+01
8.681607818603515625e+01
5.135622406005859375e+01
8.445945739746093750e+01
4.600727081298828125e+01
3.052204322814941406e+01
5.436079025268554688e+01
5.327671051025390625e+01
4.170570373535156250e+01
4.961920928955078125e+01
4.690673065185546875e+01
5.443421936035156250e+01
3.838816833496093750e+01
5.949567031860351562e+01
3.332534790039062500e+01
4.012867355346679688e+01
8.755065155029296875e+01
9.425214385986328125e+01
4.615676498413085938e+01
1.039337844848632812e+02
4.921677398681640625e+01
3.810794448852539062e+01
8.376664733886718750e+01
8.728916168212890625e+01
4.129986572265625000e+01
6.462439727783203125e+01
5.703554153442382812e+01
4.937203979492187500e+01
4.050507354736328125e+01
8.493778228759765625e+01
5.376394653320312500e+01
4.056027984619140625e+01
3.240520477294921875e+01
5.555246734619140625e+01
5.764473724365234375e+01
3.396080398559570312e+01
5.297963333129882812e+01
6.408796691894531250e+01
5.317395019531250000e+01
7.730889129638671875e+01
7.169795989990234375e+01
3.323448944091796875e+01
4.567214965820312500e+01
3.668171691894531250e+01
4.850722503662109375e+01
8.126733398437500000e+01
8.036960601806640625e+01
5.708546447753906250e+01
4.701876449584960938e+01
6.264817810058593750e+01
5.297963333129882812e+01
3.850118637084960938e+01
5.087544250488281250e+01
3.628837966918945312e+01
4.652208709716796875e+01
5.860464477539062500e+01
5.036663818359375000e+01
3.851288604736328125e+01
5.008815383911132812e+01
4.096332931518554688e+01
4.566640472412109375e+01
3.482814788818359375e+01
5.669328308105468750e+01
4.439379882812500000e+01
4.819678497314453125e+01
7.860492706298828125e+01
3.539147949218750000e+01
4.871539688110351562e+01
3.547357940673828125e+01
8.571013641357421875e+01
6.712295532226562500e+01
3.842415618896484375e+01
4.596878814697265625e+01
4.117760467529296875e+01
9.903574371337890625e+01
6.677458190917968750e+01
3.710607528686523438e+01
4.617925262451171875e+01
6.929874420166015625e+01
5.210380935668945312e+01
6.553540039062500000e+01
5.816011428833007812e+01
7.373666381835937500e+01
4.777960968017578125e+01
3.853367233276367188e+01
4.314383697509765625e+01
4.767853927612304688e+01
6.931611633300781250e+01
4.468992996215820312e+01
9.212757110595703125e+01
5.737897872924804688e+01
4.670763397216796875e+01
4.163455581665039062e+01
4.524720764160156250e+01
4.152664947509765625e+01
5.186335754394531250e+01
4.184910583496093750e+01
4.331813049316406250e+01
3.854330825805664062e+01
4.894027709960937500e+01
6.704521179199218750e+01
5.504637908935546875e+01
6.968803405761718750e+01
5.568840789794921875e+01
5.360748672485351562e+01
4.373658752441406250e+01
3.000000000000000000e+01
3.000000000000000000e+01
4.524720764160156250e+01
7.284130096435546875e+01
4.540290069580078125e+01
4.571846771240234375e+01
3.509317779541015625e+01
7.455718994140625000e+01
5.520323944091796875e+01
7.698847961425781250e+01
3.738315200805664062e+01
3.321332550048828125e+01
6.394898986816406250e+01
3.200923919677734375e+01
5.656486511230468750e+01
3.436233901977539062e+01
5.661307525634765625e+01
3.415196990966796875e+01
5.153315734863281250e+01
4.522408676147460938e+01
4.779302597045898438e+01
7.246146392822265625e+01
5.175789642333984375e+01
8.036960601806640625e+01
5.906436538696289062e+01
4.134797668457031250e+01
3.387558746337890625e+01
4.278798675537109375e+01
3.895346832275390625e+01
3.956843185424804688e+01
6.024018859863281250e+01
7.524572753906250000e+01
5.741585159301757812e+01
4.331835174560546875e+01
4.232299804687500000e+01
7.169999694824218750e+01
5.475991058349609375e+01
5.107431793212890625e+01
3.000000000000000000e+01
3.000000000000000000e+01
4.237621307373046875e+01
3.687574768066406250e+01
6.347476959228515625e+01
3.737129592895507812e+01
4.045856475830078125e+01
3.947722244262695312e+01
3.957855606079101562e+01
3.168035316467285156e+01
4.970028686523437500e+01
3.583839035034179688e+01
6.877574157714843750e+01
4.431341934204101562e+01
6.619836425781250000e+01
5.906436538696289062e+01
6.770938110351562500e+01
3.000000000000000000e+01
3.458463287353515625e+01
5.588861846923828125e+01
3.000000000000000000e+01
5.333163070678710938e+01
7.227452087402343750e+01
3.000000000000000000e+01
4.839613723754882812e+01
4.680952453613281250e+01
4.033628463745117188e+01
4.519302368164062500e+01
6.229095458984375000e+01
3.994516754150390625e+01
4.798797607421875000e+01
6.987612152099609375e+01
4.550638198852539062e+01
8.723368835449218750e+01
8.029259490966796875e+01
3.000000000000000000e+01
7.238233947753906250e+01
7.726402282714843750e+01
5.026262664794921875e+01
4.773846435546875000e+01
5.103709030151367188e+01
6.085292053222656250e+01
8.442675781250000000e+01
4.834097671508789062e+01
6.807942962646484375e+01
8.372772979736328125e+01
3.164676666259765625e+01
8.653808593750000000e+01
5.462653350830078125e+01
3.000000000000000000e+01
3.765560150146484375e+01
5.041584014892578125e+01
3.689900207519531250e+01
7.748207855224609375e+01
5.450642395019531250e+01
4.871574020385742188e+01
4.379793167114257812e+01
4.476008224487304688e+01
3.500979232788085938e+01
3.279000854492187500e+01
7.156634521484375000e+01
3.087911224365234375e+01
4.154924774169921875e+01
6.267309570312500000e+01
4.868978881835937500e+01
4.311470031738281250e+01
6.700404357910156250e+01
4.596878814697265625e+01
3.000000000000000000e+01
3.723591995239257812e+01
3.506708908081054688e+01
5.164318084716796875e+01
4.088356018066406250e+01
5.321453857421875000e+01
6.952562713623046875e+01
3.250680541992187500e+01
4.453431320190429688e+01
5.183789825439453125e+01
6.896954345703125000e+01
5.845491027832031250e+01
7.518171691894531250e+01
1.127076873779296875e+02
4.632691574096679688e+01
4.073563766479492188e+01
4.757598876953125000e+01
4.740988159179687500e+01
4.444752502441406250e+01
4.297665405273437500e+01
5.824941635131835938e+01
1.033870086669921875e+02
4.674729919433593750e+01
3.734062194824218750e+01
4.591057968139648438e+01
5.240686035156250000e+01
3.566090011596679688e+01
4.066742324829101562e+01
5.952801513671875000e+01
5.301551055908203125e+01
3.000000000000000000e+01
6.104670333862304688e+01
3.536432647705078125e+01
5.370254898071289062e+01
6.483886718750000000e+01
5.669042205810546875e+01
5.644308471679687500e+01
4.779270935058593750e+01
3.271518325805664062e+01
6.371251296997070312e+01
5.104484558105468750e+01
4.204021453857421875e+01
7.203854370117187500e+01
4.008406448364257812e+01
3.241010284423828125e+01
4.464722442626953125e+01
4.896920013427734375e+01
3.000000000000000000e+01
5.846124267578125000e+01
3.645880889892578125e+01
4.651357269287109375e+01
4.195820617675781250e+01
5.281940460205078125e+01
6.731656646728515625e+01
5.341804885864257812e+01
5.494124221801757812e+01
4.998290252685546875e+01
3.507675933837890625e+01
4.651223754882812500e+01
5.474652099609375000e+01
4.481945800781250000e+01
4.292700958251953125e+01
5.356919479370117188e+01
5.570125198364257812e+01
4.624820709228515625e+01
5.223474121093750000e+01
4.722410583496093750e+01
6.903357696533203125e+01
4.249441528320312500e+01
1.088205718994140625e+02
8.643925476074218750e+01
4.269597244262695312e+01
6.008415985107421875e+01
3.569604492187500000e+01
8.228643035888671875e+01
3.000000000000000000e+01
4.210993576049804688e+01
8.810894775390625000e+01
4.343450927734375000e+01
4.462556457519531250e+01
5.335481262207031250e+01
1.041428680419921875e+02
4.949453353881835938e+01
5.661914825439453125e+01
3.000000000000000000e+01
4.593353271484375000e+01
4.383028793334960938e+01
3.913079071044921875e+01
5.724065399169921875e+01
9.252803039550781250e+01
4.812882614135742188e+01
3.788938903808593750e+01
3.000000000000000000e+01
6.184325408935546875e+01
4.552829742431640625e+01
4.872149276733398438e+01
4.950441741943359375e+01
1.012666854858398438e+02
5.599206542968750000e+01
8.051335144042968750e+01
7.053016662597656250e+01
7.314808654785156250e+01
5.396879577636718750e+01
3.000000000000000000e+01
3.961547088623046875e+01
5.812041091918945312e+01
3.623223114013671875e+01
3.774917221069335938e+01
4.396271514892578125e+01
4.305970764160156250e+01
6.355125808715820312e+01
3.374771881103515625e+01
3.867121124267578125e+01
4.583917999267578125e+01
6.162066650390625000e+01
4.994905853271484375e+01
3.479782104492187500e+01
4.134137725830078125e+01
3.188768768310546875e+01
5.115727996826171875e+01
5.501204681396484375e+01
7.541182708740234375e+01
5.013990402221679688e+01
4.788796234130859375e+01
3.000000000000000000e+01
7.782649993896484375e+01
6.037963867187500000e+01
3.000000000000000000e+01
9.903574371337890625e+01
3.629521560668945312e+01
8.761240386962890625e+01
3.864503097534179688e+01
5.104763031005859375e+01
5.997468566894531250e+01
4.053409576416015625e+01
3.000000000000000000e+01
3.286022949218750000e+01
4.833463287353515625e+01
3.997519302368164062e+01
4.685263824462890625e+01
4.143558883666992188e+01
3.802552795410156250e+01
4.152592086791992188e+01
7.281443023681640625e+01
7.217926025390625000e+01
8.237861633300781250e+01
4.227982330322265625e+01
3.791196441650390625e+01
5.652437973022460938e+01
6.355125427246093750e+01
5.340095901489257812e+01
5.341182708740234375e+01
6.524337768554687500e+01
4.494157409667968750e+01
4.548309326171875000e+01
3.715985488891601562e+01
4.220312500000000000e+01
3.000000000000000000e+01
7.125708007812500000e+01
3.459696197509765625e+01
4.444859313964843750e+01
3.819078063964843750e+01
4.615164184570312500e+01
4.427692031860351562e+01
3.000000000000000000e+01
4.472208404541015625e+01
6.626525115966796875e+01
3.254410171508789062e+01
5.032504653930664062e+01
6.824285888671875000e+01
3.156792640686035156e+01
6.897489929199218750e+01
4.538444519042968750e+01
4.137306594848632812e+01
4.062281036376953125e+01
5.045886993408203125e+01
4.053442001342773438e+01
4.393386459350585938e+01
4.263768005371093750e+01
4.869479370117187500e+01
3.277732849121093750e+01
3.404001617431640625e+01
4.104143142700195312e+01
3.446817398071289062e+01
3.285427856445312500e+01
3.230718994140625000e+01
3.392333602905273438e+01
5.319132995605468750e+01
4.165940856933593750e+01
1.041428680419921875e+02
6.074561691284179688e+01
4.030180740356445312e+01
3.082362365722656250e+01
7.753752899169921875e+01
3.714085769653320312e+01
4.366824340820312500e+01
7.125708007812500000e+01
5.332538604736328125e+01
4.478690338134765625e+01
3.975788116455078125e+01
5.224428939819335938e+01
1.024681549072265625e+02
7.269793701171875000e+01
5.752425003051757812e+01
7.918615722656250000e+01
3.000000000000000000e+01
3.413238906860351562e+01
4.939852523803710938e+01
4.185501861572265625e+01
5.105595397949218750e+01
5.779903030395507812e+01
3.569954681396484375e+01
3.319412612915039062e+01
6.358093261718750000e+01
3.624085998535156250e+01
5.411433029174804688e+01
5.507637786865234375e+01
4.728788757324218750e+01
3.031977844238281250e+01
3.000000000000000000e+01
7.726402282714843750e+01
5.125692749023437500e+01
3.971829986572265625e+01
7.588552093505859375e+01
3.895904541015625000e+01
4.134179687500000000e+01
7.151148986816406250e+01
5.344230651855468750e+01
5.584444808959960938e+01
3.788212203979492188e+01
4.419309997558593750e+01
4.449769592285156250e+01
3.756768798828125000e+01
4.582445526123046875e+01
3.749359130859375000e+01
7.228464508056640625e+01
6.036154174804687500e+01
5.204066467285156250e+01
4.560156250000000000e+01
4.630986785888671875e+01
4.509222412109375000e+01
4.323455047607421875e+01
6.441870117187500000e+01
4.665699386596679688e+01
4.706063461303710938e+01
5.022705841064453125e+01
4.086514282226562500e+01
4.666384124755859375e+01
3.888169479370117188e+01
5.842253875732421875e+01
4.124481201171875000e+01
4.674729919433593750e+01
4.749708938598632812e+01
4.374269104003906250e+01
3.368165206909179688e+01
5.034730148315429688e+01
3.205280685424804688e+01
6.400683593750000000e+01
4.261912918090820312e+01
4.386133193969726562e+01
4.646410369873046875e+01
8.617354583740234375e+01
4.787425613403320312e+01
4.177310943603515625e+01
3.773583221435546875e+01
3.443284606933593750e+01
5.087723159790039062e+01
4.186793518066406250e+01
4.189282226562500000e+01
3.000000000000000000e+01
3.034424209594726562e+01
3.000000000000000000e+01
3.765710067749023438e+01
4.472800827026367188e+01
4.111955261230468750e+01
5.371993255615234375e+01
4.688065338134765625e+01
7.810197448730468750e+01
4.514336395263671875e+01
5.222364425659179688e+01
5.693382263183593750e+01
3.373207855224609375e+01
5.109306716918945312e+01
3.000000000000000000e+01
3.000000000000000000e+01
4.906978988647460938e+01
4.607957458496093750e+01
3.236484909057617188e+01
4.160800552368164062e+01
3.000000000000000000e+01
4.098846817016601562e+01
4.258207321166992188e+01
4.326293563842773438e+01
