4.343425750732421875e+01
5.822346496582031250e+01
4.743021011352539062e+01
3.972583770751953125e+01
5.907119369506835938e+01
7.660183715820312500e+01
3.000000000000000000e+01
1.206663742065429688e+02
5.227811431884765625e+01
1.090753860473632812e+02
4.748973464965820312e+01
1.461011505126953125e+02
4.823109054565429688e+01
3.819366073608398438e+01
4.035456466674804688e+01
7.643583679199218750e+01
6.701155853271484375e+01
4.059757232666015625e+01
4.107386779785156250e+01
1.133715133666992188e+02
3.969670104980468750e+01
7.202006530761718750e+01
3.000000000000000000e+01
6.424208068847656250e+01
6.171516036987304688e+01
8.402038574218750000e+01
4.388046264648437500e+01
5.962432861328125000e+01
1.855370483398437500e+02
8.376939392089843750e+01
6.592465209960937500e+01
4.537471771240234375e+01
5.583674621582031250e+01
1.179073028564453125e+02
8.800068664550781250e+01
6.218257904052734375e+01
6.330382156372070312e+01
5.099175643920898438e+01
4.254000091552734375e+01
7.796730041503906250e+01
3.348126602172851562e+01
3.259627151489257812e+01
4.952359771728515625e+01
5.658660125732421875e+01
3.000000000000000000e+01
3.000000000000000000e+01
5.518961334228515625e+01
6.006549072265625000e+01
1.406909942626953125e+02
5.933096313476562500e+01
4.233364105224609375e+01
4.219771575927734375e+01
5.550450134277343750e+01
4.077181625366210938e+01
9.729193115234375000e+01
4.308070755004882812e+01
9.515223693847656250e+01
4.641432571411132812e+01
6.283847427368164062e+01
5.657606506347656250e+01
5.426909255981445312e+01
6.906513214111328125e+01
3.685610198974609375e+01
5.713953018188476562e+01
8.660108947753906250e+01
4.280769348144531250e+01
5.218541336059570312e+01
3.684322738647460938e+01
4.110383605957031250e+01
7.545344543457031250e+01
6.390693283081054688e+01
4.034341049194335938e+01
1.773522949218750000e+02
4.757263183593750000e+01
6.587690734863281250e+01
6.353098297119140625e+01
5.939894866943359375e+01
5.679507446289062500e+01
4.652696990966796875e+01
7.438182067871093750e+01
3.621923446655273438e+01
6.701155853271484375e+01
5.002250671386718750e+01
7.040821838378906250e+01
7.527890777587890625e+01
6.319147109985351562e+01
3.765670776367187500e+01
4.145106887817382812e+01
4.823109436035156250e+01
5.028849029541015625e+01
4.742250061035156250e+01
4.418804550170898438e+01
7.860176086425781250e+01
4.797626113891601562e+01
1.048921127319335938e+02
1.023183288574218750e+02
5.584601211547851562e+01
4.342164611816406250e+01
8.037495422363281250e+01
4.693467712402343750e+01
7.521977996826171875e+01
6.399450683593750000e+01
1.268598480224609375e+02
4.628241348266601562e+01
4.602410888671875000e+01
6.946932220458984375e+01
3.041946792602539062e+01
6.822778320312500000e+01
4.826203155517578125e+01
3.789256286621093750e+01
4.050300979614257812e+01
4.435081481933593750e+01
6.421311187744140625e+01
6.908197021484375000e+01
4.169633102416992188e+01
3.898689270019531250e+01
1.051377563476562500e+02
4.666494750976562500e+01
6.067050552368164062e+01
4.661964035034179688e+01
3.940017700195312500e+01
4.893031692504882812e+01
4.747027587890625000e+01
4.109143447875976562e+01
3.727661132812500000e+01
4.739754486083984375e+01
6.388142013549804688e+01
6.630668640136718750e+01
4.051416778564453125e+01
6.448705291748046875e+01
5.464100646972656250e+01
1.012055892944335938e+02
7.370945739746093750e+01
6.397151184082031250e+01
7.106690216064453125e+01
6.135904693603515625e+01
8.717485046386718750e+01
3.820645141601562500e+01
3.843090438842773438e+01
6.003676605224609375e+01
4.195980834960937500e+01
8.579596710205078125e+01
5.871244049072265625e+01
5.854272460937500000e+01
6.906872558593750000e+01
4.243909835815429688e+01
7.462634277343750000e+01
8.976631927490234375e+01
5.916094207763671875e+01
1.376391448974609375e+02
5.829137420654296875e+01
6.464459228515625000e+01
4.407227325439453125e+01
9.583674621582031250e+01
5.393547821044921875e+01
8.680785369873046875e+01
4.651797866821289062e+01
1.119745025634765625e+02
4.541047668457031250e+01
6.567280578613281250e+01
3.878107833862304688e+01
6.396393966674804688e+01
5.524329376220703125e+01
3.836150360107421875e+01
6.599701690673828125e+01
4.325020980834960938e+01
6.385292053222656250e+01
4.980771636962890625e+01
3.284079742431640625e+01
1.584701843261718750e+02
6.031421661376953125e+01
5.000160217285156250e+01
3.836835861206054688e+01
3.000000000000000000e+01
5.071827316284179688e+01
8.421565246582031250e+01
4.813695907592773438e+01
4.629340362548828125e+01
6.308940887451171875e+01
5.049346923828125000e+01
5.397767639160156250e+01
6.312492370605468750e+01
6.954943084716796875e+01
6.039006042480468750e+01
3.870570373535156250e+01
5.077762985229492188e+01
3.000000000000000000e+01
6.856303405761718750e+01
5.174751663208007812e+01
4.764261627197265625e+01
5.124281692504882812e+01
7.468063354492187500e+01
5.466615295410156250e+01
3.924568939208984375e+01
6.745617675781250000e+01
5.679315567016601562e+01
7.565911865234375000e+01
6.863352966308593750e+01
9.573676300048828125e+01
8.416554260253906250e+01
7.433442687988281250e+01
7.529260253906250000e+01
8.258477783203125000e+01
4.258989334106445312e+01
5.742956924438476562e+01
4.514206695556640625e+01
6.137164306640625000e+01
9.135179901123046875e+01
1.665937500000000000e+02
3.698694610595703125e+01
4.655648422241210938e+01
7.206242370605468750e+01
4.163890075683593750e+01
4.532146453857421875e+01
3.484644317626953125e+01
3.873120117187500000e+01
5.990030670166015625e+01
5.189271163940429688e+01
5.143984985351562500e+01
4.263799285888671875e+01
3.565259170532226562e+01
6.570127105712890625e+01
9.245301818847656250e+01
4.001510238647460938e+01
3.783367919921875000e+01
3.254399108886718750e+01
5.647823333740234375e+01
7.740599060058593750e+01
5.252673721313476562e+01
8.632154846191406250e+01
3.628663253784179688e+01
4.362579345703125000e+01
5.170195770263671875e+01
6.160204696655273438e+01
4.385105133056640625e+01
6.126791381835937500e+01
4.347135162353515625e+01
4.876645660400390625e+01
5.691174316406250000e+01
5.383116912841796875e+01
4.823054885864257812e+01
1.353181762695312500e+02
6.286511230468750000e+01
7.927938842773437500e+01
7.759108734130859375e+01
4.862520599365234375e+01
5.243018341064453125e+01
1.106655426025390625e+02
2.007149658203125000e+02
5.025572204589843750e+01
5.266073608398437500e+01
3.968352127075195312e+01
4.835066223144531250e+01
9.324130249023437500e+01
4.472438812255859375e+01
7.357273864746093750e+01
4.988378524780273438e+01
3.546434783935546875e+01
3.663023376464843750e+01
1.497288208007812500e+02
5.008905792236328125e+01
5.906678771972656250e+01
5.111412429809570312e+01
3.750143432617187500e+01
1.575473632812500000e+02
6.491000366210937500e+01
1.174288101196289062e+02
8.478396606445312500e+01
7.080599975585937500e+01
7.070558166503906250e+01
5.629654693603515625e+01
5.847567749023437500e+01
7.927938842773437500e+01
6.790668487548828125e+01
8.988552856445312500e+01
3.000000000000000000e+01
6.466625976562500000e+01
7.192032623291015625e+01
1.002161865234375000e+02
9.213252258300781250e+01
7.685129547119140625e+01
7.216018676757812500e+01
5.678651428222656250e+01
3.962396240234375000e+01
6.197703933715820312e+01
3.697439575195312500e+01
4.967800903320312500e+01
5.156040191650390625e+01
4.100150680541992188e+01
4.192447280883789062e+01
4.415943145751953125e+01
7.107066345214843750e+01
3.054990768432617188e+01
7.897119140625000000e+01
4.927745056152343750e+01
4.275707626342773438e+01
5.597763061523437500e+01
6.037018585205078125e+01
4.448850250244140625e+01
6.548342895507812500e+01
9.309922790527343750e+01
3.634304428100585938e+01
3.632244491577148438e+01
7.181207275390625000e+01
6.804613494873046875e+01
4.531847381591796875e+01
7.433432769775390625e+01
7.673455047607421875e+01
7.209948730468750000e+01
7.882152557373046875e+01
1.013869171142578125e+02
4.786472702026367188e+01
8.598999023437500000e+01
7.009267425537109375e+01
1.009651794433593750e+02
4.345777893066406250e+01
3.579955673217773438e+01
1.098921051025390625e+02
5.377673339843750000e+01
8.037495422363281250e+01
4.667609405517578125e+01
4.838879013061523438e+01
3.583085632324218750e+01
4.766282272338867188e+01
3.916084289550781250e+01
4.021251678466796875e+01
3.637153625488281250e+01
3.728771209716796875e+01
1.773522949218750000e+02
3.456083297729492188e+01
7.034315490722656250e+01
4.129614639282226562e+01
6.417904663085937500e+01
4.076464843750000000e+01
4.450492095947265625e+01
4.652129364013671875e+01
8.034058380126953125e+01
5.414353179931640625e+01
3.132907104492187500e+01
3.698754501342773438e+01
5.426453781127929688e+01
1.078312072753906250e+02
3.897286987304687500e+01
7.209948730468750000e+01
3.967280578613281250e+01
5.449236297607421875e+01
9.292115783691406250e+01
4.172231292724609375e+01
4.959638595581054688e+01
7.166152191162109375e+01
1.265237579345703125e+02
1.416412200927734375e+02
6.140708160400390625e+01
6.906513214111328125e+01
4.846241760253906250e+01
7.379210662841796875e+01
5.075356292724609375e+01
3.311011505126953125e+01
8.719809722900390625e+01
5.377221679687500000e+01
7.938890075683593750e+01
1.237857666015625000e+02
6.401428222656250000e+01
7.696582031250000000e+01
7.129636383056640625e+01
4.525171661376953125e+01
7.732700347900390625e+01
1.257224731445312500e+02
3.831108856201171875e+01
5.214456558227539062e+01
5.808257293701171875e+01
4.413678741455078125e+01
9.267064666748046875e+01
1.236447753906250000e+02
6.376737213134765625e+01
8.373802185058593750e+01
6.660968017578125000e+01
8.376939392089843750e+01
8.031433105468750000e+01
6.944924163818359375e+01
5.641367340087890625e+01
3.904733276367187500e+01
3.540739059448242188e+01
6.844960021972656250e+01
5.017494583129882812e+01
6.286511230468750000e+01
4.547799682617187500e+01
4.093159866333007812e+01
4.648616027832031250e+01
2.392925567626953125e+02
4.996351623535156250e+01
5.184622573852539062e+01
4.396586608886718750e+01
3.000000000000000000e+01
5.007284545898437500e+01
5.694224166870117188e+01
6.725753784179687500e+01
8.185198974609375000e+01
6.897337341308593750e+01
4.224193572998046875e+01
4.573180770874023438e+01
4.727880096435546875e+01
1.417984466552734375e+02
4.019524383544921875e+01
4.111545562744140625e+01
8.827896881103515625e+01
5.385830688476562500e+01
5.791016006469726562e+01
7.927828979492187500e+01
1.299834289550781250e+02
6.829270172119140625e+01
7.882347106933593750e+01
6.006355285644531250e+01
5.289803314208984375e+01
7.462641906738281250e+01
4.964510345458984375e+01
1.053514785766601562e+02
1.070954437255859375e+02
3.495886230468750000e+01
3.810915374755859375e+01
8.031126403808593750e+01
3.564156341552734375e+01
3.750208282470703125e+01
1.119491729736328125e+02
6.818050384521484375e+01
6.553644561767578125e+01
5.952563858032226562e+01
4.594889450073242188e+01
7.203104400634765625e+01
8.003911590576171875e+01
4.684484100341796875e+01
7.034315490722656250e+01
2.019212493896484375e+02
4.766282272338867188e+01
1.148177261352539062e+02
4.540050125122070312e+01
6.069922637939453125e+01
7.106008911132812500e+01
5.962432861328125000e+01
4.608037567138671875e+01
6.455513763427734375e+01
3.747206497192382812e+01
6.124972534179687500e+01
4.519158935546875000e+01
4.857676696777343750e+01
3.718350601196289062e+01
5.513049316406250000e+01
5.597706604003906250e+01
2.015314331054687500e+02
7.082240295410156250e+01
4.734682083129882812e+01
4.407227325439453125e+01
4.641452789306640625e+01
5.189837646484375000e+01
6.912210845947265625e+01
3.000000000000000000e+01
6.894760131835937500e+01
9.112359619140625000e+01
5.527622985839843750e+01
9.930194091796875000e+01
8.398822784423828125e+01
5.275117492675781250e+01
4.743211364746093750e+01
4.634091186523437500e+01
4.381042480468750000e+01
1.826601562500000000e+02
3.388119506835937500e+01
4.997720336914062500e+01
4.534894561767578125e+01
4.165653991699218750e+01
1.162948074340820312e+02
4.159008789062500000e+01
4.491360092163085938e+01
1.374660949707031250e+02
6.804613494873046875e+01
7.017581176757812500e+01
5.861545562744140625e+01
5.966545867919921875e+01
5.121798706054687500e+01
7.047109985351562500e+01
6.847142028808593750e+01
7.575651550292968750e+01
7.397032165527343750e+01
4.280792236328125000e+01
4.553784561157226562e+01
9.129071044921875000e+01
5.475317382812500000e+01
4.532146453857421875e+01
6.893632507324218750e+01
7.621382141113281250e+01
5.911502456665039062e+01
4.850558471679687500e+01
4.612531280517578125e+01
3.341514587402343750e+01
4.796540832519531250e+01
3.409596252441406250e+01
4.057809066772460938e+01
4.174781036376953125e+01
6.810421752929687500e+01
4.121756362915039062e+01
4.834268188476562500e+01
4.179885101318359375e+01
8.663467407226562500e+01
5.211858367919921875e+01
4.072991180419921875e+01
3.764050292968750000e+01
4.999987792968750000e+01
4.311085128784179688e+01
3.230998992919921875e+01
3.716221237182617188e+01
7.012915039062500000e+01
3.462800598144531250e+01
5.331710052490234375e+01
3.494600296020507812e+01
5.174178314208984375e+01
4.479360198974609375e+01
4.035456466674804688e+01
1.131207427978515625e+02
5.286830139160156250e+01
6.971389007568359375e+01
8.495958709716796875e+01
4.111545562744140625e+01
7.103276062011718750e+01
5.391693878173828125e+01
5.537504959106445312e+01
1.024729919433593750e+02
4.836455154418945312e+01
1.524010772705078125e+02
7.719145965576171875e+01
4.027373504638671875e+01
4.595331192016601562e+01
8.583999633789062500e+01
5.674146652221679688e+01
6.332706069946289062e+01
5.111412429809570312e+01
2.064786529541015625e+02
4.296719360351562500e+01
8.011296081542968750e+01
5.586458587646484375e+01
5.424555206298828125e+01
4.998096084594726562e+01
7.731759643554687500e+01
4.509044647216796875e+01
6.234464263916015625e+01
5.330072784423828125e+01
4.192607498168945312e+01
4.683354187011718750e+01
3.743441009521484375e+01
4.994538879394531250e+01
3.920348739624023438e+01
3.698681640625000000e+01
3.530309677124023438e+01
3.877891159057617188e+01
4.510056686401367188e+01
4.977581024169921875e+01
4.395714569091796875e+01
5.065583801269531250e+01
6.822778320312500000e+01
5.835767745971679688e+01
1.665937500000000000e+02
7.625131225585937500e+01
9.892240905761718750e+01
7.388143920898437500e+01
9.825535583496093750e+01
3.988172149658203125e+01
5.822811508178710938e+01
8.767943572998046875e+01
5.251514434814453125e+01
4.769252777099609375e+01
7.803224182128906250e+01
6.687898254394531250e+01
6.812414550781250000e+01
4.169633102416992188e+01
4.067158889770507812e+01
5.815050506591796875e+01
8.744996643066406250e+01
4.226928329467773438e+01
4.784791946411132812e+01
3.955275726318359375e+01
3.673500442504882812e+01
7.812031555175781250e+01
4.742250061035156250e+01
4.725200271606445312e+01
3.877748870849609375e+01
4.460266494750976562e+01
8.864987182617187500e+01
1.071151428222656250e+02
4.035786437988281250e+01
3.855546569824218750e+01
5.362694168090820312e+01
8.185198974609375000e+01
6.278404617309570312e+01
5.227417755126953125e+01
4.905538177490234375e+01
7.579232788085937500e+01
4.850505065917968750e+01
4.565828704833984375e+01
6.278398132324218750e+01
6.131235885620117188e+01
3.722672653198242188e+01
9.079161071777343750e+01
4.938857269287109375e+01
7.436756896972656250e+01
5.725342559814453125e+01
4.012265777587890625e+01
3.588016510009765625e+01
5.444349670410156250e+01
6.538270568847656250e+01
4.392538833618164062e+01
6.567929840087890625e+01
4.717940139770507812e+01
3.519422531127929688e+01
6.026314544677734375e+01
5.459693908691406250e+01
3.817641448974609375e+01
4.902291107177734375e+01
5.842977523803710938e+01
5.597706985473632812e+01
5.522634124755859375e+01
5.815634155273437500e+01
3.502008819580078125e+01
6.107480621337890625e+01
1.270580444335937500e+02
5.738641357421875000e+01
5.384499359130859375e+01
9.825535583496093750e+01
6.140708160400390625e+01
6.137777709960937500e+01
7.621382141113281250e+01
4.323120880126953125e+01
3.009510612487792969e+01
6.612757110595703125e+01
3.837341690063476562e+01
3.839817810058593750e+01
1.390711669921875000e+02
5.597153091430664062e+01
3.000000000000000000e+01
3.819985961914062500e+01
1.040925292968750000e+02
8.343942260742187500e+01
4.784733963012695312e+01
1.211552124023437500e+02
4.525562286376953125e+01
1.080975265502929688e+02
7.326396179199218750e+01
1.265923461914062500e+02
6.476102447509765625e+01
4.891713333129882812e+01
9.763458251953125000e+01
8.835736846923828125e+01
6.496939849853515625e+01
5.414353179931640625e+01
4.270664978027343750e+01
3.000000000000000000e+01
4.539856338500976562e+01
5.214795684814453125e+01
5.248039245605468750e+01
4.647088623046875000e+01
7.378210449218750000e+01
6.902354431152343750e+01
4.822359848022460938e+01
3.000000000000000000e+01
5.062492752075195312e+01
5.415881347656250000e+01
4.742579269409179688e+01
1.324373779296875000e+02
5.462794113159179688e+01
6.718564605712890625e+01
4.795793533325195312e+01
4.794665145874023438e+01
3.675359725952148438e+01
8.579596710205078125e+01
6.120335006713867188e+01
6.317782592773437500e+01
8.011705017089843750e+01
5.623569488525390625e+01
4.340509033203125000e+01
3.422293853759765625e+01
4.306591033935546875e+01
5.883483886718750000e+01
6.170819091796875000e+01
1.826601562500000000e+02
4.803415298461914062e+01
6.400097656250000000e+01
9.482941436767578125e+01
1.010044097900390625e+02
4.649792098999023438e+01
5.042989349365234375e+01
4.842755126953125000e+01
5.990650939941406250e+01
6.624913024902343750e+01
4.300823974609375000e+01
4.934131622314453125e+01
6.301449203491210938e+01
8.415431976318359375e+01
6.060636901855468750e+01
1.524010772705078125e+02
6.789385986328125000e+01
3.000000000000000000e+01
5.450763702392578125e+01
6.364640808105468750e+01
1.748174438476562500e+02
1.039964752197265625e+02
5.237196350097656250e+01
7.268679809570312500e+01
3.000000000000000000e+01
4.677084732055664062e+01
1.007010269165039062e+02
3.615250396728515625e+01
3.618490600585937500e+01
7.119618225097656250e+01
8.607721710205078125e+01
6.091747665405273438e+01
1.188775253295898438e+02
3.896520233154296875e+01
5.023385238647460938e+01
5.377673339843750000e+01
8.486611938476562500e+01
5.423524475097656250e+01
4.204807281494140625e+01
4.326125717163085938e+01
3.795660400390625000e+01
3.140371894836425781e+01
4.019524383544921875e+01
4.143039703369140625e+01
6.537664794921875000e+01
6.818050384521484375e+01
5.458887863159179688e+01
4.262235260009765625e+01
4.646901321411132812e+01
5.184622573852539062e+01
4.082387924194335938e+01
7.807095336914062500e+01
3.283615875244140625e+01
5.535404205322265625e+01
8.639701843261718750e+01
4.523682403564453125e+01
4.546649169921875000e+01
3.193435478210449219e+01
6.567280578613281250e+01
7.304782104492187500e+01
4.895431900024414062e+01
6.113372039794921875e+01
6.289510345458984375e+01
7.517756652832031250e+01
5.583290100097656250e+01
4.583455657958984375e+01
5.172140502929687500e+01
7.536177062988281250e+01
5.121798706054687500e+01
6.117099761962890625e+01
4.637571334838867188e+01
5.632329559326171875e+01
4.872516632080078125e+01
5.444303131103515625e+01
4.747751617431640625e+01
4.448850250244140625e+01
5.376732635498046875e+01
4.040731048583984375e+01
6.702343750000000000e+01
6.476689147949218750e+01
4.597072982788085938e+01
7.367137908935546875e+01
3.938363265991210938e+01
5.383116912841796875e+01
7.384588623046875000e+01
5.184500885009765625e+01
6.021774291992187500e+01
5.725105285644531250e+01
6.154866409301757812e+01
4.257347869873046875e+01
6.522724914550781250e+01
4.844782638549804688e+01
5.592598342895507812e+01
7.850418853759765625e+01
1.133715133666992188e+02
1.572019195556640625e+02
4.996231079101562500e+01
3.000000000000000000e+01
4.222674179077148438e+01
6.996714782714843750e+01
7.082240295410156250e+01
7.851163482666015625e+01
6.067321777343750000e+01
9.591472625732421875e+01
5.062492752075195312e+01
4.715851593017578125e+01
4.234648513793945312e+01
4.803883743286132812e+01
5.380816268920898438e+01
3.597952651977539062e+01
4.594347763061523438e+01
8.595262145996093750e+01
5.616295623779296875e+01
4.327635955810546875e+01
1.059756622314453125e+02
5.994542694091796875e+01
5.686112213134765625e+01
7.545344543457031250e+01
6.142644882202148438e+01
4.728367233276367188e+01
4.204807281494140625e+01
2.244870910644531250e+02
8.969097900390625000e+01
4.068329620361328125e+01
4.743371200561523438e+01
4.797635650634765625e+01
1.088042602539062500e+02
3.801737213134765625e+01
4.094216537475585938e+01
5.866874694824218750e+01
4.647088623046875000e+01
6.604487609863281250e+01
4.666223144531250000e+01
4.883480834960937500e+01
5.763177108764648438e+01
5.923113250732421875e+01
5.966737747192382812e+01
4.937706756591796875e+01
5.190803909301757812e+01
6.773755645751953125e+01
1.745843353271484375e+02
5.365191650390625000e+01
4.572080230712890625e+01
6.030517196655273438e+01
5.612960052490234375e+01
4.256606674194335938e+01
7.957624816894531250e+01
5.398455810546875000e+01
5.099170303344726562e+01
4.346504211425781250e+01
8.396835327148437500e+01
6.820702362060546875e+01
3.871156311035156250e+01
4.573071289062500000e+01
6.585759735107421875e+01
4.027373504638671875e+01
4.591155242919921875e+01
3.419824981689453125e+01
8.105965423583984375e+01
5.180133438110351562e+01
3.413834381103515625e+01
4.796353912353515625e+01
5.597763061523437500e+01
8.658812713623046875e+01
9.088219451904296875e+01
9.792134094238281250e+01
6.252785110473632812e+01
7.575650787353515625e+01
6.976290130615234375e+01
4.435290908813476562e+01
7.850418853759765625e+01
5.064563751220703125e+01
3.854125595092773438e+01
4.103527450561523438e+01
3.991526794433593750e+01
1.314096679687500000e+02
5.844090652465820312e+01
3.478009033203125000e+01
5.990980148315429688e+01
3.669203567504882812e+01
1.083530578613281250e+02
6.225088500976562500e+01
4.324475097656250000e+01
4.912232971191406250e+01
7.935586547851562500e+01
6.773687744140625000e+01
6.871808624267578125e+01
4.626282882690429688e+01
4.207434082031250000e+01
4.312464141845703125e+01
5.766288757324218750e+01
6.066894149780273438e+01
1.127502365112304688e+02
1.071672668457031250e+02
1.367013092041015625e+02
5.496808624267578125e+01
4.153403472900390625e+01
5.142254638671875000e+01
3.187873649597167969e+01
5.943712234497070312e+01
3.000000000000000000e+01
3.609506988525390625e+01
6.773716735839843750e+01
1.261623077392578125e+02
4.879221343994140625e+01
3.000000000000000000e+01
5.632480621337890625e+01
5.374415588378906250e+01
4.205551528930664062e+01
4.405309295654296875e+01
6.170819091796875000e+01
4.571089172363281250e+01
7.171622467041015625e+01
4.677085113525390625e+01
5.112685775756835938e+01
4.818835067749023438e+01
3.475389862060546875e+01
4.823409652709960938e+01
4.260248565673828125e+01
5.102619171142578125e+01
5.273618316650390625e+01
9.002703857421875000e+01
4.967473983764648438e+01
7.759108734130859375e+01
5.879411315917968750e+01
3.000000000000000000e+01
7.285285949707031250e+01
4.337543106079101562e+01
3.914005279541015625e+01
4.578255081176757812e+01
5.126259613037109375e+01
4.384968566894531250e+01
9.705822753906250000e+01
4.224193572998046875e+01
3.390642547607421875e+01
2.015314331054687500e+02
7.664508819580078125e+01
4.211971282958984375e+01
5.255304336547851562e+01
6.884461975097656250e+01
4.179885101318359375e+01
4.892748641967773438e+01
9.911745452880859375e+01
4.501793670654296875e+01
6.365755462646484375e+01
4.652696990966796875e+01
3.680910110473632812e+01
5.028849029541015625e+01
6.257203674316406250e+01
5.472611618041992188e+01
4.767758178710937500e+01
5.427562332153320312e+01
5.597935485839843750e+01
4.364783477783203125e+01
5.377221298217773438e+01
4.101181411743164062e+01
4.041014862060546875e+01
5.803128814697265625e+01
6.913033294677734375e+01
4.456116104125976562e+01
9.753105163574218750e+01
4.119261169433593750e+01
4.544343566894531250e+01
6.690672302246093750e+01
6.916581726074218750e+01
4.238872909545898438e+01
5.482691192626953125e+01
4.518978118896484375e+01
5.095065307617187500e+01
6.476820373535156250e+01
9.474573516845703125e+01
5.074201965332031250e+01
4.807017517089843750e+01
5.861545562744140625e+01
4.938227844238281250e+01
5.233875656127929688e+01
3.346426391601562500e+01
4.657905578613281250e+01
4.824697494506835938e+01
4.661964416503906250e+01
6.292503356933593750e+01
8.062281036376953125e+01
4.556284332275390625e+01
5.513375473022460938e+01
3.738212966918945312e+01
5.133768463134765625e+01
6.388142013549804688e+01
8.259924316406250000e+01
4.883480834960937500e+01
5.521542739868164062e+01
5.802659988403320312e+01
4.657905578613281250e+01
4.966498184204101562e+01
4.709796905517578125e+01
3.965869140625000000e+01
4.399084472656250000e+01
5.099365997314453125e+01
6.515164947509765625e+01
3.157865333557128906e+01
5.008905792236328125e+01
5.073358917236328125e+01
8.655699157714843750e+01
3.810057449340820312e+01
5.792406463623046875e+01
3.659140014648437500e+01
5.927581024169921875e+01
6.014279556274414062e+01
3.693040466308593750e+01
5.896538543701171875e+01
3.585760879516601562e+01
6.777659606933593750e+01
6.055436325073242188e+01
6.136776351928710938e+01
4.966695404052734375e+01
4.314998245239257812e+01
6.989779663085937500e+01
6.713821411132812500e+01
3.781909561157226562e+01
4.476293945312500000e+01
6.916854858398437500e+01
6.731221008300781250e+01
7.433442687988281250e+01
4.092433166503906250e+01
8.450108337402343750e+01
4.234832000732421875e+01
4.491802215576171875e+01
5.135568237304687500e+01
4.517926788330078125e+01
5.484676361083984375e+01
3.537480545043945312e+01
7.106008911132812500e+01
6.019391632080078125e+01
4.655648422241210938e+01
3.882229614257812500e+01
5.528126525878906250e+01
7.336056518554687500e+01
5.917373657226562500e+01
3.000000000000000000e+01
4.283870697021484375e+01
3.916406250000000000e+01
4.897234725952148438e+01
8.913715362548828125e+01
5.099175643920898438e+01
6.743460083007812500e+01
6.586744689941406250e+01
4.768198013305664062e+01
4.304045104980468750e+01
4.549569702148437500e+01
3.000000000000000000e+01
5.528126525878906250e+01
6.154866027832031250e+01
4.945960998535156250e+01
5.162668228149414062e+01
4.164795684814453125e+01
7.787316131591796875e+01
5.864598846435546875e+01
7.135332489013671875e+01
5.937705993652343750e+01
3.298793029785156250e+01
7.412258911132812500e+01
3.414998626708984375e+01
7.692671203613281250e+01
3.480838775634765625e+01
5.426709747314453125e+01
4.281908416748046875e+01
3.000000000000000000e+01
4.721458435058593750e+01
4.303082275390625000e+01
7.723937988281250000e+01
4.528236007690429688e+01
8.259924316406250000e+01
4.979531097412109375e+01
3.785950851440429688e+01
3.807183837890625000e+01
4.057012176513671875e+01
3.935449600219726562e+01
4.713697052001953125e+01
6.404742431640625000e+01
6.725753784179687500e+01
5.537504959106445312e+01
3.873628234863281250e+01
4.257578659057617188e+01
6.377421951293945312e+01
5.128720855712890625e+01
5.585182571411132812e+01
4.756943130493164062e+01
4.544839477539062500e+01
4.627671432495117188e+01
4.637571334838867188e+01
4.581392669677734375e+01
5.227164840698242188e+01
3.426874923706054688e+01
4.930675888061523438e+01
4.018631744384765625e+01
3.535392379760742188e+01
4.601889038085937500e+01
3.457776641845703125e+01
5.866147232055664062e+01
5.010039901733398438e+01
6.003676605224609375e+01
4.979531097412109375e+01
6.539318847656250000e+01
3.261046600341796875e+01
5.181613922119140625e+01
5.912211608886718750e+01
3.227870559692382812e+01
4.726236343383789062e+01
6.505393981933593750e+01
3.000000000000000000e+01
5.428561401367187500e+01
4.918376922607421875e+01
4.595331192016601562e+01
4.225460815429687500e+01
6.897337341308593750e+01
3.105027008056640625e+01
3.993113327026367188e+01
5.817904663085937500e+01
3.998780059814453125e+01
7.935586547851562500e+01
7.782698822021484375e+01
3.000000000000000000e+01
7.934849548339843750e+01
1.006066589355468750e+02
4.608037567138671875e+01
5.613824844360351562e+01
5.557083129882812500e+01
6.126791381835937500e+01
7.927828979492187500e+01
5.474980926513671875e+01
6.084096145629882812e+01
7.853407287597656250e+01
4.357080459594726562e+01
7.876629638671875000e+01
3.787739944458007812e+01
4.006455612182617188e+01
3.429299163818359375e+01
4.626702499389648438e+01
3.000000000000000000e+01
7.539430236816406250e+01
4.472935485839843750e+01
4.572080230712890625e+01
3.792167663574218750e+01
4.744588088989257812e+01
4.397037124633789062e+01
5.280817031860351562e+01
6.720323181152343750e+01
7.131224060058593750e+01
4.639759826660156250e+01
5.995008850097656250e+01
4.702030181884765625e+01
4.408441925048828125e+01
4.917861175537109375e+01
4.966695404052734375e+01
4.047876739501953125e+01
3.605935668945312500e+01
4.591940307617187500e+01
4.527493667602539062e+01
4.916689682006835938e+01
4.367580413818359375e+01
6.301448822021484375e+01
4.507034301757812500e+01
3.920348739624023438e+01
4.524364471435546875e+01
6.549783325195312500e+01
4.999443817138671875e+01
7.383748626708984375e+01
8.828359222412109375e+01
4.471200942993164062e+01
5.000160217285156250e+01
4.743455886840820312e+01
4.979757308959960938e+01
3.251619338989257812e+01
3.963833236694335938e+01
5.801036453247070312e+01
8.011705017089843750e+01
4.919065093994140625e+01
4.012147521972656250e+01
4.698714447021484375e+01
5.371164321899414062e+01
3.000000000000000000e+01
4.998096466064453125e+01
6.142644882202148438e+01
4.740872955322265625e+01
3.283615875244140625e+01
7.703340911865234375e+01
3.605662536621093750e+01
5.623368835449218750e+01
6.026314544677734375e+01
7.866432189941406250e+01
4.840715408325195312e+01
3.669947052001953125e+01
3.281854248046875000e+01
8.178485107421875000e+01
5.011248016357421875e+01
4.065974044799804688e+01
6.060637283325195312e+01
3.781565856933593750e+01
4.794479370117187500e+01
4.649792098999023438e+01
3.844815063476562500e+01
4.258988952636718750e+01
7.578664398193359375e+01
5.869666290283203125e+01
5.342544555664062500e+01
3.754348373413085938e+01
4.807138442993164062e+01
6.565220642089843750e+01
5.812919235229492188e+01
5.495132827758789062e+01
4.368723297119140625e+01
4.421327590942382812e+01
4.720207977294921875e+01
5.182482528686523438e+01
3.988172149658203125e+01
4.167538452148437500e+01
4.623279953002929688e+01
5.695895385742187500e+01
3.979519653320312500e+01
5.063388442993164062e+01
4.171216583251953125e+01
6.585217285156250000e+01
3.969254684448242188e+01
8.371810913085937500e+01
8.818512725830078125e+01
5.099640274047851562e+01
3.572652816772460938e+01
4.605496978759765625e+01
8.454638671875000000e+01
6.805395507812500000e+01
3.525528717041015625e+01
6.155953979492187500e+01
4.580897903442382812e+01
4.254070281982421875e+01
5.043331146240234375e+01
7.246867370605468750e+01
4.532538223266601562e+01
6.546744537353515625e+01
3.818399429321289062e+01
5.601646423339843750e+01
4.021784210205078125e+01
3.408760833740234375e+01
4.992094039916992188e+01
1.054277877807617188e+02
5.317544937133789062e+01
4.233920669555664062e+01
3.726988601684570312e+01
5.442299652099609375e+01
4.930826568603515625e+01
5.410113906860351562e+01
5.002811431884765625e+01
9.792134857177734375e+01
4.770255661010742188e+01
5.056032562255859375e+01
7.798197937011718750e+01
6.317745971679687500e+01
6.283897399902343750e+01
3.000000000000000000e+01
3.981200408935546875e+01
5.434038925170898438e+01
3.885780334472656250e+01
4.846295166015625000e+01
3.071446990966796875e+01
3.889334869384765625e+01
5.745967864990234375e+01
3.192276191711425781e+01
3.289693450927734375e+01
4.285129165649414062e+01
7.027135467529296875e+01
4.271717834472656250e+01
3.086153221130371094e+01
4.366005325317382812e+01
3.534922790527343750e+01
3.290879821777343750e+01
5.389944076538085938e+01
5.871244049072265625e+01
4.073936080932617188e+01
3.819366073608398438e+01
3.000000000000000000e+01
4.553784561157226562e+01
6.541692352294921875e+01
3.067896080017089844e+01
6.989779663085937500e+01
4.418233871459960938e+01
7.981800079345703125e+01
4.432693481445312500e+01
4.301559448242187500e+01
6.204967880249023438e+01
4.286846160888671875e+01
3.480099105834960938e+01
4.559489440917968750e+01
5.077400970458984375e+01
5.289803314208984375e+01
3.430555725097656250e+01
3.967261505126953125e+01
5.809826660156250000e+01
4.209020996093750000e+01
6.604487609863281250e+01
8.079550933837890625e+01
7.673455047607421875e+01
5.648967361450195312e+01
4.449507141113281250e+01
4.509806442260742188e+01
5.745967864990234375e+01
5.149283599853515625e+01
5.162408065795898438e+01
5.550140380859375000e+01
6.443579864501953125e+01
4.330543518066406250e+01
4.586956024169921875e+01
4.057181549072265625e+01
4.237055206298828125e+01
6.783439636230468750e+01
3.878380584716796875e+01
4.331682586669921875e+01
4.465742492675781250e+01
3.931938934326171875e+01
4.704550170898437500e+01
3.747043228149414062e+01
5.449236297607421875e+01
5.872411346435546875e+01
3.650059890747070312e+01
6.039006042480468750e+01
5.990980148315429688e+01
3.000000000000000000e+01
5.143269348144531250e+01
3.877304077148437500e+01
4.012883758544921875e+01
3.757852172851562500e+01
4.850229644775390625e+01
4.896655654907226562e+01
4.329275131225585938e+01
3.862980651855468750e+01
4.169013214111328125e+01
5.876331329345703125e+01
4.282193374633789062e+01
4.448913955688476562e+01
3.618403244018554688e+01
3.625060653686523438e+01
4.513378524780273438e+01
3.714496612548828125e+01
4.809471893310546875e+01
5.067427062988281250e+01
7.246867370605468750e+01
4.368123626708984375e+01
3.601255035400390625e+01
3.000000000000000000e+01
8.396588134765625000e+01
5.424555206298828125e+01
4.126161956787109375e+01
6.783439636230468750e+01
5.050144195556640625e+01
4.383754730224609375e+01
3.582223510742187500e+01
4.121756362915039062e+01
1.068218994140625000e+02
8.068629455566406250e+01
4.628694534301757812e+01
9.578244018554687500e+01
4.628241348266601562e+01
3.000000000000000000e+01
8.819265747070312500e+01
4.574974822998046875e+01
5.086765289306640625e+01
5.430688476562500000e+01
3.121582794189453125e+01
3.249264907836914062e+01
9.233219909667968750e+01
3.453187179565429688e+01
5.433715438842773438e+01
7.412133789062500000e+01
4.549224853515625000e+01
3.199515914916992188e+01
5.384499359130859375e+01
1.006066589355468750e+02
3.974481201171875000e+01
3.796100997924804688e+01
9.152082824707031250e+01
4.212722778320312500e+01
3.000000000000000000e+01
8.362239837646484375e+01
4.695989227294921875e+01
5.365290832519531250e+01
3.688343811035156250e+01
4.852838897705078125e+01
4.714265823364257812e+01
3.878298568725585938e+01
4.232128143310546875e+01
4.519308471679687500e+01
5.192464447021484375e+01
5.917383193969726562e+01
4.797451782226562500e+01
4.053149795532226562e+01
4.814636611938476562e+01
4.935072326660156250e+01
3.663575744628906250e+01
5.665106964111328125e+01
5.320925521850585938e+01
4.701831054687500000e+01
4.628366851806640625e+01
3.257578277587890625e+01
3.000000000000000000e+01
3.203404998779296875e+01
4.877266311645507812e+01
4.239474487304687500e+01
4.919065093994140625e+01
4.728367233276367188e+01
3.682556915283203125e+01
5.172090148925781250e+01
5.159011840820312500e+01
5.534394073486328125e+01
8.843862152099609375e+01
5.582683563232421875e+01
4.562438583374023438e+01
3.903576278686523438e+01
8.658812713623046875e+01
4.845047760009765625e+01
3.306162643432617188e+01
3.000000000000000000e+01
5.334024047851562500e+01
6.451920318603515625e+01
3.969202041625976562e+01
4.295475387573242188e+01
3.000000000000000000e+01
3.843515777587890625e+01
4.711600875854492188e+01
3.802157592773437500e+01
5.128323745727539062e+01
4.170642089843750000e+01
6.403171539306640625e+01
5.104533386230468750e+01
4.860320663452148438e+01
4.213414001464843750e+01
3.595750045776367188e+01
7.435456848144531250e+01
3.384475708007812500e+01
5.363671875000000000e+01
3.000000000000000000e+01
3.000000000000000000e+01
4.696743774414062500e+01
4.433730697631835938e+01
3.200341415405273438e+01
4.582464599609375000e+01
3.000000000000000000e+01
3.846821594238281250e+01
4.230052566528320312e+01
3.447554016113281250e+01
