5.167641067504882812e+01
6.146255874633789062e+01
3.987039184570312500e+01
4.022802734375000000e+01
6.093167114257812500e+01
6.221368408203125000e+01
3.000000000000000000e+01
7.608293151855468750e+01
5.801615142822265625e+01
1.247800369262695312e+02
4.678024291992187500e+01
1.220720672607421875e+02
5.130247497558593750e+01
4.874568939208984375e+01
3.684961318969726562e+01
7.296324157714843750e+01
6.170366287231445312e+01
4.257082366943359375e+01
4.357618713378906250e+01
1.273270416259765625e+02
3.879270172119140625e+01
8.973666381835937500e+01
3.798632049560546875e+01
3.708018493652343750e+01
3.526188278198242188e+01
7.103330230712890625e+01
3.000000000000000000e+01
6.253068542480468750e+01
1.957854309082031250e+02
4.965191650390625000e+01
6.151894378662109375e+01
5.314811706542968750e+01
4.678277206420898438e+01
1.025246887207031250e+02
5.134293365478515625e+01
6.729591369628906250e+01
6.515615844726562500e+01
5.228412628173828125e+01
4.808780670166015625e+01
3.000000000000000000e+01
4.088715362548828125e+01
3.000000000000000000e+01
6.176895523071289062e+01
4.889266204833984375e+01
3.147547912597656250e+01
3.730381393432617188e+01
5.021518707275390625e+01
6.171963882446289062e+01
1.379239349365234375e+02
4.026556777954101562e+01
4.304317855834960938e+01
3.422822952270507812e+01
7.912792205810546875e+01
4.679887390136718750e+01
1.160473022460937500e+02
6.093590545654296875e+01
7.769948577880859375e+01
5.331675338745117188e+01
6.381357955932617188e+01
6.491639709472656250e+01
6.170509719848632812e+01
8.638417816162109375e+01
4.000014114379882812e+01
8.365318298339843750e+01
9.729586791992187500e+01
5.660067749023437500e+01
4.935094451904296875e+01
3.000000000000000000e+01
4.555671310424804688e+01
5.001295471191406250e+01
6.359845733642578125e+01
3.699752807617187500e+01
1.166347045898437500e+02
4.013793945312500000e+01
5.852890396118164062e+01
5.717237854003906250e+01
4.965148925781250000e+01
3.357912826538085938e+01
4.070907974243164062e+01
5.386081695556640625e+01
3.941711044311523438e+01
6.170366287231445312e+01
5.384426879882812500e+01
1.064350585937500000e+02
8.770935821533203125e+01
3.000000000000000000e+01
3.823777008056640625e+01
4.967325592041015625e+01
5.130247497558593750e+01
5.331439208984375000e+01
4.190845489501953125e+01
4.864749145507812500e+01
7.538501739501953125e+01
5.783724594116210938e+01
1.021831512451171875e+02
8.132016754150390625e+01
6.213362121582031250e+01
4.539103698730468750e+01
7.994319915771484375e+01
3.850662612915039062e+01
9.594849395751953125e+01
6.699081420898437500e+01
1.417529907226562500e+02
3.000000000000000000e+01
4.123263931274414062e+01
7.880261230468750000e+01
3.000000000000000000e+01
5.843339538574218750e+01
4.865714263916015625e+01
3.713504409790039062e+01
4.022845077514648438e+01
3.000000000000000000e+01
6.925802612304687500e+01
1.169236450195312500e+02
4.028526306152343750e+01
3.884135437011718750e+01
1.064647064208984375e+02
4.619264984130859375e+01
6.960923004150390625e+01
5.265105438232421875e+01
4.623574829101562500e+01
6.559689331054687500e+01
3.487920761108398438e+01
4.155138778686523438e+01
4.357911682128906250e+01
5.173716735839843750e+01
8.161639404296875000e+01
5.869255065917968750e+01
4.309641647338867188e+01
4.608102416992187500e+01
4.948419952392578125e+01
1.045251922607421875e+02
4.489185333251953125e+01
3.138010025024414062e+01
6.415852355957031250e+01
3.992734527587890625e+01
1.033003540039062500e+02
4.406107330322265625e+01
4.068236160278320312e+01
6.248209381103515625e+01
5.545301437377929688e+01
8.576014709472656250e+01
7.377115631103515625e+01
6.196357727050781250e+01
6.842024993896484375e+01
4.911073303222656250e+01
9.166049957275390625e+01
9.201393127441406250e+01
5.593198394775390625e+01
1.432536621093750000e+02
5.326047134399414062e+01
7.784337615966796875e+01
5.736943054199218750e+01
8.054544830322265625e+01
3.788835906982421875e+01
1.147163238525390625e+02
3.584677505493164062e+01
1.286325378417968750e+02
4.448995971679687500e+01
6.318627548217773438e+01
3.638715362548828125e+01
3.696412277221679688e+01
4.870741271972656250e+01
4.173464202880859375e+01
8.222409820556640625e+01
4.655976486206054688e+01
6.250463104248046875e+01
4.994578170776367188e+01
3.398143005371093750e+01
1.232342071533203125e+02
4.456096649169921875e+01
4.252841949462890625e+01
4.694934844970703125e+01
3.158976173400878906e+01
5.663343048095703125e+01
6.472454833984375000e+01
4.219967651367187500e+01
4.498384094238281250e+01
7.129868316650390625e+01
5.348814392089843750e+01
6.111062622070312500e+01
5.861518096923828125e+01
7.632682800292968750e+01
5.302412414550781250e+01
4.157279586791992188e+01
4.884263610839843750e+01
3.756863021850585938e+01
5.950658416748046875e+01
5.601912307739257812e+01
4.885394668579101562e+01
5.199523925781250000e+01
6.121911621093750000e+01
5.433790588378906250e+01
4.350025939941406250e+01
4.866045761108398438e+01
4.727746582031250000e+01
3.763068389892578125e+01
8.831021881103515625e+01
1.459252929687500000e+02
8.293871307373046875e+01
5.679940795898437500e+01
1.081145477294921875e+02
6.398623657226562500e+01
4.171651458740234375e+01
5.374995422363281250e+01
4.076898574829101562e+01
5.788137817382812500e+01
4.023506927490234375e+01
1.154885559082031250e+02
3.708441925048828125e+01
4.977642059326171875e+01
1.071351242065429688e+02
4.476716613769531250e+01
4.252866744995117188e+01
3.564342117309570312e+01
3.945680236816406250e+01
4.789627838134765625e+01
5.001938629150390625e+01
4.108368301391601562e+01
4.544664001464843750e+01
3.412742614746093750e+01
6.616949462890625000e+01
7.865655517578125000e+01
4.412117767333984375e+01
4.488886260986328125e+01
4.227804565429687500e+01
5.938953781127929688e+01
1.165858306884765625e+02
6.146315002441406250e+01
1.031301269531250000e+02
3.943623733520507812e+01
4.633595657348632812e+01
5.566320037841796875e+01
5.543241500854492188e+01
3.558348083496093750e+01
6.307822418212890625e+01
4.528105926513671875e+01
4.896032714843750000e+01
8.128028869628906250e+01
5.330503463745117188e+01
4.529698562622070312e+01
1.280061035156250000e+02
1.040834808349609375e+02
6.634819030761718750e+01
8.585185241699218750e+01
3.595341110229492188e+01
6.038956832885742188e+01
1.439289550781250000e+02
1.765740509033203125e+02
5.929060363769531250e+01
6.990941619873046875e+01
4.126586151123046875e+01
5.521795654296875000e+01
9.831723785400390625e+01
4.694356536865234375e+01
6.318220520019531250e+01
4.012921142578125000e+01
4.239173507690429688e+01
3.847525787353515625e+01
1.577054138183593750e+02
5.905278015136718750e+01
5.069294357299804688e+01
5.436609268188476562e+01
4.627444839477539062e+01
1.210417633056640625e+02
4.538504791259765625e+01
1.359320983886718750e+02
6.351504516601562500e+01
6.504368591308593750e+01
5.362937927246093750e+01
5.357818984985351562e+01
5.339603424072265625e+01
6.634818267822265625e+01
6.493556213378906250e+01
1.534925384521484375e+02
3.414753723144531250e+01
7.340937042236328125e+01
6.817974853515625000e+01
1.053927612304687500e+02
8.961580657958984375e+01
5.970149612426757812e+01
7.121903991699218750e+01
6.087700653076171875e+01
4.103781127929687500e+01
6.295190429687500000e+01
3.637733459472656250e+01
3.496726989746093750e+01
5.652818679809570312e+01
3.609742736816406250e+01
3.797931289672851562e+01
4.390280914306640625e+01
3.936909103393554688e+01
3.000000000000000000e+01
1.072407684326171875e+02
4.266367340087890625e+01
3.000000000000000000e+01
4.193139648437500000e+01
5.699796676635742188e+01
4.526701354980468750e+01
5.983981323242187500e+01
5.663627624511718750e+01
3.000000000000000000e+01
3.728628921508789062e+01
6.127051544189453125e+01
6.634445953369140625e+01
3.903923797607421875e+01
7.873858642578125000e+01
6.229840469360351562e+01
7.708062744140625000e+01
1.328430175781250000e+02
1.405028381347656250e+02
3.000000000000000000e+01
9.421136474609375000e+01
1.098393249511718750e+02
9.424967193603515625e+01
4.155937576293945312e+01
3.444715499877929688e+01
1.399632110595703125e+02
6.640449523925781250e+01
7.994319915771484375e+01
4.494885253906250000e+01
4.950524902343750000e+01
5.330357742309570312e+01
5.206100463867187500e+01
3.603181457519531250e+01
3.701644515991210938e+01
3.702951431274414062e+01
4.043581390380859375e+01
1.166347045898437500e+02
3.001901054382324219e+01
7.907649230957031250e+01
5.638497543334960938e+01
4.953619384765625000e+01
4.680661773681640625e+01
4.139896392822265625e+01
4.735042572021484375e+01
7.235403442382812500e+01
4.479595947265625000e+01
3.424734497070312500e+01
3.925245666503906250e+01
6.184414291381835938e+01
8.235008239746093750e+01
4.133591461181640625e+01
7.708062744140625000e+01
4.308618164062500000e+01
4.769901657104492188e+01
1.629431304931640625e+02
3.814574432373046875e+01
3.000000000000000000e+01
1.022186660766601562e+02
1.524800262451171875e+02
2.022080078125000000e+02
6.588459014892578125e+01
8.638417816162109375e+01
3.994571304321289062e+01
1.110730895996093750e+02
5.485096359252929688e+01
3.262888336181640625e+01
1.400790100097656250e+02
5.549103546142578125e+01
6.626505279541015625e+01
1.222083511352539062e+02
5.358048629760742188e+01
6.493881225585937500e+01
8.540569305419921875e+01
3.000000000000000000e+01
8.039152526855468750e+01
1.173789215087890625e+02
3.000000000000000000e+01
5.263460922241210938e+01
5.664427566528320312e+01
5.200284194946289062e+01
7.918155670166015625e+01
1.485650939941406250e+02
6.013640594482421875e+01
1.260592346191406250e+02
7.953783416748046875e+01
4.965191650390625000e+01
1.087745361328125000e+02
7.521766662597656250e+01
3.227766799926757812e+01
3.000000000000000000e+01
3.000000000000000000e+01
3.833314132690429688e+01
6.152992630004882812e+01
1.040834808349609375e+02
5.246308135986328125e+01
4.350654220581054688e+01
5.009941864013671875e+01
2.881359863281250000e+02
4.702419281005859375e+01
4.061381530761718750e+01
4.212314605712890625e+01
3.000000000000000000e+01
4.292139434814453125e+01
6.366596221923828125e+01
7.592237854003906250e+01
1.107717056274414062e+02
6.231761932373046875e+01
3.681787872314453125e+01
4.932421875000000000e+01
4.167035675048828125e+01
1.837619018554687500e+02
4.281053924560546875e+01
3.904698181152343750e+01
7.799642181396484375e+01
4.285421371459960938e+01
6.406739044189453125e+01
9.098026275634765625e+01
1.436249847412109375e+02
7.684649658203125000e+01
9.429176330566406250e+01
4.286322021484375000e+01
3.811315917968750000e+01
7.810108947753906250e+01
3.430348968505859375e+01
7.444152069091796875e+01
8.124250793457031250e+01
3.000000000000000000e+01
4.010500335693359375e+01
1.026036148071289062e+02
3.080336952209472656e+01
4.023798370361328125e+01
1.499795837402343750e+02
6.346247863769531250e+01
5.295415496826171875e+01
6.699919891357421875e+01
5.233974075317382812e+01
6.758280944824218750e+01
8.896367645263671875e+01
5.294898986816406250e+01
7.907649230957031250e+01
2.181793365478515625e+02
5.206100463867187500e+01
1.165356216430664062e+02
4.370107650756835938e+01
4.487516784667968750e+01
8.182151794433593750e+01
6.253068542480468750e+01
5.258915328979492188e+01
7.216982269287109375e+01
3.003520202636718750e+01
6.019514846801757812e+01
5.366129684448242188e+01
7.807312011718750000e+01
4.216879272460937500e+01
4.877621459960937500e+01
5.844031906127929688e+01
1.110353393554687500e+02
8.243973541259765625e+01
4.980833816528320312e+01
5.736943054199218750e+01
5.032040786743164062e+01
6.189153289794921875e+01
7.042655181884765625e+01
3.140334892272949219e+01
1.146391372680664062e+02
1.022529067993164062e+02
3.214341354370117188e+01
9.163748168945312500e+01
7.758675384521484375e+01
5.663953018188476562e+01
4.811759567260742188e+01
5.473489761352539062e+01
4.122893905639648438e+01
2.007543945312500000e+02
3.134981155395507812e+01
4.897734069824218750e+01
4.849998092651367188e+01
4.075173187255859375e+01
9.949346160888671875e+01
4.210900878906250000e+01
4.653570556640625000e+01
1.341597900390625000e+02
6.634445953369140625e+01
8.481978607177734375e+01
3.765423965454101562e+01
4.000538635253906250e+01
5.224301147460937500e+01
9.524253082275390625e+01
9.314718627929687500e+01
7.525369262695312500e+01
7.715315246582031250e+01
3.550509643554687500e+01
7.651945495605468750e+01
8.847058105468750000e+01
4.631601715087890625e+01
4.252866744995117188e+01
7.690040588378906250e+01
1.086974792480468750e+02
6.333214187622070312e+01
5.872280502319335938e+01
4.566443252563476562e+01
3.000000000000000000e+01
4.351531219482421875e+01
3.000000000000000000e+01
5.461484527587890625e+01
4.068476104736328125e+01
4.035342407226562500e+01
4.696369171142578125e+01
5.065531921386718750e+01
4.838129425048828125e+01
7.639582824707031250e+01
5.672900390625000000e+01
3.412016296386718750e+01
4.166893005371093750e+01
5.328169250488281250e+01
5.799344635009765625e+01
4.601451110839843750e+01
3.449512100219726562e+01
7.987232971191406250e+01
3.761444091796875000e+01
5.745202636718750000e+01
3.000000000000000000e+01
5.116333389282226562e+01
3.000000000000000000e+01
3.684961318969726562e+01
1.127811431884765625e+02
5.437564849853515625e+01
3.000000000000000000e+01
8.228945922851562500e+01
3.904698181152343750e+01
7.707720947265625000e+01
4.632740783691406250e+01
5.983868789672851562e+01
1.237876129150390625e+02
4.466099929809570312e+01
1.540487670898437500e+02
1.101349105834960938e+02
3.796776580810546875e+01
3.284273147583007812e+01
9.017231750488281250e+01
3.508982086181640625e+01
4.723702239990234375e+01
5.436609268188476562e+01
1.555452880859375000e+02
4.164122390747070312e+01
5.161218643188476562e+01
4.237208175659179688e+01
3.274155807495117188e+01
4.244562530517578125e+01
1.158831481933593750e+02
3.371289443969726562e+01
8.425619506835937500e+01
5.616607666015625000e+01
4.645912170410156250e+01
3.527778244018554688e+01
4.533897018432617188e+01
4.122653579711914062e+01
4.218132400512695312e+01
3.805320739746093750e+01
3.582445144653320312e+01
4.120382308959960938e+01
5.339925003051757812e+01
4.501480865478515625e+01
4.950679016113281250e+01
6.338359069824218750e+01
5.843339538574218750e+01
6.600180816650390625e+01
1.154885559082031250e+02
6.335846710205078125e+01
1.060236206054687500e+02
9.026950073242187500e+01
1.194462890625000000e+02
4.172117614746093750e+01
6.382417678833007812e+01
7.380583190917968750e+01
5.043402099609375000e+01
6.112790298461914062e+01
8.138250732421875000e+01
7.425217437744140625e+01
7.843069458007812500e+01
4.028526306152343750e+01
4.285814666748046875e+01
6.765999603271484375e+01
9.087219238281250000e+01
3.954037475585937500e+01
5.368203735351562500e+01
4.263705062866210938e+01
3.715177154541015625e+01
9.555260467529296875e+01
4.190845489501953125e+01
4.801036453247070312e+01
4.707830810546875000e+01
4.771567153930664062e+01
5.874687957763671875e+01
8.943063354492187500e+01
4.379287719726562500e+01
3.056577491760253906e+01
3.744997024536132812e+01
1.107717132568359375e+02
5.251661682128906250e+01
4.706806945800781250e+01
5.302211761474609375e+01
5.153100585937500000e+01
4.807633209228515625e+01
4.819528961181640625e+01
5.630928039550781250e+01
7.388056945800781250e+01
4.088951873779296875e+01
6.336959838867187500e+01
6.555946350097656250e+01
8.432511138916015625e+01
6.542108154296875000e+01
4.686180496215820312e+01
3.047796821594238281e+01
6.471682739257812500e+01
7.019175720214843750e+01
4.520265197753906250e+01
5.729372406005859375e+01
5.414149475097656250e+01
3.908705139160156250e+01
6.649835205078125000e+01
4.010926818847656250e+01
3.777550506591796875e+01
4.300138092041015625e+01
7.655841064453125000e+01
5.844032287597656250e+01
5.339229583740234375e+01
6.172638320922851562e+01
3.875431060791015625e+01
7.113407897949218750e+01
1.152558746337890625e+02
6.662200927734375000e+01
3.461618804931640625e+01
1.194462890625000000e+02
6.588459014892578125e+01
6.632766723632812500e+01
1.086974792480468750e+02
4.004967498779296875e+01
4.460568618774414062e+01
6.948097991943359375e+01
3.000000000000000000e+01
4.304405212402343750e+01
2.258973388671875000e+02
4.629658126831054688e+01
4.724916076660156250e+01
4.083154296875000000e+01
1.193195266723632812e+02
5.010739898681640625e+01
5.023283386230468750e+01
1.087503204345703125e+02
4.006675338745117188e+01
1.251936492919921875e+02
7.594293975830078125e+01
1.197364959716796875e+02
3.966014099121093750e+01
3.095457267761230469e+01
5.411014556884765625e+01
7.832908630371093750e+01
7.305300140380859375e+01
4.479595947265625000e+01
4.707101058959960938e+01
4.418102645874023438e+01
5.315471649169921875e+01
6.043769073486328125e+01
4.403250503540039062e+01
4.501055145263671875e+01
7.089395141601562500e+01
7.669334411621093750e+01
3.686830902099609375e+01
3.426632308959960938e+01
5.575893402099609375e+01
3.000000000000000000e+01
4.562911987304687500e+01
1.171317367553710938e+02
4.365587615966796875e+01
8.635848236083984375e+01
5.334544372558593750e+01
5.591994094848632812e+01
3.654019165039062500e+01
8.576014709472656250e+01
6.308177947998046875e+01
6.755992126464843750e+01
1.037702941894531250e+02
5.578511047363281250e+01
4.400892257690429688e+01
3.986997985839843750e+01
3.000000000000000000e+01
5.933094787597656250e+01
6.349157714843750000e+01
2.007543945312500000e+02
5.060076141357421875e+01
5.968806457519531250e+01
5.427877807617187500e+01
5.470755386352539062e+01
4.106063842773437500e+01
4.886610412597656250e+01
5.401195144653320312e+01
6.239831924438476562e+01
1.015542144775390625e+02
3.009072303771972656e+01
3.719635009765625000e+01
6.692084503173828125e+01
1.160836944580078125e+02
7.201611328125000000e+01
1.540487670898437500e+02
4.325031280517578125e+01
4.234462738037109375e+01
5.559379959106445312e+01
6.290403747558593750e+01
1.684551696777343750e+02
5.660795593261718750e+01
5.536694335937500000e+01
7.030097198486328125e+01
3.000000000000000000e+01
4.806224441528320312e+01
8.926783752441406250e+01
3.629853820800781250e+01
3.596299362182617188e+01
5.724408340454101562e+01
8.529425048828125000e+01
4.710784912109375000e+01
9.720830535888671875e+01
4.625736999511718750e+01
4.565758132934570312e+01
6.640449523925781250e+01
7.044784545898437500e+01
6.156409454345703125e+01
4.893027877807617188e+01
4.486288452148437500e+01
3.388627243041992188e+01
4.799987411499023438e+01
4.281053924560546875e+01
3.388277816772460938e+01
8.085724639892578125e+01
6.346247482299804688e+01
3.199931335449218750e+01
3.000000000000000000e+01
3.895734405517578125e+01
4.061381530761718750e+01
4.337804412841796875e+01
1.224619903564453125e+02
3.000000000000000000e+01
6.244818878173828125e+01
9.610974121093750000e+01
4.537945556640625000e+01
3.000000000000000000e+01
3.528264236450195312e+01
6.318627929687500000e+01
6.892258453369140625e+01
5.978284454345703125e+01
5.140802001953125000e+01
6.447776031494140625e+01
6.877462768554687500e+01
4.771431732177734375e+01
3.932204818725585938e+01
6.960049438476562500e+01
5.216503143310546875e+01
5.224301147460937500e+01
5.089508819580078125e+01
3.509669494628906250e+01
4.130501556396484375e+01
5.616719055175781250e+01
6.273518753051757812e+01
4.717274093627929688e+01
4.526701354980468750e+01
5.163739395141601562e+01
4.679624176025390625e+01
6.275981140136718750e+01
6.771620941162109375e+01
5.144689178466796875e+01
8.925128173828125000e+01
4.701283264160156250e+01
5.330503463745117188e+01
3.579713821411132812e+01
5.001486968994140625e+01
6.572771453857421875e+01
5.546234130859375000e+01
6.881841278076171875e+01
4.265256500244140625e+01
8.702030944824218750e+01
4.919438934326171875e+01
5.295391082763671875e+01
8.960054779052734375e+01
1.273270416259765625e+02
1.292638244628906250e+02
4.552484130859375000e+01
3.717162704467773438e+01
4.839313507080078125e+01
4.267313003540039062e+01
8.243973541259765625e+01
7.196008300781250000e+01
5.638516616821289062e+01
1.046184234619140625e+02
5.575893402099609375e+01
4.517706680297851562e+01
3.342713546752929688e+01
5.895559692382812500e+01
5.890441894531250000e+01
4.003742218017578125e+01
3.469858932495117188e+01
8.634306335449218750e+01
5.895170974731445312e+01
4.372664642333984375e+01
7.563613891601562500e+01
4.128131103515625000e+01
4.738842010498046875e+01
5.001295471191406250e+01
4.896144866943359375e+01
4.754338455200195312e+01
4.893027877807617188e+01
2.187978515625000000e+02
6.585405731201171875e+01
4.751584625244140625e+01
4.593878555297851562e+01
5.279725646972656250e+01
1.236395034790039062e+02
4.248995590209960938e+01
4.958251571655273438e+01
6.464109802246093750e+01
4.501054763793945312e+01
6.671168518066406250e+01
4.426353073120117188e+01
5.764828491210937500e+01
5.490265274047851562e+01
6.240551376342773438e+01
3.581678771972656250e+01
3.955739593505859375e+01
5.471765136718750000e+01
6.719277191162109375e+01
2.121684722900390625e+02
4.083371734619140625e+01
4.752897262573242188e+01
6.244317626953125000e+01
5.096151733398437500e+01
4.350474929809570312e+01
3.624943542480468750e+01
4.088062667846679688e+01
5.298736953735351562e+01
3.381314849853515625e+01
4.876897048950195312e+01
5.055888366699218750e+01
3.790263748168945312e+01
4.691472625732421875e+01
3.096723175048828125e+01
3.796776199340820312e+01
4.435089492797851562e+01
3.467074966430664062e+01
6.990873718261718750e+01
7.211350250244140625e+01
3.000000000000000000e+01
4.976466751098632812e+01
4.193139648437500000e+01
8.902870941162109375e+01
5.600144958496093750e+01
9.734625244140625000e+01
3.151848411560058594e+01
7.525369262695312500e+01
8.206180572509765625e+01
4.057447052001953125e+01
8.960054016113281250e+01
3.000000000000000000e+01
3.089522361755371094e+01
4.048876953125000000e+01
4.392958068847656250e+01
1.140472412109375000e+02
4.875360107421875000e+01
4.702639389038085938e+01
6.918518066406250000e+01
3.886589050292968750e+01
1.101370697021484375e+02
6.210074615478515625e+01
4.446025848388671875e+01
5.842403793334960938e+01
7.997520446777343750e+01
8.595429992675781250e+01
6.270778656005859375e+01
6.483563995361328125e+01
3.672901153564453125e+01
4.820302581787109375e+01
6.739957427978515625e+01
6.944293212890625000e+01
1.172443237304687500e+02
6.358160400390625000e+01
1.308847045898437500e+02
5.092796707153320312e+01
3.710048294067382812e+01
5.113526153564453125e+01
3.000000000000000000e+01
5.886433410644531250e+01
3.130295181274414062e+01
3.000000000000000000e+01
7.099618530273437500e+01
1.111686096191406250e+02
6.366577148437500000e+01
3.429341125488281250e+01
5.167834472656250000e+01
6.730044555664062500e+01
4.210505676269531250e+01
5.027696228027343750e+01
6.349157714843750000e+01
4.117082595825195312e+01
4.472459793090820312e+01
4.806224060058593750e+01
5.727365112304687500e+01
6.092444610595703125e+01
3.216709518432617188e+01
3.187167739868164062e+01
5.827503204345703125e+01
3.455639648437500000e+01
7.115619659423828125e+01
6.853397369384765625e+01
4.905348205566406250e+01
8.585185241699218750e+01
4.870061874389648438e+01
3.456449508666992188e+01
3.000000000000000000e+01
3.041068458557128906e+01
3.469492721557617188e+01
4.100056457519531250e+01
3.701007843017578125e+01
4.509289550781250000e+01
1.037081146240234375e+02
3.681787872314453125e+01
3.873442459106445312e+01
1.110353393554687500e+02
8.061239624023437500e+01
4.258202743530273438e+01
5.954281616210937500e+01
8.021483612060546875e+01
4.838129425048828125e+01
5.857756805419921875e+01
1.002133331298828125e+02
5.380902862548828125e+01
8.545651245117187500e+01
4.070907974243164062e+01
3.000000000000000000e+01
5.331439208984375000e+01
5.192589569091796875e+01
4.491487884521484375e+01
4.520862960815429688e+01
4.951151657104492188e+01
5.228915023803710938e+01
4.221649932861328125e+01
5.549103927612304688e+01
3.838242721557617188e+01
3.935626983642578125e+01
8.894396972656250000e+01
9.028367614746093750e+01
3.000000000000000000e+01
9.297503662109375000e+01
5.055110931396484375e+01
4.039024734497070312e+01
8.842023468017578125e+01
9.104874420166015625e+01
3.796130371093750000e+01
5.747893524169921875e+01
3.831961059570312500e+01
5.328987121582031250e+01
3.494800186157226562e+01
9.385917663574218750e+01
5.087687683105468750e+01
4.115483474731445312e+01
3.765423965454101562e+01
5.066567230224609375e+01
5.549625396728515625e+01
3.132292938232421875e+01
4.834585952758789062e+01
6.374678039550781250e+01
5.265105438232421875e+01
7.473466491699218750e+01
5.891392135620117188e+01
3.297706985473632812e+01
4.609477996826171875e+01
3.613125228881835938e+01
5.069993972778320312e+01
8.161639404296875000e+01
7.960237121582031250e+01
5.764828491210937500e+01
5.076584625244140625e+01
6.007132720947265625e+01
4.834585952758789062e+01
3.802100753784179688e+01
4.973249816894531250e+01
3.672918701171875000e+01
4.394231033325195312e+01
6.143906402587890625e+01
5.340184020996093750e+01
3.991059112548828125e+01
5.905277633666992188e+01
4.125533294677734375e+01
3.766339874267578125e+01
3.494774627685546875e+01
5.845689392089843750e+01
4.097916412353515625e+01
4.838772583007812500e+01
7.166539764404296875e+01
3.809323501586914062e+01
5.118598937988281250e+01
3.493996810913085938e+01
8.499534606933593750e+01
6.540429687500000000e+01
3.891327285766601562e+01
5.349438095092773438e+01
3.854749298095703125e+01
9.407685852050781250e+01
6.846482086181640625e+01
3.935191726684570312e+01
4.156579589843750000e+01
6.677290344238281250e+01
5.438119506835937500e+01
5.679940795898437500e+01
4.598469924926757812e+01
7.802902221679687500e+01
4.288712310791015625e+01
4.058449554443359375e+01
4.780123901367187500e+01
4.193125534057617188e+01
6.954325866699218750e+01
4.482095336914062500e+01
8.182151794433593750e+01
5.669266891479492188e+01
4.977642059326171875e+01
4.081806182861328125e+01
4.188591003417968750e+01
4.082015228271484375e+01
4.976365661621093750e+01
3.717162704467773438e+01
4.177890014648437500e+01
3.895023345947265625e+01
3.847328186035156250e+01
5.997126007080078125e+01
5.228412628173828125e+01
6.156541442871093750e+01
4.392007064819335938e+01
5.487644958496093750e+01
4.117311859130859375e+01
3.000000000000000000e+01
4.110510253906250000e+01
4.188591003417968750e+01
6.881841278076171875e+01
4.227169799804687500e+01
4.535173034667968750e+01
3.075225448608398438e+01
6.873054504394531250e+01
5.866421508789062500e+01
7.880540466308593750e+01
4.067489242553710938e+01
3.135487556457519531e+01
5.524128723144531250e+01
3.000000000000000000e+01
5.173974227905273438e+01
3.044664192199707031e+01
5.343127441406250000e+01
3.270001602172851562e+01
4.477003097534179688e+01
4.568358612060546875e+01
5.282688903808593750e+01
6.905170440673828125e+01
5.081253051757812500e+01
7.960237884521484375e+01
5.386336517333984375e+01
3.882527923583984375e+01
3.419998931884765625e+01
4.249755477905273438e+01
3.734848022460937500e+01
4.517652130126953125e+01
6.263009643554687500e+01
7.592237854003906250e+01
5.983868789672851562e+01
4.480182266235351562e+01
4.371920776367187500e+01
7.500151062011718750e+01
5.718936157226562500e+01
5.317394638061523438e+01
3.000000000000000000e+01
3.000000000000000000e+01
3.990145492553710938e+01
3.509669494628906250e+01
5.701892089843750000e+01
3.856901550292968750e+01
4.296020507812500000e+01
4.462018203735351562e+01
3.825597381591796875e+01
3.203951644897460938e+01
4.711047363281250000e+01
3.446490478515625000e+01
7.032389068603515625e+01
4.205416107177734375e+01
6.248209381103515625e+01
5.386336517333984375e+01
6.908323669433593750e+01
3.000000000000000000e+01
3.068057632446289062e+01
3.802889251708984375e+01
3.000000000000000000e+01
4.638177108764648438e+01
6.707170104980468750e+01
3.000000000000000000e+01
5.132001876831054688e+01
4.743289947509765625e+01
3.284273147583007812e+01
4.791367340087890625e+01
6.231761932373046875e+01
3.276823425292968750e+01
4.182632827758789062e+01
6.903153991699218750e+01
4.569864273071289062e+01
7.997520446777343750e+01
7.210232543945312500e+01
3.386297607421875000e+01
6.987797546386718750e+01
6.542461395263671875e+01
5.258914947509765625e+01
4.509349441528320312e+01
5.520947265625000000e+01
6.307822418212890625e+01
9.098027038574218750e+01
4.693102264404296875e+01
5.760103607177734375e+01
7.840853881835937500e+01
3.521003341674804688e+01
9.285667419433593750e+01
5.611053466796875000e+01
3.000000000000000000e+01
3.644691467285156250e+01
5.276461029052734375e+01
3.000000000000000000e+01
7.697839355468750000e+01
5.094607543945312500e+01
4.752897262573242188e+01
4.223878479003906250e+01
4.757073974609375000e+01
4.371879196166992188e+01
3.668984985351562500e+01
7.611592102050781250e+01
3.473445129394531250e+01
3.364080047607421875e+01
5.698479461669921875e+01
4.362406921386718750e+01
4.245108795166015625e+01
6.534236145019531250e+01
5.349438095092773438e+01
3.223908233642578125e+01
3.971861267089843750e+01
3.616498565673828125e+01
5.505141448974609375e+01
3.072495269775390625e+01
5.541239929199218750e+01
6.692084503173828125e+01
3.000000000000000000e+01
4.218132400512695312e+01
5.033304595947265625e+01
7.214499664306640625e+01
6.425411224365234375e+01
7.429838562011718750e+01
1.076993179321289062e+02
4.906829833984375000e+01
4.252841949462890625e+01
5.070631408691406250e+01
4.564687728881835938e+01
4.245597076416015625e+01
4.729142761230468750e+01
6.288229370117187500e+01
1.037702941894531250e+02
4.682752990722656250e+01
3.623311996459960938e+01
4.304445648193359375e+01
5.864664077758789062e+01
3.119010734558105469e+01
4.244562530517578125e+01
4.896144866943359375e+01
5.643763732910156250e+01
3.000000000000000000e+01
5.114692306518554688e+01
3.515422058105468750e+01
5.758861541748046875e+01
6.649835205078125000e+01
3.000000000000000000e+01
5.849123764038085938e+01
4.770861053466796875e+01
3.348052215576171875e+01
4.874202346801757812e+01
5.189187622070312500e+01
4.226510620117187500e+01
7.201612091064453125e+01
4.141178131103515625e+01
3.199425506591796875e+01
4.106063842773437500e+01
4.762744522094726562e+01
4.171651458740234375e+01
5.468893432617187500e+01
3.798863220214843750e+01
4.425532150268554688e+01
4.410871124267578125e+01
5.507495117187500000e+01
5.437894821166992188e+01
4.205755996704101562e+01
5.017131805419921875e+01
3.306949234008789062e+01
3.369393920898437500e+01
4.734702301025390625e+01
5.140991973876953125e+01
4.172117614746093750e+01
4.258490753173828125e+01
5.236376953125000000e+01
5.861593627929687500e+01
4.594494628906250000e+01
5.747122955322265625e+01
4.445885467529296875e+01
7.224429321289062500e+01
4.297366714477539062e+01
1.075011367797851562e+02
8.625466918945312500e+01
4.504870605468750000e+01
5.784361267089843750e+01
3.123826789855957031e+01
7.223200988769531250e+01
3.000000000000000000e+01
4.094478607177734375e+01
9.206708526611328125e+01
4.535871887207031250e+01
4.310471343994140625e+01
5.492723083496093750e+01
1.040458221435546875e+02
4.226817321777343750e+01
4.883574676513671875e+01
3.000000000000000000e+01
5.037080383300781250e+01
4.048316955566406250e+01
3.851174926757812500e+01
6.121931076049804688e+01
8.333151245117187500e+01
4.375642395019531250e+01
3.628740692138671875e+01
3.209271621704101562e+01
4.864813995361328125e+01
4.548041534423828125e+01
4.937819671630859375e+01
5.276601409912109375e+01
9.734625244140625000e+01
5.532168960571289062e+01
8.363903808593750000e+01
6.490068054199218750e+01
8.031149291992187500e+01
5.502322769165039062e+01
3.131277465820312500e+01
3.838601684570312500e+01
5.547137451171875000e+01
3.448158645629882812e+01
4.436196899414062500e+01
3.749947357177734375e+01
3.848194885253906250e+01
5.596759033203125000e+01
3.234673309326171875e+01
4.224608993530273438e+01
4.728554534912109375e+01
5.893233489990234375e+01
5.373571777343750000e+01
3.416812896728515625e+01
4.028719711303710938e+01
3.311605834960937500e+01
4.680467224121093750e+01
5.701381683349609375e+01
7.377114868164062500e+01
4.982234191894531250e+01
4.874569320678710938e+01
3.000000000000000000e+01
7.651945495605468750e+01
5.572845458984375000e+01
3.000000000000000000e+01
9.407685852050781250e+01
3.908490753173828125e+01
9.137280273437500000e+01
4.134349822998046875e+01
5.086499023437500000e+01
5.480509185791015625e+01
4.181739807128906250e+01
3.000000000000000000e+01
3.000000000000000000e+01
5.429885864257812500e+01
3.811315917968750000e+01
5.151052093505859375e+01
4.051467132568359375e+01
4.108855056762695312e+01
4.239337921142578125e+01
6.671168518066406250e+01
6.886001586914062500e+01
6.229840469360351562e+01
4.229025650024414062e+01
3.486099243164062500e+01
6.341087341308593750e+01
5.596759033203125000e+01
5.629375457763671875e+01
5.621936035156250000e+01
6.423454284667968750e+01
4.443156051635742188e+01
4.713277435302734375e+01
3.660184097290039062e+01
3.846123886108398438e+01
3.000000000000000000e+01
7.353970336914062500e+01
3.375062942504882812e+01
4.472527694702148438e+01
3.775864410400390625e+01
4.209153747558593750e+01
4.402027511596679688e+01
3.000000000000000000e+01
4.769902038574218750e+01
4.367591476440429688e+01
3.228741455078125000e+01
5.302412414550781250e+01
6.918518066406250000e+01
3.000000000000000000e+01
5.978664016723632812e+01
4.879024505615234375e+01
4.241073226928710938e+01
4.168808746337890625e+01
5.143822860717773438e+01
3.534944152832031250e+01
4.105600357055664062e+01
4.435977554321289062e+01
4.700052642822265625e+01
3.000000000000000000e+01
3.271044158935546875e+01
4.612348175048828125e+01
3.460795974731445312e+01
3.380132293701171875e+01
3.558470535278320312e+01
3.281257629394531250e+01
5.252556228637695312e+01
4.199861145019531250e+01
1.040458221435546875e+02
5.070054626464843750e+01
3.840798950195312500e+01
3.467349624633789062e+01
8.594776916503906250e+01
3.274155807495117188e+01
4.226819610595703125e+01
7.353970336914062500e+01
5.514942169189453125e+01
4.597766113281250000e+01
3.988002777099609375e+01
4.696369171142578125e+01
1.024192886352539062e+02
6.497801208496093750e+01
5.881656646728515625e+01
7.764690399169921875e+01
3.000000000000000000e+01
3.000000000000000000e+01
4.630751037597656250e+01
4.548520278930664062e+01
4.744967269897460938e+01
5.937377166748046875e+01
3.721257400512695312e+01
3.296436691284179688e+01
7.670400238037109375e+01
3.320547485351562500e+01
5.332798004150390625e+01
5.482257080078125000e+01
4.638514709472656250e+01
3.000000000000000000e+01
3.461618804931640625e+01
6.542461395263671875e+01
5.030259704589843750e+01
4.469812011718750000e+01
7.422461700439453125e+01
3.677805709838867188e+01
4.464460754394531250e+01
6.693937683105468750e+01
5.491150665283203125e+01
5.042495727539062500e+01
3.460192108154296875e+01
4.474366378784179688e+01
5.103272628784179688e+01
3.710768127441406250e+01
4.348365020751953125e+01
3.246227264404296875e+01
5.829003906250000000e+01
6.333990097045898438e+01
5.181204223632812500e+01
4.817041015625000000e+01
4.238446807861328125e+01
4.240827560424804688e+01
3.279147720336914062e+01
6.588927459716796875e+01
3.571990585327148438e+01
4.613003921508789062e+01
4.268988037109375000e+01
4.190594482421875000e+01
3.201574325561523438e+01
3.000000000000000000e+01
5.824433135986328125e+01
4.138938140869140625e+01
4.682753372192382812e+01
4.754338455200195312e+01
4.806240081787109375e+01
3.641731262207031250e+01
4.663130187988281250e+01
3.431931686401367188e+01
6.931176757812500000e+01
4.772711181640625000e+01
4.494692611694335938e+01
4.192361450195312500e+01
8.902870941162109375e+01
4.734626007080078125e+01
4.025011062622070312e+01
3.000000000000000000e+01
3.000453948974609375e+01
5.295483016967773438e+01
4.287058258056640625e+01
4.270438766479492188e+01
3.000000000000000000e+01
3.901612472534179688e+01
3.070116424560546875e+01
4.059742736816406250e+01
4.696369552612304688e+01
4.291706466674804688e+01
5.607666778564453125e+01
3.460324096679687500e+01
7.427415466308593750e+01
4.585300445556640625e+01
4.602430725097656250e+01
5.349165725708007812e+01
3.633541870117187500e+01
4.853041839599609375e+01
3.000000000000000000e+01
3.000000000000000000e+01
4.845938873291015625e+01
4.631679153442382812e+01
3.416964340209960938e+01
3.785283660888671875e+01
3.000000000000000000e+01
3.700315856933593750e+01
4.343938446044921875e+01
4.316601943969726562e+01
