5.085564041137695312e+01
5.924314498901367188e+01
3.175234413146972656e+01
4.017629241943359375e+01
6.582535552978515625e+01
7.141098785400390625e+01
3.063206100463867188e+01
8.347366333007812500e+01
5.664203643798828125e+01
1.084125442504882812e+02
5.237599563598632812e+01
1.282923278808593750e+02
4.935794830322265625e+01
4.562688446044921875e+01
5.526590728759765625e+01
6.172599792480468750e+01
6.486390686035156250e+01
4.296350860595703125e+01
4.250407409667968750e+01
1.384077301025390625e+02
3.984278488159179688e+01
9.385514068603515625e+01
3.000000000000000000e+01
3.101546859741210938e+01
3.608697891235351562e+01
6.691577148437500000e+01
3.000000000000000000e+01
6.080522918701171875e+01
1.935392456054687500e+02
5.015634536743164062e+01
5.451995086669921875e+01
4.751839447021484375e+01
3.945118331909179688e+01
9.036231994628906250e+01
4.237195587158203125e+01
5.900357055664062500e+01
6.923655700683593750e+01
5.595891571044921875e+01
4.640798950195312500e+01
4.137668228149414062e+01
3.868934631347656250e+01
3.000000000000000000e+01
6.095563507080078125e+01
5.091106033325195312e+01
3.000000000000000000e+01
3.000000000000000000e+01
3.886245727539062500e+01
6.455101776123046875e+01
1.207654113769531250e+02
4.659247589111328125e+01
4.611315917968750000e+01
3.197017288208007812e+01
6.266098022460937500e+01
4.150926208496093750e+01
1.104763259887695312e+02
5.590545654296875000e+01
7.009460449218750000e+01
4.418062210083007812e+01
6.544025421142578125e+01
6.364779281616210938e+01
6.011513519287109375e+01
8.512878417968750000e+01
4.099429321289062500e+01
8.268705749511718750e+01
8.964723205566406250e+01
5.480949401855468750e+01
4.513488769531250000e+01
3.000000000000000000e+01
4.210861968994140625e+01
6.007950592041015625e+01
5.850299835205078125e+01
3.345685577392578125e+01
8.537756347656250000e+01
3.577378463745117188e+01
5.866104507446289062e+01
5.489149856567382812e+01
4.760049438476562500e+01
3.591958618164062500e+01
4.494428253173828125e+01
5.820506668090820312e+01
3.880939102172851562e+01
6.486390686035156250e+01
5.731527328491210938e+01
1.042065505981445312e+02
8.998445892333984375e+01
3.694243621826171875e+01
3.882814025878906250e+01
4.865362930297851562e+01
4.935794830322265625e+01
5.537672042846679688e+01
4.246358871459960938e+01
5.527861785888671875e+01
6.966331481933593750e+01
4.943432235717773438e+01
9.793296813964843750e+01
8.648529815673828125e+01
6.201825714111328125e+01
4.586518096923828125e+01
7.799933624267578125e+01
3.836877441406250000e+01
9.957138061523437500e+01
6.686706542968750000e+01
1.432660827636718750e+02
3.000000000000000000e+01
4.511418151855468750e+01
7.963629913330078125e+01
3.000000000000000000e+01
5.939687347412109375e+01
5.148490905761718750e+01
3.000000000000000000e+01
4.368138122558593750e+01
3.000000000000000000e+01
7.148509216308593750e+01
1.129419555664062500e+02
3.958477020263671875e+01
4.173038864135742188e+01
9.732923889160156250e+01
4.919863891601562500e+01
7.064689636230468750e+01
5.092580795288085938e+01
4.632039642333984375e+01
6.819076538085937500e+01
3.191785430908203125e+01
4.016503906250000000e+01
4.323726654052734375e+01
4.984114074707031250e+01
7.615969848632812500e+01
5.544403076171875000e+01
3.985044097900390625e+01
3.847291946411132812e+01
4.728205871582031250e+01
1.041819000244140625e+02
4.064341354370117188e+01
4.198632812500000000e+01
5.818131256103515625e+01
4.495696640014648438e+01
1.085479202270507812e+02
4.350585937500000000e+01
4.136216735839843750e+01
6.698129272460937500e+01
4.652947235107421875e+01
8.330157470703125000e+01
7.173184204101562500e+01
5.993417739868164062e+01
7.443214416503906250e+01
4.339495468139648438e+01
7.839305877685546875e+01
9.928793334960937500e+01
5.552603912353515625e+01
1.355930328369140625e+02
6.057507705688476562e+01
6.976229858398437500e+01
5.361794281005859375e+01
6.865007019042968750e+01
4.349392700195312500e+01
1.162011489868164062e+02
3.000000000000000000e+01
1.289531250000000000e+02
4.800941848754882812e+01
6.056387329101562500e+01
3.122951507568359375e+01
4.473574829101562500e+01
4.934469604492187500e+01
3.594841766357421875e+01
7.498525238037109375e+01
4.148830413818359375e+01
6.767304992675781250e+01
5.484229660034179688e+01
3.348562240600585938e+01
1.322498168945312500e+02
4.116270065307617188e+01
4.407554626464843750e+01
4.170985794067382812e+01
3.000000000000000000e+01
6.094749069213867188e+01
5.111151504516601562e+01
3.959862518310546875e+01
4.917492675781250000e+01
7.109653472900390625e+01
5.601663208007812500e+01
5.988888931274414062e+01
5.726425552368164062e+01
6.889869689941406250e+01
5.106454467773437500e+01
4.154216766357421875e+01
3.704881668090820312e+01
4.458341217041015625e+01
6.011832046508789062e+01
4.897278594970703125e+01
4.341008758544921875e+01
4.567144775390625000e+01
5.875258636474609375e+01
5.132075881958007812e+01
4.085160064697265625e+01
4.362097930908203125e+01
3.901133728027343750e+01
4.410258483886718750e+01
8.293216705322265625e+01
1.405107727050781250e+02
7.346333312988281250e+01
5.571218109130859375e+01
1.128900833129882812e+02
4.632541275024414062e+01
3.000000000000000000e+01
4.874705886840820312e+01
4.339764022827148438e+01
6.226199722290039062e+01
3.355020141601562500e+01
1.152767868041992188e+02
3.495774078369140625e+01
4.744161987304687500e+01
1.032352828979492188e+02
3.875156784057617188e+01
3.855022048950195312e+01
3.812274169921875000e+01
3.980200576782226562e+01
4.884526824951171875e+01
5.562445068359375000e+01
4.589372634887695312e+01
4.252477645874023438e+01
3.109111785888671875e+01
6.391570281982421875e+01
7.756217193603515625e+01
4.373895263671875000e+01
4.209517669677734375e+01
4.137725830078125000e+01
5.828784942626953125e+01
1.073561859130859375e+02
6.220632934570312500e+01
1.166017913818359375e+02
3.801779937744140625e+01
4.618545913696289062e+01
5.556186676025390625e+01
5.383069992065429688e+01
3.596632766723632812e+01
6.238956451416015625e+01
4.664284896850585938e+01
4.524514007568359375e+01
7.160774230957031250e+01
5.833484649658203125e+01
5.085950469970703125e+01
1.259475097656250000e+02
1.035404968261718750e+02
6.044854354858398438e+01
9.409336853027343750e+01
3.000000000000000000e+01
4.788990020751953125e+01
1.425281372070312500e+02
1.799547729492187500e+02
4.811235046386718750e+01
6.471696472167968750e+01
4.353063201904296875e+01
5.240926742553710938e+01
9.775250244140625000e+01
4.120854568481445312e+01
5.804537200927734375e+01
4.241995239257812500e+01
3.515694427490234375e+01
3.286406707763671875e+01
1.572654113769531250e+02
4.921744155883789062e+01
5.459333038330078125e+01
4.857985687255859375e+01
3.985081100463867188e+01
1.260780944824218750e+02
4.585184860229492188e+01
1.412301177978515625e+02
6.159041976928710938e+01
5.674884796142578125e+01
5.245976638793945312e+01
5.756956481933593750e+01
4.630734252929687500e+01
6.044854354858398438e+01
6.312101745605468750e+01
1.521643066406250000e+02
3.348395919799804688e+01
6.854277038574218750e+01
6.596798706054687500e+01
9.952973175048828125e+01
9.146567535400390625e+01
5.469017791748046875e+01
7.703960418701171875e+01
6.263146209716796875e+01
4.242688751220703125e+01
6.030796051025390625e+01
3.712961578369140625e+01
3.000000000000000000e+01
5.474674987792968750e+01
3.565659713745117188e+01
3.452721023559570312e+01
4.083744430541992188e+01
3.085698318481445312e+01
3.196592712402343750e+01
1.097338104248046875e+02
3.018862724304199219e+01
3.000000000000000000e+01
4.284423065185546875e+01
4.050073242187500000e+01
5.150094985961914062e+01
5.720369338989257812e+01
4.845615768432617188e+01
4.113183212280273438e+01
3.399677658081054688e+01
6.368521499633789062e+01
6.661073303222656250e+01
4.329013061523437500e+01
8.505394744873046875e+01
6.686328125000000000e+01
6.622441101074218750e+01
1.231024932861328125e+02
1.353752441406250000e+02
3.000000000000000000e+01
9.247918701171875000e+01
1.100211944580078125e+02
9.281430053710937500e+01
3.903560638427734375e+01
3.651191711425781250e+01
1.291251220703125000e+02
5.717232513427734375e+01
7.799933624267578125e+01
4.284721755981445312e+01
4.611614608764648438e+01
5.178066253662109375e+01
4.973360443115234375e+01
3.454138183593750000e+01
4.293459320068359375e+01
3.552912139892578125e+01
3.671257400512695312e+01
8.537756347656250000e+01
3.184655952453613281e+01
7.114428710937500000e+01
5.201242065429687500e+01
4.519051361083984375e+01
4.475830841064453125e+01
3.906765747070312500e+01
4.731097412109375000e+01
7.092864990234375000e+01
4.341806793212890625e+01
3.628673553466796875e+01
4.226705551147460938e+01
5.317189407348632812e+01
9.688854980468750000e+01
4.133948516845703125e+01
6.622441101074218750e+01
3.766111755371093750e+01
4.680677413940429688e+01
1.586122436523437500e+02
3.000000000000000000e+01
3.633323669433593750e+01
1.141847000122070312e+02
1.504366607666015625e+02
1.962690124511718750e+02
5.122563934326171875e+01
8.512878417968750000e+01
3.527004241943359375e+01
1.085414581298828125e+02
5.588401794433593750e+01
3.468663787841796875e+01
1.454060058593750000e+02
6.186241912841796875e+01
6.902824401855468750e+01
1.139142150878906250e+02
5.332538986206054688e+01
6.094598388671875000e+01
8.993740081787109375e+01
3.000000000000000000e+01
8.029777526855468750e+01
1.161093750000000000e+02
3.238274002075195312e+01
6.244942092895507812e+01
5.239724349975585938e+01
4.769636154174804688e+01
9.084022521972656250e+01
1.416127777099609375e+02
5.960181808471679688e+01
1.207923660278320312e+02
8.451201629638671875e+01
5.015634536743164062e+01
1.050402832031250000e+02
7.278876495361328125e+01
3.323834609985351562e+01
3.726881790161132812e+01
3.000000000000000000e+01
4.104374694824218750e+01
6.130545043945312500e+01
1.035404968261718750e+02
4.760473251342773438e+01
4.518389129638671875e+01
4.070013427734375000e+01
2.847344665527343750e+02
3.914377975463867188e+01
4.638397216796875000e+01
4.253264999389648438e+01
3.000000000000000000e+01
4.374972915649414062e+01
6.366541671752929688e+01
7.515810394287109375e+01
1.029711303710937500e+02
6.491107177734375000e+01
3.345359420776367188e+01
5.006730651855468750e+01
4.559134674072265625e+01
1.687896728515625000e+02
3.516071319580078125e+01
3.320871734619140625e+01
7.184818267822265625e+01
4.485673522949218750e+01
6.398786163330078125e+01
7.696598052978515625e+01
1.410128021240234375e+02
7.411197662353515625e+01
8.275601196289062500e+01
4.262948608398437500e+01
3.721857452392578125e+01
6.339957427978515625e+01
3.000000000000000000e+01
8.268782043457031250e+01
7.626838684082031250e+01
3.000000000000000000e+01
3.666532897949218750e+01
8.898568725585937500e+01
3.000000000000000000e+01
4.197855758666992188e+01
1.436993865966796875e+02
6.157711029052734375e+01
4.429841232299804688e+01
6.900725555419921875e+01
5.332739257812500000e+01
5.434641265869140625e+01
9.559982299804687500e+01
5.156441497802734375e+01
7.114428710937500000e+01
1.931891937255859375e+02
4.973360443115234375e+01
1.169160690307617188e+02
4.116890716552734375e+01
4.712331390380859375e+01
8.830519104003906250e+01
6.080522918701171875e+01
5.260482406616210938e+01
6.068043136596679688e+01
3.000000000000000000e+01
5.714581298828125000e+01
5.476025009155273438e+01
7.559596252441406250e+01
3.909877014160156250e+01
5.212467193603515625e+01
6.852971649169921875e+01
9.090682983398437500e+01
8.329243469238281250e+01
4.963428497314453125e+01
5.361794281005859375e+01
4.903572082519531250e+01
5.667266845703125000e+01
7.434584045410156250e+01
3.936672973632812500e+01
1.165286331176757812e+02
9.671315002441406250e+01
3.072631645202636719e+01
8.823576354980468750e+01
7.352677154541015625e+01
5.300677490234375000e+01
4.934383392333984375e+01
4.824698257446289062e+01
4.294191360473632812e+01
1.981823120117187500e+02
3.009244155883789062e+01
5.048893356323242188e+01
4.911617279052734375e+01
4.128745651245117188e+01
9.429531860351562500e+01
4.371688842773437500e+01
4.393589401245117188e+01
1.368253479003906250e+02
6.661073303222656250e+01
8.468831634521484375e+01
3.169632911682128906e+01
3.858612442016601562e+01
5.015316009521484375e+01
9.535737609863281250e+01
9.437775421142578125e+01
8.028918457031250000e+01
7.305464935302734375e+01
3.180940055847167969e+01
8.460727691650390625e+01
8.100478363037109375e+01
4.234112930297851562e+01
3.855022048950195312e+01
7.390382385253906250e+01
9.769128417968750000e+01
6.884014129638671875e+01
5.313430023193359375e+01
4.567267990112304688e+01
3.000000000000000000e+01
4.287718963623046875e+01
3.000000000000000000e+01
4.243806076049804688e+01
3.009543418884277344e+01
3.434076309204101562e+01
4.494506072998046875e+01
4.974993515014648438e+01
4.887408447265625000e+01
7.763012695312500000e+01
6.503067016601562500e+01
4.261374664306640625e+01
4.435831451416015625e+01
5.290203857421875000e+01
5.252366638183593750e+01
3.000000000000000000e+01
3.742050170898437500e+01
8.629470062255859375e+01
3.874847793579101562e+01
6.009492874145507812e+01
3.000000000000000000e+01
5.139673233032226562e+01
3.000000000000000000e+01
5.526590728759765625e+01
1.071335144042968750e+02
5.062551879882812500e+01
3.000000000000000000e+01
5.806546783447265625e+01
3.320871734619140625e+01
7.605512237548828125e+01
3.311930084228515625e+01
5.351314544677734375e+01
1.266766891479492188e+02
4.420819091796875000e+01
1.174434280395507812e+02
1.140649414062500000e+02
3.751990509033203125e+01
3.054660606384277344e+01
9.506884765625000000e+01
4.173451995849609375e+01
5.691749572753906250e+01
4.857985687255859375e+01
1.447459869384765625e+02
3.823779678344726562e+01
4.652613830566406250e+01
4.914226531982421875e+01
3.000000000000000000e+01
3.937308502197265625e+01
1.133636322021484375e+02
3.145989990234375000e+01
7.482800292968750000e+01
4.983867645263671875e+01
4.489714813232421875e+01
3.000000000000000000e+01
4.323766708374023438e+01
3.758600234985351562e+01
4.538639450073242188e+01
3.885153961181640625e+01
3.595863342285156250e+01
4.170077514648437500e+01
4.624064636230468750e+01
4.094132995605468750e+01
4.725607299804687500e+01
6.409945678710937500e+01
5.939687347412109375e+01
7.115355682373046875e+01
1.152767944335937500e+02
6.063851928710937500e+01
1.026060180664062500e+02
8.490322875976562500e+01
1.199938964843750000e+02
4.030610275268554688e+01
5.736145019531250000e+01
6.104817199707031250e+01
4.078969573974609375e+01
6.632848358154296875e+01
7.849494934082031250e+01
7.637098693847656250e+01
7.472686767578125000e+01
3.958477020263671875e+01
4.343907165527343750e+01
6.394441604614257812e+01
9.786885070800781250e+01
4.751107025146484375e+01
4.637933349609375000e+01
4.443194580078125000e+01
3.842662429809570312e+01
9.543946075439453125e+01
4.246359252929687500e+01
4.427584075927734375e+01
4.381285858154296875e+01
4.827699661254882812e+01
6.131580352783203125e+01
8.573910522460937500e+01
3.000000000000000000e+01
3.029652023315429688e+01
3.501383972167968750e+01
1.029711303710937500e+02
5.393465042114257812e+01
3.677807235717773438e+01
5.965942001342773438e+01
5.579345321655273438e+01
4.395604705810546875e+01
5.529669570922851562e+01
5.000977706909179688e+01
6.471257019042968750e+01
3.743993759155273438e+01
5.734546661376953125e+01
6.250865554809570312e+01
8.397619628906250000e+01
6.857387542724609375e+01
4.067841339111328125e+01
3.000000000000000000e+01
7.393199157714843750e+01
7.189945983886718750e+01
4.561330032348632812e+01
5.397743988037109375e+01
5.546211242675781250e+01
3.677830886840820312e+01
5.738282012939453125e+01
3.271828842163085938e+01
3.136389923095703125e+01
4.161822509765625000e+01
7.527026367187500000e+01
6.852971649169921875e+01
5.390276336669921875e+01
5.736563110351562500e+01
3.529477691650390625e+01
7.564909362792968750e+01
1.030553436279296875e+02
6.670426940917968750e+01
3.558968353271484375e+01
1.199938964843750000e+02
5.122563934326171875e+01
7.527966308593750000e+01
9.769128417968750000e+01
4.328113555908203125e+01
3.746395874023437500e+01
6.917753601074218750e+01
3.171273040771484375e+01
4.248288726806640625e+01
2.319128723144531250e+02
4.886950683593750000e+01
3.518835067749023438e+01
3.865004348754882812e+01
1.203289031982421875e+02
6.144519042968750000e+01
5.565636825561523438e+01
9.739425659179687500e+01
4.225241088867187500e+01
1.258021087646484375e+02
7.441429901123046875e+01
9.098008728027343750e+01
3.560980987548828125e+01
3.348625946044921875e+01
6.101559448242187500e+01
6.981311035156250000e+01
6.210599136352539062e+01
4.341806793212890625e+01
4.987957000732421875e+01
4.006855773925781250e+01
5.595999145507812500e+01
5.501971435546875000e+01
4.289984512329101562e+01
3.938899993896484375e+01
7.038385772705078125e+01
7.629393768310546875e+01
4.056460571289062500e+01
3.448945617675781250e+01
6.087295532226562500e+01
3.000000000000000000e+01
4.700730133056640625e+01
1.165068893432617188e+02
4.937917709350585938e+01
8.175704956054687500e+01
5.036539459228515625e+01
4.429993820190429688e+01
3.531428909301757812e+01
8.330157470703125000e+01
6.262085723876953125e+01
7.079244995117187500e+01
1.055360870361328125e+02
5.007035064697265625e+01
4.135337448120117188e+01
3.891774368286132812e+01
3.995467376708984375e+01
5.308886718750000000e+01
5.570489883422851562e+01
1.981823120117187500e+02
5.418660736083984375e+01
5.302606201171875000e+01
5.518626022338867188e+01
5.888551330566406250e+01
4.609505462646484375e+01
5.528066635131835938e+01
5.417272949218750000e+01
6.750798034667968750e+01
9.668106079101562500e+01
3.000000000000000000e+01
3.842976760864257812e+01
5.653790283203125000e+01
1.028233337402343750e+02
5.558936691284179688e+01
1.174434204101562500e+02
3.697804260253906250e+01
4.371089172363281250e+01
4.439163970947265625e+01
6.347424316406250000e+01
1.834412231445312500e+02
6.459422302246093750e+01
5.425837707519531250e+01
6.278319168090820312e+01
3.000000000000000000e+01
3.173350524902343750e+01
7.987429046630859375e+01
3.094137763977050781e+01
3.641151046752929688e+01
5.261509704589843750e+01
7.822025299072265625e+01
4.920523834228515625e+01
9.487927246093750000e+01
4.526266479492187500e+01
4.100441741943359375e+01
5.717232513427734375e+01
7.348327636718750000e+01
5.639080047607421875e+01
4.491926574707031250e+01
4.382705688476562500e+01
3.000000000000000000e+01
3.877323532104492188e+01
3.516071319580078125e+01
3.000000000000000000e+01
7.071376800537109375e+01
6.157711029052734375e+01
3.000000000000000000e+01
3.000000000000000000e+01
3.667801666259765625e+01
4.638397216796875000e+01
3.517872619628906250e+01
1.193912200927734375e+02
3.000000000000000000e+01
6.033687973022460938e+01
9.371566772460937500e+01
3.836213684082031250e+01
3.000000000000000000e+01
3.037999725341796875e+01
6.056387329101562500e+01
6.512267303466796875e+01
6.136752319335937500e+01
5.508180999755859375e+01
5.667746734619140625e+01
5.604280471801757812e+01
5.431597900390625000e+01
3.927194213867187500e+01
6.716280364990234375e+01
3.413266372680664062e+01
5.015316009521484375e+01
5.042215347290039062e+01
3.777071762084960938e+01
4.439469146728515625e+01
5.129766464233398438e+01
6.572356414794921875e+01
4.617440795898437500e+01
5.150094985961914062e+01
5.122027587890625000e+01
4.371604156494140625e+01
6.534220123291015625e+01
6.659358978271484375e+01
4.688968276977539062e+01
8.812215423583984375e+01
4.722912597656250000e+01
5.833484268188476562e+01
3.390431594848632812e+01
5.920829010009765625e+01
6.409832763671875000e+01
5.327707290649414062e+01
7.681869506835937500e+01
4.036180114746093750e+01
7.908889007568359375e+01
4.535417175292968750e+01
5.000940704345703125e+01
8.221352386474609375e+01
1.384077301025390625e+02
1.216121597290039062e+02
4.260481262207031250e+01
3.396768569946289062e+01
4.662585449218750000e+01
4.323511505126953125e+01
8.329243469238281250e+01
7.060444641113281250e+01
5.643758010864257812e+01
1.005829162597656250e+02
6.087295150756835938e+01
4.182198715209960938e+01
3.000000000000000000e+01
5.829037475585937500e+01
5.593836975097656250e+01
3.621509552001953125e+01
3.910060882568359375e+01
7.232021331787109375e+01
5.592972946166992188e+01
4.583379745483398438e+01
9.271820068359375000e+01
3.000000000000000000e+01
4.357343292236328125e+01
6.007950592041015625e+01
4.820633316040039062e+01
3.975471878051757812e+01
4.491926574707031250e+01
1.945141448974609375e+02
6.257594680786132812e+01
4.848501586914062500e+01
3.798718643188476562e+01
4.430502700805664062e+01
1.084712066650390625e+02
4.279603576660156250e+01
4.527037811279296875e+01
6.412396240234375000e+01
3.938899993896484375e+01
6.422489929199218750e+01
4.197050857543945312e+01
5.838109207153320312e+01
5.246287536621093750e+01
4.969106292724609375e+01
4.753276062011718750e+01
3.968128204345703125e+01
5.102904510498046875e+01
5.828076171875000000e+01
2.176691894531250000e+02
3.923421478271484375e+01
4.349188995361328125e+01
5.876571273803710938e+01
5.757801818847656250e+01
4.792469024658203125e+01
3.760062789916992188e+01
3.000000000000000000e+01
5.335720825195312500e+01
3.549760437011718750e+01
4.986077880859375000e+01
5.231076049804687500e+01
3.706284332275390625e+01
4.901544189453125000e+01
3.000000000000000000e+01
3.751990509033203125e+01
3.718453979492187500e+01
3.495872497558593750e+01
6.124903869628906250e+01
6.494383239746093750e+01
3.000000000000000000e+01
4.266709136962890625e+01
4.284423065185546875e+01
8.387255096435546875e+01
6.135645294189453125e+01
9.314108276367187500e+01
3.114267730712890625e+01
8.028918457031250000e+01
8.063641357421875000e+01
4.363474273681640625e+01
8.221352386474609375e+01
3.000000000000000000e+01
4.120052337646484375e+01
3.959143829345703125e+01
4.461348724365234375e+01
1.246178054809570312e+02
4.848986434936523438e+01
4.646145629882812500e+01
6.767014312744140625e+01
3.820058059692382812e+01
1.084035644531250000e+02
5.401737213134765625e+01
3.752818298339843750e+01
5.175031280517578125e+01
8.516345977783203125e+01
7.747380065917968750e+01
6.674874877929687500e+01
6.240533828735351562e+01
3.000000000000000000e+01
3.869866943359375000e+01
5.829191589355468750e+01
7.421887207031250000e+01
1.100720825195312500e+02
7.950579071044921875e+01
1.245958862304687500e+02
5.282155227661132812e+01
3.414781188964843750e+01
4.427385711669921875e+01
3.000000000000000000e+01
5.185547637939453125e+01
3.000000000000000000e+01
3.000000000000000000e+01
6.547989654541015625e+01
1.203151855468750000e+02
5.503007507324218750e+01
3.000000000000000000e+01
5.697190475463867188e+01
6.803561401367187500e+01
4.992132186889648438e+01
4.860350799560546875e+01
5.570489883422851562e+01
3.706761932373046875e+01
5.826090621948242188e+01
3.173350524902343750e+01
5.956951904296875000e+01
5.309948730468750000e+01
3.000000000000000000e+01
3.582929611206054688e+01
5.849960327148437500e+01
3.561019897460937500e+01
6.516182708740234375e+01
7.457219696044921875e+01
4.466127014160156250e+01
9.409336853027343750e+01
5.631105041503906250e+01
3.084809875488281250e+01
3.714584732055664062e+01
3.317673492431640625e+01
3.208564758300781250e+01
4.443442916870117188e+01
3.707033920288085938e+01
4.806182098388671875e+01
9.925671386718750000e+01
3.345359420776367188e+01
3.349264907836914062e+01
9.090682983398437500e+01
7.842388153076171875e+01
4.322054672241210938e+01
6.148253631591796875e+01
7.627072143554687500e+01
4.887408447265625000e+01
5.342675399780273438e+01
8.610897827148437500e+01
3.971838760375976562e+01
7.605452728271484375e+01
4.494428253173828125e+01
3.000000000000000000e+01
5.537672042846679688e+01
4.795772933959960938e+01
3.804587554931640625e+01
4.633889770507812500e+01
4.096541213989257812e+01
4.513326263427734375e+01
4.310483169555664062e+01
6.186241912841796875e+01
3.402521514892578125e+01
3.831725692749023438e+01
7.620648193359375000e+01
8.981504821777343750e+01
3.055930137634277344e+01
9.217736053466796875e+01
5.066519165039062500e+01
3.000000000000000000e+01
8.548013305664062500e+01
9.135023498535156250e+01
3.848536682128906250e+01
5.966517639160156250e+01
3.798755645751953125e+01
4.534267807006835938e+01
3.772203826904296875e+01
8.225701904296875000e+01
5.277206039428710938e+01
3.924508666992187500e+01
3.169632720947265625e+01
5.558195495605468750e+01
5.650350952148437500e+01
3.342943954467773438e+01
5.542436599731445312e+01
6.035711288452148438e+01
5.092580795288085938e+01
7.363621520996093750e+01
6.682738494873046875e+01
3.028244590759277344e+01
4.558150482177734375e+01
3.450546646118164062e+01
4.872985839843750000e+01
7.615969848632812500e+01
8.097025299072265625e+01
5.838109207153320312e+01
4.853874969482421875e+01
6.708721923828125000e+01
5.542436599731445312e+01
3.874132156372070312e+01
4.986515045166015625e+01
3.000000000000000000e+01
4.132994461059570312e+01
6.191020965576171875e+01
4.513199996948242188e+01
3.684399414062500000e+01
4.921744155883789062e+01
3.835299682617187500e+01
4.892644882202148438e+01
3.000000000000000000e+01
5.843081665039062500e+01
4.734230422973632812e+01
3.969105911254882812e+01
7.120947265625000000e+01
3.334294128417968750e+01
4.493158721923828125e+01
3.422393798828125000e+01
7.460355377197265625e+01
6.732528686523437500e+01
3.532915496826171875e+01
4.175354003906250000e+01
4.064736557006835938e+01
8.871956634521484375e+01
6.871667480468750000e+01
3.445180892944335938e+01
4.596043014526367188e+01
6.358295440673828125e+01
5.392645645141601562e+01
5.571218109130859375e+01
4.574703216552734375e+01
7.431090545654296875e+01
4.110781097412109375e+01
3.437186050415039062e+01
4.533127975463867188e+01
4.125310516357421875e+01
6.529809570312500000e+01
3.914560317993164062e+01
8.830519104003906250e+01
4.535185241699218750e+01
4.744161987304687500e+01
3.921187591552734375e+01
4.572996902465820312e+01
4.832784271240234375e+01
5.224459838867187500e+01
3.396768569946289062e+01
4.186241149902343750e+01
3.715569305419921875e+01
4.903683853149414062e+01
4.844815063476562500e+01
5.595891571044921875e+01
6.822942352294921875e+01
5.489118957519531250e+01
4.948090362548828125e+01
3.744257354736328125e+01
3.000000000000000000e+01
3.000000000000000000e+01
4.572997283935546875e+01
7.681869506835937500e+01
4.031352615356445312e+01
4.498877334594726562e+01
3.000000000000000000e+01
7.323604583740234375e+01
5.786085891723632812e+01
6.842039489746093750e+01
4.012655258178710938e+01
3.280459976196289062e+01
5.209930419921875000e+01
3.000000000000000000e+01
4.473050689697265625e+01
3.413627624511718750e+01
5.084566879272460938e+01
3.000000000000000000e+01
4.661123275756835938e+01
4.082236862182617188e+01
4.237101745605468750e+01
6.351117706298828125e+01
5.033731079101562500e+01
8.097025299072265625e+01
5.696222686767578125e+01
4.092608642578125000e+01
3.376409530639648438e+01
3.750873947143554688e+01
3.367948150634765625e+01
3.778119659423828125e+01
5.681500625610351562e+01
7.515810394287109375e+01
5.351314544677734375e+01
3.832493591308593750e+01
4.329990386962890625e+01
7.526084899902343750e+01
4.998266983032226562e+01
3.815208435058593750e+01
3.202324676513671875e+01
3.000000000000000000e+01
3.481741333007812500e+01
3.777071762084960938e+01
5.303658676147460938e+01
3.273490142822265625e+01
3.546147155761718750e+01
3.769974899291992188e+01
3.687325286865234375e+01
3.325146484375000000e+01
4.610217285156250000e+01
3.317928314208984375e+01
6.584760284423828125e+01
3.725296401977539062e+01
6.698129272460937500e+01
5.696222686767578125e+01
6.825471496582031250e+01
3.000000000000000000e+01
3.169093513488769531e+01
3.948888397216796875e+01
3.000000000000000000e+01
4.488202667236328125e+01
7.054342651367187500e+01
3.000000000000000000e+01
4.667802810668945312e+01
4.337514877319335938e+01
3.054660606384277344e+01
4.787167739868164062e+01
6.491107177734375000e+01
3.872407150268554688e+01
4.398632049560546875e+01
6.870126342773437500e+01
4.633339691162109375e+01
8.516345977783203125e+01
8.713159942626953125e+01
3.000000000000000000e+01
6.016867446899414062e+01
5.029533386230468750e+01
5.260482788085937500e+01
4.514296340942382812e+01
4.993592071533203125e+01
6.238956451416015625e+01
7.696598052978515625e+01
4.494646453857421875e+01
6.502896118164062500e+01
7.436829376220703125e+01
3.000000000000000000e+01
8.348217010498046875e+01
4.419451904296875000e+01
3.157119369506835938e+01
3.895077896118164062e+01
4.755987548828125000e+01
3.000000000000000000e+01
7.091258239746093750e+01
5.470902633666992188e+01
4.349188995361328125e+01
4.538419723510742188e+01
4.423991394042968750e+01
3.000000000000000000e+01
3.706586074829101562e+01
7.589257812500000000e+01
3.764521408081054688e+01
3.535580825805664062e+01
6.551925659179687500e+01
4.910574340820312500e+01
4.262591552734375000e+01
5.763593673706054688e+01
4.175354003906250000e+01
3.000000000000000000e+01
3.691378402709960938e+01
3.617788696289062500e+01
4.155779266357421875e+01
3.755791854858398438e+01
5.821492767333984375e+01
5.653789901733398438e+01
3.256354904174804688e+01
4.538639450073242188e+01
4.985526275634765625e+01
7.201686859130859375e+01
6.211497497558593750e+01
6.514405059814453125e+01
1.085606842041015625e+02
4.936122894287109375e+01
4.407554626464843750e+01
4.838940429687500000e+01
3.799410247802734375e+01
3.812158966064453125e+01
4.199983978271484375e+01
5.284645080566406250e+01
1.055360870361328125e+02
3.537743759155273438e+01
3.625196456909179688e+01
4.680272674560546875e+01
5.535602188110351562e+01
3.702276611328125000e+01
3.937308502197265625e+01
4.820633316040039062e+01
5.440384674072265625e+01
3.000000000000000000e+01
4.816395950317382812e+01
3.566968154907226562e+01
5.080197143554687500e+01
5.738282012939453125e+01
5.305666351318359375e+01
5.068915176391601562e+01
4.153094863891601562e+01
3.000000000000000000e+01
5.670910263061523438e+01
5.031230926513671875e+01
4.434583282470703125e+01
5.558937072753906250e+01
4.001791381835937500e+01
3.000000000000000000e+01
4.609505462646484375e+01
4.635391235351562500e+01
3.000000000000000000e+01
5.984053802490234375e+01
3.611911392211914062e+01
4.259000778198242188e+01
4.054206085205078125e+01
5.174079895019531250e+01
6.168512344360351562e+01
5.391256332397460938e+01
5.644717407226562500e+01
5.407213592529296875e+01
4.330688476562500000e+01
5.098492431640625000e+01
5.402266693115234375e+01
4.030609893798828125e+01
3.811587524414062500e+01
4.968164825439453125e+01
4.826184082031250000e+01
3.909623718261718750e+01
5.561047363281250000e+01
3.449034881591796875e+01
6.847899627685546875e+01
4.306157684326171875e+01
9.538143920898437500e+01
8.195175170898437500e+01
4.138526535034179688e+01
5.737281799316406250e+01
3.354866790771484375e+01
7.846467590332031250e+01
3.000000000000000000e+01
3.860820007324218750e+01
9.395991516113281250e+01
4.262186050415039062e+01
3.970317840576171875e+01
4.991918182373046875e+01
1.009916839599609375e+02
4.350210189819335938e+01
4.183399200439453125e+01
3.000000000000000000e+01
3.902535247802734375e+01
4.262689208984375000e+01
3.677483749389648438e+01
5.708077621459960938e+01
8.592852020263671875e+01
5.204469299316406250e+01
3.760980606079101562e+01
3.000000000000000000e+01
6.461972045898437500e+01
4.034928131103515625e+01
4.395223999023437500e+01
5.382905578613281250e+01
9.314108276367187500e+01
5.178166961669921875e+01
8.344120025634765625e+01
6.880533599853515625e+01
7.274441528320312500e+01
5.797604370117187500e+01
3.072529220581054688e+01
3.960198211669921875e+01
5.508511734008789062e+01
3.692269897460937500e+01
3.419773864746093750e+01
3.366395568847656250e+01
4.349008560180664062e+01
5.517948150634765625e+01
3.327731323242187500e+01
3.904299163818359375e+01
4.590725708007812500e+01
6.874626922607421875e+01
4.909909057617187500e+01
3.346185684204101562e+01
4.460964202880859375e+01
3.000000000000000000e+01
5.759798431396484375e+01
4.295159149169921875e+01
7.173183441162109375e+01
4.863151550292968750e+01
4.562688446044921875e+01
3.000000000000000000e+01
8.460727691650390625e+01
5.743365097045898438e+01
3.000000000000000000e+01
8.871955871582031250e+01
3.780141830444335938e+01
8.435267639160156250e+01
3.956423950195312500e+01
4.846918106079101562e+01
6.192868804931640625e+01
3.938864135742187500e+01
3.000000000000000000e+01
3.658487701416015625e+01
5.100956344604492188e+01
3.721857452392578125e+01
5.162682723999023438e+01
3.725879669189453125e+01
3.000000000000000000e+01
4.055920410156250000e+01
6.422490692138671875e+01
5.963764190673828125e+01
6.686328125000000000e+01
4.503209686279296875e+01
3.647900009155273438e+01
5.516996765136718750e+01
5.517948150634765625e+01
5.217548370361328125e+01
3.955612182617187500e+01
6.028061294555664062e+01
4.855398178100585938e+01
4.850330352783203125e+01
4.010179901123046875e+01
4.313705444335937500e+01
3.000000000000000000e+01
6.528496551513671875e+01
3.434617614746093750e+01
4.601319122314453125e+01
3.746820449829101562e+01
4.732003021240234375e+01
4.587548446655273438e+01
3.000000000000000000e+01
4.680677413940429688e+01
4.422912597656250000e+01
3.000000000000000000e+01
5.106454467773437500e+01
6.767014312744140625e+01
3.616647338867187500e+01
6.068177413940429688e+01
4.303109741210937500e+01
4.208286285400390625e+01
4.101660156250000000e+01
4.739458084106445312e+01
3.663146209716796875e+01
4.279108047485351562e+01
4.134569549560546875e+01
4.172560501098632812e+01
3.455459976196289062e+01
3.434156036376953125e+01
4.212141036987304688e+01
3.609277725219726562e+01
3.187171554565429688e+01
3.220887374877929688e+01
3.337416076660156250e+01
5.345631408691406250e+01
4.792438507080078125e+01
1.009916839599609375e+02
5.451448440551757812e+01
3.917800140380859375e+01
3.043363761901855469e+01
7.539476776123046875e+01
3.000000000000000000e+01
3.996538543701171875e+01
6.528496551513671875e+01
4.189317321777343750e+01
4.422858810424804688e+01
3.969687271118164062e+01
4.494506072998046875e+01
9.106787109375000000e+01
6.420096588134765625e+01
5.208894348144531250e+01
7.192324066162109375e+01
3.000000000000000000e+01
3.380179214477539062e+01
4.992681884765625000e+01
4.123249053955078125e+01
5.082993316650390625e+01
5.867218017578125000e+01
3.509870147705078125e+01
3.000000000000000000e+01
4.400278854370117188e+01
3.459593963623046875e+01
5.050918579101562500e+01
4.752159881591796875e+01
4.865387725830078125e+01
3.000000000000000000e+01
3.558968353271484375e+01
5.029533386230468750e+01
4.460800170898437500e+01
3.837195587158203125e+01
7.102174377441406250e+01
3.421083450317382812e+01
3.969672393798828125e+01
6.499964904785156250e+01
5.748617172241210938e+01
3.711627960205078125e+01
3.682300949096679688e+01
4.427288055419921875e+01
4.052826309204101562e+01
3.521608734130859375e+01
3.979539489746093750e+01
4.160857009887695312e+01
6.721996307373046875e+01
6.070498657226562500e+01
4.817689514160156250e+01
3.663958358764648438e+01
4.758107757568359375e+01
4.557703399658203125e+01
3.653400802612304688e+01
6.237954330444335938e+01
3.766452407836914062e+01
4.151959991455078125e+01
3.533205413818359375e+01
3.000000000000000000e+01
4.364442443847656250e+01
3.077453041076660156e+01
5.361644363403320312e+01
3.973194503784179688e+01
3.537743759155273438e+01
3.975472259521484375e+01
4.173306274414062500e+01
3.465700912475585938e+01
5.126435470581054688e+01
3.184673690795898438e+01
5.898143386840820312e+01
4.557656097412109375e+01
3.330049514770507812e+01
4.457306671142578125e+01
8.387255096435546875e+01
4.875888824462890625e+01
3.975412750244140625e+01
3.802424240112304688e+01
3.803502655029296875e+01
5.162535858154296875e+01
4.045820617675781250e+01
4.238268280029296875e+01
3.243067932128906250e+01
3.000000000000000000e+01
3.000000000000000000e+01
3.908061218261718750e+01
5.282413101196289062e+01
3.808186340332031250e+01
4.500506973266601562e+01
3.556076812744140625e+01
7.104704284667968750e+01
4.473664855957031250e+01
4.402261352539062500e+01
5.705353927612304688e+01
3.569342422485351562e+01
4.726642608642578125e+01
3.000000000000000000e+01
3.046248626708984375e+01
4.791897583007812500e+01
4.602515029907226562e+01
3.417500305175781250e+01
3.840117645263671875e+01
3.000000000000000000e+01
3.650732421875000000e+01
3.869999694824218750e+01
4.081093978881835938e+01
