4.957299041748046875e+01
6.360213088989257812e+01
4.231072998046875000e+01
4.208276748657226562e+01
6.916738891601562500e+01
5.736098480224609375e+01
3.195409202575683594e+01
6.484681701660156250e+01
6.126535797119140625e+01
1.261662063598632812e+02
4.529124832153320312e+01
1.122550811767578125e+02
4.763074493408203125e+01
4.553864669799804688e+01
4.734069061279296875e+01
6.358393859863281250e+01
7.199205017089843750e+01
4.422318649291992188e+01
3.985147094726562500e+01
1.439954681396484375e+02
4.139878082275390625e+01
8.955856323242187500e+01
3.000000000000000000e+01
3.491022491455078125e+01
4.428884887695312500e+01
7.504017639160156250e+01
3.000000000000000000e+01
6.262039566040039062e+01
1.897860107421875000e+02
4.382881164550781250e+01
4.486870193481445312e+01
4.376981353759765625e+01
4.672357940673828125e+01
9.067823791503906250e+01
4.623322677612304688e+01
5.378506469726562500e+01
6.561567687988281250e+01
4.801895141601562500e+01
4.481689834594726562e+01
3.000000000000000000e+01
4.908558654785156250e+01
3.404261016845703125e+01
6.147261810302734375e+01
5.102296447753906250e+01
3.000000000000000000e+01
3.421794128417968750e+01
3.793984985351562500e+01
5.942795562744140625e+01
1.237011032104492188e+02
6.043229675292968750e+01
4.823979568481445312e+01
3.638746643066406250e+01
7.522480773925781250e+01
5.087962341308593750e+01
1.179435119628906250e+02
4.987711715698242188e+01
6.371183013916015625e+01
4.868006134033203125e+01
6.149467468261718750e+01
7.044143676757812500e+01
6.131380081176757812e+01
9.369467926025390625e+01
4.194093322753906250e+01
9.793977355957031250e+01
1.052013549804687500e+02
5.502311706542968750e+01
5.348239898681640625e+01
3.240264892578125000e+01
4.440562438964843750e+01
5.986988830566406250e+01
7.292003631591796875e+01
3.572066879272460938e+01
8.580507659912109375e+01
3.860364532470703125e+01
4.837494659423828125e+01
3.937867355346679688e+01
5.255593109130859375e+01
4.713342285156250000e+01
4.324893188476562500e+01
5.615365600585937500e+01
4.049845886230468750e+01
7.199205017089843750e+01
5.204137420654296875e+01
1.289579772949218750e+02
1.044538192749023438e+02
3.047045326232910156e+01
3.754040527343750000e+01
4.688682174682617188e+01
4.763074493408203125e+01
6.040734481811523438e+01
4.499185943603515625e+01
4.911168289184570312e+01
6.590254974365234375e+01
6.030683898925781250e+01
1.037837219238281250e+02
9.972787475585937500e+01
6.210319137573242188e+01
4.079503250122070312e+01
6.310010528564453125e+01
3.563255310058593750e+01
1.086430511474609375e+02
6.346329879760742188e+01
1.655699768066406250e+02
3.249250793457031250e+01
3.881742858886718750e+01
8.526271057128906250e+01
3.000000000000000000e+01
6.052259445190429688e+01
5.584000396728515625e+01
5.088653564453125000e+01
3.575385284423828125e+01
3.000000000000000000e+01
6.957807922363281250e+01
1.316656341552734375e+02
4.154357147216796875e+01
4.526663970947265625e+01
9.323737335205078125e+01
4.718414306640625000e+01
7.247024536132812500e+01
4.936087036132812500e+01
4.710708618164062500e+01
6.284300231933593750e+01
5.280979537963867188e+01
4.265428161621093750e+01
4.128797912597656250e+01
4.862796020507812500e+01
6.906743621826171875e+01
5.955978775024414062e+01
4.321236801147460938e+01
4.244181442260742188e+01
4.212147521972656250e+01
1.173134841918945312e+02
5.444067382812500000e+01
3.344813919067382812e+01
7.737677764892578125e+01
4.369652557373046875e+01
1.360635681152343750e+02
4.497294616699218750e+01
4.372582626342773438e+01
6.839192199707031250e+01
4.920568847656250000e+01
1.008977508544921875e+02
6.290560150146484375e+01
5.654922866821289062e+01
7.283256530761718750e+01
4.199954986572265625e+01
7.990403747558593750e+01
8.853557586669921875e+01
4.587097930908203125e+01
1.042544097900390625e+02
5.574486541748046875e+01
7.194779968261718750e+01
5.636368179321289062e+01
7.267132568359375000e+01
5.730877685546875000e+01
1.086920852661132812e+02
3.000000000000000000e+01
1.258498458862304688e+02
4.411067962646484375e+01
5.127651214599609375e+01
3.811267089843750000e+01
3.749816131591796875e+01
5.066214370727539062e+01
4.027551269531250000e+01
7.086971282958984375e+01
4.336605072021484375e+01
5.834976196289062500e+01
5.107947921752929688e+01
3.101159667968750000e+01
1.068339538574218750e+02
4.830813980102539062e+01
4.043748855590820312e+01
3.473353195190429688e+01
3.000000000000000000e+01
5.561938095092773438e+01
6.171310043334960938e+01
4.230439758300781250e+01
4.825119400024414062e+01
7.449117279052734375e+01
5.630799102783203125e+01
6.521289062500000000e+01
5.886837387084960938e+01
6.897274017333984375e+01
5.501058197021484375e+01
4.013755798339843750e+01
3.513698959350585938e+01
3.752904891967773438e+01
4.859570693969726562e+01
5.390690612792968750e+01
4.987995910644531250e+01
5.292879486083984375e+01
4.990015411376953125e+01
5.141369247436523438e+01
4.501259231567382812e+01
4.367448806762695312e+01
4.740246582031250000e+01
4.156832504272460938e+01
7.746777343750000000e+01
1.491936645507812500e+02
6.852265930175781250e+01
5.477687072753906250e+01
1.227631378173828125e+02
6.746332550048828125e+01
3.000000000000000000e+01
5.399297714233398438e+01
3.584183120727539062e+01
4.415053939819335938e+01
4.074641418457031250e+01
1.085983581542968750e+02
3.419040679931640625e+01
4.374692535400390625e+01
1.077260284423828125e+02
4.149919128417968750e+01
4.119509887695312500e+01
3.795572280883789062e+01
4.013715744018554688e+01
4.550686264038085938e+01
5.426679992675781250e+01
3.849043655395507812e+01
4.616702270507812500e+01
3.552085876464843750e+01
6.780612182617187500e+01
9.908903503417968750e+01
3.983141326904296875e+01
4.589511108398437500e+01
4.427505493164062500e+01
6.136893463134765625e+01
1.087844696044921875e+02
6.415016937255859375e+01
1.149899444580078125e+02
3.700946044921875000e+01
4.516074371337890625e+01
6.476175689697265625e+01
4.818649291992187500e+01
3.379184722900390625e+01
6.535728454589843750e+01
4.017585754394531250e+01
4.917517089843750000e+01
7.184162139892578125e+01
5.893209075927734375e+01
4.027477264404296875e+01
1.197498397827148438e+02
1.237501449584960938e+02
6.415552520751953125e+01
8.235393524169921875e+01
3.206776809692382812e+01
5.435865783691406250e+01
1.278318328857421875e+02
1.850578918457031250e+02
5.010298156738281250e+01
7.203612518310546875e+01
4.516798400878906250e+01
5.322767639160156250e+01
8.301671600341796875e+01
5.571083831787109375e+01
5.177008819580078125e+01
4.373384857177734375e+01
4.775441741943359375e+01
3.747642517089843750e+01
1.291914672851562500e+02
3.989280319213867188e+01
5.219383621215820312e+01
4.233993911743164062e+01
5.235092926025390625e+01
1.140108337402343750e+02
4.362923049926757812e+01
1.438422546386718750e+02
5.431417465209960938e+01
6.852666473388671875e+01
5.789813995361328125e+01
5.262318801879882812e+01
5.067151260375976562e+01
6.415552520751953125e+01
7.124798583984375000e+01
1.817024536132812500e+02
3.750786590576171875e+01
6.943362426757812500e+01
7.979614257812500000e+01
1.005014038085937500e+02
8.956980895996093750e+01
4.540210723876953125e+01
7.224446105957031250e+01
6.003726959228515625e+01
4.369171905517578125e+01
6.676119995117187500e+01
3.856278610229492188e+01
3.000000000000000000e+01
5.561326599121093750e+01
3.655416870117187500e+01
4.669491577148437500e+01
4.042005157470703125e+01
3.245001220703125000e+01
3.156718635559082031e+01
1.175448303222656250e+02
3.616711425781250000e+01
3.823436737060546875e+01
5.256521606445312500e+01
4.700537872314453125e+01
3.526006317138671875e+01
5.228614044189453125e+01
4.757806396484375000e+01
3.000000000000000000e+01
4.170460128784179688e+01
6.851425170898437500e+01
7.030319213867187500e+01
4.050544738769531250e+01
7.656926727294921875e+01
7.903170776367187500e+01
6.390205383300781250e+01
1.308351745605468750e+02
1.358855590820312500e+02
3.000000000000000000e+01
1.002882537841796875e+02
1.131775360107421875e+02
8.494441223144531250e+01
4.101309967041015625e+01
3.709170150756835938e+01
1.255753173828125000e+02
6.524767303466796875e+01
6.310010528564453125e+01
4.807461166381835938e+01
5.825074005126953125e+01
4.595439910888671875e+01
5.199125671386718750e+01
3.749081039428710938e+01
3.607571792602539062e+01
3.729795455932617188e+01
3.580737686157226562e+01
8.580507659912109375e+01
3.398237991333007812e+01
7.947647094726562500e+01
5.111027145385742188e+01
5.056687164306640625e+01
4.628878021240234375e+01
4.062934112548828125e+01
4.487371826171875000e+01
6.878871154785156250e+01
4.646698760986328125e+01
4.232905578613281250e+01
3.951382446289062500e+01
6.061247253417968750e+01
7.013693237304687500e+01
4.601964187622070312e+01
6.390205383300781250e+01
4.364097595214843750e+01
4.392406082153320312e+01
1.618113403320312500e+02
3.501685333251953125e+01
3.652706146240234375e+01
1.194141540527343750e+02
1.420282440185546875e+02
1.886696166992187500e+02
4.714009094238281250e+01
9.369467926025390625e+01
3.000000000000000000e+01
1.056864395141601562e+02
5.884057235717773438e+01
3.623093032836914062e+01
1.494105224609375000e+02
5.797970581054687500e+01
6.201248931884765625e+01
1.073025741577148438e+02
4.414056015014648438e+01
6.696556091308593750e+01
8.052496337890625000e+01
3.893091583251953125e+01
6.428866577148437500e+01
9.779067993164062500e+01
3.027984428405761719e+01
5.634418869018554688e+01
5.653028106689453125e+01
4.739340972900390625e+01
8.796252441406250000e+01
1.435393981933593750e+02
6.149137115478515625e+01
1.205875091552734375e+02
8.522833251953125000e+01
4.382880783081054688e+01
9.954623413085937500e+01
8.425524139404296875e+01
3.977899169921875000e+01
3.730425262451171875e+01
3.000000000000000000e+01
4.523112106323242188e+01
6.216943359375000000e+01
1.237501449584960938e+02
5.428670501708984375e+01
4.445783233642578125e+01
3.786613845825195312e+01
2.716631774902343750e+02
4.374971771240234375e+01
4.593824005126953125e+01
4.688174057006835938e+01
3.000000000000000000e+01
4.497671508789062500e+01
7.345719146728515625e+01
5.764250564575195312e+01
1.009023742675781250e+02
3.329105377197265625e+01
3.974009704589843750e+01
4.952823638916015625e+01
4.117779922485351562e+01
1.428934936523437500e+02
3.817070388793945312e+01
3.844325256347656250e+01
5.115107727050781250e+01
4.409873962402343750e+01
6.002495956420898438e+01
6.900190734863281250e+01
1.340374908447265625e+02
6.462015533447265625e+01
9.693576812744140625e+01
5.359513092041015625e+01
4.047171783447265625e+01
6.778375244140625000e+01
3.852388763427734375e+01
7.256094360351562500e+01
7.345646667480468750e+01
3.000000000000000000e+01
4.300738525390625000e+01
1.043043136596679688e+02
3.859162902832031250e+01
4.308709716796875000e+01
1.391487426757812500e+02
5.297426223754882812e+01
5.426450347900390625e+01
7.351985168457031250e+01
4.683963012695312500e+01
6.503141784667968750e+01
9.204225921630859375e+01
5.629961013793945312e+01
7.947647094726562500e+01
2.199247283935546875e+02
5.199125671386718750e+01
1.137367706298828125e+02
4.069013214111328125e+01
4.829077148437500000e+01
8.873222351074218750e+01
6.262039566040039062e+01
5.135369110107421875e+01
6.333341979980468750e+01
3.000000000000000000e+01
7.185111236572265625e+01
5.850627899169921875e+01
8.301541137695312500e+01
4.144668960571289062e+01
4.418093109130859375e+01
6.269868469238281250e+01
8.656971740722656250e+01
8.405686187744140625e+01
5.901141738891601562e+01
5.636368560791015625e+01
4.891152191162109375e+01
6.078256607055664062e+01
6.952917480468750000e+01
3.365713119506835938e+01
1.119193420410156250e+02
8.642880249023437500e+01
3.000000000000000000e+01
1.203679656982421875e+02
9.003255462646484375e+01
5.331011962890625000e+01
4.430797576904296875e+01
4.815171432495117188e+01
4.475802993774414062e+01
1.688528442382812500e+02
3.019671440124511719e+01
5.355051040649414062e+01
5.160338592529296875e+01
4.287469482421875000e+01
9.889595031738281250e+01
3.829637527465820312e+01
3.974832153320312500e+01
1.246802062988281250e+02
7.030319213867187500e+01
8.966438293457031250e+01
3.725129699707031250e+01
3.752762222290039062e+01
5.472005081176757812e+01
9.513674163818359375e+01
9.403878784179687500e+01
8.582757568359375000e+01
6.918632507324218750e+01
3.000000000000000000e+01
5.808314514160156250e+01
8.891464233398437500e+01
5.075457000732421875e+01
4.119509887695312500e+01
7.587110137939453125e+01
8.842675018310546875e+01
5.633979415893554688e+01
5.603481674194335938e+01
4.127457427978515625e+01
3.000000000000000000e+01
4.067186737060546875e+01
3.000000000000000000e+01
4.793715667724609375e+01
3.441656875610351562e+01
4.118258666992187500e+01
4.087364578247070312e+01
5.215395355224609375e+01
4.781058120727539062e+01
7.316337585449218750e+01
6.268524932861328125e+01
4.332433319091796875e+01
3.995091247558593750e+01
4.965072631835937500e+01
6.580204772949218750e+01
4.051984024047851562e+01
3.250022888183593750e+01
7.454158782958984375e+01
3.837850570678710938e+01
5.428496551513671875e+01
3.372402191162109375e+01
5.207804870605468750e+01
3.234104537963867188e+01
4.734068679809570312e+01
1.098114624023437500e+02
5.505278015136718750e+01
3.316011810302734375e+01
6.446028137207031250e+01
3.844325256347656250e+01
7.511963653564453125e+01
3.880027008056640625e+01
5.101353836059570312e+01
1.378741149902343750e+02
4.279133605957031250e+01
1.172874069213867188e+02
1.029496307373046875e+02
3.601723098754882812e+01
3.240412521362304688e+01
8.605058288574218750e+01
4.718740081787109375e+01
4.936759948730468750e+01
4.233993911743164062e+01
1.215295333862304688e+02
3.903436660766601562e+01
4.965267944335937500e+01
4.557704544067382812e+01
3.482074737548828125e+01
4.098244857788085938e+01
1.139290313720703125e+02
4.626361465454101562e+01
6.977212524414062500e+01
4.232691192626953125e+01
5.120497131347656250e+01
3.000000000000000000e+01
4.976500701904296875e+01
4.991656494140625000e+01
4.382643127441406250e+01
4.067678451538085938e+01
3.390818023681640625e+01
4.283816146850585938e+01
5.445517349243164062e+01
4.124816131591796875e+01
4.701018524169921875e+01
5.537759017944335938e+01
6.052259445190429688e+01
6.902960205078125000e+01
1.085983581542968750e+02
5.837193298339843750e+01
1.044765319824218750e+02
8.286702728271484375e+01
1.220319824218750000e+02
5.257355880737304688e+01
5.347835159301757812e+01
5.051177215576171875e+01
3.775567245483398438e+01
7.912811279296875000e+01
7.139251708984375000e+01
8.758621215820312500e+01
8.837816619873046875e+01
4.154357147216796875e+01
4.532489776611328125e+01
6.868985748291015625e+01
8.810621643066406250e+01
4.688486480712890625e+01
5.352034759521484375e+01
4.141006088256835938e+01
3.597813415527343750e+01
8.334475708007812500e+01
4.499185943603515625e+01
5.692086791992187500e+01
4.123546600341796875e+01
4.805543136596679688e+01
4.936476135253906250e+01
9.068376159667968750e+01
4.306828689575195312e+01
3.000000000000000000e+01
3.717854309082031250e+01
1.009023742675781250e+02
5.000299835205078125e+01
3.875008773803710938e+01
5.256851577758789062e+01
5.231552124023437500e+01
4.891296386718750000e+01
4.901430511474609375e+01
5.721639633178710938e+01
7.100988769531250000e+01
3.981935501098632812e+01
6.460614013671875000e+01
6.952877807617187500e+01
7.486853790283203125e+01
7.419393157958984375e+01
5.079444885253906250e+01
3.000000000000000000e+01
7.050170898437500000e+01
6.314955520629882812e+01
4.545351409912109375e+01
5.980764007568359375e+01
5.218690872192382812e+01
3.963917541503906250e+01
5.886260986328125000e+01
4.513571929931640625e+01
3.335247039794921875e+01
5.096678924560546875e+01
7.152116394042968750e+01
6.269868469238281250e+01
5.164439392089843750e+01
5.752468872070312500e+01
3.716907882690429688e+01
8.204896545410156250e+01
1.068518981933593750e+02
7.960323333740234375e+01
3.017473220825195312e+01
1.220319824218750000e+02
4.714009094238281250e+01
5.816500091552734375e+01
8.842675018310546875e+01
4.124792098999023438e+01
3.738489913940429688e+01
6.239038085937500000e+01
3.767663192749023438e+01
3.963080215454101562e+01
2.302159271240234375e+02
4.736951446533203125e+01
3.091796302795410156e+01
4.325442504882812500e+01
1.411885986328125000e+02
6.173607254028320312e+01
5.405197906494140625e+01
9.943977355957031250e+01
4.385022354125976562e+01
1.254107360839843750e+02
6.917989349365234375e+01
8.991367340087890625e+01
3.870843505859375000e+01
4.973669433593750000e+01
5.877257537841796875e+01
6.901136016845703125e+01
6.735704803466796875e+01
4.646698760986328125e+01
4.932439422607421875e+01
3.000000000000000000e+01
5.193607711791992188e+01
6.368407440185546875e+01
5.953446960449218750e+01
4.142028045654296875e+01
7.106632232666015625e+01
7.006221008300781250e+01
4.984044265747070312e+01
4.027294158935546875e+01
5.183693695068359375e+01
3.000000000000000000e+01
4.596358489990234375e+01
9.722212982177734375e+01
4.194329071044921875e+01
7.148250579833984375e+01
5.692471313476562500e+01
4.438085556030273438e+01
3.629289627075195312e+01
1.008977508544921875e+02
6.204307937622070312e+01
6.579425048828125000e+01
1.055057525634765625e+02
5.575038146972656250e+01
5.387812805175781250e+01
4.045363235473632812e+01
3.000000000000000000e+01
4.431703186035156250e+01
7.361553955078125000e+01
1.688528442382812500e+02
5.008047866821289062e+01
5.672605133056640625e+01
4.291760253906250000e+01
5.040036010742187500e+01
4.144429016113281250e+01
5.152795028686523438e+01
5.286033630371093750e+01
6.236568069458007812e+01
7.805837249755859375e+01
3.000000000000000000e+01
3.524931335449218750e+01
6.403529357910156250e+01
1.000962524414062500e+02
6.522894287109375000e+01
1.172873992919921875e+02
3.722742080688476562e+01
5.107445144653320312e+01
5.734163665771484375e+01
8.183885955810546875e+01
1.731849975585937500e+02
5.459797286987304688e+01
5.396797561645507812e+01
5.648159790039062500e+01
3.000000000000000000e+01
4.313396835327148438e+01
8.266600036621093750e+01
3.608967208862304688e+01
3.433047485351562500e+01
6.003574752807617188e+01
8.129747009277343750e+01
6.363848876953125000e+01
8.651884460449218750e+01
4.175561523437500000e+01
5.298714447021484375e+01
6.524767303466796875e+01
6.004854583740234375e+01
5.186660766601562500e+01
4.656408309936523438e+01
4.520438003540039062e+01
3.345907974243164062e+01
3.186092376708984375e+01
3.817070388793945312e+01
3.549724197387695312e+01
6.887985229492187500e+01
5.297426223754882812e+01
3.617680740356445312e+01
3.000000000000000000e+01
4.759861373901367188e+01
4.593824005126953125e+01
3.982044219970703125e+01
1.334951782226562500e+02
3.000000000000000000e+01
6.022162628173828125e+01
1.100289916992187500e+02
4.704085922241210938e+01
3.000000000000000000e+01
3.000000000000000000e+01
5.127651214599609375e+01
6.933063507080078125e+01
5.965130615234375000e+01
4.842144775390625000e+01
6.616420745849609375e+01
4.958656311035156250e+01
5.418653488159179688e+01
3.978054809570312500e+01
7.343127441406250000e+01
3.889500427246093750e+01
5.472005081176757812e+01
5.377788925170898438e+01
3.509753417968750000e+01
4.186049652099609375e+01
5.685474395751953125e+01
5.852017211914062500e+01
4.309650421142578125e+01
3.526005935668945312e+01
5.142189025878906250e+01
4.826107788085937500e+01
6.878764343261718750e+01
8.987624359130859375e+01
5.963204956054687500e+01
9.576013183593750000e+01
4.790849685668945312e+01
5.893209075927734375e+01
5.028451156616210938e+01
5.749977493286132812e+01
7.076203155517578125e+01
5.637259674072265625e+01
7.184886169433593750e+01
3.846186828613281250e+01
8.663692474365234375e+01
4.442395782470703125e+01
5.674863433837890625e+01
8.346983337402343750e+01
1.439954681396484375e+02
1.186789627075195312e+02
4.826416015625000000e+01
3.757206344604492188e+01
4.643230438232421875e+01
6.204431152343750000e+01
8.405686187744140625e+01
7.380793762207031250e+01
5.433331298828125000e+01
9.348423767089843750e+01
5.183693695068359375e+01
4.515386199951171875e+01
3.123760986328125000e+01
5.566264724731445312e+01
5.459925842285156250e+01
3.000000000000000000e+01
3.346284484863281250e+01
9.337283325195312500e+01
6.479341125488281250e+01
4.405393218994140625e+01
6.881466674804687500e+01
3.309671783447265625e+01
4.187413024902343750e+01
5.986988830566406250e+01
5.342616271972656250e+01
5.635193634033203125e+01
4.656408309936523438e+01
2.037028656005859375e+02
5.838202667236328125e+01
5.067373657226562500e+01
4.453257751464843750e+01
5.432424926757812500e+01
1.113263397216796875e+02
4.429262542724609375e+01
4.311045455932617188e+01
6.533125305175781250e+01
4.142028045654296875e+01
8.916374206542968750e+01
4.674872207641601562e+01
6.062217712402343750e+01
5.293861770629882812e+01
4.624496841430664062e+01
5.184082031250000000e+01
3.000000000000000000e+01
4.356418991088867188e+01
6.112290954589843750e+01
2.262211914062500000e+02
3.983099365234375000e+01
4.045207977294921875e+01
6.773395538330078125e+01
6.517948150634765625e+01
4.236149597167968750e+01
3.652247619628906250e+01
3.605669784545898438e+01
4.736394500732421875e+01
3.188609504699707031e+01
3.728116226196289062e+01
4.706852340698242188e+01
4.047376251220703125e+01
4.452224731445312500e+01
3.000000000000000000e+01
3.601723098754882812e+01
4.238872528076171875e+01
3.013331604003906250e+01
5.480945587158203125e+01
7.479960632324218750e+01
3.175684356689453125e+01
4.605305480957031250e+01
5.256521606445312500e+01
7.451138305664062500e+01
4.611868286132812500e+01
8.788424682617187500e+01
3.399289321899414062e+01
8.582756805419921875e+01
8.123712921142578125e+01
4.252056884765625000e+01
8.346983337402343750e+01
3.626948928833007812e+01
3.756082153320312500e+01
4.171109008789062500e+01
4.565111160278320312e+01
1.052151336669921875e+02
5.187249374389648438e+01
4.759026336669921875e+01
6.957721710205078125e+01
3.657239532470703125e+01
1.003733062744140625e+02
5.458671569824218750e+01
4.566808319091796875e+01
5.517223739624023438e+01
8.041175842285156250e+01
8.059423828125000000e+01
6.709136199951171875e+01
6.917687225341796875e+01
3.173987388610839844e+01
3.846081924438476562e+01
5.402521514892578125e+01
6.634014892578125000e+01
1.084952545166015625e+02
5.678759002685546875e+01
1.241762084960937500e+02
4.894375610351562500e+01
3.558393859863281250e+01
4.607537078857421875e+01
3.037736320495605469e+01
4.983931350708007812e+01
3.000000000000000000e+01
3.111526298522949219e+01
7.634001159667968750e+01
1.004725723266601562e+02
5.775250244140625000e+01
3.265583801269531250e+01
5.562665176391601562e+01
6.979889678955078125e+01
4.396240997314453125e+01
4.455566787719726562e+01
7.361553955078125000e+01
4.026557922363281250e+01
5.137869262695312500e+01
4.313396453857421875e+01
5.622330474853515625e+01
5.810350036621093750e+01
3.260990142822265625e+01
3.844475555419921875e+01
5.872006988525390625e+01
3.000000000000000000e+01
6.364257812500000000e+01
6.960395812988281250e+01
4.722656631469726562e+01
8.235393524169921875e+01
4.845616912841796875e+01
3.000000000000000000e+01
3.000000000000000000e+01
3.000000000000000000e+01
3.392730712890625000e+01
4.293265533447265625e+01
4.169110488891601562e+01
3.768951797485351562e+01
1.034455108642578125e+02
3.974009704589843750e+01
3.611986541748046875e+01
8.656971740722656250e+01
8.033577728271484375e+01
3.942302703857421875e+01
5.789382553100585938e+01
8.270112609863281250e+01
4.781058120727539062e+01
5.401359939575195312e+01
8.850870513916015625e+01
4.614298248291015625e+01
8.530142974853515625e+01
4.324893188476562500e+01
3.000000000000000000e+01
6.040734863281250000e+01
4.792753982543945312e+01
4.748433685302734375e+01
5.040165328979492188e+01
4.570535278320312500e+01
4.745672988891601562e+01
4.031675720214843750e+01
5.797970581054687500e+01
3.786816024780273438e+01
3.713559722900390625e+01
6.972117614746093750e+01
9.310978698730468750e+01
4.449057769775390625e+01
9.941690063476562500e+01
5.311142730712890625e+01
3.000000000000000000e+01
8.982114410400390625e+01
8.150327301025390625e+01
4.274564743041992188e+01
5.941952514648437500e+01
4.587969207763671875e+01
5.226750183105468750e+01
3.807008361816406250e+01
6.471098327636718750e+01
5.220219802856445312e+01
4.736246871948242188e+01
3.725129699707031250e+01
4.915199661254882812e+01
5.472517776489257812e+01
3.337589263916015625e+01
5.096155548095703125e+01
6.507363891601562500e+01
4.936086654663085938e+01
6.919329833984375000e+01
8.056362915039062500e+01
3.215670013427734375e+01
5.178733062744140625e+01
3.398548507690429688e+01
4.278999328613281250e+01
6.906743621826171875e+01
7.125532531738281250e+01
6.062217712402343750e+01
5.042823791503906250e+01
6.373061752319335938e+01
5.096155548095703125e+01
5.141411209106445312e+01
4.553018188476562500e+01
4.764132308959960938e+01
5.208676528930664062e+01
6.245507812500000000e+01
5.141543197631835938e+01
3.959951400756835938e+01
3.989280319213867188e+01
3.987320709228515625e+01
6.584808349609375000e+01
3.191619110107421875e+01
5.386378097534179688e+01
4.180506896972656250e+01
4.512277221679687500e+01
7.619158172607421875e+01
3.465735626220703125e+01
5.006741333007812500e+01
3.756168746948242188e+01
8.020603942871093750e+01
6.293166351318359375e+01
4.204327011108398438e+01
4.045802307128906250e+01
3.794710922241210938e+01
7.519253540039062500e+01
7.671653747558593750e+01
3.701359558105468750e+01
4.525608062744140625e+01
6.086899185180664062e+01
5.197710037231445312e+01
5.477687072753906250e+01
3.715103149414062500e+01
6.028826904296875000e+01
4.467437362670898438e+01
3.931176757812500000e+01
4.562186431884765625e+01
4.577181243896484375e+01
7.456849670410156250e+01
4.591468811035156250e+01
8.873223114013671875e+01
4.893667602539062500e+01
4.374692153930664062e+01
4.409463500976562500e+01
3.975468826293945312e+01
4.088737487792968750e+01
5.268670654296875000e+01
3.757206344604492188e+01
4.172662734985351562e+01
3.000000000000000000e+01
4.481768798828125000e+01
5.296243667602539062e+01
4.801894760131835938e+01
6.865920257568359375e+01
5.091668701171875000e+01
5.199133682250976562e+01
3.933734130859375000e+01
3.000000000000000000e+01
3.000000000000000000e+01
3.975468826293945312e+01
7.184886169433593750e+01
3.525447463989257812e+01
4.062211608886718750e+01
3.606095123291015625e+01
7.026911926269531250e+01
6.452390289306640625e+01
7.582742309570312500e+01
3.533738708496093750e+01
3.304423904418945312e+01
6.393225097656250000e+01
3.000000000000000000e+01
5.416420745849609375e+01
3.470564651489257812e+01
4.843320465087890625e+01
3.472132492065429688e+01
4.735860824584960938e+01
4.031055450439453125e+01
4.280754852294921875e+01
8.109173583984375000e+01
4.644609832763671875e+01
7.125532531738281250e+01
5.782709503173828125e+01
4.045526885986328125e+01
3.418357086181640625e+01
4.370729446411132812e+01
3.291515350341796875e+01
4.124830245971679688e+01
6.203835678100585938e+01
5.764250183105468750e+01
5.101353836059570312e+01
4.722243881225585938e+01
4.416253280639648438e+01
7.765716552734375000e+01
5.220652008056640625e+01
4.094952774047851562e+01
3.000000000000000000e+01
3.000000000000000000e+01
4.221421813964843750e+01
3.509753417968750000e+01
6.535275268554687500e+01
3.658761596679687500e+01
3.693476867675781250e+01
3.816430664062500000e+01
3.653150558471679688e+01
3.000000000000000000e+01
4.989762878417968750e+01
3.608724212646484375e+01
6.628981018066406250e+01
3.994779968261718750e+01
6.839192199707031250e+01
5.782709884643554688e+01
6.877127075195312500e+01
3.000000000000000000e+01
3.000000000000000000e+01
5.866320037841796875e+01
3.000000000000000000e+01
5.124413299560546875e+01
6.114890289306640625e+01
3.000000000000000000e+01
4.487026977539062500e+01
4.782699203491210938e+01
3.240412521362304688e+01
5.879335021972656250e+01
3.329105377197265625e+01
3.499178695678710938e+01
4.139753723144531250e+01
8.074732971191406250e+01
4.970202636718750000e+01
8.041175842285156250e+01
7.371344757080078125e+01
3.000000000000000000e+01
5.681208038330078125e+01
4.626448059082031250e+01
5.135369110107421875e+01
4.665023803710937500e+01
4.288312530517578125e+01
6.535729217529296875e+01
6.900190734863281250e+01
4.785240936279296875e+01
6.560475158691406250e+01
8.160572814941406250e+01
3.000000000000000000e+01
9.490563964843750000e+01
4.525930786132812500e+01
3.000000000000000000e+01
3.810595321655273438e+01
5.212295532226562500e+01
3.285074234008789062e+01
6.677220153808593750e+01
5.067221069335937500e+01
4.045207977294921875e+01
4.100448608398437500e+01
4.552684020996093750e+01
4.324819946289062500e+01
4.095272064208984375e+01
7.533551788330078125e+01
3.019845008850097656e+01
3.283201980590820312e+01
5.611721038818359375e+01
3.286194229125976562e+01
4.591452789306640625e+01
5.223997497558593750e+01
4.045802307128906250e+01
3.339919281005859375e+01
3.754632949829101562e+01
3.844227600097656250e+01
4.073436355590820312e+01
3.064586067199707031e+01
4.589250946044921875e+01
6.403529357910156250e+01
3.000000000000000000e+01
4.382643127441406250e+01
4.981140899658203125e+01
7.263751220703125000e+01
5.541308593750000000e+01
6.289311981201171875e+01
1.017466964721679688e+02
4.796716308593750000e+01
4.043748855590820312e+01
4.191892242431640625e+01
4.485433959960937500e+01
4.405406188964843750e+01
3.897913360595703125e+01
4.724646377563476562e+01
1.055057525634765625e+02
3.434645843505859375e+01
3.448214721679687500e+01
3.952279663085937500e+01
5.591990661621093750e+01
3.840216445922851562e+01
4.098245239257812500e+01
5.342616271972656250e+01
5.443156433105468750e+01
3.000000000000000000e+01
5.520550155639648438e+01
3.686895751953125000e+01
5.539601516723632812e+01
5.886260986328125000e+01
3.748038864135742188e+01
4.528157424926757812e+01
4.676983642578125000e+01
3.000000000000000000e+01
5.006697845458984375e+01
5.645795440673828125e+01
4.447289657592773438e+01
6.522894287109375000e+01
3.898435211181640625e+01
3.412944030761718750e+01
4.144429016113281250e+01
5.316666412353515625e+01
3.000000000000000000e+01
4.875525283813476562e+01
3.452469253540039062e+01
5.193359375000000000e+01
3.922045898437500000e+01
4.929737091064453125e+01
5.219219207763671875e+01
3.000000000000000000e+01
5.108369064331054688e+01
3.664434051513671875e+01
4.179280853271484375e+01
4.662371063232421875e+01
6.500375366210937500e+01
5.257355880737304688e+01
4.326827239990234375e+01
5.777295684814453125e+01
5.476683807373046875e+01
4.349853897094726562e+01
6.135166168212890625e+01
4.385044097900390625e+01
4.654019165039062500e+01
4.147626495361328125e+01
1.034722061157226562e+02
8.484822082519531250e+01
4.017511367797851562e+01
5.361672210693359375e+01
3.592173004150390625e+01
7.494325256347656250e+01
3.000000000000000000e+01
4.540099334716796875e+01
8.438961791992187500e+01
4.763418960571289062e+01
4.939048385620117188e+01
5.371463775634765625e+01
1.064218597412109375e+02
3.998242187500000000e+01
5.204178237915039062e+01
3.130588150024414062e+01
4.896074676513671875e+01
4.538508987426757812e+01
3.626208496093750000e+01
5.731250000000000000e+01
7.277204895019531250e+01
4.507533264160156250e+01
3.292437362670898438e+01
4.031965637207031250e+01
5.176028442382812500e+01
5.241513442993164062e+01
4.232711029052734375e+01
5.368280029296875000e+01
8.788424682617187500e+01
5.732785415649414062e+01
7.862197875976562500e+01
6.978622436523437500e+01
6.361364364624023438e+01
5.365311431884765625e+01
3.055352783203125000e+01
3.750259399414062500e+01
5.448101043701171875e+01
3.448518753051757812e+01
3.882915115356445312e+01
3.573095703125000000e+01
3.605286407470703125e+01
3.000000000000000000e+01
3.167027473449707031e+01
3.611922454833984375e+01
4.780564498901367188e+01
6.023253250122070312e+01
4.746016311645507812e+01
3.000000000000000000e+01
4.143197631835937500e+01
3.484079742431640625e+01
3.483543395996093750e+01
5.086100387573242188e+01
6.290560150146484375e+01
4.691355895996093750e+01
4.553864669799804688e+01
3.000000000000000000e+01
5.808314132690429688e+01
5.027133178710937500e+01
3.000000000000000000e+01
7.519253540039062500e+01
3.504328155517578125e+01
7.581739807128906250e+01
3.677077484130859375e+01
4.979839706420898438e+01
6.181031799316406250e+01
3.770305252075195312e+01
3.602696990966796875e+01
3.000000000000000000e+01
4.999521636962890625e+01
4.047171783447265625e+01
5.188656997680664062e+01
3.787009048461914062e+01
3.000000000000000000e+01
3.977368164062500000e+01
8.916374206542968750e+01
6.597863006591796875e+01
7.903170776367187500e+01
3.386923217773437500e+01
3.589761734008789062e+01
5.782298660278320312e+01
3.000000000000000000e+01
5.076321411132812500e+01
5.241880798339843750e+01
6.409609985351562500e+01
4.552011108398437500e+01
4.641691589355468750e+01
3.562077713012695312e+01
3.818022155761718750e+01
3.000000000000000000e+01
7.344953155517578125e+01
3.019894218444824219e+01
4.029116058349609375e+01
3.813137817382812500e+01
4.714849853515625000e+01
4.553141784667968750e+01
3.000000000000000000e+01
4.392406082153320312e+01
4.224949645996093750e+01
3.703236389160156250e+01
5.501058197021484375e+01
6.957721710205078125e+01
3.081781387329101562e+01
6.108729171752929688e+01
4.483712005615234375e+01
4.385742950439453125e+01
4.364025878906250000e+01
4.231576538085937500e+01
4.634125900268554688e+01
3.828084182739257812e+01
4.205543136596679688e+01
4.283115386962890625e+01
3.413177871704101562e+01
3.467513275146484375e+01
4.169726943969726562e+01
3.625743103027343750e+01
3.469166564941406250e+01
3.619604873657226562e+01
3.528730773925781250e+01
5.760726165771484375e+01
4.628449249267578125e+01
1.064218597412109375e+02
4.534716033935546875e+01
4.029314422607421875e+01
3.000000000000000000e+01
7.548509216308593750e+01
3.482074737548828125e+01
4.448078155517578125e+01
7.344953155517578125e+01
5.420795440673828125e+01
4.404019927978515625e+01
3.774895095825195312e+01
4.087364578247070312e+01
9.252814483642578125e+01
5.655263519287109375e+01
5.904230880737304688e+01
7.164846801757812500e+01
3.249250793457031250e+01
3.468575668334960938e+01
4.288718414306640625e+01
4.250909423828125000e+01
4.347851181030273438e+01
5.781973648071289062e+01
4.059992218017578125e+01
3.309353256225585938e+01
6.311713409423828125e+01
3.000000000000000000e+01
4.708643341064453125e+01
5.279392623901367188e+01
4.489286422729492188e+01
3.000000000000000000e+01
3.017473220825195312e+01
4.626448059082031250e+01
3.700698852539062500e+01
4.652891921997070312e+01
6.829263305664062500e+01
3.479966735839843750e+01
3.686800384521484375e+01
6.090472412109375000e+01
5.083486175537109375e+01
4.540237426757812500e+01
3.882451629638671875e+01
3.933579254150390625e+01
4.590142059326171875e+01
3.385182189941406250e+01
4.400452423095703125e+01
4.090467071533203125e+01
5.445745468139648438e+01
6.607742309570312500e+01
5.788415145874023438e+01
4.086021423339843750e+01
4.118730926513671875e+01
4.086225128173828125e+01
3.346754455566406250e+01
5.997994232177734375e+01
5.213851928710937500e+01
4.902122497558593750e+01
4.259869384765625000e+01
3.388643264770507812e+01
3.000000000000000000e+01
3.569124221801757812e+01
4.866845703125000000e+01
4.292663955688476562e+01
3.434645843505859375e+01
5.635193634033203125e+01
4.101196289062500000e+01
3.000000000000000000e+01
4.050366973876953125e+01
3.680639266967773438e+01
6.894602203369140625e+01
4.472432708740234375e+01
3.317261886596679688e+01
4.838677215576171875e+01
7.451137542724609375e+01
4.277962112426757812e+01
3.714477539062500000e+01
3.000000000000000000e+01
3.234183502197265625e+01
5.010865783691406250e+01
4.176068496704101562e+01
4.363835525512695312e+01
3.000000000000000000e+01
3.000000000000000000e+01
3.000000000000000000e+01
3.870964813232421875e+01
4.623551940917968750e+01
3.967396163940429688e+01
5.572486495971679688e+01
4.461069488525390625e+01
6.573226928710937500e+01
4.646186065673828125e+01
4.906309509277343750e+01
3.035032463073730469e+01
3.532512283325195312e+01
4.959191894531250000e+01
3.000000000000000000e+01
3.000000000000000000e+01
4.669654083251953125e+01
4.512320709228515625e+01
3.328305053710937500e+01
3.444079589843750000e+01
3.258448028564453125e+01
3.431502914428710938e+01
4.582407379150390625e+01
3.581059646606445312e+01
