5.330689239501953125e+01
5.935364151000976562e+01
3.294057846069335938e+01
4.141884613037109375e+01
6.189954376220703125e+01
7.473367309570312500e+01
3.505064773559570312e+01
8.136894989013671875e+01
5.810141754150390625e+01
1.208786849975585938e+02
5.272983932495117188e+01
1.430306396484375000e+02
5.161848449707031250e+01
4.657517242431640625e+01
3.919216918945312500e+01
6.514279174804687500e+01
6.783689117431640625e+01
4.068797683715820312e+01
4.397961425781250000e+01
1.367215423583984375e+02
4.030326461791992188e+01
8.927333831787109375e+01
3.000000000000000000e+01
3.866435241699218750e+01
4.775720977783203125e+01
7.655314636230468750e+01
3.000000000000000000e+01
7.316409301757812500e+01
1.979476623535156250e+02
5.581482315063476562e+01
5.461589050292968750e+01
5.493881225585937500e+01
4.525164413452148438e+01
1.156457443237304688e+02
6.746316528320312500e+01
5.982070541381835938e+01
6.757058715820312500e+01
5.105978012084960938e+01
4.851655197143554688e+01
3.153621864318847656e+01
3.959449768066406250e+01
3.280986022949218750e+01
5.556629943847656250e+01
5.228620529174804688e+01
3.882716751098632812e+01
4.212319183349609375e+01
4.283478546142578125e+01
6.199140167236328125e+01
1.319580535888671875e+02
5.439886474609375000e+01
4.532321166992187500e+01
3.141560554504394531e+01
6.545336914062500000e+01
4.244871520996093750e+01
1.005143585205078125e+02
5.954896163940429688e+01
6.557590484619140625e+01
5.063207244873046875e+01
6.522735595703125000e+01
6.255458831787109375e+01
6.008190536499023438e+01
8.301612091064453125e+01
3.964333343505859375e+01
7.536553955078125000e+01
8.811869049072265625e+01
5.707966995239257812e+01
4.494324111938476562e+01
3.000000000000000000e+01
4.488840484619140625e+01
5.415950393676757812e+01
5.771382522583007812e+01
3.937087249755859375e+01
1.113400955200195312e+02
3.332498931884765625e+01
6.678548431396484375e+01
5.905599212646484375e+01
5.825609970092773438e+01
4.132743835449218750e+01
4.203844451904296875e+01
6.199784088134765625e+01
3.683121490478515625e+01
6.783689117431640625e+01
5.212371826171875000e+01
9.596929931640625000e+01
8.576065063476562500e+01
3.925777435302734375e+01
4.315749359130859375e+01
5.080653381347656250e+01
5.161848449707031250e+01
5.112676239013671875e+01
4.544701385498046875e+01
5.095039367675781250e+01
7.378915405273437500e+01
5.435127258300781250e+01
1.006294937133789062e+02
8.822209930419921875e+01
6.232025146484375000e+01
4.447338104248046875e+01
8.684210205078125000e+01
3.949821472167968750e+01
9.592091369628906250e+01
7.821360778808593750e+01
1.479834899902343750e+02
3.000000000000000000e+01
4.495011520385742188e+01
7.160766601562500000e+01
3.020706558227539062e+01
6.183602523803710938e+01
4.825583648681640625e+01
3.399845886230468750e+01
4.193599700927734375e+01
3.134395027160644531e+01
7.127528381347656250e+01
1.053120117187500000e+02
3.873537826538085938e+01
3.936032104492187500e+01
8.930486297607421875e+01
4.674180221557617188e+01
6.747321319580078125e+01
5.213143157958984375e+01
4.597853851318359375e+01
6.075596237182617188e+01
5.104246902465820312e+01
4.286787414550781250e+01
4.199832153320312500e+01
4.543076705932617188e+01
7.810508728027343750e+01
6.318970870971679688e+01
4.270618438720703125e+01
3.100242424011230469e+01
5.100923538208007812e+01
9.852505493164062500e+01
5.527126312255859375e+01
4.542687606811523438e+01
6.039395141601562500e+01
4.931124114990234375e+01
9.911524963378906250e+01
4.353005981445312500e+01
3.998444747924804688e+01
6.105433654785156250e+01
4.896901321411132812e+01
9.097962188720703125e+01
7.620521545410156250e+01
5.841181182861328125e+01
7.400816345214843750e+01
4.546659469604492188e+01
9.201596832275390625e+01
1.018012390136718750e+02
5.702068328857421875e+01
1.400030517578125000e+02
6.106645202636718750e+01
7.718415832519531250e+01
5.596882629394531250e+01
8.160234069824218750e+01
5.691190338134765625e+01
1.179715423583984375e+02
3.484809875488281250e+01
1.173606567382812500e+02
4.454064559936523438e+01
5.894754791259765625e+01
4.034832763671875000e+01
4.159837722778320312e+01
4.975444793701171875e+01
3.797602081298828125e+01
7.479273986816406250e+01
4.398083496093750000e+01
7.172724151611328125e+01
4.945719909667968750e+01
3.435800552368164062e+01
1.347414855957031250e+02
4.651741790771484375e+01
4.561483001708984375e+01
4.342625808715820312e+01
3.000000000000000000e+01
5.201057815551757812e+01
4.516687011718750000e+01
4.588869476318359375e+01
4.469294357299804688e+01
6.643570709228515625e+01
4.970271301269531250e+01
6.003373718261718750e+01
5.884883880615234375e+01
7.001663208007812500e+01
5.860304260253906250e+01
4.039174652099609375e+01
4.417303085327148438e+01
3.938397979736328125e+01
7.480111694335937500e+01
5.367475128173828125e+01
4.967153167724609375e+01
4.800868225097656250e+01
5.595489501953125000e+01
5.856933975219726562e+01
4.365104293823242188e+01
4.674574279785156250e+01
5.210186386108398438e+01
4.969797134399414062e+01
8.409268951416015625e+01
1.368118743896484375e+02
7.595477294921875000e+01
5.412660980224609375e+01
1.075528717041015625e+02
6.592898559570312500e+01
3.047711563110351562e+01
4.503239059448242188e+01
4.297226715087890625e+01
6.884274291992187500e+01
5.436362457275390625e+01
1.376166992187500000e+02
3.205897140502929688e+01
4.771025085449218750e+01
9.710021972656250000e+01
4.477043151855468750e+01
4.367115020751953125e+01
3.539868545532226562e+01
3.872521209716796875e+01
6.042459106445312500e+01
5.312243652343750000e+01
4.472097778320312500e+01
4.413019561767578125e+01
3.359305953979492188e+01
6.961356353759765625e+01
9.409234619140625000e+01
4.129918670654296875e+01
4.481158447265625000e+01
3.720807647705078125e+01
5.817195892333984375e+01
1.036647720336914062e+02
6.057510375976562500e+01
1.184078979492187500e+02
3.825072479248046875e+01
4.398703765869140625e+01
5.449496459960937500e+01
3.605605316162109375e+01
4.307253646850585938e+01
6.054238891601562500e+01
4.350756835937500000e+01
4.692189025878906250e+01
7.373896789550781250e+01
5.702665710449218750e+01
4.840904998779296875e+01
1.196530838012695312e+02
9.124662780761718750e+01
6.540454101562500000e+01
9.011918640136718750e+01
3.381692886352539062e+01
5.025301361083984375e+01
1.358026275634765625e+02
1.868386077880859375e+02
5.277172851562500000e+01
6.527122497558593750e+01
3.933694458007812500e+01
5.448003005981445312e+01
9.810873413085937500e+01
4.395590972900390625e+01
6.636972045898437500e+01
4.875254058837890625e+01
3.807345962524414062e+01
3.267330551147460938e+01
1.618054962158203125e+02
6.227079772949218750e+01
5.329037475585937500e+01
5.235196685791015625e+01
4.509497833251953125e+01
1.318098297119140625e+02
4.486127471923828125e+01
1.388868255615234375e+02
7.029245758056640625e+01
5.571792984008789062e+01
6.610798645019531250e+01
6.000286483764648438e+01
4.397353744506835938e+01
6.540454101562500000e+01
6.446708679199218750e+01
1.289979553222656250e+02
3.658385848999023438e+01
7.183517456054687500e+01
7.242930603027343750e+01
9.681875610351562500e+01
9.061137390136718750e+01
7.712267303466796875e+01
7.532946014404296875e+01
5.603660202026367188e+01
4.015376281738281250e+01
6.380612182617187500e+01
3.736937332153320312e+01
3.255411911010742188e+01
5.488357162475585938e+01
3.517093276977539062e+01
3.437004470825195312e+01
4.113246154785156250e+01
3.083332443237304688e+01
3.177853775024414062e+01
1.008332824707031250e+02
4.421672821044921875e+01
3.143294143676757812e+01
5.242229080200195312e+01
6.085261917114257812e+01
4.870476531982421875e+01
6.317098236083984375e+01
4.638183212280273438e+01
3.478625106811523438e+01
3.818933105468750000e+01
7.063037109375000000e+01
7.933193969726562500e+01
4.068445587158203125e+01
8.531581115722656250e+01
7.705411529541015625e+01
7.177845001220703125e+01
1.190251007080078125e+02
1.476148681640625000e+02
3.000000000000000000e+01
9.148742675781250000e+01
9.751562500000000000e+01
9.462530517578125000e+01
4.348327255249023438e+01
3.534156417846679688e+01
1.429360046386718750e+02
6.337921524047851562e+01
8.684210205078125000e+01
4.913933181762695312e+01
4.803318023681640625e+01
5.356600952148437500e+01
4.783152008056640625e+01
3.608098602294921875e+01
3.788114547729492188e+01
3.741026687622070312e+01
3.857428741455078125e+01
1.113401031494140625e+02
3.020458030700683594e+01
7.563063049316406250e+01
5.651092910766601562e+01
4.672830200195312500e+01
4.775945663452148438e+01
4.431373977661132812e+01
4.768704223632812500e+01
8.405619812011718750e+01
4.699595260620117188e+01
3.000000000000000000e+01
3.892386627197265625e+01
5.899636077880859375e+01
8.675645446777343750e+01
3.882583618164062500e+01
7.177845001220703125e+01
4.131324005126953125e+01
4.992544937133789062e+01
1.385813293457031250e+02
3.777391052246093750e+01
3.989688873291015625e+01
9.658380889892578125e+01
1.497198791503906250e+02
1.727907257080078125e+02
5.599847030639648438e+01
8.301612091064453125e+01
3.254287338256835938e+01
9.660591888427734375e+01
5.477095031738281250e+01
3.470792388916015625e+01
1.329492340087890625e+02
5.223716735839843750e+01
7.044210052490234375e+01
1.294899444580078125e+02
5.863373184204101562e+01
6.531378173828125000e+01
8.882233428955078125e+01
3.382659530639648438e+01
7.855003356933593750e+01
1.251173629760742188e+02
3.086577415466308594e+01
6.411080932617187500e+01
5.900862884521484375e+01
5.376285552978515625e+01
8.544171142578125000e+01
1.300491790771484375e+02
5.878826904296875000e+01
1.211268768310546875e+02
8.219352722167968750e+01
5.581482315063476562e+01
8.847406005859375000e+01
6.291474533081054688e+01
4.077899169921875000e+01
3.112024116516113281e+01
3.000000000000000000e+01
4.797197723388671875e+01
6.208359146118164062e+01
9.124662780761718750e+01
4.951387023925781250e+01
4.218393325805664062e+01
5.053174972534179688e+01
2.720324096679687500e+02
3.922437286376953125e+01
4.349090194702148438e+01
4.182533645629882812e+01
3.000000000000000000e+01
4.645716094970703125e+01
6.586875152587890625e+01
7.315674591064453125e+01
9.765420532226562500e+01
6.823825073242187500e+01
4.101580047607421875e+01
5.309722137451171875e+01
4.386605834960937500e+01
1.559953613281250000e+02
4.623077392578125000e+01
3.744978332519531250e+01
5.467362976074218750e+01
4.125960922241210938e+01
6.117977142333984375e+01
7.637748718261718750e+01
1.378546142578125000e+02
7.783730316162109375e+01
8.044841003417968750e+01
5.098964691162109375e+01
4.446086120605468750e+01
6.693721008300781250e+01
3.024281501770019531e+01
8.014535522460937500e+01
8.135666656494140625e+01
3.000000000000000000e+01
3.928543472290039062e+01
8.431333923339843750e+01
3.000000000000000000e+01
3.878588104248046875e+01
1.314588012695312500e+02
6.195625305175781250e+01
5.351961135864257812e+01
6.545687866210937500e+01
4.863857269287109375e+01
5.750515365600585938e+01
9.017812347412109375e+01
5.192287445068359375e+01
7.563063049316406250e+01
2.025310058593750000e+02
4.783152008056640625e+01
1.110750579833984375e+02
4.932360458374023438e+01
5.344522476196289062e+01
9.098219299316406250e+01
7.316409301757812500e+01
5.268930053710937500e+01
7.061848449707031250e+01
3.661474990844726562e+01
6.018959808349609375e+01
4.941930389404296875e+01
7.153747558593750000e+01
3.974747467041015625e+01
5.423970031738281250e+01
6.462722778320312500e+01
1.416003570556640625e+02
8.108235931396484375e+01
4.804970550537109375e+01
5.596882629394531250e+01
5.158118820190429688e+01
5.733575820922851562e+01
7.004790496826171875e+01
4.694785308837890625e+01
1.025506896972656250e+02
9.949325561523437500e+01
3.872405242919921875e+01
1.029384536743164062e+02
8.964141082763671875e+01
5.535233306884765625e+01
4.739048767089843750e+01
5.399213027954101562e+01
4.285188293457031250e+01
2.006037597656250000e+02
3.685017395019531250e+01
4.757503509521484375e+01
4.609119796752929688e+01
4.132406997680664062e+01
9.134571838378906250e+01
4.587801361083984375e+01
4.373387145996093750e+01
1.334867401123046875e+02
7.933193969726562500e+01
7.981086730957031250e+01
5.581519317626953125e+01
5.373922348022460938e+01
5.407622528076171875e+01
9.002043151855468750e+01
8.374375915527343750e+01
7.991891479492187500e+01
7.305616760253906250e+01
3.464366149902343750e+01
8.564717102050781250e+01
8.404728698730468750e+01
4.775151062011718750e+01
4.367115020751953125e+01
6.792318725585937500e+01
1.051528015136718750e+02
7.323194885253906250e+01
5.859203720092773438e+01
4.388621520996093750e+01
3.000000000000000000e+01
4.250920867919921875e+01
3.000000000000000000e+01
5.491287612915039062e+01
4.628541183471679688e+01
4.105501174926757812e+01
4.998903274536132812e+01
4.842461395263671875e+01
4.548077011108398438e+01
7.415083312988281250e+01
5.884024047851562500e+01
4.274176788330078125e+01
4.249877166748046875e+01
5.558472824096679688e+01
5.272940444946289062e+01
3.458009719848632812e+01
3.624586486816406250e+01
7.882745361328125000e+01
3.896168899536132812e+01
5.172690200805664062e+01
3.000000000000000000e+01
5.167189788818359375e+01
3.000000000000000000e+01
3.919216918945312500e+01
1.148534698486328125e+02
4.789919281005859375e+01
3.190078353881835938e+01
6.650479888916015625e+01
3.744978332519531250e+01
7.269827270507812500e+01
4.965338897705078125e+01
5.486335754394531250e+01
1.167182006835937500e+02
4.551826477050781250e+01
1.427108459472656250e+02
1.113983840942382812e+02
3.857862472534179688e+01
3.486045837402343750e+01
9.080854797363281250e+01
4.247981643676757812e+01
5.452606201171875000e+01
5.235196685791015625e+01
1.779066467285156250e+02
4.544063568115234375e+01
5.646989059448242188e+01
5.374830627441406250e+01
3.757538223266601562e+01
4.252788543701171875e+01
1.015383834838867188e+02
4.093383789062500000e+01
7.806610107421875000e+01
5.860662841796875000e+01
4.284922409057617188e+01
3.141261863708496094e+01
4.601343536376953125e+01
4.247470092773437500e+01
4.369202423095703125e+01
3.894932556152343750e+01
3.609001159667968750e+01
3.999235534667968750e+01
4.971260452270507812e+01
4.187868499755859375e+01
4.742576599121093750e+01
5.982572555541992188e+01
6.183602142333984375e+01
6.887535095214843750e+01
1.376166992187500000e+02
6.086663055419921875e+01
1.027980117797851562e+02
7.944386291503906250e+01
1.133687896728515625e+02
3.731070709228515625e+01
6.106674957275390625e+01
4.231101226806640625e+01
4.732069015502929688e+01
6.281179046630859375e+01
7.973577880859375000e+01
7.629322814941406250e+01
7.036360168457031250e+01
3.873537826538085938e+01
4.301429748535156250e+01
6.407924652099609375e+01
8.855348968505859375e+01
3.812356185913085938e+01
5.210944366455078125e+01
4.182252502441406250e+01
3.875305175781250000e+01
1.014840240478515625e+02
4.544701766967773438e+01
4.442311859130859375e+01
4.510866928100585938e+01
4.764365768432617188e+01
7.192758941650390625e+01
9.013059997558593750e+01
3.639257431030273438e+01
3.348105239868164062e+01
3.616770553588867188e+01
9.765420532226562500e+01
5.629589843750000000e+01
4.759816741943359375e+01
5.546670532226562500e+01
5.794349670410156250e+01
4.847278213500976562e+01
5.175772857666015625e+01
5.102455902099609375e+01
6.879217529296875000e+01
3.911193847656250000e+01
6.916156005859375000e+01
6.450460815429687500e+01
8.716723632812500000e+01
6.210601043701171875e+01
4.314628982543945312e+01
3.355450439453125000e+01
6.567741394042968750e+01
7.245074462890625000e+01
4.757109832763671875e+01
6.376559066772460938e+01
5.292835998535156250e+01
3.851125717163085938e+01
5.498301696777343750e+01
3.814049530029296875e+01
3.375211334228515625e+01
4.317247390747070312e+01
7.015341186523437500e+01
6.462722778320312500e+01
5.267065811157226562e+01
5.920568847656250000e+01
3.613538360595703125e+01
7.729749298095703125e+01
9.911288452148437500e+01
6.353282165527343750e+01
3.951511764526367188e+01
1.133687896728515625e+02
5.599847030639648438e+01
7.273234558105468750e+01
1.051528015136718750e+02
4.151117706298828125e+01
4.217522430419921875e+01
6.802008056640625000e+01
3.000000000000000000e+01
4.173665618896484375e+01
2.396555633544921875e+02
4.405207824707031250e+01
3.297830963134765625e+01
4.166389465332031250e+01
1.174887161254882812e+02
6.648995208740234375e+01
5.105229949951171875e+01
1.062456970214843750e+02
4.187813568115234375e+01
1.144956512451171875e+02
7.049394226074218750e+01
1.069717407226562500e+02
4.587008666992187500e+01
3.564749145507812500e+01
7.075718688964843750e+01
7.999035644531250000e+01
7.178111267089843750e+01
4.699595260620117188e+01
4.556358337402343750e+01
3.000000000000000000e+01
4.987516021728515625e+01
5.657040786743164062e+01
4.862621688842773438e+01
4.061885452270507812e+01
6.967402648925781250e+01
7.241968536376953125e+01
5.060161590576171875e+01
3.659906387329101562e+01
5.138137435913085938e+01
3.086788558959960938e+01
4.733781433105468750e+01
1.168961105346679688e+02
4.714895248413085938e+01
8.714924621582031250e+01
5.377688598632812500e+01
4.921572113037109375e+01
3.503541183471679688e+01
9.097962951660156250e+01
6.101062774658203125e+01
6.425778198242187500e+01
1.012805786132812500e+02
5.523715591430664062e+01
4.178386688232421875e+01
3.803713226318359375e+01
3.682123947143554688e+01
5.152012634277343750e+01
5.777037811279296875e+01
2.006037597656250000e+02
4.810471725463867188e+01
5.767640304565429688e+01
6.617660522460937500e+01
6.412242889404296875e+01
4.150902557373046875e+01
5.025038146972656250e+01
5.454120635986328125e+01
7.327957153320312500e+01
1.227634735107421875e+02
3.000000000000000000e+01
4.007487106323242188e+01
5.913222122192382812e+01
1.048033599853515625e+02
6.128407669067382812e+01
1.427108459472656250e+02
4.443858337402343750e+01
4.821994018554687500e+01
5.164730453491210938e+01
6.405671691894531250e+01
1.852826232910156250e+02
7.269760131835937500e+01
5.585746002197265625e+01
7.334233093261718750e+01
3.000000000000000000e+01
5.972873687744140625e+01
8.089520263671875000e+01
3.643752670288085938e+01
3.695431137084960938e+01
6.546337890625000000e+01
7.913255310058593750e+01
5.182243728637695312e+01
9.080664062500000000e+01
4.550236511230468750e+01
4.674678039550781250e+01
6.337921524047851562e+01
8.116732025146484375e+01
6.533994293212890625e+01
4.762079238891601562e+01
4.455724716186523438e+01
3.661597061157226562e+01
4.073151397705078125e+01
4.623077392578125000e+01
3.134342193603515625e+01
8.353010559082031250e+01
6.195625305175781250e+01
3.446435165405273438e+01
3.363591003417968750e+01
3.653578186035156250e+01
4.349090194702148438e+01
3.892356872558593750e+01
1.075581741333007812e+02
3.000000000000000000e+01
6.587052917480468750e+01
8.980735015869140625e+01
4.161421203613281250e+01
3.000000000000000000e+01
3.663116073608398438e+01
5.894754791259765625e+01
6.684577941894531250e+01
5.923005676269531250e+01
5.813620376586914062e+01
5.784891128540039062e+01
7.132438659667968750e+01
5.269040679931640625e+01
4.043507766723632812e+01
6.511637878417968750e+01
5.449144744873046875e+01
5.407622528076171875e+01
5.220192718505859375e+01
3.854299926757812500e+01
4.356801223754882812e+01
5.149155044555664062e+01
6.436995697021484375e+01
4.946965026855468750e+01
4.870476531982421875e+01
5.099125289916992188e+01
4.588936614990234375e+01
6.244695281982421875e+01
6.600959014892578125e+01
5.253112030029296875e+01
8.619327545166015625e+01
4.390689849853515625e+01
5.702665710449218750e+01
4.263582229614257812e+01
5.618499374389648438e+01
6.473413085937500000e+01
5.686981964111328125e+01
7.249739074707031250e+01
4.323148345947265625e+01
8.175553894042968750e+01
4.819111633300781250e+01
4.965036010742187500e+01
7.965402984619140625e+01
1.367215423583984375e+02
9.843913269042968750e+01
4.499727630615234375e+01
3.571067047119140625e+01
4.793354034423828125e+01
4.878765106201171875e+01
8.108235931396484375e+01
7.468220520019531250e+01
6.279015731811523438e+01
1.040497512817382812e+02
5.138137435913085938e+01
4.762604141235351562e+01
3.469925689697265625e+01
5.360816955566406250e+01
5.858110046386718750e+01
3.761574554443359375e+01
4.243931579589843750e+01
7.363697814941406250e+01
5.658890914916992188e+01
4.645888900756835938e+01
8.217837524414062500e+01
3.478671646118164062e+01
4.759987640380859375e+01
5.415950393676757812e+01
5.231704711914062500e+01
3.957724761962890625e+01
4.762079238891601562e+01
1.860210571289062500e+02
6.730701446533203125e+01
4.595385360717773438e+01
4.330290985107421875e+01
4.802018737792968750e+01
1.299947967529296875e+02
4.162226867675781250e+01
5.173025512695312500e+01
6.642843627929687500e+01
4.061885452270507812e+01
6.652371978759765625e+01
4.760515594482421875e+01
5.326913452148437500e+01
5.075203704833984375e+01
5.532046890258789062e+01
4.454257202148437500e+01
3.000000000000000000e+01
5.299007034301757812e+01
6.062332916259765625e+01
1.908167724609375000e+02
4.665343856811523438e+01
4.797643280029296875e+01
6.539367675781250000e+01
5.381839370727539062e+01
4.271535873413085938e+01
3.178495979309082031e+01
4.251847457885742188e+01
5.170515823364257812e+01
3.651967620849609375e+01
5.181230163574218750e+01
5.648030090332031250e+01
4.186326599121093750e+01
4.517864227294921875e+01
3.740178680419921875e+01
3.857862472534179688e+01
4.209263610839843750e+01
3.499362945556640625e+01
6.505626678466796875e+01
6.616247558593750000e+01
3.000000000000000000e+01
4.829654693603515625e+01
5.242229080200195312e+01
8.167507934570312500e+01
5.871765518188476562e+01
9.677056884765625000e+01
3.000000000000000000e+01
7.991890716552734375e+01
8.551811218261718750e+01
3.920927047729492188e+01
7.965402221679687500e+01
3.147077751159667969e+01
4.477056884765625000e+01
3.963317489624023438e+01
4.394561767578125000e+01
1.018901214599609375e+02
4.982002639770507812e+01
4.533152008056640625e+01
7.007483673095703125e+01
3.654484176635742188e+01
1.072599334716796875e+02
6.186535263061523438e+01
4.419795989990234375e+01
5.233442687988281250e+01
7.797686004638671875e+01
8.484205627441406250e+01
6.853439331054687500e+01
5.983897781372070312e+01
3.740932846069335938e+01
3.913427734375000000e+01
6.287355804443359375e+01
6.743199920654296875e+01
1.166689758300781250e+02
8.093357849121093750e+01
1.327182006835937500e+02
6.113289260864257812e+01
3.777191925048828125e+01
5.235377120971679688e+01
3.261987304687500000e+01
5.120610809326171875e+01
3.505876541137695312e+01
3.000000000000000000e+01
6.263397216796875000e+01
1.242200927734375000e+02
5.859825897216796875e+01
3.616751480102539062e+01
5.782743072509765625e+01
6.557861328125000000e+01
4.688233947753906250e+01
5.055256652832031250e+01
5.777037429809570312e+01
3.959328079223632812e+01
4.890372848510742188e+01
5.972873306274414062e+01
5.815702438354492188e+01
5.696708297729492188e+01
3.111050605773925781e+01
3.563258361816406250e+01
5.580108261108398438e+01
3.284997177124023438e+01
6.972016906738281250e+01
6.672946166992187500e+01
4.751472091674804688e+01
9.011918640136718750e+01
4.896910858154296875e+01
3.485550308227539062e+01
4.492701339721679688e+01
3.687256622314453125e+01
3.792433547973632812e+01
4.224932861328125000e+01
3.698624801635742188e+01
4.376262664794921875e+01
1.056704406738281250e+02
4.101580047607421875e+01
3.921788787841796875e+01
1.416003570556640625e+02
8.040179443359375000e+01
4.375032806396484375e+01
5.876349639892578125e+01
8.023251342773437500e+01
4.548077011108398438e+01
6.051873779296875000e+01
1.054178466796875000e+02
4.915358352661132812e+01
7.479767608642578125e+01
4.203844451904296875e+01
3.000000000000000000e+01
5.112676239013671875e+01
5.462601470947265625e+01
4.139419937133789062e+01
4.479628753662109375e+01
4.763753509521484375e+01
4.960726928710937500e+01
4.538414764404296875e+01
5.223716735839843750e+01
3.690034103393554688e+01
3.850535583496093750e+01
8.068239593505859375e+01
8.938630676269531250e+01
4.630694580078125000e+01
9.716468048095703125e+01
4.861138534545898438e+01
3.804142761230468750e+01
8.072886657714843750e+01
8.375699615478515625e+01
3.790184020996093750e+01
5.963769531250000000e+01
3.000000000000000000e+01
4.870111846923828125e+01
3.707401275634765625e+01
1.077110137939453125e+02
4.448695755004882812e+01
4.681925201416015625e+01
5.581519317626953125e+01
5.242061233520507812e+01
5.755267715454101562e+01
3.353482818603515625e+01
5.182673263549804688e+01
5.952722549438476562e+01
5.213143157958984375e+01
7.243499755859375000e+01
6.127981567382812500e+01
3.381380462646484375e+01
5.219972610473632812e+01
3.463638305664062500e+01
5.272393417358398438e+01
7.810508728027343750e+01
8.530004119873046875e+01
5.326913452148437500e+01
4.910218429565429688e+01
6.310947799682617188e+01
5.182673263549804688e+01
4.168282318115234375e+01
5.067541503906250000e+01
3.000000000000000000e+01
4.191007232666015625e+01
5.725944900512695312e+01
5.207498931884765625e+01
3.875586700439453125e+01
6.227079772949218750e+01
4.360802459716796875e+01
5.258461761474609375e+01
3.595427322387695312e+01
6.100868225097656250e+01
4.126449584960937500e+01
4.830694198608398438e+01
6.557151794433593750e+01
3.859788894653320312e+01
5.589094543457031250e+01
3.309703063964843750e+01
7.952720642089843750e+01
6.239347457885742188e+01
4.268217468261718750e+01
4.519368362426757812e+01
4.028594207763671875e+01
1.085626678466796875e+02
7.105326843261718750e+01
3.894554138183593750e+01
4.020436859130859375e+01
5.905394744873046875e+01
4.964068222045898438e+01
5.412660980224609375e+01
3.827092742919921875e+01
8.156364440917968750e+01
4.441371917724609375e+01
3.833188629150390625e+01
4.552307510375976562e+01
4.174430465698242188e+01
6.465565490722656250e+01
3.292339706420898438e+01
9.098219299316406250e+01
5.436914062500000000e+01
4.771025085449218750e+01
3.797998809814453125e+01
4.986736297607421875e+01
4.863162612915039062e+01
5.660402679443359375e+01
3.571067047119140625e+01
4.067692565917968750e+01
3.000000000000000000e+01
4.364587020874023438e+01
4.463799285888671875e+01
5.105978012084960938e+01
6.527005767822265625e+01
4.826859664916992188e+01
5.099357604980468750e+01
4.182190704345703125e+01
3.014747428894042969e+01
3.000000000000000000e+01
4.986736297607421875e+01
7.249739074707031250e+01
3.835497283935546875e+01
4.549521255493164062e+01
3.000000000000000000e+01
6.979296875000000000e+01
6.405878448486328125e+01
6.952709960937500000e+01
4.325638961791992188e+01
3.310554885864257812e+01
6.534909057617187500e+01
3.801584625244140625e+01
6.000997161865234375e+01
3.358218383789062500e+01
5.029476928710937500e+01
3.472652435302734375e+01
4.095747375488281250e+01
4.408725738525390625e+01
5.005049514770507812e+01
6.781024169921875000e+01
4.866246795654296875e+01
8.530004119873046875e+01
5.232711029052734375e+01
3.824082565307617188e+01
3.638233184814453125e+01
4.496118927001953125e+01
3.737212371826171875e+01
4.147640991210937500e+01
6.166281890869140625e+01
7.315675354003906250e+01
5.486335754394531250e+01
4.382918548583984375e+01
4.212108993530273438e+01
7.179315948486328125e+01
5.263572692871093750e+01
5.010703277587890625e+01
3.487051773071289062e+01
3.000000000000000000e+01
4.144131469726562500e+01
3.854299926757812500e+01
5.234940719604492188e+01
3.448317337036132812e+01
4.362848663330078125e+01
4.619434738159179688e+01
3.991904067993164062e+01
3.448206710815429688e+01
4.726257705688476562e+01
3.095442581176757812e+01
6.522334289550781250e+01
5.068248748779296875e+01
6.105433654785156250e+01
5.232711029052734375e+01
7.137639617919921875e+01
3.000000000000000000e+01
4.135874938964843750e+01
5.850158309936523438e+01
3.000000000000000000e+01
5.006380844116210938e+01
6.695029449462890625e+01
3.149851799011230469e+01
5.336505126953125000e+01
4.545692443847656250e+01
3.486045837402343750e+01
4.424331665039062500e+01
6.823825073242187500e+01
3.045439529418945312e+01
4.115618896484375000e+01
6.932411193847656250e+01
4.421414947509765625e+01
7.797686004638671875e+01
8.083574676513671875e+01
3.000000000000000000e+01
7.000112915039062500e+01
6.198278808593750000e+01
5.268930435180664062e+01
5.472812271118164062e+01
5.656238174438476562e+01
6.054238891601562500e+01
7.637748718261718750e+01
4.917545318603515625e+01
6.433946228027343750e+01
7.426188659667968750e+01
3.484682083129882812e+01
8.756275939941406250e+01
4.958137893676757812e+01
3.186999893188476562e+01
3.573878860473632812e+01
5.276460266113281250e+01
3.976117706298828125e+01
7.515381622314453125e+01
5.588656997680664062e+01
4.797643280029296875e+01
4.199186325073242188e+01
5.108882141113281250e+01
4.087796020507812500e+01
3.350614166259765625e+01
7.404296875000000000e+01
3.000000000000000000e+01
3.888518905639648438e+01
6.615309143066406250e+01
4.602161788940429688e+01
4.651631164550781250e+01
6.172116470336914062e+01
4.519368743896484375e+01
3.486883163452148438e+01
3.834326934814453125e+01
3.948081970214843750e+01
4.701955795288085938e+01
3.014027786254882812e+01
5.240757751464843750e+01
5.913222122192382812e+01
3.454412078857421875e+01
4.369202423095703125e+01
5.034709167480468750e+01
7.292198181152343750e+01
6.213334655761718750e+01
6.770651245117187500e+01
1.091398620605468750e+02
4.615290832519531250e+01
4.561482620239257812e+01
4.937781524658203125e+01
4.399533081054687500e+01
3.551728820800781250e+01
4.695088577270507812e+01
6.621846008300781250e+01
1.012805786132812500e+02
4.264107513427734375e+01
3.904877471923828125e+01
4.815434265136718750e+01
5.985974884033203125e+01
3.008584022521972656e+01
4.252788162231445312e+01
5.231704711914062500e+01
5.652608108520507812e+01
3.000000000000000000e+01
5.107670593261718750e+01
3.631496810913085938e+01
6.344500732421875000e+01
5.498301696777343750e+01
5.042262268066406250e+01
5.286128234863281250e+01
4.472949218750000000e+01
3.720924377441406250e+01
5.171002960205078125e+01
4.874259948730468750e+01
4.430825042724609375e+01
6.128407669067382812e+01
4.215957260131835938e+01
3.511377334594726562e+01
4.150902557373046875e+01
4.677257537841796875e+01
3.047711753845214844e+01
6.404492187500000000e+01
3.777219390869140625e+01
4.864897537231445312e+01
4.228775024414062500e+01
4.721557617187500000e+01
5.249742889404296875e+01
5.261292648315429688e+01
5.200674438476562500e+01
4.334848022460937500e+01
4.293434524536132812e+01
4.632667541503906250e+01
5.711358261108398438e+01
3.731070709228515625e+01
4.158058929443359375e+01
5.114070892333984375e+01
5.929665374755859375e+01
4.891860198974609375e+01
5.819013977050781250e+01
4.032026672363281250e+01
7.048695373535156250e+01
4.093646240234375000e+01
9.829853820800781250e+01
8.235830688476562500e+01
4.601536560058593750e+01
5.377200317382812500e+01
3.719947052001953125e+01
7.307513427734375000e+01
3.000000000000000000e+01
4.260272598266601562e+01
8.048491668701171875e+01
4.617282104492187500e+01
4.034729003906250000e+01
5.493320846557617188e+01
1.065250396728515625e+02
4.436131286621093750e+01
4.808108520507812500e+01
3.000000000000000000e+01
4.939184188842773438e+01
4.307410430908203125e+01
3.163616561889648438e+01
5.800666427612304688e+01
9.773472595214843750e+01
4.984628295898437500e+01
4.363431930541992188e+01
3.000000000000000000e+01
6.114156723022460938e+01
4.370085144042968750e+01
4.510317993164062500e+01
5.522765731811523438e+01
9.677056884765625000e+01
5.227754211425781250e+01
7.102559661865234375e+01
7.229650878906250000e+01
7.101109313964843750e+01
6.097396087646484375e+01
3.282402801513671875e+01
4.052069854736328125e+01
5.591176605224609375e+01
3.652285766601562500e+01
4.342478179931640625e+01
4.080764007568359375e+01
3.822960281372070312e+01
3.153424835205078125e+01
3.379016113281250000e+01
3.706543350219726562e+01
4.730331420898437500e+01
6.848329162597656250e+01
5.416691207885742188e+01
3.911270904541015625e+01
4.132714843750000000e+01
3.366104507446289062e+01
4.664702987670898438e+01
5.108321380615234375e+01
7.620521545410156250e+01
4.617404937744140625e+01
4.657516860961914062e+01
3.000000000000000000e+01
8.564717102050781250e+01
6.073374176025390625e+01
3.000000000000000000e+01
1.085626678466796875e+02
4.018775177001953125e+01
9.614730834960937500e+01
3.954335784912109375e+01
5.212252044677734375e+01
5.775552368164062500e+01
4.333753967285156250e+01
3.000000000000000000e+01
3.939842605590820312e+01
5.115693664550781250e+01
4.446086120605468750e+01
4.898947525024414062e+01
4.076057434082031250e+01
3.838749694824218750e+01
4.317285156250000000e+01
6.652371978759765625e+01
6.259737396240234375e+01
7.705411529541015625e+01
5.045381164550781250e+01
3.956809616088867188e+01
5.850039291381835938e+01
3.153425216674804688e+01
5.287005615234375000e+01
5.500953292846679688e+01
5.809653091430664062e+01
4.750901794433593750e+01
4.744142532348632812e+01
4.052766418457031250e+01
3.611737060546875000e+01
3.570743942260742188e+01
7.350225830078125000e+01
3.483798599243164062e+01
4.273300933837890625e+01
3.522450637817382812e+01
4.540785980224609375e+01
4.300903320312500000e+01
3.000000000000000000e+01
4.992544937133789062e+01
3.101607894897460938e+01
3.034130477905273438e+01
5.860304260253906250e+01
7.007483673095703125e+01
3.000000000000000000e+01
5.655829620361328125e+01
4.965441894531250000e+01
4.305576324462890625e+01
4.198976135253906250e+01
5.086763763427734375e+01
4.000289154052734375e+01
4.276161575317382812e+01
4.245428085327148438e+01
5.097515106201171875e+01
3.389799499511718750e+01
4.094454956054687500e+01
4.727546691894531250e+01
3.629100036621093750e+01
3.792870712280273438e+01
3.797999572753906250e+01
3.679393386840820312e+01
4.922335052490234375e+01
4.892358779907226562e+01
1.065250396728515625e+02
5.351072692871093750e+01
3.580629348754882812e+01
3.606446456909179688e+01
9.000958251953125000e+01
3.757538223266601562e+01
4.147283935546875000e+01
7.350225830078125000e+01
5.678383636474609375e+01
4.297978210449218750e+01
3.803937911987304688e+01
4.998903274536132812e+01
9.616277313232421875e+01
7.758369445800781250e+01
5.444859313964843750e+01
7.529714202880859375e+01
3.000000000000000000e+01
3.000000000000000000e+01
6.864525604248046875e+01
5.038331985473632812e+01
5.396983337402343750e+01
5.080612182617187500e+01
3.657823181152343750e+01
3.183180618286132812e+01
5.732180786132812500e+01
3.769419860839843750e+01
5.033728790283203125e+01
5.710055541992187500e+01
4.485767364501953125e+01
3.000000000000000000e+01
3.951511764526367188e+01
6.198278808593750000e+01
4.491951751708984375e+01
3.934619140625000000e+01
7.793546295166015625e+01
3.802190399169921875e+01
4.275084304809570312e+01
6.988394927978515625e+01
5.146759414672851562e+01
4.358779525756835938e+01
3.549579620361328125e+01
4.579389572143554688e+01
4.692613983154296875e+01
3.711808013916015625e+01
4.343278121948242188e+01
3.134516334533691406e+01
5.283266448974609375e+01
6.117988586425781250e+01
4.589053344726562500e+01
4.554631805419921875e+01
5.592610168457031250e+01
4.624986267089843750e+01
3.124588966369628906e+01
6.781112670898437500e+01
4.206349945068359375e+01
4.352746963500976562e+01
3.343960571289062500e+01
3.609237670898437500e+01
4.567080688476562500e+01
3.222897720336914062e+01
5.836914443969726562e+01
4.084461975097656250e+01
4.264107894897460938e+01
3.957724761962890625e+01
4.795201873779296875e+01
4.069535446166992188e+01
5.498150253295898438e+01
3.873280715942382812e+01
7.127343750000000000e+01
4.580506515502929688e+01
4.204147338867187500e+01
4.387623214721679688e+01
8.167507934570312500e+01
4.638647842407226562e+01
4.071255111694335938e+01
3.459329986572265625e+01
3.786449432373046875e+01
5.114345550537109375e+01
4.196953582763671875e+01
4.009382247924804688e+01
3.105666923522949219e+01
3.283750152587890625e+01
3.186173629760742188e+01
3.677310180664062500e+01
4.898666000366210938e+01
4.655390930175781250e+01
5.248877334594726562e+01
4.441033935546875000e+01
7.205932617187500000e+01
4.613687133789062500e+01
4.760549545288085938e+01
6.984637451171875000e+01
3.487529754638671875e+01
4.440124511718750000e+01
3.234760665893554688e+01
3.000000000000000000e+01
4.786347198486328125e+01
4.661938476562500000e+01
3.558121490478515625e+01
3.809674072265625000e+01
3.000000000000000000e+01
3.607565689086914062e+01
4.381517028808593750e+01
4.571966552734375000e+01
