4.445285034179687500e+01
6.232610702514648438e+01
3.788774490356445312e+01
3.800501251220703125e+01
6.920391082763671875e+01
5.513987350463867188e+01
4.089390563964843750e+01
6.560805511474609375e+01
6.100897216796875000e+01
1.152637100219726562e+02
5.287004089355468750e+01
1.015608520507812500e+02
4.371687316894531250e+01
4.367832946777343750e+01
4.149835205078125000e+01
6.575884246826171875e+01
7.128261566162109375e+01
4.312060546875000000e+01
3.828986358642578125e+01
1.441575317382812500e+02
3.656213760375976562e+01
9.989944458007812500e+01
3.000000000000000000e+01
3.245286941528320312e+01
3.832384109497070312e+01
7.945941925048828125e+01
3.000000000000000000e+01
6.490274810791015625e+01
1.869679260253906250e+02
6.213164138793945312e+01
6.148816680908203125e+01
4.188747406005859375e+01
4.653569793701171875e+01
1.016574325561523438e+02
6.309949493408203125e+01
4.680185699462890625e+01
7.477829742431640625e+01
6.096599960327148438e+01
4.269066619873046875e+01
3.840613555908203125e+01
3.909671783447265625e+01
3.571479797363281250e+01
5.508102035522460938e+01
5.190664291381835938e+01
4.198630142211914062e+01
3.000000000000000000e+01
3.000000000000000000e+01
6.951668548583984375e+01
1.228646850585937500e+02
3.839216995239257812e+01
5.136745834350585938e+01
4.109309768676757812e+01
6.724685668945312500e+01
4.552169418334960938e+01
1.153043670654296875e+02
3.967861938476562500e+01
6.712866973876953125e+01
4.008395385742187500e+01
5.789321899414062500e+01
6.351979446411132812e+01
5.069824981689453125e+01
9.153633117675781250e+01
4.072628402709960938e+01
9.583106994628906250e+01
1.119148254394531250e+02
5.127588653564453125e+01
5.546266937255859375e+01
3.000000000000000000e+01
4.205205535888671875e+01
4.967280960083007812e+01
6.665931701660156250e+01
3.421889495849609375e+01
5.337556838989257812e+01
4.032066345214843750e+01
5.506136322021484375e+01
3.591038131713867188e+01
5.188168716430664062e+01
5.146069717407226562e+01
4.437319564819335938e+01
6.318065261840820312e+01
4.011833953857421875e+01
7.128261566162109375e+01
5.411692810058593750e+01
1.318711395263671875e+02
1.023138961791992188e+02
5.186990356445312500e+01
3.776377487182617188e+01
4.350033569335937500e+01
4.371687316894531250e+01
6.373817443847656250e+01
4.421218109130859375e+01
5.706322479248046875e+01
5.853378677368164062e+01
5.024908447265625000e+01
9.975602722167968750e+01
8.029579925537109375e+01
6.822628784179687500e+01
4.025902557373046875e+01
6.096319580078125000e+01
3.957157135009765625e+01
1.060719375610351562e+02
6.071930694580078125e+01
1.356707000732421875e+02
3.867234802246093750e+01
4.131448364257812500e+01
9.636115264892578125e+01
3.171662902832031250e+01
5.864065551757812500e+01
5.789554977416992188e+01
3.000000000000000000e+01
4.178025054931640625e+01
3.000000000000000000e+01
7.296670532226562500e+01
1.346342926025390625e+02
3.905906677246093750e+01
4.276451492309570312e+01
9.470554351806640625e+01
4.514289855957031250e+01
7.689096069335937500e+01
5.029730224609375000e+01
4.794480514526367188e+01
7.271395111083984375e+01
5.289438247680664062e+01
4.549876403808593750e+01
3.956878280639648438e+01
4.786431884765625000e+01
7.516654968261718750e+01
5.774821853637695312e+01
4.242338562011718750e+01
3.000000000000000000e+01
4.251272583007812500e+01
1.201921310424804688e+02
4.512872314453125000e+01
3.000000000000000000e+01
6.999741363525390625e+01
4.378699493408203125e+01
1.091794281005859375e+02
4.200625610351562500e+01
4.328063964843750000e+01
6.774971008300781250e+01
4.857909393310546875e+01
7.359593200683593750e+01
7.532637023925781250e+01
5.755949401855468750e+01
6.647100830078125000e+01
4.838150024414062500e+01
8.766889190673828125e+01
9.161093139648437500e+01
4.604519653320312500e+01
1.111954040527343750e+02
5.894641113281250000e+01
6.990261840820312500e+01
4.972121429443359375e+01
5.871736907958984375e+01
5.090393829345703125e+01
1.150208892822265625e+02
3.000000000000000000e+01
1.343957977294921875e+02
4.581671905517578125e+01
5.701472473144531250e+01
3.738659286499023438e+01
4.923928070068359375e+01
4.676573562622070312e+01
4.184544372558593750e+01
6.326389312744140625e+01
3.171668434143066406e+01
5.823845672607421875e+01
5.162816238403320312e+01
3.360136413574218750e+01
1.024070281982421875e+02
3.931412124633789062e+01
4.502545166015625000e+01
3.356686019897460938e+01
3.104944610595703125e+01
6.259534835815429688e+01
6.587303161621093750e+01
4.266141891479492188e+01
5.030087280273437500e+01
7.258100891113281250e+01
5.565866088867187500e+01
6.825465393066406250e+01
6.364361953735351562e+01
5.774799346923828125e+01
5.435773468017578125e+01
4.221494293212890625e+01
3.570689773559570312e+01
4.622135162353515625e+01
6.853014373779296875e+01
5.052151489257812500e+01
4.531364440917968750e+01
5.283091735839843750e+01
4.659185409545898438e+01
6.138448333740234375e+01
4.346392440795898438e+01
4.770616149902343750e+01
3.000000000000000000e+01
3.810093688964843750e+01
8.152116394042968750e+01
1.457098083496093750e+02
5.102935028076171875e+01
4.810736083984375000e+01
1.313159179687500000e+02
7.036691284179687500e+01
3.946768569946289062e+01
5.691880035400390625e+01
3.600858306884765625e+01
5.399369430541992188e+01
3.222909545898437500e+01
1.057703170776367188e+02
3.000000000000000000e+01
3.898150634765625000e+01
1.034321136474609375e+02
4.041779327392578125e+01
3.639028167724609375e+01
3.927062225341796875e+01
4.364519500732421875e+01
4.712932968139648438e+01
5.933996200561523438e+01
3.741483306884765625e+01
4.486797332763671875e+01
3.000000000000000000e+01
5.633065032958984375e+01
9.249293518066406250e+01
4.265161895751953125e+01
4.563399505615234375e+01
4.457556152343750000e+01
5.676948165893554688e+01
1.117714157104492188e+02
6.230562210083007812e+01
1.268469390869140625e+02
3.489672470092773438e+01
4.698522186279296875e+01
5.346721649169921875e+01
5.979346084594726562e+01
3.913449478149414062e+01
6.632921600341796875e+01
3.789097976684570312e+01
4.867366409301757812e+01
8.411614990234375000e+01
5.550063323974609375e+01
4.603295898437500000e+01
1.235296783447265625e+02
1.251637115478515625e+02
6.166895675659179688e+01
9.170176696777343750e+01
3.376483154296875000e+01
5.498480224609375000e+01
1.381987609863281250e+02
1.839583129882812500e+02
4.885631561279296875e+01
6.421327972412109375e+01
4.454351806640625000e+01
4.787055206298828125e+01
8.218207550048828125e+01
4.242137527465820312e+01
5.899279785156250000e+01
4.357682800292968750e+01
4.549724197387695312e+01
3.505803298950195312e+01
1.125351867675781250e+02
3.589461898803710938e+01
5.284443283081054688e+01
5.142127990722656250e+01
4.793932723999023438e+01
1.181438598632812500e+02
4.473393630981445312e+01
1.713106994628906250e+02
5.733649444580078125e+01
6.174724578857421875e+01
5.098575210571289062e+01
5.048743820190429688e+01
5.023140335083007812e+01
6.166895675659179688e+01
7.418746948242187500e+01
2.036186218261718750e+02
3.378268432617187500e+01
7.361153411865234375e+01
7.906224060058593750e+01
9.967799377441406250e+01
1.039127655029296875e+02
3.633992385864257812e+01
7.335513305664062500e+01
6.550863647460937500e+01
4.493538284301757812e+01
5.871524047851562500e+01
3.859948348999023438e+01
3.000000000000000000e+01
5.661640167236328125e+01
4.242407989501953125e+01
4.143221282958984375e+01
3.883303070068359375e+01
3.000000000000000000e+01
3.461473464965820312e+01
1.170913314819335938e+02
3.273690795898437500e+01
3.000000000000000000e+01
4.450257110595703125e+01
4.646930694580078125e+01
3.000000000000000000e+01
5.271934509277343750e+01
4.256539535522460938e+01
3.934460067749023438e+01
3.774263381958007812e+01
7.201486968994140625e+01
7.408982849121093750e+01
4.504199981689453125e+01
8.111358642578125000e+01
7.100323486328125000e+01
6.243546295166015625e+01
1.464405364990234375e+02
1.449283447265625000e+02
3.000000000000000000e+01
1.100319061279296875e+02
1.230612335205078125e+02
8.617546844482421875e+01
3.827207183837890625e+01
3.867662048339843750e+01
1.238985443115234375e+02
6.213973999023437500e+01
6.096319580078125000e+01
4.994282531738281250e+01
4.925804138183593750e+01
5.714273452758789062e+01
5.383123016357421875e+01
3.319884109497070312e+01
3.883003997802734375e+01
3.738308334350585938e+01
3.480046844482421875e+01
5.337557220458984375e+01
4.046849060058593750e+01
7.822595214843750000e+01
4.998496627807617188e+01
5.001858901977539062e+01
4.536891174316406250e+01
4.095214080810546875e+01
4.857897567749023438e+01
6.511713409423828125e+01
4.246821212768554688e+01
3.000000000000000000e+01
4.039973068237304688e+01
5.431730270385742188e+01
8.755937957763671875e+01
4.293560028076171875e+01
6.243546295166015625e+01
4.068884277343750000e+01
4.712971496582031250e+01
1.746384582519531250e+02
3.027609252929687500e+01
4.575213241577148438e+01
1.163828735351562500e+02
1.622538299560546875e+02
2.001985168457031250e+02
5.709924697875976562e+01
9.153633117675781250e+01
3.326675796508789062e+01
1.193104476928710938e+02
6.332941436767578125e+01
3.590228271484375000e+01
1.693342285156250000e+02
6.545059204101562500e+01
5.569270324707031250e+01
1.323628540039062500e+02
5.500965881347656250e+01
5.687120437622070312e+01
9.351869201660156250e+01
3.568213272094726562e+01
5.541397094726562500e+01
9.836950683593750000e+01
3.365425872802734375e+01
5.829190444946289062e+01
5.528102874755859375e+01
4.458462524414062500e+01
8.590373992919921875e+01
1.528748016357421875e+02
5.260271072387695312e+01
1.300284576416015625e+02
8.956156921386718750e+01
6.213164138793945312e+01
1.062070465087890625e+02
9.828947448730468750e+01
3.648569869995117188e+01
4.558535385131835938e+01
3.000000000000000000e+01
4.125408935546875000e+01
6.615811157226562500e+01
1.251637115478515625e+02
4.803316879272460938e+01
4.508542633056640625e+01
4.449552917480468750e+01
2.784417724609375000e+02
4.077455520629882812e+01
4.835875320434570312e+01
4.056900024414062500e+01
3.000000000000000000e+01
4.586700820922851562e+01
5.681873321533203125e+01
6.865688323974609375e+01
9.809243774414062500e+01
5.607062530517578125e+01
4.186238861083984375e+01
4.929342269897460938e+01
4.139626312255859375e+01
1.219323425292968750e+02
4.130537414550781250e+01
3.870116424560546875e+01
5.734422683715820312e+01
4.753694915771484375e+01
6.520443725585937500e+01
7.244342041015625000e+01
1.395013732910156250e+02
6.287416458129882812e+01
9.265991210937500000e+01
3.589664459228515625e+01
4.208674621582031250e+01
6.902152252197265625e+01
3.000000000000000000e+01
4.924493408203125000e+01
6.438129425048828125e+01
3.000000000000000000e+01
3.488669204711914062e+01
1.002724838256835938e+02
4.788563919067382812e+01
4.230005645751953125e+01
1.350316772460937500e+02
5.408463287353515625e+01
4.798971557617187500e+01
7.716757202148437500e+01
5.188184356689453125e+01
5.724781036376953125e+01
9.296631622314453125e+01
5.103554534912109375e+01
7.822595214843750000e+01
2.107596130371093750e+02
5.383123016357421875e+01
1.281232910156250000e+02
3.040610122680664062e+01
4.866471481323242188e+01
8.599743652343750000e+01
6.490274810791015625e+01
5.314278411865234375e+01
5.996078491210937500e+01
3.118398666381835938e+01
5.854953002929687500e+01
5.455002593994140625e+01
8.255181121826171875e+01
4.258882522583007812e+01
4.732288360595703125e+01
7.157853698730468750e+01
8.296349334716796875e+01
8.446041870117187500e+01
5.049733352661132812e+01
4.972121810913085938e+01
4.876601028442382812e+01
5.234509277343750000e+01
7.422183990478515625e+01
4.296510314941406250e+01
1.245889282226562500e+02
9.700648498535156250e+01
4.111473846435546875e+01
1.096711730957031250e+02
5.824681091308593750e+01
4.892248535156250000e+01
4.620175933837890625e+01
4.224660491943359375e+01
4.608388900756835938e+01
1.634715270996093750e+02
4.199236297607421875e+01
5.347849655151367188e+01
5.729238128662109375e+01
4.248424148559570312e+01
8.942171478271484375e+01
3.914146804809570312e+01
4.693333816528320312e+01
1.469539794921875000e+02
7.408982849121093750e+01
9.875572204589843750e+01
5.269263458251953125e+01
3.825405883789062500e+01
4.724215698242187500e+01
1.052520751953125000e+02
9.801593017578125000e+01
8.449875640869140625e+01
7.174479675292968750e+01
3.516793823242187500e+01
3.891973114013671875e+01
8.783723449707031250e+01
4.085106277465820312e+01
3.639028549194335938e+01
8.594028472900390625e+01
8.886254882812500000e+01
5.433547973632812500e+01
4.669976806640625000e+01
5.130958557128906250e+01
3.000000000000000000e+01
4.229276657104492188e+01
3.000000000000000000e+01
4.845031738281250000e+01
3.000000000000000000e+01
3.119765281677246094e+01
4.701033401489257812e+01
5.366656875610351562e+01
4.698944091796875000e+01
8.656194305419921875e+01
6.908934020996093750e+01
4.647493362426757812e+01
4.268003082275390625e+01
5.209969711303710938e+01
6.454321289062500000e+01
3.671128082275390625e+01
3.616448211669921875e+01
5.853818893432617188e+01
3.468831634521484375e+01
6.691633605957031250e+01
3.000000000000000000e+01
5.317761993408203125e+01
3.343180847167968750e+01
4.149834823608398438e+01
9.508410644531250000e+01
4.915668869018554688e+01
4.301674652099609375e+01
6.106958770751953125e+01
3.870116424560546875e+01
8.633406829833984375e+01
3.483436965942382812e+01
4.957070922851562500e+01
1.373260650634765625e+02
4.704421997070312500e+01
8.874884033203125000e+01
1.168158569335937500e+02
3.666712951660156250e+01
3.577684783935546875e+01
8.619662475585937500e+01
4.453046417236328125e+01
4.964786148071289062e+01
5.142127990722656250e+01
1.006963500976562500e+02
4.542803573608398438e+01
4.171976089477539062e+01
5.981521987915039062e+01
3.820713424682617188e+01
3.893219757080078125e+01
1.147776107788085938e+02
3.000000000000000000e+01
8.223735046386718750e+01
3.859432983398437500e+01
4.636730194091796875e+01
3.000000000000000000e+01
4.586334228515625000e+01
4.292946243286132812e+01
4.642327117919921875e+01
3.417586898803710938e+01
3.444165039062500000e+01
4.294220733642578125e+01
5.152691650390625000e+01
4.686400604248046875e+01
4.554745483398437500e+01
5.420852661132812500e+01
5.864065551757812500e+01
6.743750000000000000e+01
1.057703170776367188e+02
6.044712066650390625e+01
1.145779724121093750e+02
9.562493896484375000e+01
1.225803833007812500e+02
4.144643783569335938e+01
6.139504241943359375e+01
3.000000000000000000e+01
3.946906280517578125e+01
7.229286956787109375e+01
7.188938140869140625e+01
8.152256011962890625e+01
1.064339752197265625e+02
3.905907058715820312e+01
4.569720077514648438e+01
6.277957916259765625e+01
8.503298187255859375e+01
4.462603378295898438e+01
3.970691680908203125e+01
4.406280517578125000e+01
3.883035278320312500e+01
8.113314819335937500e+01
4.421218109130859375e+01
3.777954101562500000e+01
4.340825653076171875e+01
4.732562255859375000e+01
5.260586166381835938e+01
8.291345214843750000e+01
4.445356369018554688e+01
3.000000000000000000e+01
4.411664962768554688e+01
9.809243774414062500e+01
4.704424285888671875e+01
3.460433578491210938e+01
5.402751922607421875e+01
5.905993652343750000e+01
4.580072021484375000e+01
5.830604553222656250e+01
4.492610549926757812e+01
6.969668579101562500e+01
3.932208251953125000e+01
5.559624862670898438e+01
6.894385528564453125e+01
7.483699035644531250e+01
7.726914215087890625e+01
4.809677124023437500e+01
3.270411682128906250e+01
7.004235839843750000e+01
7.409327697753906250e+01
4.759933090209960938e+01
5.356801223754882812e+01
5.387373352050781250e+01
3.964215087890625000e+01
5.974859619140625000e+01
4.356713867187500000e+01
3.358858489990234375e+01
4.304508590698242188e+01
6.908693695068359375e+01
7.157853698730468750e+01
5.145758819580078125e+01
5.766871261596679688e+01
3.555198669433593750e+01
7.571156311035156250e+01
1.091916503906250000e+02
7.471699523925781250e+01
3.851964950561523438e+01
1.225803909301757812e+02
5.709924697875976562e+01
6.000908660888671875e+01
8.886254882812500000e+01
4.160951995849609375e+01
3.420008850097656250e+01
8.125492095947265625e+01
4.266976165771484375e+01
4.567032623291015625e+01
2.400676269531250000e+02
3.132267761230468750e+01
3.887088775634765625e+01
3.488154983520507812e+01
1.119321746826171875e+02
4.884667205810546875e+01
5.962260437011718750e+01
8.950505065917968750e+01
4.371097946166992188e+01
1.398070373535156250e+02
9.169260406494140625e+01
7.844713592529296875e+01
3.241206359863281250e+01
3.276073074340820312e+01
4.823744964599609375e+01
6.595426177978515625e+01
5.999376678466796875e+01
4.246821212768554688e+01
5.200585174560546875e+01
4.190981292724609375e+01
4.993705368041992188e+01
5.726889801025390625e+01
5.501206588745117188e+01
3.980487823486328125e+01
7.662459564208984375e+01
8.429370880126953125e+01
5.110263061523437500e+01
3.403933334350585938e+01
5.787648010253906250e+01
3.000000000000000000e+01
5.125000000000000000e+01
1.128798370361328125e+02
5.490683746337890625e+01
7.579193878173828125e+01
4.920438003540039062e+01
4.625274276733398438e+01
3.430468750000000000e+01
7.359593200683593750e+01
6.690065765380859375e+01
8.511185455322265625e+01
1.080447006225585938e+02
5.777600479125976562e+01
3.907775115966796875e+01
4.711621856689453125e+01
3.000000000000000000e+01
6.459861755371093750e+01
6.641508483886718750e+01
1.634715270996093750e+02
5.010515213012695312e+01
5.803380584716796875e+01
3.873895645141601562e+01
3.888453674316406250e+01
5.495516204833984375e+01
5.939923477172851562e+01
5.392141723632812500e+01
5.718911743164062500e+01
8.095734405517578125e+01
3.466361236572265625e+01
3.406305313110351562e+01
5.080256271362304688e+01
9.366179656982421875e+01
5.645510864257812500e+01
8.874883270263671875e+01
3.000000000000000000e+01
4.843658065795898438e+01
4.342824554443359375e+01
7.543914794921875000e+01
1.687176361083984375e+02
5.664735412597656250e+01
5.319062423706054688e+01
5.328524398803710938e+01
3.000000000000000000e+01
3.000000000000000000e+01
8.887571716308593750e+01
3.575288772583007812e+01
3.484283447265625000e+01
5.231981277465820312e+01
7.592599487304687500e+01
4.443899536132812500e+01
9.764862060546875000e+01
4.417774963378906250e+01
5.275343322753906250e+01
6.213973999023437500e+01
5.565061187744140625e+01
5.018373870849609375e+01
4.363091278076171875e+01
4.614495086669921875e+01
3.507353973388671875e+01
3.877571487426757812e+01
4.130537414550781250e+01
3.439196395874023438e+01
6.585871887207031250e+01
5.408462905883789062e+01
4.836035156250000000e+01
3.000000000000000000e+01
4.390893554687500000e+01
4.835875320434570312e+01
3.591053771972656250e+01
1.421370544433593750e+02
3.000000000000000000e+01
6.705977630615234375e+01
1.091739044189453125e+02
4.050405883789062500e+01
3.195483016967773438e+01
3.000000000000000000e+01
5.701472473144531250e+01
6.728865051269531250e+01
6.430071258544921875e+01
4.858857727050781250e+01
5.374497604370117188e+01
5.179531860351562500e+01
5.976490783691406250e+01
4.329419708251953125e+01
7.704403686523437500e+01
4.652609252929687500e+01
4.724215698242187500e+01
4.449207305908203125e+01
3.430573654174804688e+01
4.467379379272460938e+01
5.645497131347656250e+01
6.588908386230468750e+01
4.572074890136718750e+01
3.000000000000000000e+01
5.155441665649414062e+01
4.299966430664062500e+01
6.294377136230468750e+01
7.410969543457031250e+01
5.035412979125976562e+01
8.703440856933593750e+01
4.588786315917968750e+01
5.550063323974609375e+01
4.713893890380859375e+01
6.628126525878906250e+01
7.033415985107421875e+01
5.755731582641601562e+01
5.827458953857421875e+01
3.964860534667968750e+01
8.135610198974609375e+01
4.265732192993164062e+01
5.711418533325195312e+01
9.248022460937500000e+01
1.441575317382812500e+02
1.247301788330078125e+02
4.574490356445312500e+01
3.829589843750000000e+01
4.616222763061523438e+01
4.566178131103515625e+01
8.446041870117187500e+01
8.547888183593750000e+01
5.908953094482421875e+01
1.065492858886718750e+02
5.787648010253906250e+01
4.145620346069335938e+01
3.000000000000000000e+01
5.758548736572265625e+01
4.500146484375000000e+01
3.000000000000000000e+01
3.757833862304687500e+01
9.002492523193359375e+01
5.914941024780273438e+01
4.677446746826171875e+01
7.919367218017578125e+01
3.509588623046875000e+01
4.437651062011718750e+01
4.967280960083007812e+01
5.204955673217773438e+01
5.576480102539062500e+01
4.363091278076171875e+01
1.946415710449218750e+02
5.268528747558593750e+01
4.942147445678710938e+01
3.925463867187500000e+01
4.924568176269531250e+01
1.011222534179687500e+02
4.779122924804687500e+01
4.108470153808593750e+01
6.005327606201171875e+01
3.980487823486328125e+01
7.197328186035156250e+01
4.183639526367187500e+01
5.862529754638671875e+01
5.745366668701171875e+01
3.923458099365234375e+01
5.129937744140625000e+01
3.756954193115234375e+01
5.511906433105468750e+01
6.194703674316406250e+01
2.098381347656250000e+02
3.620555114746093750e+01
4.522536849975585938e+01
5.783868026733398438e+01
6.308077239990234375e+01
4.302205276489257812e+01
3.739855957031250000e+01
3.000000000000000000e+01
5.151833343505859375e+01
3.622471618652343750e+01
5.604235458374023438e+01
5.415486907958984375e+01
3.536714172363281250e+01
4.564710617065429688e+01
3.261827087402343750e+01
3.666712951660156250e+01
4.222525024414062500e+01
3.000000000000000000e+01
5.849455261230468750e+01
7.489109039306640625e+01
3.517829132080078125e+01
4.188876724243164062e+01
4.450257110595703125e+01
8.061125183105468750e+01
4.947728347778320312e+01
8.984249114990234375e+01
3.000000000000000000e+01
8.449875640869140625e+01
8.415149688720703125e+01
4.200902557373046875e+01
9.248022460937500000e+01
3.532731628417968750e+01
3.688529205322265625e+01
3.907893371582031250e+01
4.568165588378906250e+01
1.143043060302734375e+02
4.509159088134765625e+01
5.354712677001953125e+01
6.555128479003906250e+01
4.413424301147460938e+01
9.550404357910156250e+01
5.888611984252929688e+01
3.998532867431640625e+01
6.060529327392578125e+01
8.108966064453125000e+01
7.561537933349609375e+01
7.349121093750000000e+01
7.506983184814453125e+01
3.000000000000000000e+01
3.610796356201171875e+01
5.549250030517578125e+01
7.389985656738281250e+01
1.161247634887695312e+02
5.737614440917968750e+01
1.189466094970703125e+02
5.213986206054687500e+01
3.498607635498046875e+01
3.696438980102539062e+01
3.000000000000000000e+01
5.931688690185546875e+01
3.000000000000000000e+01
3.446855163574218750e+01
8.132044219970703125e+01
1.001126251220703125e+02
4.582373809814453125e+01
3.836319351196289062e+01
4.879979705810546875e+01
6.737797546386718750e+01
4.099276733398437500e+01
4.493552017211914062e+01
6.641508483886718750e+01
3.566930389404296875e+01
6.223200225830078125e+01
3.000000000000000000e+01
5.739524078369140625e+01
5.370288085937500000e+01
3.910044097900390625e+01
3.913077926635742188e+01
6.543614959716796875e+01
3.753970336914062500e+01
7.055270385742187500e+01
8.073986816406250000e+01
4.277728271484375000e+01
9.170176696777343750e+01
5.573308944702148438e+01
3.367593765258789062e+01
3.000000000000000000e+01
3.000000000000000000e+01
3.853728485107421875e+01
4.286927413940429688e+01
3.752287292480468750e+01
4.398582458496093750e+01
1.048258285522460938e+02
4.186238861083984375e+01
3.471905899047851562e+01
8.296349334716796875e+01
8.163729095458984375e+01
4.340026092529296875e+01
6.053912353515625000e+01
7.289279174804687500e+01
4.698944091796875000e+01
4.466975021362304688e+01
8.808941650390625000e+01
5.173011779785156250e+01
7.673350524902343750e+01
4.437319183349609375e+01
3.001253700256347656e+01
6.373817443847656250e+01
4.634950256347656250e+01
4.401232910156250000e+01
4.694618988037109375e+01
3.738615798950195312e+01
4.757221984863281250e+01
4.719565200805664062e+01
6.545059204101562500e+01
3.217773056030273438e+01
3.780915832519531250e+01
6.607853698730468750e+01
9.229739379882812500e+01
4.012268447875976562e+01
1.020787048339843750e+02
5.123642730712890625e+01
3.000000000000000000e+01
9.588927459716796875e+01
9.186085510253906250e+01
4.249332427978515625e+01
5.900897216796875000e+01
3.601491546630859375e+01
4.227864074707031250e+01
3.600276565551757812e+01
6.074420928955078125e+01
5.552519226074218750e+01
4.293389129638671875e+01
5.269263458251953125e+01
5.319165039062500000e+01
5.669799804687500000e+01
3.494347000122070312e+01
4.234459686279296875e+01
6.488405609130859375e+01
5.029730606079101562e+01
8.184770202636718750e+01
6.949468231201171875e+01
3.955784606933593750e+01
5.274105453491210938e+01
3.000000000000000000e+01
4.684722137451171875e+01
7.516654968261718750e+01
7.193913269042968750e+01
5.862529754638671875e+01
5.009875106811523438e+01
6.867819213867187500e+01
4.234459686279296875e+01
4.498526000976562500e+01
4.730125427246093750e+01
4.086038208007812500e+01
3.506035232543945312e+01
6.009516525268554688e+01
5.554270172119140625e+01
3.659377288818359375e+01
3.589461898803710938e+01
3.640577697753906250e+01
3.156573486328125000e+01
3.461702728271484375e+01
5.956262969970703125e+01
4.510641860961914062e+01
4.188922500610351562e+01
7.366122436523437500e+01
3.346253967285156250e+01
4.559268569946289062e+01
3.850669097900390625e+01
8.393575286865234375e+01
5.572357559204101562e+01
4.074637603759765625e+01
3.688430404663085938e+01
4.119845581054687500e+01
6.273317337036132812e+01
7.940602111816406250e+01
3.347560119628906250e+01
4.654203796386718750e+01
6.208800506591796875e+01
5.296522140502929688e+01
4.810736083984375000e+01
4.157673263549804688e+01
5.243663787841796875e+01
4.032311248779296875e+01
3.011498069763183594e+01
5.169192504882812500e+01
4.186838531494140625e+01
7.877944183349609375e+01
3.000000000000000000e+01
8.599742889404296875e+01
3.638544845581054688e+01
3.898150634765625000e+01
3.959886932373046875e+01
3.783592987060546875e+01
5.683636474609375000e+01
4.790839767456054688e+01
3.829589843750000000e+01
4.212503051757812500e+01
4.397796630859375000e+01
3.973844146728515625e+01
4.531700897216796875e+01
6.096599960327148438e+01
6.808115386962890625e+01
5.886634445190429688e+01
4.894444656372070312e+01
4.256119537353515625e+01
3.000000000000000000e+01
3.000000000000000000e+01
3.783592987060546875e+01
5.827458953857421875e+01
3.953198623657226562e+01
4.160852813720703125e+01
3.000000000000000000e+01
7.843518829345703125e+01
5.314724731445312500e+01
7.795140838623046875e+01
3.322708129882812500e+01
3.445172119140625000e+01
6.211344146728515625e+01
3.073574829101562500e+01
5.428771591186523438e+01
3.686429214477539062e+01
4.972795867919921875e+01
3.164377212524414062e+01
3.818767547607421875e+01
4.270106506347656250e+01
3.375807952880859375e+01
6.792041778564453125e+01
4.870363235473632812e+01
7.193913269042968750e+01
6.238433837890625000e+01
4.143170166015625000e+01
3.618518829345703125e+01
3.814673614501953125e+01
3.739949035644531250e+01
4.329685974121093750e+01
5.479585266113281250e+01
6.865689086914062500e+01
4.957070922851562500e+01
4.190696334838867188e+01
4.293995666503906250e+01
7.716872406005859375e+01
5.142169570922851562e+01
3.555100250244140625e+01
3.000000000000000000e+01
3.000000000000000000e+01
4.225241088867187500e+01
3.430573654174804688e+01
6.780641174316406250e+01
3.373473358154296875e+01
3.610524749755859375e+01
3.668925094604492188e+01
3.215316390991210938e+01
3.072204399108886719e+01
5.778352355957031250e+01
3.700328826904296875e+01
4.927970886230468750e+01
3.559763336181640625e+01
6.774971008300781250e+01
6.238433837890625000e+01
6.552224731445312500e+01
4.143927764892578125e+01
3.000000000000000000e+01
4.318755340576171875e+01
3.000000000000000000e+01
4.922518157958984375e+01
7.671923828125000000e+01
3.000000000000000000e+01
4.396955108642578125e+01
4.787258148193359375e+01
3.577684783935546875e+01
5.175728607177734375e+01
5.607062530517578125e+01
3.254450225830078125e+01
4.591167068481445312e+01
7.549438476562500000e+01
5.043653869628906250e+01
8.108966064453125000e+01
7.497040557861328125e+01
3.000000000000000000e+01
6.013282394409179688e+01
3.040401268005371094e+01
5.314278411865234375e+01
4.817478561401367188e+01
4.725542831420898438e+01
6.632921600341796875e+01
7.244342041015625000e+01
3.563907241821289062e+01
7.127587890625000000e+01
7.238156127929687500e+01
3.000000000000000000e+01
7.890977478027343750e+01
5.332732391357421875e+01
3.337687683105468750e+01
4.079098510742187500e+01
4.529924774169921875e+01
3.000000000000000000e+01
5.853852844238281250e+01
4.311004257202148438e+01
4.522537231445312500e+01
4.324263000488281250e+01
3.414668655395507812e+01
3.927036285400390625e+01
3.367227172851562500e+01
7.688316345214843750e+01
4.201465606689453125e+01
3.607074356079101562e+01
5.685158920288085938e+01
3.000000000000000000e+01
4.319852447509765625e+01
3.908338546752929688e+01
3.688430404663085938e+01
3.000000000000000000e+01
3.405631256103515625e+01
3.647542572021484375e+01
4.750915527343750000e+01
3.346533584594726562e+01
4.814076232910156250e+01
5.080256271362304688e+01
3.350329971313476562e+01
4.642327117919921875e+01
4.495178222656250000e+01
7.420957183837890625e+01
4.923677062988281250e+01
6.658534240722656250e+01
1.037028884887695312e+02
5.007445526123046875e+01
4.502545166015625000e+01
4.387117385864257812e+01
3.841951751708984375e+01
4.325358581542968750e+01
3.356304931640625000e+01
4.017909240722656250e+01
1.080447006225585938e+02
3.737156295776367188e+01
3.757612228393554688e+01
4.142430114746093750e+01
5.403922271728515625e+01
3.936431121826171875e+01
3.893219757080078125e+01
5.204955291748046875e+01
5.748306274414062500e+01
3.000000000000000000e+01
5.897650146484375000e+01
3.471605300903320312e+01
4.591725158691406250e+01
5.974859619140625000e+01
4.551412200927734375e+01
3.448081588745117188e+01
3.893299865722656250e+01
3.000000000000000000e+01
5.632647705078125000e+01
4.152151489257812500e+01
4.866766738891601562e+01
5.645510864257812500e+01
3.587112808227539062e+01
3.333274841308593750e+01
5.495516204833984375e+01
4.225930786132812500e+01
3.946768188476562500e+01
4.215596008300781250e+01
3.113087654113769531e+01
5.212559127807617188e+01
3.952893066406250000e+01
5.000696182250976562e+01
4.801284408569335938e+01
5.205250549316406250e+01
5.649541854858398438e+01
4.928291702270507812e+01
5.313422775268554688e+01
4.477148437500000000e+01
5.691080474853515625e+01
4.144643783569335938e+01
3.711834716796875000e+01
4.648102951049804688e+01
4.298638153076171875e+01
3.711235809326171875e+01
5.788860702514648438e+01
3.880004119873046875e+01
6.567214965820312500e+01
4.172011184692382812e+01
1.121606445312500000e+02
8.073066711425781250e+01
3.751605224609375000e+01
5.987691497802734375e+01
3.013403320312500000e+01
7.293026733398437500e+01
3.000000000000000000e+01
3.276209259033203125e+01
9.385610198974609375e+01
4.839669799804687500e+01
3.392188262939453125e+01
4.710337829589843750e+01
9.540930175781250000e+01
4.760026550292968750e+01
4.616631317138671875e+01
3.000000000000000000e+01
4.748777008056640625e+01
4.582862472534179688e+01
3.337037277221679688e+01
5.753366851806640625e+01
7.683528137207031250e+01
4.560433197021484375e+01
3.707443618774414062e+01
3.213392639160156250e+01
5.394496154785156250e+01
3.608680343627929688e+01
3.769630432128906250e+01
5.427441406250000000e+01
8.984249114990234375e+01
5.943753051757812500e+01
8.395098876953125000e+01
6.917876434326171875e+01
7.643409729003906250e+01
5.194196319580078125e+01
3.000000000000000000e+01
3.753454208374023438e+01
5.523407363891601562e+01
3.964294052124023438e+01
3.368185424804687500e+01
4.036243057250976562e+01
3.470082473754882812e+01
3.000000000000000000e+01
3.459890747070312500e+01
3.094515037536621094e+01
4.613772583007812500e+01
6.494642639160156250e+01
4.770475387573242188e+01
3.577250289916992188e+01
4.606864547729492188e+01
3.380281829833984375e+01
3.000000000000000000e+01
4.182043457031250000e+01
7.532637023925781250e+01
5.196122360229492188e+01
4.367832946777343750e+01
3.182162666320800781e+01
3.891973114013671875e+01
4.183619308471679688e+01
3.000000000000000000e+01
6.273317718505859375e+01
3.284638977050781250e+01
7.596878051757812500e+01
3.571154785156250000e+01
4.940298461914062500e+01
6.507884979248046875e+01
4.049903869628906250e+01
4.155749511718750000e+01
3.804135894775390625e+01
5.299454498291015625e+01
4.208674621582031250e+01
4.785882186889648438e+01
3.809943389892578125e+01
4.886159896850585938e+01
3.353091812133789062e+01
7.197328186035156250e+01
5.902247619628906250e+01
7.100323486328125000e+01
3.503793716430664062e+01
4.216917419433593750e+01
5.636125183105468750e+01
3.000000000000000000e+01
4.723828887939453125e+01
5.326347351074218750e+01
6.862016296386718750e+01
4.376689147949218750e+01
4.725020980834960938e+01
3.572572708129882812e+01
4.191864013671875000e+01
3.000000000000000000e+01
6.803623199462890625e+01
3.334800338745117188e+01
4.141923522949218750e+01
3.314377593994140625e+01
4.485873413085937500e+01
4.648233032226562500e+01
3.000000000000000000e+01
4.712971496582031250e+01
3.578053283691406250e+01
3.595569610595703125e+01
5.435773468017578125e+01
6.555128479003906250e+01
3.349898910522460938e+01
6.036966323852539062e+01
4.072351455688476562e+01
4.093531799316406250e+01
4.286826324462890625e+01
4.452006149291992188e+01
3.518827819824218750e+01
4.113943481445312500e+01
3.235149383544921875e+01
4.084860992431640625e+01
3.867560195922851562e+01
3.096953201293945312e+01
4.148812866210937500e+01
3.159329414367675781e+01
3.188798332214355469e+01
3.323821640014648438e+01
3.537175750732421875e+01
5.906319046020507812e+01
4.355696105957031250e+01
9.540930175781250000e+01
3.000000000000000000e+01
4.036046600341796875e+01
3.000000000000000000e+01
7.906217193603515625e+01
3.820713043212890625e+01
4.527424621582031250e+01
6.803623199462890625e+01
4.493794250488281250e+01
4.265529632568359375e+01
3.626308059692382812e+01
4.701033401489257812e+01
9.832366943359375000e+01
7.183395385742187500e+01
5.541090011596679688e+01
7.068029785156250000e+01
3.867234802246093750e+01
3.996010971069335938e+01
4.063494873046875000e+01
3.406598663330078125e+01
4.612173461914062500e+01
5.487787628173828125e+01
3.642731475830078125e+01
3.731812667846679688e+01
6.176428222656250000e+01
3.000000000000000000e+01
5.111678695678710938e+01
5.006913757324218750e+01
4.260895538330078125e+01
3.000000000000000000e+01
3.851964950561523438e+01
3.040401268005371094e+01
3.828784179687500000e+01
4.100729370117187500e+01
6.960779571533203125e+01
3.671242904663085938e+01
4.019454956054687500e+01
6.961623382568359375e+01
4.350769805908203125e+01
4.783206939697265625e+01
3.812671661376953125e+01
4.257299041748046875e+01
3.845364379882812500e+01
3.000000000000000000e+01
4.603371810913085938e+01
4.649595642089843750e+01
5.515069198608398438e+01
6.284143829345703125e+01
5.652803802490234375e+01
4.279049301147460938e+01
4.198655700683593750e+01
3.423420333862304688e+01
3.000000000000000000e+01
5.914754104614257812e+01
4.934228897094726562e+01
4.910450744628906250e+01
3.534363555908203125e+01
3.869696807861328125e+01
4.182860565185546875e+01
3.953266906738281250e+01
5.764338684082031250e+01
4.097948074340820312e+01
3.737156677246093750e+01
5.576480102539062500e+01
3.888930130004882812e+01
3.000000000000000000e+01
4.140422821044921875e+01
3.041363525390625000e+01
7.415321350097656250e+01
5.206819152832031250e+01
3.065723800659179688e+01
4.908127975463867188e+01
8.061125183105468750e+01
4.163485717773437500e+01
3.693078613281250000e+01
3.000000000000000000e+01
3.000000000000000000e+01
5.187581634521484375e+01
4.376227569580078125e+01
4.046529388427734375e+01
3.071371841430664062e+01
3.000000000000000000e+01
3.000000000000000000e+01
4.015750885009765625e+01
4.939062881469726562e+01
3.694097900390625000e+01
4.446734237670898438e+01
4.891510772705078125e+01
6.115134811401367188e+01
4.532563018798828125e+01
4.598091888427734375e+01
5.088201904296875000e+01
3.000000000000000000e+01
5.874172973632812500e+01
3.000000000000000000e+01
3.000000000000000000e+01
4.105045700073242188e+01
4.728022766113281250e+01
3.170813179016113281e+01
4.094665527343750000e+01
3.704737091064453125e+01
4.170042419433593750e+01
3.749549102783203125e+01
4.050727081298828125e+01
