4.907898712158203125e+01
5.203042221069335938e+01
3.701324462890625000e+01
3.814264678955078125e+01
6.025635528564453125e+01
8.306712341308593750e+01
3.000000000000000000e+01
1.023261795043945312e+02
5.100090789794921875e+01
1.051834259033203125e+02
4.548973083496093750e+01
1.351386260986328125e+02
4.260134887695312500e+01
4.143018341064453125e+01
3.000000000000000000e+01
7.205102539062500000e+01
5.863106918334960938e+01
4.575925064086914062e+01
4.383734130859375000e+01
1.343405914306640625e+02
3.757721328735351562e+01
7.383296966552734375e+01
3.000000000000000000e+01
4.716505432128906250e+01
4.900495529174804688e+01
7.179728698730468750e+01
4.361761856079101562e+01
6.769882965087890625e+01
1.946773986816406250e+02
7.790477752685546875e+01
5.800688934326171875e+01
5.307493591308593750e+01
6.093579101562500000e+01
1.266115417480468750e+02
8.480123901367187500e+01
7.042268371582031250e+01
6.422511291503906250e+01
4.918907546997070312e+01
4.556111526489257812e+01
6.707245635986328125e+01
3.425960159301757812e+01
3.844741821289062500e+01
5.006819915771484375e+01
4.747920227050781250e+01
3.989437866210937500e+01
3.000000000000000000e+01
5.133069229125976562e+01
6.091972351074218750e+01
1.310225219726562500e+02
6.001617050170898438e+01
4.194619750976562500e+01
3.584354782104492188e+01
5.710079956054687500e+01
4.627700424194335938e+01
7.910981750488281250e+01
4.481375122070312500e+01
7.906776428222656250e+01
4.590604019165039062e+01
6.112557983398437500e+01
5.996866607666015625e+01
6.028674697875976562e+01
7.363656616210937500e+01
4.114675903320312500e+01
6.449753570556640625e+01
9.144161224365234375e+01
5.135558319091796875e+01
5.623139953613281250e+01
3.374760437011718750e+01
4.253698348999023438e+01
5.454284667968750000e+01
6.220178222656250000e+01
3.771097183227539062e+01
1.546889190673828125e+02
5.397499465942382812e+01
7.497865295410156250e+01
7.205667114257812500e+01
5.808446502685546875e+01
5.579595184326171875e+01
4.624744415283203125e+01
7.721273040771484375e+01
3.847506332397460938e+01
5.863106918334960938e+01
5.396267318725585938e+01
8.369073486328125000e+01
6.782341003417968750e+01
3.551770019531250000e+01
3.953029632568359375e+01
4.808931732177734375e+01
4.260134887695312500e+01
4.856001663208007812e+01
4.707813644409179688e+01
4.693312454223632812e+01
7.876341247558593750e+01
5.496241760253906250e+01
1.129313583374023438e+02
1.087416687011718750e+02
6.155088424682617188e+01
4.639945983886718750e+01
9.200804138183593750e+01
4.597907257080078125e+01
8.948173522949218750e+01
7.741609954833984375e+01
1.458419189453125000e+02
4.426196670532226562e+01
4.267011260986328125e+01
6.940589904785156250e+01
3.000000000000000000e+01
5.686777496337890625e+01
4.625711822509765625e+01
4.573200607299804688e+01
4.518991470336914062e+01
4.430347061157226562e+01
6.753824615478515625e+01
8.787089538574218750e+01
3.881156158447265625e+01
3.623499679565429688e+01
9.498688507080078125e+01
4.999261474609375000e+01
6.071461486816406250e+01
4.187701416015625000e+01
4.151062011718750000e+01
5.883151245117187500e+01
3.000000000000000000e+01
4.438859176635742188e+01
4.521777725219726562e+01
5.188956451416015625e+01
7.136369323730468750e+01
6.703066253662109375e+01
4.337047958374023438e+01
7.187251281738281250e+01
5.465058517456054688e+01
8.498652648925781250e+01
6.977462768554687500e+01
5.629415130615234375e+01
5.703796386718750000e+01
5.661648559570312500e+01
9.188965606689453125e+01
4.550032424926757812e+01
3.701099014282226562e+01
6.378387832641601562e+01
3.990351104736328125e+01
9.230810546875000000e+01
6.502476501464843750e+01
5.640162658691406250e+01
7.929417419433593750e+01
4.076107025146484375e+01
8.485258483886718750e+01
9.090363311767578125e+01
5.982697296142578125e+01
1.513626098632812500e+02
6.552413940429687500e+01
8.016032409667968750e+01
4.833053588867187500e+01
8.689012908935546875e+01
3.739165496826171875e+01
9.976623535156250000e+01
4.707159805297851562e+01
1.130493927001953125e+02
4.032924652099609375e+01
7.714579772949218750e+01
4.000793075561523438e+01
5.523103713989257812e+01
5.139263916015625000e+01
3.841497421264648438e+01
7.561733245849609375e+01
4.731156158447265625e+01
6.773765563964843750e+01
5.080493164062500000e+01
3.798079681396484375e+01
1.413141326904296875e+02
5.888354492187500000e+01
4.843437194824218750e+01
4.116848754882812500e+01
3.000000000000000000e+01
5.055246734619140625e+01
7.025956726074218750e+01
4.811181640625000000e+01
4.357637786865234375e+01
5.825601196289062500e+01
5.923823165893554688e+01
5.311758041381835938e+01
6.288771820068359375e+01
7.128848266601562500e+01
5.652526473999023438e+01
4.605897521972656250e+01
5.299459838867187500e+01
3.000000000000000000e+01
6.417404174804687500e+01
5.098549270629882812e+01
4.876753997802734375e+01
5.639559936523437500e+01
7.367550659179687500e+01
5.483714294433593750e+01
4.317237472534179688e+01
5.467545318603515625e+01
3.782007598876953125e+01
5.294200897216796875e+01
7.756240081787109375e+01
1.162587051391601562e+02
7.120903778076171875e+01
5.575193023681640625e+01
9.422396850585937500e+01
5.446747589111328125e+01
3.226412963867187500e+01
6.040913391113281250e+01
4.715886306762695312e+01
6.744482421875000000e+01
9.897688293457031250e+01
1.554886779785156250e+02
3.859470748901367188e+01
5.457498931884765625e+01
8.054434204101562500e+01
4.849379730224609375e+01
4.250504302978515625e+01
3.571138000488281250e+01
3.322043228149414062e+01
7.306799316406250000e+01
5.443697357177734375e+01
4.943737792968750000e+01
3.763438415527343750e+01
3.632534408569335938e+01
6.048414230346679688e+01
7.572531127929687500e+01
4.546499252319335938e+01
4.190479278564453125e+01
3.210660552978515625e+01
4.686577606201171875e+01
8.583397674560546875e+01
5.091946411132812500e+01
8.443667602539062500e+01
4.095484161376953125e+01
4.277993774414062500e+01
4.940495681762695312e+01
6.175647354125976562e+01
5.093989562988281250e+01
7.170141601562500000e+01
4.626670837402343750e+01
5.543706512451171875e+01
6.037154769897460938e+01
5.814606857299804688e+01
4.908033752441406250e+01
1.211294403076171875e+02
7.233642578125000000e+01
7.182939147949218750e+01
9.122717285156250000e+01
4.688703155517578125e+01
5.078677368164062500e+01
1.203747940063476562e+02
1.667517547607421875e+02
5.797866821289062500e+01
5.368215179443359375e+01
3.786084747314453125e+01
5.151628875732421875e+01
1.001818466186523438e+02
4.924446487426757812e+01
7.472042846679687500e+01
5.747120666503906250e+01
3.627307128906250000e+01
3.667837524414062500e+01
1.453008270263671875e+02
4.556809234619140625e+01
6.085953521728515625e+01
6.510184478759765625e+01
4.546708679199218750e+01
1.415243377685546875e+02
5.894458389282226562e+01
1.314369812011718750e+02
7.220576477050781250e+01
4.994431686401367188e+01
6.846395111083984375e+01
5.627252197265625000e+01
5.431933593750000000e+01
7.182939910888671875e+01
7.153601837158203125e+01
9.641611480712890625e+01
3.000000000000000000e+01
5.696301651000976562e+01
6.980666351318359375e+01
8.433134460449218750e+01
8.662882995605468750e+01
6.458638763427734375e+01
6.505304718017578125e+01
7.449917602539062500e+01
3.736120986938476562e+01
7.113299560546875000e+01
3.616903305053710938e+01
4.286576080322265625e+01
5.274362182617187500e+01
4.957381057739257812e+01
4.328722381591796875e+01
3.704829406738281250e+01
5.455970001220703125e+01
3.715193176269531250e+01
9.155467224121093750e+01
5.160906600952148438e+01
3.537157440185546875e+01
4.807988739013671875e+01
5.488216400146484375e+01
5.026021957397460938e+01
6.735952758789062500e+01
6.430225372314453125e+01
3.000000000000000000e+01
3.717356872558593750e+01
7.541334533691406250e+01
6.926385498046875000e+01
4.047735595703125000e+01
7.694676208496093750e+01
6.083310699462890625e+01
7.066297912597656250e+01
8.137147521972656250e+01
1.091729965209960938e+02
4.092882537841796875e+01
9.548754119873046875e+01
8.084144592285156250e+01
9.106164550781250000e+01
3.905118560791015625e+01
3.440312957763671875e+01
1.171786499023437500e+02
5.663057708740234375e+01
9.200804138183593750e+01
4.359862518310546875e+01
4.859305191040039062e+01
4.948836898803710938e+01
4.061748886108398438e+01
3.363889694213867188e+01
3.795214080810546875e+01
3.738124465942382812e+01
3.814874649047851562e+01
1.546889190673828125e+02
3.318572616577148438e+01
8.053053283691406250e+01
4.849563598632812500e+01
5.855769348144531250e+01
4.366003036499023438e+01
4.607067108154296875e+01
4.816357421875000000e+01
8.207011413574218750e+01
6.215584564208984375e+01
3.000000000000000000e+01
3.679491424560546875e+01
5.354174423217773438e+01
8.339682006835937500e+01
3.775011825561523438e+01
7.066297912597656250e+01
4.253751754760742188e+01
5.307052612304687500e+01
1.001675109863281250e+02
4.458632659912109375e+01
4.489922332763671875e+01
8.050970458984375000e+01
1.366387176513671875e+02
1.603072052001953125e+02
5.750649642944335938e+01
7.363656616210937500e+01
4.007412719726562500e+01
7.160519409179687500e+01
5.193722534179687500e+01
3.487767791748046875e+01
9.468943786621093750e+01
5.242166137695312500e+01
8.284775543212890625e+01
1.141527023315429688e+02
7.591127014160156250e+01
6.484326171875000000e+01
7.830076599121093750e+01
3.347089004516601562e+01
6.909124755859375000e+01
1.116338195800781250e+02
4.893510437011718750e+01
6.005342102050781250e+01
6.380621337890625000e+01
4.777973175048828125e+01
9.420449066162109375e+01
1.426426544189453125e+02
6.621356201171875000e+01
9.615898132324218750e+01
7.416543579101562500e+01
7.790478515625000000e+01
7.135803985595703125e+01
7.066325378417968750e+01
4.290824127197265625e+01
3.519195556640625000e+01
3.862005615234375000e+01
6.067617034912109375e+01
5.356535339355468750e+01
7.233642578125000000e+01
4.862374877929687500e+01
3.966074371337890625e+01
5.622410964965820312e+01
2.594933471679687500e+02
4.502453994750976562e+01
4.882446289062500000e+01
3.978885650634765625e+01
3.000000000000000000e+01
4.268075180053710938e+01
6.288400650024414062e+01
6.215906524658203125e+01
8.889762878417968750e+01
6.609420013427734375e+01
4.449594497680664062e+01
5.162130737304687500e+01
4.485932922363281250e+01
1.541434631347656250e+02
4.826281738281250000e+01
4.552587890625000000e+01
8.034307861328125000e+01
4.605628204345703125e+01
6.953114318847656250e+01
7.571936035156250000e+01
1.448822326660156250e+02
7.211728668212890625e+01
7.266757202148437500e+01
5.819002151489257812e+01
5.337561798095703125e+01
6.737680816650390625e+01
3.773032379150390625e+01
8.423267364501953125e+01
1.059598693847656250e+02
3.901219177246093750e+01
3.529695892333984375e+01
7.210678100585937500e+01
3.000000000000000000e+01
4.060184860229492188e+01
1.235499725341796875e+02
6.869748687744140625e+01
5.630672836303710938e+01
6.239125442504882812e+01
4.475204467773437500e+01
5.932860183715820312e+01
9.093560791015625000e+01
4.661128616333007812e+01
8.053053283691406250e+01
1.974693908691406250e+02
4.061748886108398438e+01
1.082018890380859375e+02
4.588967132568359375e+01
5.350519561767578125e+01
8.178497314453125000e+01
6.769882965087890625e+01
4.742277526855468750e+01
7.073492431640625000e+01
3.751585388183593750e+01
5.464938735961914062e+01
4.816667175292968750e+01
5.530241394042968750e+01
3.746964645385742188e+01
5.854704666137695312e+01
5.741958999633789062e+01
1.658602905273437500e+02
7.617668151855468750e+01
4.604947662353515625e+01
4.833053970336914062e+01
4.856076812744140625e+01
4.778016662597656250e+01
7.095082092285156250e+01
3.000000000000000000e+01
9.454136657714843750e+01
1.042072372436523438e+02
5.255119323730468750e+01
9.619467163085937500e+01
9.221810913085937500e+01
6.436591339111328125e+01
5.000175476074218750e+01
5.345858764648437500e+01
4.258412170410156250e+01
2.055427551269531250e+02
3.587572479248046875e+01
4.542388153076171875e+01
4.413054275512695312e+01
3.767276000976562500e+01
9.954270935058593750e+01
4.492044830322265625e+01
4.181377792358398438e+01
1.263174896240234375e+02
6.926385498046875000e+01
8.849566650390625000e+01
6.825561523437500000e+01
4.705268478393554688e+01
6.056359100341796875e+01
8.004589080810546875e+01
7.751708984375000000e+01
7.359521484375000000e+01
7.897444915771484375e+01
3.617827224731445312e+01
8.152777099609375000e+01
1.035522918701171875e+02
5.203115844726562500e+01
4.250504302978515625e+01
6.240709686279296875e+01
9.006914520263671875e+01
6.370590972900390625e+01
4.879063415527343750e+01
4.786704635620117188e+01
3.289778137207031250e+01
4.140641784667968750e+01
3.000000000000000000e+01
3.830532073974609375e+01
4.799509811401367188e+01
6.044141387939453125e+01
5.086141586303710938e+01
5.550268936157226562e+01
4.581135177612304688e+01
7.818933105468750000e+01
5.186036300659179688e+01
4.011824035644531250e+01
3.881190490722656250e+01
5.323444366455078125e+01
4.884702301025390625e+01
3.000000000000000000e+01
3.563227844238281250e+01
7.285218811035156250e+01
3.561968994140625000e+01
5.902658843994140625e+01
3.787606048583984375e+01
6.194863891601562500e+01
4.438267517089843750e+01
3.000000000000000000e+01
1.205285491943359375e+02
5.384911727905273438e+01
4.845951080322265625e+01
8.099125671386718750e+01
4.552587890625000000e+01
7.502278137207031250e+01
5.528066253662109375e+01
6.114041900634765625e+01
1.130389862060546875e+02
5.121128845214843750e+01
1.546155395507812500e+02
8.610363769531250000e+01
3.745697021484375000e+01
4.887607955932617188e+01
8.244874572753906250e+01
5.902953338623046875e+01
5.887570571899414062e+01
6.510184478759765625e+01
1.772027740478515625e+02
4.563679504394531250e+01
7.862924194335937500e+01
5.728569030761718750e+01
4.996073913574218750e+01
5.481580734252929688e+01
1.003627166748046875e+02
3.802365493774414062e+01
7.131581115722656250e+01
4.779254913330078125e+01
4.051485061645507812e+01
4.207254791259765625e+01
3.878297424316406250e+01
4.099181365966796875e+01
3.926839447021484375e+01
3.630664062500000000e+01
3.651352310180664062e+01
3.665098953247070312e+01
4.451658630371093750e+01
5.604335403442382812e+01
4.669067382812500000e+01
5.140194702148437500e+01
5.686777496337890625e+01
6.871925354003906250e+01
1.554886779785156250e+02
7.894406127929687500e+01
1.079702758789062500e+02
8.159148406982421875e+01
1.083482055664062500e+02
3.902863311767578125e+01
6.936283874511718750e+01
6.154623413085937500e+01
5.517845153808593750e+01
5.292533111572265625e+01
8.412163543701171875e+01
7.329130554199218750e+01
7.082749176025390625e+01
3.881156158447265625e+01
4.031720352172851562e+01
5.061949539184570312e+01
8.461769104003906250e+01
4.513484191894531250e+01
5.406267547607421875e+01
3.956632995605468750e+01
3.705815124511718750e+01
9.213792419433593750e+01
4.707813644409179688e+01
4.631430053710937500e+01
4.209622955322265625e+01
4.344753265380859375e+01
8.028833007812500000e+01
1.042200851440429688e+02
3.694834518432617188e+01
3.891514968872070312e+01
4.902710723876953125e+01
8.889762878417968750e+01
6.139700698852539062e+01
4.862248229980468750e+01
5.326628875732421875e+01
7.011811065673828125e+01
4.709264755249023438e+01
5.290615844726562500e+01
6.079893493652343750e+01
6.624794769287109375e+01
3.916285705566406250e+01
7.720386505126953125e+01
6.011994171142578125e+01
7.099696350097656250e+01
6.145627593994140625e+01
4.267544555664062500e+01
3.864311981201171875e+01
5.472849273681640625e+01
6.518225860595703125e+01
5.166664123535156250e+01
6.013083648681640625e+01
4.828152084350585938e+01
3.803842926025390625e+01
5.431953430175781250e+01
6.012068557739257812e+01
4.209127807617187500e+01
4.660738754272460938e+01
7.285166931152343750e+01
5.741958999633789062e+01
6.017745971679687500e+01
6.150057983398437500e+01
3.368039703369140625e+01
6.535470581054687500e+01
1.169120483398437500e+02
6.157396316528320312e+01
5.133915710449218750e+01
1.083482055664062500e+02
5.750649642944335938e+01
6.374852752685546875e+01
9.006913757324218750e+01
4.425670623779296875e+01
4.061521148681640625e+01
7.065018463134765625e+01
3.000000000000000000e+01
4.188823699951171875e+01
1.668572845458984375e+02
5.144960021972656250e+01
3.000000000000000000e+01
4.196077728271484375e+01
1.165976867675781250e+02
8.699606323242187500e+01
4.387902832031250000e+01
1.303489074707031250e+02
4.355694580078125000e+01
1.109719619750976562e+02
7.336133575439453125e+01
1.172889785766601562e+02
5.491315460205078125e+01
4.467368316650390625e+01
9.799440765380859375e+01
7.594734191894531250e+01
7.648029327392578125e+01
6.215584564208984375e+01
4.148299789428710938e+01
3.000000000000000000e+01
5.101765060424804688e+01
6.066904067993164062e+01
4.174794769287109375e+01
4.382847595214843750e+01
7.459513854980468750e+01
7.070390319824218750e+01
4.874801254272460938e+01
3.365306854248046875e+01
5.043386077880859375e+01
4.453743743896484375e+01
4.600810241699218750e+01
1.240609741210937500e+02
5.124139404296875000e+01
7.218185424804687500e+01
5.809477615356445312e+01
5.039117813110351562e+01
3.450100708007812500e+01
9.230810546875000000e+01
7.191491699218750000e+01
6.169166183471679688e+01
8.926660156250000000e+01
5.575134277343750000e+01
4.264978408813476562e+01
4.178743743896484375e+01
4.135418319702148438e+01
5.959256744384765625e+01
6.321053314208984375e+01
2.055427551269531250e+02
4.909367752075195312e+01
7.627542114257812500e+01
7.139727783203125000e+01
7.812377166748046875e+01
4.006998443603515625e+01
5.095404052734375000e+01
5.411665725708007812e+01
6.724205017089843750e+01
7.564450073242187500e+01
3.137863349914550781e+01
4.108482360839843750e+01
5.621515274047851562e+01
8.271293640136718750e+01
5.536927795410156250e+01
1.546155395507812500e+02
6.580453491210937500e+01
3.478462219238281250e+01
4.932364654541015625e+01
5.200559234619140625e+01
1.525667724609375000e+02
8.487351989746093750e+01
5.541416549682617188e+01
6.963584136962890625e+01
3.000000000000000000e+01
5.221788406372070312e+01
9.660266876220703125e+01
3.880665588378906250e+01
4.195093154907226562e+01
7.106036376953125000e+01
8.277425384521484375e+01
5.858551406860351562e+01
1.057832412719726562e+02
4.175759506225585938e+01
5.324553680419921875e+01
5.663057708740234375e+01
9.068995666503906250e+01
6.101593780517578125e+01
4.595207214355468750e+01
4.432164001464843750e+01
3.857659149169921875e+01
4.101475524902343750e+01
4.826281738281250000e+01
4.179786300659179688e+01
6.698188781738281250e+01
6.869748687744140625e+01
3.419004821777343750e+01
4.508570480346679688e+01
4.005342102050781250e+01
4.882446289062500000e+01
4.967559051513671875e+01
8.722924804687500000e+01
3.000000000000000000e+01
6.832563018798828125e+01
7.358178710937500000e+01
4.292044067382812500e+01
3.010447883605957031e+01
3.000000000000000000e+01
7.714580535888671875e+01
7.431670379638671875e+01
5.807225799560546875e+01
6.947024536132812500e+01
5.324264526367187500e+01
6.870815277099609375e+01
5.243542098999023438e+01
4.068059539794921875e+01
5.643977355957031250e+01
6.045089340209960938e+01
6.056359100341796875e+01
6.170412063598632812e+01
4.390915679931640625e+01
6.116780471801757812e+01
5.147158050537109375e+01
5.588500595092773438e+01
5.034037017822265625e+01
5.026021957397460938e+01
5.063780212402343750e+01
4.359577560424804688e+01
6.871311187744140625e+01
6.535154724121093750e+01
5.149341201782226562e+01
8.172142791748046875e+01
4.484454345703125000e+01
5.814606857299804688e+01
7.759786987304687500e+01
5.480564880371093750e+01
5.914555358886718750e+01
6.507771301269531250e+01
6.958466339111328125e+01
4.572863769531250000e+01
7.836997985839843750e+01
5.257996749877929688e+01
4.937419509887695312e+01
8.730377960205078125e+01
1.343405914306640625e+02
1.282139434814453125e+02
4.632418823242187500e+01
3.020746994018554688e+01
4.256580734252929688e+01
5.788920593261718750e+01
7.617668914794921875e+01
7.750815582275390625e+01
6.937650299072265625e+01
1.043357849121093750e+02
5.043386077880859375e+01
5.454922866821289062e+01
3.031681823730468750e+01
5.752429580688476562e+01
6.513104248046875000e+01
4.135659790039062500e+01
4.834310531616210938e+01
7.163162231445312500e+01
4.943315124511718750e+01
4.526323318481445312e+01
8.866072082519531250e+01
4.110785675048828125e+01
4.990427398681640625e+01
5.454284667968750000e+01
5.479710388183593750e+01
3.572889709472656250e+01
4.595207214355468750e+01
1.870412292480468750e+02
7.840535736083984375e+01
4.637947845458984375e+01
5.178792572021484375e+01
5.231511688232421875e+01
1.114971313476562500e+02
4.064251708984375000e+01
4.553062438964843750e+01
6.765864562988281250e+01
4.382847595214843750e+01
6.535044860839843750e+01
4.563384246826171875e+01
5.076675415039062500e+01
5.776303100585937500e+01
5.595881652832031250e+01
4.691877746582031250e+01
3.860549545288085938e+01
6.946131896972656250e+01
6.076220703125000000e+01
1.838176574707031250e+02
5.186304855346679688e+01
4.771517944335937500e+01
5.948492050170898438e+01
6.172576904296875000e+01
4.415052795410156250e+01
7.187719726562500000e+01
6.141457366943359375e+01
5.333499908447265625e+01
4.177481079101562500e+01
7.160592651367187500e+01
7.009918212890625000e+01
3.831155776977539062e+01
4.637649536132812500e+01
5.822666931152343750e+01
3.745697021484375000e+01
4.526816558837890625e+01
3.601987075805664062e+01
7.027705383300781250e+01
5.959620666503906250e+01
3.444903182983398438e+01
4.708068847656250000e+01
4.807988739013671875e+01
9.022682952880859375e+01
7.052243041992187500e+01
9.379840850830078125e+01
4.347637939453125000e+01
7.359521484375000000e+01
8.634799957275390625e+01
3.829452514648437500e+01
8.730377960205078125e+01
4.142117309570312500e+01
4.749002456665039062e+01
3.600714492797851562e+01
4.604567718505859375e+01
1.062040481567382812e+02
5.925678253173828125e+01
4.506542968750000000e+01
7.314096069335937500e+01
3.757962036132812500e+01
1.074205627441406250e+02
6.229806518554687500e+01
4.113456726074218750e+01
5.008392333984375000e+01
8.247666931152343750e+01
8.480049896240234375e+01
8.181671905517578125e+01
5.046409606933593750e+01
3.986585998535156250e+01
4.643154907226562500e+01
6.246646118164062500e+01
6.247243499755859375e+01
1.332393798828125000e+02
7.493737792968750000e+01
1.416960906982421875e+02
6.145233917236328125e+01
3.758796310424804688e+01
5.392842483520507812e+01
4.120901870727539062e+01
6.136622619628906250e+01
3.118148040771484375e+01
3.000000000000000000e+01
6.871405029296875000e+01
1.131469421386718750e+02
5.305799484252929688e+01
3.032549095153808594e+01
5.949173355102539062e+01
5.428536605834960938e+01
3.978736877441406250e+01
4.984676742553710938e+01
6.321052932739257812e+01
4.578351593017578125e+01
6.672772216796875000e+01
5.221788406372070312e+01
5.016327667236328125e+01
5.456107330322265625e+01
3.371232604980468750e+01
5.844260406494140625e+01
4.742288208007812500e+01
4.034688568115234375e+01
6.532786560058593750e+01
8.176033782958984375e+01
5.053362274169921875e+01
9.122717285156250000e+01
5.015951538085937500e+01
3.319441986083984375e+01
4.957146835327148438e+01
4.353559112548828125e+01
4.381681060791015625e+01
4.682289123535156250e+01
3.957164001464843750e+01
4.437200164794921875e+01
9.353937530517578125e+01
4.449594497680664062e+01
4.069452667236328125e+01
1.658602752685546875e+02
8.053835296630859375e+01
4.567528533935546875e+01
6.221136856079101562e+01
7.257025146484375000e+01
4.581135177612304688e+01
6.136165618896484375e+01
1.034522476196289062e+02
4.231643676757812500e+01
6.423138427734375000e+01
4.624744415283203125e+01
3.463727569580078125e+01
4.856002044677734375e+01
7.148450469970703125e+01
4.409976196289062500e+01
4.425907897949218750e+01
4.189534759521484375e+01
5.181290817260742188e+01
5.107039260864257812e+01
5.242166519165039062e+01
3.726190948486328125e+01
3.890312194824218750e+01
6.458302307128906250e+01
8.181039428710937500e+01
3.000000000000000000e+01
9.092961120605468750e+01
4.809426879882812500e+01
3.651488876342773438e+01
7.745633697509765625e+01
7.124768829345703125e+01
3.907089996337890625e+01
4.610296630859375000e+01
3.774078369140625000e+01
4.773674392700195312e+01
3.815417480468750000e+01
9.526136779785156250e+01
4.865199279785156250e+01
3.617044067382812500e+01
6.825561523437500000e+01
4.841120910644531250e+01
5.336196517944335938e+01
3.652574157714843750e+01
4.835303115844726562e+01
5.233415985107421875e+01
4.187701416015625000e+01
6.518864440917968750e+01
7.260233306884765625e+01
3.974803161621093750e+01
4.822751617431640625e+01
3.999839019775390625e+01
5.492599105834960938e+01
7.136369323730468750e+01
7.794312286376953125e+01
5.076675415039062500e+01
6.224209976196289062e+01
6.682543945312500000e+01
4.835303115844726562e+01
5.346781921386718750e+01
5.003189086914062500e+01
3.000000000000000000e+01
4.296873092651367188e+01
6.236219024658203125e+01
6.036631011962890625e+01
3.654419708251953125e+01
4.556809234619140625e+01
5.400636291503906250e+01
7.581175994873046875e+01
3.886931991577148438e+01
6.044969177246093750e+01
4.042529678344726562e+01
6.385119628906250000e+01
6.225642776489257812e+01
4.264540863037109375e+01
7.053159332275390625e+01
3.260703277587890625e+01
7.094309234619140625e+01
6.235527420043945312e+01
4.858416748046875000e+01
4.694819259643554688e+01
3.977000808715820312e+01
7.567686462402343750e+01
6.733810424804687500e+01
4.084896850585937500e+01
4.317577362060546875e+01
6.758126831054687500e+01
6.251959228515625000e+01
5.575193023681640625e+01
3.305477142333984375e+01
9.259808349609375000e+01
4.062529373168945312e+01
4.783261871337890625e+01
4.964596939086914062e+01
4.117945098876953125e+01
5.875709152221679688e+01
4.901046752929687500e+01
8.178497314453125000e+01
5.224873352050781250e+01
5.457498931884765625e+01
3.768934249877929688e+01
5.792684173583984375e+01
7.437179565429687500e+01
6.987297058105468750e+01
3.020746803283691406e+01
4.039514541625976562e+01
3.000000000000000000e+01
4.516970443725585938e+01
7.281608581542968750e+01
4.918907546997070312e+01
6.881449127197265625e+01
5.611681365966796875e+01
5.066482543945312500e+01
3.988222885131835938e+01
4.010948181152343750e+01
3.000000000000000000e+01
5.792684173583984375e+01
6.958466339111328125e+01
4.770038223266601562e+01
4.783451080322265625e+01
3.095104217529296875e+01
8.190318298339843750e+01
5.823009109497070312e+01
6.675385284423828125e+01
5.609780883789062500e+01
3.570268630981445312e+01
6.547526550292968750e+01
3.156130981445312500e+01
6.575593566894531250e+01
3.785156631469726562e+01
5.381600570678710938e+01
3.949530410766601562e+01
3.000000000000000000e+01
4.849449539184570312e+01
5.500584411621093750e+01
7.701798248291015625e+01
4.870890808105468750e+01
7.794313049316406250e+01
4.796561813354492188e+01
3.731008529663085938e+01
3.804178237915039062e+01
4.861483001708984375e+01
3.506575393676757812e+01
4.561270904541015625e+01
5.944007110595703125e+01
6.215906906127929688e+01
6.114041900634765625e+01
4.468236160278320312e+01
4.007530212402343750e+01
7.846172332763671875e+01
5.055156707763671875e+01
5.838880157470703125e+01
5.335564422607421875e+01
3.405399703979492188e+01
4.178966140747070312e+01
4.390915679931640625e+01
4.751124191284179688e+01
4.038317489624023438e+01
4.211101913452148438e+01
5.394381713867187500e+01
4.139041137695312500e+01
3.374523925781250000e+01
5.080180358886718750e+01
3.601456451416015625e+01
6.971824645996093750e+01
6.151854324340820312e+01
6.378387832641601562e+01
4.796561431884765625e+01
7.495874023437500000e+01
3.563203430175781250e+01
4.999609756469726562e+01
4.502230453491210938e+01
3.000000000000000000e+01
4.286351776123046875e+01
6.292453002929687500e+01
3.000000000000000000e+01
6.607845306396484375e+01
5.354645538330078125e+01
4.887608337402343750e+01
4.113590621948242188e+01
6.609419250488281250e+01
3.000000000000000000e+01
4.093491744995117188e+01
6.904702758789062500e+01
4.499593734741210938e+01
8.247666931152343750e+01
8.110176086425781250e+01
3.000000000000000000e+01
6.978878784179687500e+01
9.298767089843750000e+01
4.742277145385742188e+01
5.349560546875000000e+01
6.159056091308593750e+01
7.170141601562500000e+01
7.571936035156250000e+01
5.074803161621093750e+01
6.028069305419921875e+01
6.982508850097656250e+01
4.823227691650390625e+01
1.009097290039062500e+02
5.494004058837890625e+01
4.416748046875000000e+01
4.312480545043945312e+01
4.647233963012695312e+01
4.280509567260742188e+01
7.589174652099609375e+01
4.468563842773437500e+01
4.771517944335937500e+01
3.735705184936523438e+01
4.701188659667968750e+01
4.121781539916992188e+01
4.597427368164062500e+01
8.115580749511718750e+01
6.212128067016601562e+01
3.945267486572265625e+01
6.064379882812500000e+01
4.233042907714843750e+01
3.648606872558593750e+01
4.809878921508789062e+01
4.694819259643554688e+01
3.693819046020507812e+01
3.674619293212890625e+01
4.381336212158203125e+01
4.358162689208984375e+01
3.000000000000000000e+01
5.085958480834960938e+01
5.621515274047851562e+01
4.062955474853515625e+01
3.926839447021484375e+01
4.696783065795898438e+01
6.981609344482421875e+01
5.205478668212890625e+01
8.790222930908203125e+01
1.000294723510742188e+02
5.326941299438476562e+01
4.843437194824218750e+01
4.705590057373046875e+01
4.707552337646484375e+01
3.000000000000000000e+01
4.826418685913085938e+01
6.106608963012695312e+01
8.926660156250000000e+01
4.252715301513671875e+01
3.695737838745117188e+01
4.294970321655273438e+01
5.379737091064453125e+01
3.000000000000000000e+01
5.481580734252929688e+01
5.479710388183593750e+01
5.724349975585937500e+01
3.000000000000000000e+01
5.199520111083984375e+01
3.448833847045898438e+01
5.745058441162109375e+01
5.431953048706054688e+01
3.102109527587890625e+01
5.058538818359375000e+01
4.105824279785156250e+01
3.395836639404296875e+01
5.723112487792968750e+01
4.578450393676757812e+01
4.957319259643554688e+01
5.536927795410156250e+01
4.134717559814453125e+01
3.557526016235351562e+01
4.006998443603515625e+01
4.841095352172851562e+01
3.226412963867187500e+01
7.057789611816406250e+01
4.758498764038085938e+01
5.503772354125976562e+01
4.065293121337890625e+01
3.972196197509765625e+01
6.122339630126953125e+01
4.451106643676757812e+01
5.391260528564453125e+01
3.421816635131835938e+01
3.910984802246093750e+01
5.190236282348632812e+01
5.603170013427734375e+01
3.902863311767578125e+01
4.486707305908203125e+01
4.998698425292968750e+01
6.524304962158203125e+01
4.209086990356445312e+01
5.464175796508789062e+01
4.108667755126953125e+01
5.985152053833007812e+01
4.026766967773437500e+01
8.274624633789062500e+01
7.577983093261718750e+01
6.054671859741210938e+01
4.662024307250976562e+01
4.381632995605468750e+01
7.577133941650390625e+01
5.824170684814453125e+01
3.858512878417968750e+01
7.477124023437500000e+01
4.452074432373046875e+01
4.198149108886718750e+01
5.903026962280273438e+01
8.551181030273437500e+01
4.828705596923828125e+01
5.537467193603515625e+01
3.000000000000000000e+01
5.966054534912109375e+01
3.708773422241210938e+01
4.294271087646484375e+01
5.132953643798828125e+01
1.043134307861328125e+02
5.107384109497070312e+01
4.921491241455078125e+01
3.000000000000000000e+01
5.972440338134765625e+01
5.059933853149414062e+01
5.015444946289062500e+01
5.123255920410156250e+01
9.379840850830078125e+01
4.789989852905273438e+01
6.586708068847656250e+01
7.941975402832031250e+01
6.694137573242187500e+01
6.394265747070312500e+01
3.000000000000000000e+01
3.701241302490234375e+01
5.129948425292968750e+01
3.625698852539062500e+01
4.463813781738281250e+01
3.947143554687500000e+01
3.832372283935546875e+01
4.970348739624023438e+01
3.430164337158203125e+01
3.876156616210937500e+01
4.550596618652343750e+01
7.473758697509765625e+01
4.915432739257812500e+01
4.057376098632812500e+01
4.324423980712890625e+01
3.566418075561523438e+01
3.656288146972656250e+01
5.446614074707031250e+01
6.502476501464843750e+01
4.145443725585937500e+01
4.143018341064453125e+01
3.000000000000000000e+01
8.152776336669921875e+01
6.651263427734375000e+01
3.000000000000000000e+01
7.567687225341796875e+01
4.387550354003906250e+01
8.448480987548828125e+01
4.721354675292968750e+01
5.094500732421875000e+01
5.984005355834960938e+01
5.143443298339843750e+01
3.000000000000000000e+01
5.225351333618164062e+01
5.389624023437500000e+01
5.337561798095703125e+01
3.781081390380859375e+01
3.932736206054687500e+01
5.901918792724609375e+01
4.844888305664062500e+01
6.535044860839843750e+01
7.371920776367187500e+01
6.083310699462890625e+01
5.563574600219726562e+01
4.202283096313476562e+01
4.295738983154296875e+01
4.970348739624023438e+01
5.350550460815429688e+01
3.899248123168945312e+01
5.904519271850585938e+01
5.497278976440429688e+01
4.834806060791015625e+01
4.225440979003906250e+01
3.693356323242187500e+01
4.044871902465820312e+01
8.220627593994140625e+01
3.374681854248046875e+01
4.483094024658203125e+01
3.722205352783203125e+01
3.976390075683593750e+01
5.212743377685546875e+01
3.787475967407226562e+01
5.307052612304687500e+01
4.009095001220703125e+01
3.469486999511718750e+01
5.652526473999023438e+01
7.314096069335937500e+01
3.000000000000000000e+01
5.168063354492187500e+01
5.265155029296875000e+01
4.110150527954101562e+01
4.488253402709960938e+01
4.842712402343750000e+01
4.919180297851562500e+01
4.056986999511718750e+01
3.984750747680664062e+01
4.454096221923828125e+01
4.176620483398437500e+01
4.867929840087890625e+01
5.168864822387695312e+01
3.547907257080078125e+01
3.955802536010742188e+01
4.636328887939453125e+01
3.538974761962890625e+01
4.598081588745117188e+01
5.495434951782226562e+01
8.551181030273437500e+01
4.209195709228515625e+01
3.227083969116210938e+01
3.440499877929687500e+01
8.874615478515625000e+01
4.996073913574218750e+01
4.105593109130859375e+01
8.220627593994140625e+01
5.024272537231445312e+01
5.106462097167968750e+01
3.554195785522460938e+01
5.086141586303710938e+01
1.099235992431640625e+02
7.913170623779296875e+01
5.152273559570312500e+01
9.095083618164062500e+01
4.426196670532226562e+01
3.000000000000000000e+01
8.508251190185546875e+01
3.572116851806640625e+01
4.808066177368164062e+01
5.819255065917968750e+01
3.336348724365234375e+01
3.403681945800781250e+01
6.554147338867187500e+01
3.942164611816406250e+01
4.194250869750976562e+01
4.692692947387695312e+01
4.711152267456054688e+01
3.076366806030273438e+01
5.133915710449218750e+01
9.298767089843750000e+01
4.169094085693359375e+01
4.154863739013671875e+01
8.367645263671875000e+01
4.416059112548828125e+01
4.900218963623046875e+01
6.538519287109375000e+01
4.815881347656250000e+01
4.257312011718750000e+01
3.292716217041015625e+01
5.044401931762695312e+01
5.242497253417968750e+01
4.280008316040039062e+01
3.998500823974609375e+01
4.937113189697265625e+01
4.997882461547851562e+01
5.472322845458984375e+01
5.122604370117187500e+01
4.321068191528320312e+01
5.728905868530273438e+01
4.512961959838867188e+01
3.613721847534179688e+01
6.482747650146484375e+01
4.381946945190429688e+01
4.360533523559570312e+01
3.626747131347656250e+01
3.000000000000000000e+01
3.671099090576171875e+01
3.508523559570312500e+01
5.211994552612304688e+01
4.229196166992187500e+01
4.252715682983398438e+01
3.572889709472656250e+01
4.934393692016601562e+01
6.021059036254882812e+01
4.796173095703125000e+01
5.593729019165039062e+01
7.673094177246093750e+01
5.316359710693359375e+01
4.360925674438476562e+01
3.933824539184570312e+01
9.022682952880859375e+01
5.001969909667968750e+01
3.424836730957031250e+01
3.000000000000000000e+01
5.062479019165039062e+01
6.149851989746093750e+01
4.144960784912109375e+01
4.212285614013671875e+01
3.000000000000000000e+01
3.457735443115234375e+01
5.072778701782226562e+01
4.101353073120117188e+01
5.291226196289062500e+01
4.498510742187500000e+01
6.354337692260742188e+01
4.419332885742187500e+01
5.871980285644531250e+01
4.409521865844726562e+01
4.143977355957031250e+01
6.912315368652343750e+01
3.357190322875976562e+01
4.284457015991210938e+01
3.001441955566406250e+01
3.000000000000000000e+01
4.384056091308593750e+01
4.239131927490234375e+01
3.854226684570312500e+01
4.511011123657226562e+01
3.000000000000000000e+01
4.149495315551757812e+01
4.016051101684570312e+01
3.913203430175781250e+01
